719476 436125
149382 744370
370286 825360
585043 840233
584987 97802
994213 939765
398444 681664
338662 82819
973558 477346
69365 755998
807889 884042
173814 291361
458302 869925
518786 556442
598079 894127
508996 190628
756432 473226
883776 606600
791561 91034
978425 868837
727547 774717
865377 532902
263671 554012
550981 720115
845646 19501
497551 97570
518280 448565
603025 885553
491654 488591
265604 387431
822974 369244
268404 10657
902289 976297
30032 984254
235686 994775
955576 552511
89109 649821
115719 658722
736106 187400
412412 348822
702562 39129
658325 975984
78241 241502
246631 601177
80380 87655
604476 685635
431395 291937
878437 527994
43906 447027
417438 379388
415987 909355
518087 687760
224456 853105
271402 379257
837494 182324
518766 696921
218178 122137
145743 171571
752215 418044
866083 665142
738062 975409
617033 353647
217857 868964
946526 297973
49956 426613
936465 845881
895716 360865
536073 580030
808372 965402
684329 765944
929577 772222
559648 707316
569751 956270
787307 933330
631524 371200
653421 318469
137577 76372
374727 842018
217463 917058
634615 510430
853150 844301
83823 875004
256301 596033
106518 903414
661652 548924
75835 49706
528893 445171
511161 601160
883073 392206
896802 100963
44313 305641
630447 732727
301292 937962
344692 162532
296589 541901
678334 858110
638805 286577
258819 285879
782213 191795
3854 564906
208049 341604
47002 235661
600865 998293
344078 673351
801286 331576
32512 864059
510838 535364
21586 973391
12888 551270
612744 840248
581011 942197
37898 322369
256283 792268
462024 114190
961649 356746
955689 350902
293943 437467
72368 417169
372833 160411
630607 347771
435208 911709
652243 418966
399372 309317
80178 103078
867979 442567
49061 160658
619060 918761
886899 325607
998876 648118
890866 732256
228565 33866
815982 994909
28280 641083
582662 472903
902400 507010
238040 425486
380632 621778
776308 708308
609457 432310
795482 783678
553301 396052
209495 653693
833420 39278
449492 780503
383660 897814
813988 694865
583018 145302
757152 182510
244453 169324
305151 59715
686352 572217
7263 929277
333863 140764
16748 765054
696281 228562
426377 550417
193110 320257
330648 698413
51451 79657
390368 526478
79694 753411
197392 992791
760525 425941
166228 139399
895616 691587
392673 518094
461015 592381
147766 849543
439693 190120
134329 286441
916972 397709
427393 228303
617882 35220
70779 508154
695261 670195
684583 318007
747993 177477
47756 270894
838405 793615
782778 710863
975349 430194
892233 202244
496723 917345
222465 745474
24513 177642
298962 767115
114470 427136
878732 776196
988746 946032
388148 974924
122709 966852
247226 952275
703947 11566
11066 505121
740680 257170
258839 294234
325628 818106
339281 619849
789970 578042
703677 634979
456491 810106
802122 213323
883093 620494
33492 530653
455435 329252
611984 406549
173943 861370
243269 628315
223409 646785
312689 892017
544333 820721
401550 712008
194950 657171
836735 706036
69770 553243
980116 607525
493683 793449
385328 876222
922086 963387
294890 474710
431330 49011
195389 661612
924585 722529
785608 396707
639518 395444
514429 876600
302220 959309
534991 887898
319171 877150
482596 995423
637163 455899
979840 352753
962772 497932
178330 694822
571617 980239
770422 47368
789678 525233
806827 270789
304825 545278
13152 140665
27619 535369
373796 692004
730375 525726
261248 735729
234916 38318
740299 244151
757699 611831
347515 217699
764377 896721
305998 779107
440737 80105
33242 609388
767838 392483
483926 327373
136655 968445
273922 46331
187095 459338
777671 381566
492383 981516
766147 27598
260716 519454
540910 131282
298331 166894
307853 916910
814189 949588
783706 92578
694050 173717
318158 255892
920538 797761
829769 662548
854160 812300
556434 802476
605750 364335
43828 919566
124206 139481
376083 792554
41443 716245
465703 756051
841930 73944
580588 104484
925952 384590
341243 684084
375300 168752
441975 48478
663660 531852
997815 746380
325159 880563
502567 355788
921865 443191
917114 496992
690658 342262
302792 66405
823940 719113
592035 317171
627822 363689
789404 347867
178314 310258
991690 124973
903300 5878
160444 658929
97398 249026
406661 793235
388962 562724
788350 427736
919145 341538
617909 610000
843649 865637
398297 181914
851366 16310
948760 44285
428338 172237
174898 948373
79784 700644
991298 546763
69343 499199
204695 567592
271235 731345
689182 862815
83015 504442
32892 114637
475493 468342
971541 59304
795488 28882
921854 610086
869869 43957
895051 149336
104357 849620
573379 588582
333874 619802
934924 430442
713577 904448
928224 990449
20342 593840
279693 82115
817425 105105
602435 511295
176287 157585
909672 739166
722450 568735
234189 581895
123045 742546
192412 223503
831420 573937
118957 511601
79525 8518
163607 26839
672136 245153
659465 251021
21231 391460
365025 487998
926637 27151
122697 926910
744857 494975
289913 593782
16501 785232
134355 109228
762076 581650
7518 573572
973906 143883
434516 314302
136599 589752
792032 514403
122638 476701
710263 202040
886352 957449
189029 865491
558002 692053
541414 803481
229561 845092
316723 24715
83501 56536
272421 356026
87361 614185
476044 648416
901934 92219
690004 904580
785302 165719
632962 407515
338771 534424
670955 113155
468195 965302
369850 169912
918154 562863
493144 13172
455258 572518
342092 772234
591234 79150
525816 971446
278270 183282
276732 710644
77970 713149
866893 858213
727826 358408
417163 328711
690255 841435
86559 525969
763265 12432
536700 136460
75843 33624
725028 11583
161834 379917
905596 942764
704011 674329
472048 734733
39024 385596
192236 831501
989057 239259
881088 993071
92170 383570
112362 446515
748093 607620
169641 179004
741625 937839
135958 894928
968486 776224
582889 934053
11399 239777
632901 567886
211966 409607
261516 773950
589138 550088
264250 265842
589102 888610
393444 426242
609772 308398
911504 389323
829208 854294
89261 212024
829531 725548
263100 598358
764877 983781
163988 692078
442445 294407
105080 925441
472808 900563
439493 461226
474967 277855
123968 983332
477889 58679
802725 577952
873799 868555
639613 322113
559264 134241
674979 703230
911726 390887
575594 976463
241359 973400
160158 883885
78648 902947
346927 716101
163250 765462
628440 385972
50277 336754
134961 57419
907951 782017
193313 10529
915146 461220
941274 935715
723613 5646
312895 493522
756302 769030
646953 844725
987093 878743
952028 29006
683341 232181
214612 949239
504651 217623
235339 299959
598990 322980
157601 585537
584000 801368
273877 654005
201134 369402
766715 220181
458969 892070
782958 163197
826002 973305
262902 809129
500114 352141
470836 164005
988789 556675
318311 657759
70882 92007
269222 621800
572272 658924
977988 919760
517918 876413
837652 354016
216936 45431
663423 706142
752757 954553
654836 697176
762824 476232
73857 872406
437596 236043
70268 801293
87741 281332
974133 138667
121238 515303
937115 723014
606313 964727
100572 831988
482518 897566
924581 111330
272086 710283
955648 239290
861996 936466
460557 579134
831872 178801
200053 605233
739391 750853
904185 222010
136397 564496
292235 944900
40991 766123
794823 173659
226910 459649
672603 296085
228982 431613
230647 923083
684159 884578
932094 754701
54449 737085
910798 95318
834291 223571
321392 476757
879061 156512
911487 461663
88996 796936
327457 36341
863851 257709
843206 756307
631793 455771
856155 808224
989595 208893
940552 899591
474232 947744
486163 689564
219846 105913
278748 543443
245735 322917
646927 551490
592606 132768
103590 727863
307939 5800
46425 445821
93816 246811
698358 716022
193266 46615
708722 5067
467020 321009
68379 936650
457938 852313
297608 346978
967828 708826
106056 303985
885870 144047
743506 810269
354493 617376
174254 18290
960559 253751
524275 553122
93527 746705
661002 307757
306608 175140
82026 237042
385265 863623
140939 209804
489750 295328
962658 6211
58444 909326
979300 874341
163002 743933
176071 465179
756771 208704
346668 484850
739192 208218
3131 465376
762785 548807
375111 111045
736861 404090
896469 812575
669629 60541
444785 251155
229690 620410
183005 225691
903495 182004
885228 480727
296366 335901
186845 61730
600720 285843
813255 124274
716531 482673
72667 155683
439790 756550
993587 890706
447575 423048
85901 439081
332428 768843
580912 63006
15261 148883
761031 535686
813425 900475
155971 671549
635272 452763
642352 528649
583468 171225
176697 627327
101088 399549
634017 159304
959085 746859
82645 124765
925989 914239
649783 901990
875474 98777
474810 895106
268527 670350
325431 714606
993974 380562
381854 495950
905087 449589
540661 298271
764411 466763
837675 606863
415633 137539
637584 250122
175880 261136
23494 91642
633714 971718
580938 239009
531922 12762
472362 495748
989948 17556
594103 204675
502443 86154
218092 722710
131054 11528
411930 971261
676996 743046
50524 845753
775976 626409
652508 311256
85469 575870
501467 404654
755558 970750
189253 466621
797454 361459
671152 362383
581254 654037
72275 832383
705186 878833
934544 819548
646465 720875
268168 109879
154399 935284
610094 962918
272612 401692
935264 625697
569394 583165
802703 902600
383628 48996
98512 265630
73504 639256
144520 710631
617519 650882
408548 364429
72744 824674
342170 851663
979505 541404
549650 653722
508702 648240
835070 521834
251292 782594
277492 112833
835756 528379
752879 301817
702462 340066
296116 168315
652054 855916
463640 200942
899203 345549
250627 657029
158879 266608
55466 701256
684756 709590
473197 192227
37600 262422
747322 567781
764068 296063
195227 612038
552750 224650
581727 784495
156201 377205
543089 881660
390830 48474
665758 258133
891002 650138
710189 403247
684551 120977
677543 982094
915806 740908
609684 378465
183492 438850
122365 601195
650488 307615
142434 311508
7128 112299
494374 926815
888860 345069
192044 217263
205395 608656
870399 801250
241895 840352
55597 820697
741184 643355
513603 901204
598187 961863
847331 721032
378399 318840
844780 624305
627211 930946
574488 345949
235096 260267
560685 30785
399730 676828
338715 727015
181895 383158
771017 108231
31850 847404
1822 626727
494724 820103
815063 65099
165853 385773
971824 381135
258290 199806
457344 381135
860562 608031
61178 636236
387472 901005
646229 738356
855417 160021
416452 154152
611016 847973
327981 96424
557161 231065
851833 332587
455773 289635
912362 98931
830592 25390
983599 594282
439470 840738
982093 813373
290007 401406
147871 528639
584507 361065
81862 45091
133601 765613
143789 551768
696335 286933
469473 18072
661301 127459
921029 988744
176920 589553
119423 587273
63552 572405
839148 918156
617607 835677
734032 65471
21498 370084
388844 948736
445986 123758
170215 735079
994798 387092
666592 514939
473420 484189
380174 428518
252275 168974
581475 49359
381282 301111
255373 174073
738541 109350
783485 862587
974747 842887
437540 662636
849199 850275
937438 507699
737967 332226
137465 590818
599284 821301
797142 804943
585275 376976
675772 493404
800031 286892
480515 436464
437839 235509
352411 646593
581377 953099
174740 80032
363691 689963
680414 721974
9075 293367
873037 929215
827437 114677
576204 298323
467626 579762
663413 685003
606644 596115
648802 962547
392991 56542
753022 940538
455138 319756
521857 385823
925317 111611
318976 753003
69999 653901
861669 214451
880351 661078
682895 471318
876835 106306
716046 597371
561516 153443
447948 312162
822843 209095
996558 56975
28089 474149
859356 706361
940847 837320
869137 372121
41387 885360
227946 672355
782587 994843
246402 860300
175744 496734
916913 867601
236979 271352
944453 174366
440548 20083
410462 321964
650903 832635
619707 148391
662222 717330
789244 258042
148160 268050
371662 581929
48532 969192
32835 646138
608613 441532
692072 159731
506990 900107
293197 33647
307611 86994
458031 633532
273088 458035
99205 496940
917753 400881
215838 555092
290008 782423
738029 741025
762359 448534
25152 796128
926506 263776
20687 739529
900855 829195
383783 944114
238408 361938
868874 865311
495160 952922
194466 97278
260703 503368
92758 383928
542908 663363
763670 58467
201580 583246
333234 603674
953403 702572
166625 537712
561242 545697
623502 575867
482822 491218
581047 639361
388970 542255
329172 837064
247626 620075
396229 124461
508992 32057
32350 23072
177003 917178
693360 935649
938336 625533
344976 801285
610888 96354
352524 401650
855540 95435
96845 673710
638352 623771
531346 118179
485341 814905
643706 185456
150227 156580
443474 253814
594008 27992
993105 543387
334776 198623
447479 470064
100311 575287
232375 673039
464803 792224
842019 239850
628653 146919
11585 627282
345494 943800
597867 877668
265053 716041
21146 218960
997389 638483
595030 838477
214313 186957
153910 896303
693266 421139
332020 886530
456489 895343
4847 635312
61521 940861
475244 829462
284006 849016
102201 133815
6294 130171
967880 495891
82424 975573
181390 579661
738925 741453
90666 519996
671203 149018
530205 387478
194206 613262
468453 415485
954925 423636
218984 58247
526274 701110
937676 255698
19882 249748
873522 711582
6017 771051
261830 838153
948622 19973
160373 680554
48486 603153
265472 690248
108688 935130
120541 335561
121506 36156
238347 219591
377609 966424
868428 339564
561919 292831
695144 838988
673991 506249
131249 241364
974389 117730
644519 824070
71217 61151
659635 806404
619898 479382
955097 477369
483097 295418
689378 516840
985707 805821
602980 14920
696432 293565
172653 486365
645352 116237
620370 853835
615119 485791
355663 394333
625770 123321
960421 464522
598813 875006
353096 715393
585427 786499
257657 689
945768 944443
827767 65288
355270 434150
423134 154481
32146 640137
351595 247466
444410 378343
213560 316213
173684 524464
55519 637959
933633 311882
815590 176738
283636 333307
739845 480953
969645 203914
831823 177529
643479 844294
473938 181442
344370 166987
169933 623206
218647 20706
901444 850040
458342 471632
448795 170465
30300 462824
444524 332010
179112 901408
338751 133239
556775 497358
900694 917275
480855 907661
151397 860185
531550 662903
484702 587879
984432 49296
281651 728447
64852 846037
203272 444747
910621 39685
104975 458330
30386 58889
814709 287222
417111 60333
392299 575270
723161 132420
193667 160727
981920 779656
469302 464728
904170 879535
84027 835929
32905 368628
525113 899256
809984 150263
847081 210153
749738 612615
392265 901775
15243 425555
614411 625963
326146 755587
228551 989408
936297 153560
146279 823090
975716 190183
402033 629027
267975 631533
933134 649395
927680 141331
811083 566058
985355 457197
573352 407293
547649 964089
24003 921409
713543 835055
511417 803673
240971 183612
639107 168548
463438 908733
433033 111961
256872 602789
950130 816725
450524 514079
311510 181345
99846 970066
731435 594511
235585 958371
163811 931424
609103 241188
339121 139620
327343 792148
421604 599284
64153 188112
706597 290558
694584 888642
31758 457747
520257 129464
155015 251186
632265 356289
414775 531243
83385 491729
3957 977866
811021 536853
466672 254652
368749 464915
768725 873885
239804 606229
723022 767513
929893 943943
608643 255063
206507 271469
225352 742416
509235 262507
321832 339623
527579 858084
772458 668137
689832 19865
674589 516543
189954 718496
699466 521984
844436 541224
165921 96010
811598 656330
612526 145384
72605 976185
535385 173578
515214 427566
866325 999970
237957 126558
303287 428348
441607 715899
824469 310819
941502 402858
229410 66130
6011 868488
924793 34809
590795 679125
257718 14850
455659 530434
368440 603271
614916 542163
839398 113400
943341 883941
277117 455555
869186 758433
172611 589106
389362 680995
953508 847096
670400 765756
570492 812737
894345 581929
951373 559221
165004 15777
880096 289366
618855 558968
386585 887756
566543 949066
224408 126593
871116 135738
992976 579720
82278 80304
348824 169822
375229 471652
52259 89393
892177 607462
875457 636958
989774 934112
626753 659820
389607 215891
440902 527891
229399 411469
449431 130775
361284 659047
940850 461593
235206 89161
470233 876805
532985 62767
135045 173740
617984 657818
673551 874950
725696 354758
262698 336839
934450 823530
253035 595559
474830 781535
952763 398409
681141 826984
482700 297070
88114 794643
257702 477459
259387 678983
123389 27281
999236 761500
512852 525706
297043 84493
404868 391646
306109 463532
288742 449644
130820 356076
5621 194309
739323 259885
745657 299694
571643 688070
211326 955716
84051 263435
621633 97839
349304 807205
580330 599306
808062 572306
311502 601008
274392 820459
573612 984771
483356 893160
165957 826675
441803 601531
715378 92526
333266 356056
140729 663830
321818 489924
625782 469806
974914 997019
87677 960496
587448 668463
289766 662614
41674 37781
300482 273766
417531 537906
129596 594934
166492 123154
745558 47399
412414 701802
96903 364828
342620 345888
985530 26704
216384 956177
179161 388070
654630 424755
703865 295399
852652 767967
829904 446571
397943 811632
103746 115465
862052 835025
632355 400525
296579 611499
904553 995783
187673 875810
136532 84893
997351 500469
785244 57905
317028 159849
696663 612922
515125 261513
498725 821619
655906 55248
614364 460433
234456 445428
351575 66834
743134 416080
170722 53660
674021 421073
144821 486468
599392 274136
504936 515960
12687 659512
940508 161562
766071 858444
437290 46037
685481 239329
562570 872321
887525 805480
420375 549664
926299 518132
934834 469075
849090 281203
652789 557231
636160 304009
794612 676988
477223 690980
535459 739564
448782 428193
310320 72089
154051 750585
618763 499484
230972 129781
399649 237743
32704 947983
636255 4528
390550 960683
43446 570459
781703 9045
523276 654723
773432 738454
408761 275280
9508 412797
13207 535496
111963 209642
409216 715458
618654 845200
696044 876446
950135 681018
45056 983224
812279 179405
392712 674645
988294 724987
622281 463684
434239 859193
843898 394737
294307 647955
544488 152139
23337 139010
906638 547795
272935 523552
606383 907986
544077 321842
623614 644519
670960 604634
213557 631723
881883 105334
970264 907921
128443 488069
59772 563026
359504 140829
799011 118792
117794 623120
754614 654522
986774 373065
334355 241993
590325 879408
861660 145385
659416 869377
684792 624679
692296 670252
982770 872016
522375 27803
179111 1436
43343 743706
991644 56893
289464 871896
293130 653185
448360 291455
302051 379968
578039 768158
763261 702012
583169 778205
157370 640857
155169 613882
291177 296521
699562 441946
628809 808080
110879 398107
916434 498877
903581 933467
612447 480942
620522 956549
504638 749574
691096 459960
359747 241733
565951 114251
370122 776208
987721 908960
574398 3076
691790 976583
97451 497828
598206 992780
611067 313992
739225 817819
30028 995516
939842 976047
430852 25211
216458 10721
554340 753296
525973 698405
249358 757361
563980 119547
591376 673460
864044 19141
612031 194763
168582 351486
608214 444403
507359 309832
338351 138747
7893 199488
503214 62916
968844 96094
430264 142716
546777 551314
739552 59041
989050 876051
273499 646722
1190 315760
321529 148489
221877 361136
628564 606315
831210 753216
543693 996098
117133 872018
24219 491039
502365 607420
832921 368552
946696 580515
503273 241359
635189 227362
646440 659789
496116 442967
230396 646288
583173 314512
527139 79476
862604 286173
830427 545299
158885 585241
40668 411722
216868 831275
931625 637952
670234 163296
388197 701318
325934 57164
150372 935701
435506 656198
515308 464527
313803 467630
591512 152653
924710 878838
519497 387930
466451 210882
576981 850083
834439 494782
933890 137682
392839 623083
767688 730506
696321 699024
676911 74256
101211 931657
256167 588554
546167 114287
595425 103163
77115 660156
828806 563740
157226 936597
758818 171020
748097 874412
304918 113232
932440 752864
843313 16458
344344 702628
680001 786885
524632 714115
698879 216546
808311 958795
436585 429345
348718 136836
232214 937175
998385 467507
257635 677165
88951 366691
450045 526752
703775 894496
54322 702996
377959 794595
189805 842513
70234 255032
757413 762324
119349 810246
574540 560137
330169 996528
401267 142237
279135 171525
163336 776755
308293 612005
859742 747392
286886 532661
582809 130338
357692 524010
718701 146001
988047 593705
76683 920349
818583 147504
925980 718117
835858 352313
21257 280838
84741 113728
744594 763771
377708 52971
711217 19802
99292 632369
38993 447068
648810 845176
604221 179600
916812 358317
240309 383249
873934 151094
336845 93762
289160 777106
183647 828409
474648 829833
83246 287866
461301 874482
196198 789026
403159 186801
178310 548156
152990 822998
893971 13191
230540 559320
510503 715984
173742 582031
62650 728160
90398 878369
332892 139419
31652 4078
346575 451568
492733 654921
962146 389536
365373 678594
151799 946802
455966 908707
196019 273376
991771 229916
184006 323725
39387 867177
802612 858375
113463 960860
251063 268087
337269 880131
729338 807676
776533 187034
348423 307242
362581 461264
246967 252753
613863 819301
419308 938847
557736 817047
879481 218924
236426 875771
317419 1752
119557 127263
727331 701524
919119 476647
846169 225335
674483 708438
520598 486681
975643 413340
221010 478407
775182 892458
828183 623054
738972 733653
24883 468223
575724 201841
649869 776501
62298 138247
725972 771169
429985 683477
39385 208413
674038 633178
683242 319157
428977 815634
745827 681523
377869 838785
839357 589089
679677 984593
274961 690182
901359 66468
513778 301012
229958 914247
139048 708197
983393 601647
539781 118809
236699 154307
992 947434
426334 435656
832512 608734
545320 842861
266649 198985
516915 532141
124679 839114
283542 394338
960114 948444
20445 212779
83211 612387
763230 703808
467208 186830
397193 421256
392912 673314
420693 790153
433154 872375
44890 862944
313277 77949
438427 594168
388072 392500
196691 951852
528979 406585
939485 316495
877625 369557
693454 132716
202509 975515
954320 407365
124744 914090
452733 558649
165222 300368
378584 339927
630680 258361
381389 552300
612733 641338
305479 211527
758163 218594
815884 270653
854128 330158
770593 746487
357329 675699
264760 593835
531578 414775
946130 674057
904065 818623
673629 118499
717832 606987
606032 623678
788255 628904
274884 859869
762214 387663
618242 225596
53762 25532
227237 931973
706817 458508
353182 536673
786317 611968
123343 566734
141539 438136
281698 170136
508731 869808
599025 348022
380598 852323
417095 263527
309764 852747
125591 699806
218790 431579
195151 769234
834545 439435
777392 353249
990901 79090
90259 399378
969943 729551
52523 606834
401986 695941
655901 952171
898273 92718
876727 448343
401885 690546
224417 349383
214852 572760
614958 408601
762668 209387
231302 704359
433396 470473
755797 538449
416720 916494
134926 930100
291902 196837
30709 791657
976393 850677
974151 467139
236812 745764
151719 770577
581497 54814
114530 217820
952557 236591
517454 446144
226688 108638
14081 801328
407527 715642
384190 911394
975151 63939
238568 387293
35449 964626
205214 770042
825941 815510
372215 840021
538259 42740
992270 987306
426677 954954
885375 885848
338395 677546
760225 866215
972041 845388
366410 156044
875912 369980
929360 847694
79846 222453
402250 869234
354439 393729
797532 380610
287682 970353
469294 840220
383292 12610
868001 7783
100989 469703
822746 509169
905924 999171
255434 371025
42779 586461
520212 660467
594125 357166
751927 764704
828521 775812
385148 37207
669875 129374
917856 391247
641604 946856
414709 540188
459469 225267
315565 997209
135747 62254
135945 439535
435805 319761
101029 179547
632373 30520
380252 294998
288700 915432
382313 488169
125815 766728
512962 539175
59599 248959
261974 233213
163889 56209
38694 363496
115005 291480
805215 532420
649898 609469
466855 239562
793359 858001
35898 110939
911935 272589
529612 380499
979050 631926
584964 523931
828184 585109
707655 843820
362954 617977
114142 195566
833827 87839
304159 135464
448452 170606
403004 352601
723793 545770
632652 344428
381300 223946
286913 459176
175602 381249
179282 995939
81417 285285
221055 428971
801214 661054
532712 790496
91243 149091
913420 570231
45795 731308
464808 326044
785293 8199
521965 577392
53561 397542
840019 411431
679689 670487
67204 149099
896187 93637
409708 679896
237320 563016
962153 960459
313293 526051
683333 517707
857221 911870
180246 317952
210675 149412
682098 316465
63147 223157
130685 444740
91644 668407
839233 768842
81745 422057
65434 494365
244604 69512
986180 760010
845975 397630
134456 815509
590869 109708
228874 87933
559128 831152
776739 85232
306873 2222
516251 888548
554700 674890
13275 410150
820137 334357
866444 212370
228464 775948
284247 374499
721529 716194
288728 361364
190413 947115
602575 426699
381904 621894
7573 101181
810891 385865
424002 220991
334951 927458
906806 830954
528766 506442
85948 236152
228063 104243
734236 501186
120687 648013
20998 283608
57341 820051
632429 492526
399219 746234
369345 205699
374368 631838
6843 93980
202555 341059
792479 823298
213437 147213
202486 356390
297943 488657
889363 736610
300988 98695
354831 804086
146814 287444
106381 283210
27434 892721
903861 242885
116892 141850
962175 706167
814906 219018
166640 859942
432132 377753
115864 664591
52899 418835
645975 475801
902207 758478
346367 184021
150200 63168
462418 956091
30861 915403
256681 677625
455133 835736
519447 167164
375696 277190
380226 71268
305560 566648
87157 232194
625554 797606
87347 706995
953342 350171
465583 292290
429654 154654
138490 875359
272364 44233
42938 59351
995212 141358
671424 336336
105372 124832
434485 861623
926001 232286
233090 216872
382136 4578
463580 119051
846344 203618
355594 247668
462436 843809
912658 861990
345174 170964
784774 581130
608748 681165
254694 851987
858662 364804
751676 735665
551981 745635
905865 614724
481767 285645
295725 328597
160009 661576
34131 559503
784070 928923
393594 640327
186854 868842
515826 559497
728594 96521
615708 517012
826638 776123
696860 573815
65263 743826
345462 768946
431667 952444
53822 886740
638992 504420
880766 115224
557049 965618
601076 431662
955784 664585
866529 280639
769955 927686
913564 240255
791150 616652
862744 165427
556086 1783
128881 162338
393319 636729
122450 961965
415669 925756
616441 150902
658374 793754
551604 128315
250109 851366
837298 477839
78305 371755
536953 676188
300558 992938
738931 578216
168417 155487
722401 749867
212819 763301
49140 799636
384166 91514
922661 414318
407120 323594
702843 705623
548129 250465
203741 875482
487313 816338
773683 467478
757799 50248
13915 628408
989087 283992
164555 449466
937728 553989
57424 977445
240209 146464
575990 579294
324142 28512
78389 982677
443909 648892
734899 822194
818452 795139
317000 90820
32355 424781
155360 216670
749296 384368
678675 686352
875509 563234
422943 228149
491805 230607
134932 213148
789071 262347
658310 506991
560067 220421
227169 859463
359791 818039
405964 976807
67173 118860
529751 479684
601116 254982
275002 477239
255066 760739
137141 472550
608790 124713
620451 785426
73511 345103
855233 278073
768954 768012
374490 245395
738442 11590
694787 806383
889981 544072
164130 636830
480792 783529
66437 847314
859866 286962
887040 459653
606054 163171
354703 745972
796561 374927
117416 419837
799431 218830
237520 443161
148000 54373
950249 173278
811018 558470
566964 759138
673769 248654
230909 340897
297648 205681
149886 75948
619382 662554
16313 444466
319980 434657
744181 689148
589961 151233
579938 220389
193425 403733
469896 73731
705507 616466
892972 657458
960381 353782
15946 997551
435834 151393
191818 438763
49689 697831
353727 14566
332282 471562
470593 747919
769818 207214
532719 16821
243241 991700
649272 486444
284355 447805
637501 770606
737942 532249
316762 310208
454345 172294
525800 120014
762812 285810
514894 937967
547529 42089
371300 612910
197491 132446
671456 485518
621660 71815
764341 163157
76477 561743
984995 851718
835182 896327
486964 371273
198451 499269
874599 85824
274586 680936
588999 130075
390262 398882
254253 150810
166261 175952
563252 989191
762295 175802
619904 828442
28100 779131
806444 255017
604664 482098
89107 312272
749062 960341
468220 537377
175620 567615
290281 26674
115218 534286
358674 864860
469264 202486
261646 854787
475075 243761
585577 890239
909254 329380
86551 160878
40242 35439
33030 513279
695823 813100
793676 434009
275372 495026
5446 899788
815176 437262
793361 172091
818806 900167
792574 16889
619643 66518
900903 489939
9169 676643
576063 375692
535124 208866
465489 691282
128178 500905
83540 115190
701264 651827
462187 905688
676532 819197
299719 265739
735853 813811
792373 904609
936284 784613
390582 186342
858362 794347
259347 556870
974950 213485
97271 383205
349784 38375
912970 466845
366713 872882
748605 495325
150820 235270
41524 851594
658703 955723
175798 82906
510234 993000
263442 861161
280120 284064
813878 875944
937673 215303
337731 270847
424817 770615
37775 695135
277896 263470
357587 430624
566909 540888
879972 858891
423426 136462
637823 576917
351884 226180
608437 363248
741293 30733
108172 216495
996939 784210
641017 742666
132035 301086
24435 4455
542864 137498
339407 115298
496822 883100
516283 744512
998059 242011
337998 766488
266245 219187
994140 844154
991836 793128
419991 932994
792733 803784
446043 697307
610112 953529
501812 193527
205502 139618
846459 590223
457362 525973
23246 610930
489650 850535
46114 540766
733316 118150
955974 105340
769708 138282
604171 511149
539750 907310
899523 266979
514881 679602
169427 391088
691647 984774
308060 662621
972071 13058
52060 677829
580850 57001
853299 828744
125831 74756
993691 668336
808706 762502
635377 507548
615724 656410
920567 594095
837883 796293
15053 201876
785338 787207
837398 159665
112464 244611
606760 552565
642036 359080
624651 616210
89202 997845
774224 454719
345246 119786
277405 728904
302020 775343
692885 23816
945326 93029
52785 197364
767086 782540
906857 437643
805148 49651
534055 465210
31668 710350
377221 141703
359692 43326
142633 351367
850351 169156
891987 279245
443350 231490
734554 649763
819433 958014
433973 502352
451447 409780
97700 439744
820594 172682
584974 657441
436850 457956
627892 181709
171018 149742
11561 399463
391866 849067
506918 837593
897324 515520
370214 590885
838641 649831
452975 275016
948679 233565
572979 761288
272615 79390
216141 548462
692371 683670
861344 338945
788482 213559
529392 817103
640163 891463
841947 259914
460824 939881
473701 707829
929429 628765
43853 101315
946358 850434
950935 510304
848432 380522
13531 258423
358341 625524
541423 680890
734367 179428
209683 766701
892278 613166
628852 419688
667350 409751
72978 839880
472284 405989
101625 324156
553585 615483
370532 704351
447344 318357
547193 476236
578117 570818
180495 475370
291922 302855
819052 962465
297495 135279
445197 278280
747194 141336
683948 920778
248926 824279
51591 599016
974963 869260
595679 332332
952706 542204
901568 108407
903297 712317
608979 185694
638234 694004
767353 814508
465174 611814
163052 608279
51049 28592
529884 535056
739301 88342
603804 821878
633368 66751
598692 55133
696746 91987
339001 302371
993130 31379
938738 787937
844272 647366
958246 76795
7115 338336
439832 504882
947475 248976
850594 428194
519662 479121
788689 821528
555505 547251
919028 553742
259890 200171
715480 140141
149372 885126
48401 991118
699455 228471
640455 859305
277852 776988
211814 352552
779914 592354
132906 744951
644760 553081
433912 511383
618839 703631
224652 774383
578855 177859
991290 205982
441074 772460
694781 492695
227845 187978
651537 520348
917618 162993
283629 71001
545001 508586
612154 898301
563264 809827
803654 771953
85370 213020
823875 193434
540209 712282
45091 214471
207502 858580
961086 750551
244422 134709
596537 692221
330226 503383
69515 995837
386366 556124
753272 372885
602349 797320
976589 422259
93529 625496
828538 734998
777307 537156
353472 915925
436157 61334
850305 349351
185038 935412
719476 619889
357968 35286
652938 443956
347693 122876
816142 259853
310467 817944
276184 846550
156491 431393
657044 506429
838226 451642
74189 719739
612044 418209
210982 919951
534204 339105
955492 73669
458753 735073
36445 439757
654307 656537
232777 938155
891550 963897
669275 294083
818378 495947
582967 16080
892086 570333
677379 423351
309434 524419
270929 19161
462109 541049
301577 294222
880013 853925
887235 816944
132064 130543
727087 688630
772095 516692
216040 952006
551743 858740
776228 420583
693875 640192
211961 88667
410109 511614
648972 909049
781254 218320
685873 474202
641480 83776
145178 175457
364351 566193
623392 512656
861284 222084
833589 201727
668750 648872
694493 556791
153488 214309
864247 31141
296874 487806
348069 56762
705123 307848
245015 803613
771146 237784
591554 839852
911465 955452
517011 71311
831701 645973
678618 699129
729012 927325
182126 719390
332421 399340
533465 549340
965281 428019
102301 231806
940523 662105
170116 426662
161820 660802
608003 313929
182447 442057
127502 493891
674271 496005
558255 468848
165523 377808
626416 992033
302205 772389
971325 848350
387434 559318
131317 131600
397678 569772
112119 150598
112510 561583
588879 630852
514087 482237
499705 72012
978291 725301
189536 463803
205590 879041
221328 115900
272282 951631
913025 182823
386888 804438
5357 725372
36925 292483
702421 408200
621310 793771
148217 652015
721355 97781
58208 842844
672157 591809
809754 79907
202752 62109
301453 907138
589056 819702
700814 152110
835529 854697
899787 807872
609196 508356
799389 962843
764241 615651
973266 763878
866044 933786
310499 331802
460318 515577
485897 430431
591927 112086
52054 810750
487523 256101
400269 306980
784871 715943
235581 330947
402667 705652
866380 529216
453561 756951
994043 375427
869822 985688
188680 23177
416387 522364
414316 685433
52471 794407
593509 378924
701970 483181
742908 677500
368894 471749
165823 384443
496996 669061
588462 794619
643348 698910
276635 634829
33075 31159
311863 931150
550748 171003
526154 713738
570688 846588
816314 13176
421362 228640
606385 360785
2961 822553
212026 125360
668514 461392
921886 28871
653204 728035
2657 755356
281698 901896
991625 181227
23343 292172
546156 295646
913917 551549
637974 21123
266807 304247
552155 280954
503640 90930
18743 27269
439896 290552
482758 724387
187831 369154
654230 573159
824692 816022
998592 638185
472983 119304
443103 138047
253576 584063
815800 339157
903258 45103
597031 361491
259883 118919
115147 30361
866092 145770
181396 460826
907707 144859
985402 253025
348047 450620
651181 245585
316280 435684
927020 15709
934674 579897
116543 409322
226267 117940
238255 301927
200828 397019
558208 959845
144028 328061
716482 358012
125558 323975
889625 54067
635323 126968
327484 764640
871766 544599
653694 985544
91770 266387
372814 582111
466445 693570
245535 303977
809230 926218
515423 700447
822700 75473
868446 959443
752537 932378
746697 831241
168402 880755
67451 701590
927901 34530
601081 320965
299908 874290
23397 987112
950174 686532
530874 923524
638432 146416
665454 58614
537353 378530
139454 702868
21122 884468
15990 989314
31937 572666
517212 765624
374292 626728
420195 940247
385368 728826
779107 788648
492863 741875
894860 102168
868359 536932
754780 171566
566998 630862
48749 649582
101224 353491
304786 920745
974646 84467
72938 353169
526366 954294
534844 15947
69174 89928
885385 759376
21647 713885
268914 932466
9172 926124
114873 553343
916192 366630
504847 616856
493007 902247
383432 932108
970018 493040
540422 646672
265455 856680
620978 270430
608618 748234
686292 45579
330157 98758
7433 63573
138718 745113
396600 406141
568559 293484
830429 930518
295566 561824
909109 207603
492861 873662
666563 519706
943189 731794
365470 216918
895206 898998
107016 787517
293968 896996
424383 386065
40517 341803
260564 601519
565411 875969
139260 60506
788449 130096
922251 583666
258806 205074
273840 248388
261082 83836
424340 422649
757076 588906
296090 95017
767316 417574
251099 257354
60635 14120
623500 891153
14633 877179
31735 488257
803077 413674
257793 840681
428973 565963
573326 600906
589004 673110
726289 601897
660582 48557
575380 789889
565376 667197
303334 153766
867216 726737
1460 617905
737533 468176
801039 52775
309792 808939
283884 649776
313802 577538
117635 126521
598171 865807
499450 871734
765539 387008
524928 68816
255080 709932
941072 166493
409784 870904
192890 724452
620189 958397
435395 977747
373286 447398
793150 169597
263288 132726
290513 397974
811086 202795
350987 308166
49337 621631
245513 363566
69577 541278
209047 230244
375662 508679
775172 735870
540225 235762
536000 444712
87651 611492
740491 379931
925914 199793
926524 87804
642105 889419
414201 328440
570239 826415
165767 128106
417224 789495
222549 882470
77310 746520
258065 688829
903021 912687
770482 149759
979982 435127
961826 102162
814463 507963
396160 391049
506994 609983
610565 263079
814946 187464
679219 769491
722952 373394
502990 245456
358236 736279
632552 973488
834274 593644
583354 989270
895407 936836
854581 856372
658464 41727
771111 598581
29751 578689
977406 783279
863571 878713
301868 823451
918142 680020
574185 924915
462000 317260
339790 341877
79651 623260
985497 567659
254609 308093
939245 52244
309891 879640
801910 660932
999339 696750
721989 737834
430057 722076
795733 858122
383008 182534
352815 242256
446930 944630
282645 284693
668023 375002
515795 287958
629281 153866
418760 213328
591243 835363
595590 358695
607683 885031
716080 452402
28155 386945
607716 79806
969306 959953
496570 56225
114138 216912
406885 165046
339927 915283
316824 529966
502500 432290
134365 578985
807516 803424
895849 277684
716836 943834
155315 339568
768642 575695
954273 649452
815226 318880
700457 566391
283216 125440
511598 839597
66098 243233
415863 894876
521904 623820
37574 987207
80295 305368
37238 770149
57847 554640
786271 174933
664959 951465
908561 1798
166421 592020
797343 885534
359624 897739
715292 716120
885343 25262
555410 813341
159881 957153
406248 126823
214388 139230
312929 109754
187598 303134
283958 814402
327060 979283
969013 34543
536958 467190
206426 494151
41460 133002
865471 876479
120883 563373
29885 12032
888341 741421
502109 780920
773751 698191
397195 775665
297526 722189
185330 501177
434590 522266
391178 13787
917512 733336
814764 235020
332387 135143
279766 359215
841964 611406
672077 317846
549893 140961
831114 219665
143886 304237
943729 335493
550102 312000
884439 32622
522904 602360
607269 951766
655655 137184
921060 351290
372054 269926
196652 124216
408395 43794
891790 72028
312753 122323
609857 719982
169659 381185
205921 183813
801922 837133
403878 185827
707644 30518
514525 465909
476522 990165
683061 500887
222013 714347
980107 988134
755772 505365
58807 28056
265183 43993
565953 671438
625967 955156
328858 946353
616178 219309
155070 304643
370173 550345
555056 84191
703558 541509
79273 881698
104079 730228
148183 693090
540662 640138
