446583 989527
390589 922779
960789 686566
969767 318622
296898 968587
428526 992919
433603 614113
822549 660406
56984 791694
770853 761151
974900 824633
247926 199478
909781 222706
951940 761191
386313 936912
232510 894645
287894 750550
635198 680512
291983 891688
500276 750183
736135 564828
82320 617549
751125 622390
45780 381048
445087 662729
822427 290055
738297 894647
359988 147909
816095 567366
46690 159194
387092 651797
6058 711215
910130 220761
242655 129101
332407 511663
14436 180768
224004 190209
734922 449895
614348 290369
325158 613346
932709 225385
675048 828408
92333 448907
149273 186437
641049 970799
948597 306602
123313 374693
334789 294510
50765 273649
850180 568964
610027 162506
681711 812486
194957 860735
242903 447834
346681 217685
852748 205379
741774 670282
472258 472957
645477 196870
54984 766165
330496 449673
80745 833683
425901 461996
653319 273245
743488 83460
326065 744825
138494 19020
673332 890916
969541 217109
612393 18745
512808 418790
480924 341911
32815 977817
552100 530039
796869 32642
627174 837120
864760 666184
874792 497523
443251 411292
388620 175271
667967 930241
142951 127141
291810 114382
653055 62588
972039 463617
835929 815127
338886 228719
675826 747740
723546 284972
144169 345415
774110 538150
692210 367725
598114 783982
660794 91997
504550 676385
268105 666759
190058 225064
921183 385188
78433 160628
707872 755807
155236 575184
422786 836060
780673 167264
847040 845021
494086 847676
13572 682220
307077 681152
928983 915418
539441 184623
541109 105731
126285 670392
74496 911295
443561 665679
700153 245466
617754 676610
881089 979353
518442 232834
313089 737140
619857 826543
865476 111249
131603 863749
770497 77587
428490 819086
318075 229389
451062 33178
817905 627815
876273 885094
904887 6627
801770 667285
744202 195495
831648 148330
580267 502143
144355 378132
552216 308598
88836 873932
854050 511282
777544 455378
288294 856479
177131 500810
415019 382644
170244 882294
695307 495513
334884 408199
60779 24182
347177 592416
629863 506376
633690 353752
202144 306330
347247 179556
217314 356185
560461 754540
901356 991424
267990 839202
366266 140732
456849 170077
469436 40398
543290 434159
348887 879940
874047 88068
775040 544368
667932 107198
98597 876826
650238 99184
477017 551478
618814 293508
678795 582131
839361 120412
482842 17034
974957 609701
166539 395366
964353 531412
913267 706406
805628 294564
29902 889111
971576 750640
387316 184258
606789 749283
174631 545184
856468 279702
202890 908467
329466 410349
750764 135579
635977 779815
42271 460754
292116 548252
708905 922873
699311 693179
978802 70633
662590 696790
176058 457085
746201 907406
660090 596208
915194 332366
752723 179780
924392 677933
398278 302457
915443 690906
2799 255362
9230 68118
254345 956672
295674 737818
232665 821182
695040 715348
127430 548884
517130 782259
784865 228444
669845 637820
751497 596512
70599 641732
750363 549530
964788 188845
828278 978941
445880 670594
946212 345837
769587 500035
64788 453560
150170 424463
347194 340024
981720 773291
137946 807105
47890 21282
901504 335169
15557 288666
196224 488815
937649 198987
459538 624763
270702 947075
780931 868865
531146 201586
948745 11893
103656 486202
385784 296384
742381 960660
419804 784981
729134 105556
714777 530790
435272 327205
465701 130488
994700 248813
384511 59293
684921 993470
317246 836146
776527 600048
817517 285681
375699 777667
762950 30285
216923 890067
785951 718514
827976 487572
694883 567139
954854 594685
750342 764457
493063 795523
996677 909523
752457 9782
558214 188763
301035 564953
259423 8831
165830 264331
816453 725680
586249 305932
581494 418981
657133 471594
982429 289773
401568 939991
464755 426184
505855 110555
798381 886694
972658 414611
339583 432783
409882 885964
635530 137125
823511 835245
958622 831825
551711 912681
79277 92421
147718 924611
984721 648063
707019 196806
711057 679115
146839 613196
987977 845985
817305 382232
492430 279527
294582 118348
125884 558183
714966 787446
533146 31776
73956 368775
379471 176179
188752 667396
481419 132690
199242 115974
190153 986146
372397 191923
977355 652198
170506 577883
941064 914527
380149 750814
604406 751450
308488 413496
565681 85183
239425 87581
774622 422834
436451 960518
252460 463674
459098 445895
256508 534521
911854 860267
168714 456380
143981 57849
130574 173315
840075 336541
669170 851421
508204 584597
174548 957677
33873 374444
775235 478120
147637 831240
847815 840368
382466 86452
863896 969807
436829 547844
422249 513107
638504 789744
775810 622660
699905 340144
424798 269878
91641 958685
530833 273857
646666 995063
210678 357468
479653 350917
842080 174651
213941 485106
251634 684287
421435 951871
374998 63151
448045 26239
689024 173688
970053 507435
806735 527506
96983 781569
349637 229576
284506 126409
612730 341336
158872 716239
602592 432764
238179 447675
204310 882179
211121 229656
975832 192080
548791 968789
651233 885394
882451 181021
752737 41381
723192 894759
260750 758127
117903 957685
368347 701702
338422 454452
561540 592184
962563 38454
232921 220655
219293 767994
45076 285386
643046 224621
511717 376642
780867 980516
792748 16227
512093 348068
884423 812159
732220 289956
56776 200810
484823 346590
460821 986760
324056 48448
203588 32464
101749 264430
10090 234619
641615 699265
555757 754045
47852 818920
2739 555386
882141 826215
128524 96531
536359 415970
944180 545752
767288 759728
806010 686202
994156 908453
458732 946352
63190 318447
852109 338001
890263 333327
796340 435193
934094 311968
833488 346756
183309 553798
679585 648871
829848 773720
447648 807438
784885 295485
112139 42932
403323 277337
604348 403625
931129 258482
703153 285729
211959 591487
220721 164800
133115 51103
31831 956346
84116 799499
918130 570659
592813 875747
270601 263189
18488 244057
636020 188092
639518 569774
758913 458878
656019 769257
198375 40842
267836 486458
953548 515935
295499 807780
94396 325589
188466 355189
700969 565810
181982 749383
510115 49375
129551 4812
279290 21939
53794 397079
278056 153625
546485 655128
104754 615724
575056 523966
267791 824373
718787 23329
302053 434237
460643 292288
552463 900479
281988 562865
768912 796573
14186 521339
882373 475789
908939 47865
316712 63266
315537 445166
80875 162734
875784 895731
782858 82890
755004 359424
180368 377045
146542 614085
217045 947399
420395 140277
594884 601113
114636 433712
261978 245005
125174 750898
335901 452875
59996 977153
604096 214181
395563 682683
562001 712728
28071 467896
831095 717418
384837 907914
705494 138759
127968 466196
487503 223716
956081 729590
287397 897449
587301 870947
963405 871559
312175 138676
249029 209255
818881 761095
425950 825683
291824 862343
176653 730018
708508 108433
545435 124549
543077 986561
699945 112777
864633 224355
546927 514139
633473 617110
156885 374878
552227 932598
824470 573825
833429 159612
881605 972039
120626 435452
545454 566531
139494 447508
240655 459087
650200 501486
978684 495796
164184 647564
955768 188041
289328 879501
104980 539130
753027 791605
602655 944254
38583 82641
678765 904446
665534 714715
419795 212406
275246 808780
399311 340310
892276 87948
666107 362372
616796 877153
93093 700906
349906 286320
516764 346075
704846 620935
988603 783709
346050 911662
101595 18303
635056 230820
944928 568556
386929 565854
910460 120072
73370 738292
12691 292855
562760 522230
157265 173143
415085 724037
323794 153850
728920 825010
282563 948600
457919 991276
743663 329819
455456 407775
140741 731260
912927 185059
193658 663536
166493 219306
321870 753819
814143 704288
101631 104408
995409 351281
808159 256829
409385 171150
36784 342189
206219 482001
525664 578914
350491 534647
625803 14222
880454 468243
659267 23272
17551 488208
616002 832442
840285 495590
289541 255156
106955 230578
921219 214908
944684 456115
947878 608218
472117 725680
697441 857115
749755 279055
860297 281294
240843 987397
760875 984467
425872 755368
865970 103457
605028 209865
208607 253367
922665 760805
651586 268317
317056 865154
210484 487519
878896 876005
399288 970917
716525 497680
929055 971103
710900 520367
173004 398585
42486 228162
954373 361826
729429 784143
827019 766445
521813 721613
224894 712164
283464 133654
456810 419354
346876 2941
763720 780397
59734 678147
356441 323862
466271 813333
871145 225974
699980 553584
806399 312929
555134 883973
107979 794010
329430 672925
585837 949933
917336 717393
557554 662777
478539 355582
218930 583714
448541 185295
534686 819204
541120 796445
615006 890514
205514 849866
312370 996323
856039 981753
870064 742632
543370 365208
484378 383074
85284 163356
147746 912810
721888 322411
844807 951136
670376 561204
398133 146877
969150 528273
136288 161840
466025 838176
380830 121301
715980 141619
58891 2023
10700 686961
562946 116107
313244 140448
936873 593645
699034 802425
592120 423123
718991 99373
96141 773711
955527 314366
23166 903442
217749 56848
195070 754844
487230 229847
253906 307354
46627 82071
314381 176076
434096 367203
685085 99682
243920 257037
882407 216630
679737 957028
559734 287394
425902 796696
643142 278328
680229 97517
177188 333574
493511 240384
503140 948643
805939 625969
303042 647863
168185 933464
68071 421716
637619 919782
877260 564867
88284 637121
782616 544447
408163 535894
933640 264098
123931 64549
391986 62658
556208 289599
540465 335814
663139 221137
535461 7793
308073 287486
235014 627315
249841 289133
368977 987593
248807 965454
671460 684855
809151 808824
294720 424926
267033 425359
790856 275766
711382 17665
982551 833772
207970 700288
927014 181757
38585 143342
564843 275322
335179 363494
502837 468800
431775 885550
513712 742791
461019 129296
141251 495558
185974 595590
114836 833563
134595 512494
223055 905312
885858 334642
674439 784155
725067 512560
799347 160879
128142 392439
601010 718188
594264 47045
926140 279129
408822 690676
404233 130150
220770 839300
740931 997416
218087 935794
724294 63445
101247 360716
851338 237225
380531 511052
48021 480863
99237 444521
992370 508820
656612 274514
930961 770654
630706 147390
194133 14275
636231 907887
472192 833459
13051 603710
70893 85269
769365 693861
924053 971223
988942 509611
931925 601554
559935 870044
916458 231345
765619 163077
171343 349079
12589 444441
448816 664623
173396 282011
567740 271459
827725 674224
424859 576771
721112 912455
742136 126238
755937 240639
892243 396930
623750 448493
771749 225371
893200 361749
514128 749765
238073 35207
543254 454528
473945 196594
335246 936200
167609 305638
662002 916309
444570 315281
873251 463545
868332 747760
384662 364329
792654 663123
275047 665100
654410 980681
882672 796395
473733 205195
817244 261674
285604 661515
505021 906785
5244 519675
889741 950352
844557 413681
694107 853042
746436 542339
730207 906904
156333 930154
165741 198514
478438 808668
885979 350800
194882 604174
525256 575617
614848 977707
171733 584410
124407 365649
94800 411986
457250 345034
630782 636547
502679 870627
876548 550460
867144 168268
625844 810474
443228 571568
971458 351101
12683 535225
511073 847382
246242 514819
198978 597395
991908 601002
831790 77453
923822 119431
754412 841308
384028 337482
812959 294589
227529 406706
722764 148621
308737 975993
364657 13077
144879 309046
178769 464205
186035 749328
487952 746310
118117 333918
223616 643036
978170 362272
923719 422169
952672 65781
522029 489853
40357 325120
245256 389890
661715 309411
119326 734945
911982 61339
302894 764810
389698 419984
180240 632015
728292 21516
570733 106654
615127 818168
155256 465016
848716 242276
755352 420820
382131 922468
65378 896088
443190 129802
342128 732348
282052 733
365414 979281
66118 766168
163719 87660
544361 104544
933655 392155
914746 485463
64940 210936
215435 50168
876856 29677
850046 266279
433190 311858
618955 218620
367121 954120
504230 838881
985647 658306
152445 903371
5456 408979
304268 554062
993871 333854
624525 27793
657807 637338
952921 609658
81072 91320
656486 517965
193032 416882
335729 101680
461601 925132
851545 578969
823611 527327
31006 141474
340442 120538
932108 204162
212846 170382
153767 570813
97913 15427
770837 987634
869114 169849
378786 21720
464367 157957
881381 650462
268818 703501
128077 765781
868924 284533
204266 213861
656583 851593
169136 436739
588005 101058
394086 114174
595768 555466
835391 982641
425945 441497
804205 430282
118389 321865
706344 943021
658612 557534
315218 260230
481672 413840
8533 365826
939436 275168
272364 120402
398202 595817
332696 445606
364943 690069
804572 961379
615814 283397
398404 918483
862735 72311
85153 786179
949458 723906
989594 286345
273274 60542
304205 590241
133732 798462
348960 935621
339251 301220
217003 945485
257055 8056
987578 411041
396239 318465
560921 871831
978510 234042
468038 645836
305723 90760
712978 892166
869317 417742
78216 518154
308640 722598
972182 268782
135117 676454
827198 734199
503594 818591
217484 241172
529781 282769
958878 633321
85692 109590
222657 741113
458993 141727
640947 875744
996435 493222
958151 428199
141935 917622
326138 321780
596714 18886
212003 748831
637060 588360
552539 526575
126173 415158
14382 245585
798773 210547
633652 568438
52262 447252
835262 640908
306491 171396
882060 934359
522913 57168
222249 979663
445215 934225
190545 435029
557227 406790
597989 23843
806784 415520
32626 132249
888496 908341
693077 415953
775626 915882
571245 238620
153776 873263
171471 463005
512885 357317
449195 217202
775428 373926
965646 535160
363284 840486
805476 117739
490669 199935
447786 644472
819406 828218
390968 279596
327012 866111
599458 440993
497846 368486
835114 193522
600833 261700
953926 782730
745895 215438
365200 965965
118843 194496
584352 802751
565839 248684
983512 484013
635491 834805
262332 871150
348556 966962
957839 438282
79590 867422
513886 908975
45512 408053
464083 447227
609255 753099
801822 462339
559672 463867
691968 729497
845728 751769
325152 666900
975454 550862
185080 462275
723308 508038
903603 111247
946534 538613
291859 295280
10628 587084
574604 201713
809580 864292
323263 596925
148312 721787
733593 190619
515382 462688
847399 921762
240265 177427
454291 257901
740559 70797
176353 550845
661252 404087
970454 958670
778254 63341
885954 901845
321023 487628
957604 508617
419253 54893
914962 897494
716941 832774
216237 60823
256186 602413
9909 335658
149678 49072
136069 167958
248553 464062
167203 375113
306798 174141
298476 671902
957811 412952
369615 895858
412675 574333
370036 616239
504435 300807
10219 738050
7783 251320
918768 843664
11924 208553
584793 222964
486794 552911
344416 677732
481401 689931
233821 476809
459990 695904
504278 491389
251905 712330
261419 981231
373043 476770
325562 208742
763957 952934
690341 377721
686340 714837
465238 528029
370762 452137
318375 594245
471566 147160
328643 973250
534184 34282
508842 446613
681776 796517
339240 660636
99932 554406
888774 214440
983242 961412
427613 60570
559155 340429
39484 752039
102885 52406
258026 881406
149582 705618
583142 38302
200912 175726
970923 604001
698433 139032
238172 384850
484154 885122
828957 982653
707032 508304
481056 159781
888949 189175
444195 857542
6548 896235
229078 100283
939948 102588
503586 940133
725105 87663
686543 950031
581983 81693
940752 946810
359763 937610
647253 259068
751223 256792
843655 798929
975178 578215
238515 394244
449093 951195
422376 139172
959267 397141
424960 228656
303124 786886
613841 550224
334947 944628
67779 906217
153631 374495
136871 13020
494892 172194
135089 334713
547428 19640
510882 959941
285049 382847
363931 844672
8388 425139
348938 33599
209978 30426
232708 948315
537767 874627
578997 214830
740750 777453
712422 181086
65809 224641
447795 967671
386631 140480
790156 880764
337149 805472
378113 795843
991505 260942
60929 853255
796451 661595
357843 564666
956599 443101
956577 548734
716566 50693
574763 607455
339252 221690
771649 369984
170103 525288
710060 916330
128373 542096
124900 135068
17778 735379
160619 551768
355022 198874
568762 497136
826205 396464
75524 106912
102676 54667
691225 663803
94870 55773
944825 409062
950255 870108
527870 699604
151437 885350
331104 824240
353196 8640
129402 872622
502921 799971
708828 923936
276433 642688
384231 226836
18553 910366
575191 449860
81149 496108
634953 753987
348449 717793
179176 393934
501159 993937
799148 889574
642721 191040
846673 141571
253679 607716
499917 359181
355775 665962
987971 595513
76674 312104
531303 627748
746421 272769
481010 338750
838013 653288
797780 347225
37390 412132
654415 994050
358219 780308
408608 746489
939605 159187
139942 597636
734561 662097
493433 30117
539271 162731
760944 340277
960538 721970
235387 561109
802246 156242
799006 909931
377524 742686
405176 576949
598679 522639
673842 510986
901511 399548
661019 571604
363703 180134
254797 630501
192323 633087
779452 65193
864298 400432
757780 495048
682149 146561
806825 471204
220977 394851
160845 138569
374381 555875
426182 811733
274425 541647
494026 395635
45784 460389
538714 341403
18627 59626
261424 397761
434034 52435
796644 493038
728765 333196
832718 275320
792525 205724
960765 884801
58776 783044
740118 732367
777645 33573
876398 847703
603031 744403
948584 152803
428515 408580
599231 626790
711071 447330
457112 155630
106942 707327
135755 861229
882945 238025
413939 724734
22713 425734
325113 133102
673445 433295
943384 348548
903139 809808
825537 648465
796055 700398
278224 490153
151609 41779
946197 908957
801683 657894
476683 565946
433631 642555
362331 790826
322258 495207
593675 921459
447506 731389
768013 302399
31069 279833
427636 310719
490878 413242
905691 520845
995550 352408
760393 422116
673233 354944
448803 942747
384442 290154
413275 716000
613363 315021
195295 619586
401002 679657
398876 378960
710937 92303
609929 89184
542757 833275
414758 830906
393320 563894
562081 177179
954291 643005
884329 830996
784309 917570
941042 567561
74809 82399
75256 88010
897428 823757
18191 75943
673804 180157
66686 335007
341971 735815
668799 72675
132006 7947
510672 180462
627427 917806
637552 265194
241277 559256
769032 945399
753352 954914
654820 718110
823067 448636
296418 624627
864425 747181
45603 246523
79288 637553
673003 912706
442359 947813
723208 739323
161347 250198
461190 54839
695892 295194
259211 723517
361291 341675
676253 313355
381115 595748
599382 254714
834658 132281
734565 543513
841459 721387
630291 277972
227341 271879
788857 222076
653514 125234
137530 819029
163977 369050
61382 552813
917649 534955
205293 51378
538286 554720
319859 432975
56729 293012
164977 531483
790876 945379
624960 910017
880993 232156
550767 855734
934912 823078
963144 624324
710026 985393
935090 691930
321672 501564
520605 585608
608933 747566
458377 596310
277901 415977
558394 292423
802688 956471
910887 249929
767286 791385
553465 635148
664303 946016
536548 157861
224025 372420
174724 416939
676240 383733
588856 588017
257173 841118
3486 516817
732299 893079
820308 105904
792079 441378
192796 20305
287636 665321
730026 453646
815996 620106
753842 978102
882803 185090
856959 491782
857843 917597
577266 917214
170642 646838
618613 21794
775026 834850
794225 829502
209960 219782
329042 172214
289149 667032
78310 75010
155382 356508
501052 744171
956272 819245
829688 554630
213192 705845
188489 451331
462893 783315
808210 308021
276207 42364
403336 223049
896494 958093
565168 262389
523180 491821
296573 322464
231942 907186
728477 291403
174234 489623
154994 104051
854002 354030
508656 392792
969 865336
118330 712767
673501 991502
140974 679194
5101 709473
505439 780330
226347 714922
764805 985210
642223 700253
798988 947720
847768 550599
817365 650662
264131 845490
118981 962535
45859 363633
620689 145402
534756 618221
41322 817289
907562 148925
904408 407712
114034 829858
218347 43056
532765 589440
799167 993017
796888 784522
630695 34274
119906 25813
910879 464514
850091 675490
527792 758278
354242 775343
678512 595588
346771 721585
17913 78093
473023 406337
802204 535402
132861 303243
716819 705862
699616 791475
357566 508295
184430 203475
269704 430657
245741 128502
372983 502228
794902 141682
293870 318379
886520 66110
632514 335933
785222 859936
308305 846274
486359 990850
900240 537108
414571 183438
160912 885781
359308 924753
188961 409018
96154 867661
786144 943818
508376 368749
168467 647041
428108 994725
826528 148080
27562 561109
984031 31879
717014 197145
638900 756410
82419 390670
654156 798059
788147 367587
556076 685166
547774 802648
621059 944311
423369 202722
852 25800
654148 763292
666341 584452
394657 752793
764976 879946
460321 271426
401096 12948
975427 882700
658129 556766
661871 96715
66183 109074
451744 25961
974746 236965
241490 61089
834451 928414
454773 509611
528707 224306
894085 534441
565604 812607
547881 242091
973873 105367
900631 714915
637844 645652
138872 95445
38512 455507
960450 72930
535316 374889
674590 935598
799861 482750
293330 955637
355853 794912
267689 988652
269129 586573
655872 542215
177643 381148
248154 264210
691029 502838
753588 329265
2044 407768
853154 91280
202600 283066
662061 725138
326037 99924
290473 348021
409504 797760
906358 981428
43554 228387
407219 371471
828443 714313
596698 255936
522734 109119
89747 331211
958601 814306
42688 201982
108748 465483
284521 110193
808214 63695
713765 175376
233238 588335
332899 509391
744049 688597
349250 658047
345128 814975
456801 658640
753609 633672
663800 462926
214820 135650
504122 414241
34929 610486
122946 188510
968704 455047
628750 452586
823737 49990
64980 462335
676129 956225
556156 835885
196879 362114
647000 29691
698769 100893
713306 857763
112951 358159
923091 908335
361161 220025
767006 600830
507570 897388
495692 582022
568597 915192
928372 941375
853068 597398
48348 974050
104914 424992
158508 965895
259732 885287
601083 475945
33417 397846
571139 739874
310412 555521
767547 116805
610884 616809
59920 548213
765511 120550
104198 572857
838540 21389
448279 962066
993587 243665
291480 142125
272219 464143
400381 689996
273654 633127
127908 345496
365866 250182
459295 564837
653656 488733
544982 447842
529475 562030
164246 570234
110161 791190
834494 453894
82043 138726
803407 739769
660287 180291
778131 179887
895748 755375
47448 48351
866285 103888
140170 352083
894680 590397
191643 995469
20857 978890
391369 109604
255833 225167
732147 37307
716084 527590
612223 826568
448414 74462
76849 186161
451902 577425
563992 241334
732183 6499
801900 423834
291079 680957
789043 761289
331173 573252
223738 808630
978727 70227
617479 882690
900622 301046
723667 786830
304689 727634
128789 859253
370478 409363
879036 592569
544819 522570
882908 55244
497651 738665
269571 225345
995014 806695
626977 634982
710145 936985
146285 867369
783863 893931
600486 163520
656376 117757
392669 125826
259526 65933
447896 140749
997763 3211
918822 468315
260271 554027
930793 863736
911549 673530
582973 970511
272940 958105
62157 562706
345278 77842
610711 198441
821363 302319
800327 779219
128984 403568
355436 34743
251070 522342
53608 756100
582452 810118
301287 672653
369677 896613
386509 109372
733481 384814
50213 224969
838644 439224
579370 464399
215630 393000
286158 313881
955278 340803
826457 546310
13987 577537
439111 364928
132829 3993
93813 264606
436003 254034
836823 430003
479638 149806
318678 933061
569801 307051
648239 543166
985079 113562
74150 218801
824472 775724
863865 976474
557090 688244
563601 160126
551595 224957
604489 337796
226029 112524
591123 956593
987487 254577
295470 546488
348089 945453
789183 143406
742416 145258
234702 895113
567615 152251
686535 473942
510645 187804
617065 629332
78580 657664
609951 240845
641654 250356
743179 485073
826240 664304
123817 887051
992044 163627
991116 158801
197981 205216
611810 803158
579944 759936
116957 245183
268411 812828
574451 734533
261647 488772
970578 210992
732536 223807
659783 329408
941095 42314
588771 693973
961423 85646
518112 906187
711644 963760
298111 564316
120496 919282
990792 622644
650260 459088
641350 968868
105456 31523
889101 76698
551307 212301
873239 203504
562078 978966
720348 37478
588665 422592
772608 319637
825454 604509
582638 337692
510831 552345
317594 617973
372101 15456
689132 409827
895431 176681
16589 265797
903619 358679
939001 968979
150271 286967
911810 708735
567505 106094
150388 275999
82542 139127
176245 829780
26823 571375
148312 697963
341003 108455
690884 150236
199697 571594
818589 293664
807540 10068
959581 794195
786223 540620
132274 956327
685595 53358
933150 894410
204280 723676
76858 707555
247651 701475
307660 174506
316427 196996
542411 771047
973732 473942
870901 717789
784051 777575
219026 748391
306844 691938
877810 537350
742955 173286
170719 33512
256691 921665
408049 630049
87273 336228
413777 312461
874938 871594
297648 842964
626513 654981
773085 438476
739149 923645
620054 218950
576625 706409
430620 486981
695310 82017
940078 969317
698912 581458
853705 762201
647877 787628
415061 316514
28977 391348
237703 869536
669991 955882
978166 1406
348152 144654
466978 495792
699649 56185
561345 271990
698237 678000
996635 451308
593249 599656
280296 74734
658061 123565
612955 313595
315938 538317
951363 971365
300145 290834
1932 403252
614014 870029
651367 855134
855334 484690
424217 452610
197711 581443
979494 756939
218733 251589
458162 831411
868367 625061
490838 759910
481007 948780
918186 840293
219290 688999
255463 223860
30781 18992
445283 39694
766015 534006
646988 164952
251004 223943
176921 575008
889462 808189
769538 733204
94498 412326
348576 844281
673497 825869
857902 266375
584750 267471
926312 275503
200802 390548
465292 346583
68841 243228
117954 846209
616835 508939
193602 377869
5011 44203
591522 103248
104112 696693
627533 285496
892382 167576
70007 162447
104757 406533
688355 94698
531048 446357
782686 842895
297048 962100
806094 841229
951665 976751
702127 357044
979421 432906
126628 765398
1867 990911
572612 634584
935407 642312
532703 381447
584429 387640
299405 88599
515680 518062
216339 837198
976255 13970
730570 70058
769002 212290
46281 271490
99502 573190
390216 249043
95883 68664
108437 328612
136515 58538
81649 438564
781661 558108
196900 709809
536218 135926
846941 898828
926751 959489
830940 670198
376328 274991
618007 287111
808187 451446
542839 876652
593792 794967
680067 307708
572434 127019
139994 355836
737096 551235
836569 183663
233728 555250
349530 651971
295717 865393
497691 958551
282457 887884
297852 44578
983848 899788
426377 870029
390801 841883
543417 64731
407019 531494
333646 885892
838780 138778
338842 769905
313306 307756
659464 564589
560662 180779
167955 453133
463657 445746
193150 463448
192826 156965
99919 4202
82991 122953
334389 748747
713474 875924
162693 752624
346026 694875
940268 304868
119489 36893
483532 640021
90620 542677
20278 726516
279884 931823
587495 162702
79955 628650
291927 777618
516159 686079
34785 754026
961954 113743
446869 147311
921434 298465
827885 392504
677409 882261
872596 154830
547766 403033
801674 246337
762088 692014
519085 725963
176892 923402
609135 504544
568052 270833
205070 410609
304730 538658
731071 478552
691327 866264
886694 766841
246462 179721
474834 381007
17894 83396
627441 469457
179476 953048
397776 83113
795431 246021
430547 4404
250289 666012
432101 70441
660751 928012
645288 410081
452950 816980
356124 562550
38146 293821
865787 829821
866913 299852
212397 281710
28795 137903
433497 968617
421554 868936
618033 74600
281923 245423
334032 686807
733723 709089
3693 440999
275926 94399
643185 847685
688683 506564
359174 189174
86842 411346
630370 487107
33294 335238
644120 676032
675551 38557
358208 412456
163548 457166
67297 86454
865563 553647
403553 180638
731136 702854
834349 959871
861496 435519
144719 848057
946312 398263
195506 972001
877013 924812
944650 529210
998126 842158
550935 717802
875081 954476
490677 706443
661765 487575
714040 729853
618648 32147
247925 723724
655875 703957
157779 95115
372567 737002
686525 741375
353669 298481
802397 528697
676016 684816
321240 491962
563349 176129
463030 942540
190063 121164
478931 227676
545772 894928
470393 152348
419287 406210
219045 613872
240380 619510
959893 85695
126348 512122
431894 594277
122560 229168
826939 233412
417666 24958
897511 109729
343467 348697
677062 819294
379848 886210
959355 914992
491731 922968
46212 355396
47503 449910
320621 951112
861934 20690
939548 148456
853007 959468
331902 926428
397839 429005
312077 376049
373856 524726
175202 703970
869566 228802
202463 357251
358755 873907
794700 54967
302859 88181
515912 281323
665629 391229
797641 557664
548762 427222
471672 732298
99114 602849
815511 887207
861406 33173
449639 187895
697072 446665
915724 29498
631985 131183
368906 308930
823980 417122
837821 965133
415530 676691
484114 783589
277979 278488
407484 566543
640444 249314
753213 716276
883085 679427
388864 880432
493886 7551
610584 36976
740610 599936
600911 666957
530182 673248
701201 293976
156804 630730
629529 478950
812976 540380
607746 993704
352495 361325
494043 196163
899169 727758
942295 102041
544539 447067
387678 474205
824654 346287
937749 294252
834274 983653
189582 445171
41468 706620
938141 100857
19507 410445
412956 819795
233075 981610
521527 894372
14015 680196
227868 159145
69029 355578
585003 783189
917247 470020
166483 448937
963908 105035
901230 621995
420524 510107
320769 139373
798741 169533
391753 385052
92998 425216
84113 836873
791903 122693
39787 361450
110268 188205
996310 773203
681259 884632
186656 856822
205186 929995
300263 12248
847139 714406
932985 626933
458212 736129
189416 786199
209389 504133
117614 202461
151448 893456
796719 418451
991939 378685
366559 151530
815843 411129
122246 375929
610102 969008
239233 856352
676636 529501
774836 156824
140711 883860
470839 243012
16135 112543
751224 631165
411113 841909
261510 766551
472521 504487
106586 9767
891245 174959
529595 940040
129383 693403
450049 469623
284400 853049
693697 819316
205521 390171
727737 844680
36189 577665
161446 660125
397873 356320
23301 477444
201892 208416
952081 145145
704975 313444
918423 337411
412524 969131
59999 488872
304139 536443
606228 40296
354849 851557
869702 731004
588460 166610
570434 304799
612838 198645
956849 946819
241908 371906
850182 138479
743304 860302
75452 242749
180476 717175
74636 107723
780872 162521
728999 969093
984599 847367
379336 108775
811688 964520
756174 398138
505847 68987
150244 108700
24924 463032
270875 980907
860346 424223
496079 480444
57322 81734
146556 842576
323273 639235
340190 666345
135124 336624
91072 481926
743040 53356
144422 696538
884993 593020
442442 850201
630161 249911
294685 954930
634611 202989
943899 284720
283009 525442
431093 67913
585022 17860
269361 527499
142282 437346
929577 648719
507130 645320
634936 148131
313475 146125
942611 14041
101859 271540
309928 115000
601633 774175
373404 716232
245031 408524
686646 234365
147611 903140
43239 853378
748832 42950
274267 788121
647894 316862
951252 936004
486646 325738
638699 61226
701256 161315
97961 742221
871364 736323
640838 49949
815259 695474
966523 985227
448364 294308
374062 236242
171730 952927
851846 182118
767518 602200
380055 646683
112096 403553
189294 6983
643364 128712
741272 4180
409323 15849
502823 265067
5491 210808
907504 532966
919755 514872
277503 538807
137073 912987
281143 634802
453172 291803
562633 385743
961734 754068
78907 634886
494221 419340
213828 781264
116590 191842
464051 338265
694960 656152
920158 988325
866484 904186
883582 791922
724045 98978
990924 746697
518316 728911
623018 523997
515784 213153
618476 577940
592473 215041
382258 203899
601042 984731
88921 920357
533443 335745
734444 774518
116275 987711
323848 325628
787565 607574
442609 278408
239956 284075
971587 972625
838411 719861
823020 124739
135162 816533
920946 119035
932260 416785
600721 820542
188978 889896
66336 249164
517821 445381
428432 636166
286586 321813
272816 421416
639173 125584
67581 111845
4966 204223
71358 443347
715893 68568
275684 235650
589084 833186
839188 194378
697131 222254
689469 807894
508015 477468
431826 447461
218390 517095
533153 522974
152024 239275
702824 307789
214059 905070
953867 215958
160691 296924
830506 348715
849872 58742
322509 533571
641571 917373
476345 793409
795937 478247
520661 679200
582347 125713
233810 863383
640154 586975
600402 388451
416006 566289
834673 231669
325590 694604
303420 462785
488562 975058
977911 710843
607570 962868
920916 530224
811343 37185
842893 344255
900305 136487
331172 546141
784583 398040
101844 724867
677291 691561
164174 145248
893051 231741
691031 767561
356418 462732
452437 867321
48223 736629
23027 668934
67774 449205
861412 441428
713096 729012
800110 611153
27875 524848
637030 373501
517194 253016
617450 349279
430962 36039
91062 561058
959812 337873
328587 556316
705487 186041
253907 25866
7553 332206
648264 888002
884633 579128
831536 671779
924737 10385
631400 204492
966560 919621
24511 86471
804610 30963
440922 911273
578049 462639
665894 972562
34125 450039
862565 550873
635749 730336
76354 208413
201756 4165
368515 755153
377342 152767
495376 270256
763506 244278
482690 26772
288695 76221
76983 969854
147231 303353
69196 603697
568474 639905
166363 197509
782777 343239
365121 289562
871862 251361
983109 749816
483004 880616
680799 772622
579511 297562
419458 137536
518108 907426
967139 974875
824204 987889
19231 617025
916307 639224
858217 839500
17655 846183
592520 20400
310945 864185
164505 537867
634709 893694
79215 906021
768692 403669
317916 631512
447560 99774
553230 731451
709879 643652
126415 340895
581482 671109
727163 665068
428834 583447
308262 335223
928964 330001
939033 142901
339273 222135
961425 126406
761777 597344
54204 486258
53573 571250
832610 721546
590048 544801
344841 344110
571894 153744
332693 454213
399322 253605
12705 581532
565426 899149
446600 325961
347655 742370
693414 32826
158347 790552
115148 957572
16445 575698
838255 175099
479437 776210
547812 124424
514090 941205
964731 315699
357659 395835
367446 930178
631912 797869
999418 806797
539212 316199
587563 985239
690887 32565
722442 699716
953801 574182
96287 158386
254165 756202
570986 594175
980067 255975
636936 616368
44690 182715
728040 411857
302816 572785
213602 884700
348812 443287
855985 702865
951271 658308
403612 287240
847522 957928
842095 150855
931986 807718
664639 688289
168428 33862
436888 39599
152809 487820
286711 831974
284852 622359
454729 994506
696806 38841
435354 617530
894176 133936
248607 558001
257224 321456
788834 615353
681013 500581
935760 307405
514274 2466
836512 118305
553068 16736
370728 853238
94231 673244
471484 555950
594536 467046
95558 275906
500480 834986
284688 877076
720468 689023
518570 274063
375288 742720
485967 806318
593367 633595
483349 561543
739117 790706
517902 7192
652119 457467
513759 30405
916719 944463
185419 135403
853163 727593
598933 174048
524365 720420
736908 84816
463366 13792
840317 303403
668051 946920
91808 205984
175513 639768
703260 724902
235886 954819
518685 746064
545688 957376
188924 997839
13804 947895
181265 352370
666532 420207
325912 284969
932375 52505
825283 430168
970972 428515
207995 165266
327472 596132
402137 705004
387844 14663
642168 918805
878574 124305
958980 679364
572609 547960
953007 861603
2870 581186
376742 503207
288857 487117
389630 667384
256163 616513
944728 551905
896453 551478
565187 173393
524141 436145
215186 807498
859018 853295
109700 789175
248051 344604
252586 223386
94930 527497
25048 968751
844082 177682
598826 191977
339979 848967
562463 205765
597542 223031
336107 938184
746689 457375
410911 367065
322076 971486
288630 926309
759095 203472
495497 683620
280526 387879
136690 329803
829788 243199
253343 236467
736941 832950
285010 429237
661885 720556
617451 591569
100480 716672
862077 632950
287446 212124
118522 908833
622456 887467
793079 426329
694991 228213
541599 943271
993835 457579
431303 538548
236753 861625
413047 743158
390619 461007
553203 798763
71288 413835
86179 324731
412710 381955
507706 692972
324379 689172
168722 597775
664335 881605
515208 298993
70589 455733
428678 109256
684441 817479
611686 121785
813123 606742
15482 705972
767776 257549
629478 313344
157946 278768
859494 462964
702250 734637
385090 477470
316520 782218
679101 996374
256941 345317
535101 211470
794908 778926
862237 324638
97819 23717
34094 904411
842176 313207
331837 618654
975260 754829
582671 962640
479691 215643
407480 322150
457810 48564
778110 565177
194690 508050
787022 893954
223667 868255
256552 709887
679996 50792
827504 807454
187711 251667
9658 437316
679832 550766
441734 684790
245741 285393
316690 520477
274387 197844
597691 481953
357513 533381
383818 830962
952067 654659
635582 75458
97727 933448
820680 367831
978378 52936
201568 12922
910708 964376
197732 848148
576454 736778
122968 587861
960449 796989
947996 674154
601370 565325
194710 560780
479964 318040
787752 389614
968708 32952
947757 41025
173978 901288
462974 304057
855132 465433
274634 768393
648998 930529
476305 448518
249957 985094
490521 553070
694038 673002
262559 663445
562136 891328
226955 475546
355474 702145
863034 220609
877752 882187
91162 739981
376030 426710
197543 17301
391161 783840
552893 271766
70950 604518
176794 235197
734003 154258
192386 597994
700133 694809
424250 962292
674246 768939
665028 634950
998148 608989
847008 985077
375436 195105
381320 309200
473830 321938
346257 983801
823371 970586
665713 517553
777910 677606
679154 782665
318684 875195
186687 399399
312050 660774
77356 356601
621147 295267
533022 109538
595238 750458
955905 398604
510337 409976
746923 284073
910367 39363
904109 661538
559133 116028
652818 56189
238069 183446
767981 545313
915068 365718
799456 675608
876046 514798
870794 24363
214275 418327
386232 211907
992394 590826
314344 969190
452730 688675
828804 3374
118535 630139
197400 149935
263683 61336
752848 669816
349635 543453
244715 551658
181033 484094
578492 964488
606708 623108
862231 86459
212629 121192
972085 335732
392424 478578
792010 576748
21500 446516
163013 936535
487136 350183
23709 44209
326102 248445
17054 197596
380841 426631
176135 473602
681285 431177
793291 317478
808865 21710
294006 316123
956851 981614
836648 757891
126538 340505
394255 726323
98935 1814
598753 986449
133373 939194
94420 361943
47926 933261
499148 199038
340755 651618
61509 825086
500649 660069
248673 649571
487476 502144
953782 63178
474586 225965
51377 878025
792883 807358
340567 699526
676573 883820
444590 424066
709080 138946
301467 768123
372518 723744
546644 261343
531584 224854
159635 683713
412551 801672
724648 188642
211668 724586
407947 726648
974211 321540
237267 219528
596556 548108
777394 455561
925834 10436
227145 354944
246921 99521
895502 640469
906797 928377
407463 341333
746818 116012
402014 934665
959072 591711
305918 387772
776295 121330
656119 699934
482671 274390
518171 556883
981974 946333
592886 851437
958919 11021
48446 557576
168279 765893
574299 821605
360285 340038
185559 446664
135917 940651
850195 43189
79182 806743
917469 484705
539454 277248
594309 747119
661720 46707
524806 850748
218726 125751
290309 712716
965530 585089
551448 980520
380581 973972
523394 565854
22780 294993
632698 536550
399594 783063
492769 158817
621697 476967
228246 31851
52865 758167
834340 195540
89043 561951
787529 596267
126607 849191
155924 682021
334995 743084
116521 982439
638933 901613
301478 521557
358545 54338
576876 522322
423995 532285
217753 491524
806649 158535
835799 211947
844941 148357
634036 855140
504754 784037
83602 910822
487752 719260
356842 395736
379641 251196
498747 306837
762797 940710
163860 773245
300014 821327
959038 395225
789283 391174
450087 696385
121800 679664
606542 243687
493025 480
12682 449526
754021 600975
194837 689904
398788 527314
749785 432889
521916 228335
897984 439279
688274 75786
994177 468041
105484 477460
311846 384096
617564 26528
536039 547109
465917 878710
627654 681637
641554 248412
373779 407200
153885 197950
235507 836477
677249 391121
28582 998046
880119 628173
747745 823272
694556 329872
336366 672527
934105 8232
247254 867967
319074 402457
989769 450703
156237 27962
972842 302608
428860 556461
478039 696610
921957 363346
499650 705486
961672 761138
30152 683665
557010 660897
734893 470290
75472 469747
905308 897086
966459 962041
351341 712527
859051 492748
428707 569507
667486 411002
303164 456583
73818 317529
696696 796400
339345 846002
675906 904193
926220 127482
938548 480064
133788 304672
362363 334109
480115 421559
926214 279534
393105 386881
11035 309443
636862 458720
226203 566425
446680 237120
383526 467662
969654 978805
429461 946353
553204 654027
838483 297808
829528 749848
917904 88887
968500 818754
989087 397653
877514 981123
519631 926307
132878 805068
8261 440859
782846 699693
34283 212816
890362 729077
700865 540781
402007 451661
582046 846927
477571 862339
71647 277032
466788 330920
264002 526973
33270 307675
798444 967405
817915 896330
448307 368274
665333 785362
241402 81142
139675 670242
717270 416265
588155 653244
117877 894445
976500 229977
68303 687540
827480 998963
839847 590151
53067 908975
306183 421613
807477 335978
607977 435758
365624 744268
695150 322668
388725 590718
483572 675305
143000 97728
421323 235670
831883 151311
147974 417986
523512 769959
34126 665764
170260 212709
291432 96208
249657 545012
865567 446500
865999 432837
803822 3877
209767 636433
363970 560698
803361 623911
500310 709256
374243 38547
626049 472396
872041 599815
219624 807505
770536 358974
280228 487242
483850 93387
631418 626779
655834 727530
615568 956910
868030 335190
803606 290873
154306 812318
644940 292289
921327 749396
931827 166782
708005 12010
193264 35756
958201 271078
92625 438758
5589 558795
333177 134615
856576 452903
957389 676396
938889 3877
349898 613153
738398 586481
518960 636973
633582 314556
388267 201528
413222 759964
239917 67076
711394 391218
229836 250286
915167 812810
596015 723449
831 139001
359241 94811
683411 216850
182945 371842
209390 695760
730787 656268
43643 901202
460987 237941
903765 568787
468849 331906
93380 808488
145935 102805
832599 511849
607644 985005
22413 977232
819170 751394
474193 275191
836642 531593
760176 629867
310116 840426
576381 638694
424966 981250
120703 737149
674133 106986
178388 9564
190703 654983
96373 352699
524865 428135
252747 829662
357493 604069
923866 930222
814674 137622
52373 701612
358284 446904
930401 877005
717987 397908
311304 346896
890183 302361
323138 59403
397461 907986
577514 429123
130703 341351
186560 217176
369218 82085
246834 460915
884835 15521
667486 757341
387899 748321
428558 730574
448876 697790
919843 295537
360440 896218
673108 942615
851210 129870
800288 939918
450674 753287
968356 26395
715402 204321
681172 259018
512428 802834
155617 761111
831494 366494
149464 553816
187086 286796
304503 446064
568943 92193
436582 74498
810094 653338
569405 422032
478892 591795
14117 94763
965569 921440
984147 864121
517990 797176
601468 706844
187824 991041
224173 321507
621819 328838
287386 250364
281819 441956
618151 105153
926008 823738
777860 426737
652799 489955
88714 795381
976960 107904
993141 665553
230911 560342
699822 591893
120704 784640
588044 226763
808251 678831
730613 27991
819553 427166
312201 602287
368609 963002
144456 979863
392539 392381
25159 558972
685772 989921
179480 622651
120159 257637
410766 11285
918154 519663
196647 372472
822661 549849
577492 465172
317354 172681
648192 12577
478081 75685
490047 312487
522696 607282
150918 938394
764654 20958
842004 720679
65551 265071
44289 130049
296007 686358
847088 166777
619455 451629
251070 738869
793934 843442
646323 10503
89257 166927
893797 344237
653353 353438
901923 147988
457022 35746
570001 123382
566230 805063
114735 168025
210042 340074
166254 789134
899161 804431
711144 903783
832419 941562
923512 742038
558601 78155
874791 634817
935423 519164
929571 25563
83628 977701
537267 287813
156119 126493
377951 767763
248632 535123
438459 903438
406392 255318
729073 581588
38271 501047
524963 650146
12127 718755
326808 551478
868123 378373
679799 270345
56226 518547
934051 192782
815495 340124
470406 838755
575119 86777
318611 905504
952857 157905
731909 919348
871413 118011
326746 393035
525902 383722
16556 179270
820903 126126
986540 899312
713312 273540
985378 304974
512770 790515
569922 252703
99286 889714
907256 310274
468 212636
326782 845786
33268 171385
782361 803553
28926 782959
254293 944061
904508 831591
673415 998394
422713 821339
335179 712693
140197 115314
355621 6873
189512 488905
987346 361327
613845 707696
749912 566600
977188 815091
982632 725408
175620 290995
347220 383339
675815 40467
783522 74218
278529 154573
765232 509654
76557 771149
708118 942064
180708 884447
26000 924182
463122 67222
951555 561382
934595 265979
193909 874546
912318 4616
786440 735624
808303 439380
487035 659480
803102 506522
546488 357792
894713 892059
694990 75282
353185 899711
831339 816569
728351 356318
133331 547866
614871 559479
924346 295441
183298 846085
328731 635634
138039 359308
76246 532211
787765 470105
360650 51483
75581 179773
637984 868521
813267 403558
814465 539854
550284 875805
286692 63938
934185 964803
646016 413886
466716 71494
175365 402861
753937 917553
636853 837900
804551 527280
126509 308754
797852 149720
491789 219696
112399 338945
318480 345957
990669 412364
148634 941644
602363 521558
767194 413287
31406 544333
436630 358524
743873 19235
288549 614122
703496 667603
752219 450918
113594 626911
766711 341751
513577 209873
409618 93559
774917 652613
916375 141557
74797 627116
318810 328102
345558 349995
977519 455718
861533 2279
472398 607542
687961 150614
356748 83052
677386 788590
746191 680668
928237 446766
693619 723723
188832 570996
159418 639211
350151 27246
414862 519457
326580 325025
785396 766242
395207 534662
618334 419374
788415 470417
848310 412389
178492 472423
131327 276631
899215 110792
472233 404007
601504 883743
218887 400652
755472 416545
539578 128165
355395 894654
538440 878600
32916 859524
726928 463764
419703 316959
980709 344931
509390 13054
619229 253670
608634 332702
884695 271293
936802 433661
861666 431071
709074 359597
456424 640278
114574 379753
781076 605542
47365 209957
257029 390560
915180 715837
473919 917747
690851 199972
721993 477149
753138 108041
463929 349015
647657 974157
665042 624979
564238 916367
915482 279245
662821 34068
949131 813124
24820 910668
10833 552903
73952 656125
279985 112446
902031 875191
128883 753600
574760 174830
19399 380324
794167 324031
57315 588564
156623 748769
483685 765203
465853 552163
694991 662981
389186 813791
757874 837938
981203 827284
591680 896899
200086 162498
637803 544342
756041 646134
918191 779479
727108 118999
538704 989979
24499 735307
410922 857957
130138 848842
482847 789938
656239 428878
831080 349092
898916 794901
311335 539581
5618 485413
924952 991402
434641 588242
638264 819879
185218 539869
327831 525748
746526 524006
775700 363347
915601 872632
458716 352281
675266 487296
627728 933787
489925 560757
638921 220842
942415 378997
460765 583895
365995 216230
185024 81290
83087 717353
320134 285274
239806 474902
261479 511002
343403 385995
437050 450638
586450 720922
326261 836755
931496 108292
705450 687762
848043 524331
838197 75779
298904 743810
744037 862207
551547 365801
928518 907455
109204 339372
561082 526164
899866 902521
310017 315955
196495 159026
352437 419443
740176 198353
590664 96393
952007 962868
741537 83792
62828 717830
952069 63606
785600 570476
545402 764686
504701 688378
593944 828751
124477 296185
681804 665028
306352 479360
72077 10857
970548 225679
581022 731175
900146 937036
225065 270495
576583 193019
911159 560910
791291 4028
628011 219907
584737 45850
534567 491149
614733 648229
969974 940422
270941 466876
473018 415375
287626 61465
415029 64342
647996 82162
337244 237433
636268 250885
461311 337153
225317 87066
523485 957582
470949 994719
319899 485389
892986 343297
394726 952107
684522 605906
373471 133299
624156 176382
810856 58820
772943 441210
369832 942925
280411 101293
856874 594088
468960 987883
584900 331426
948096 358476
918028 880208
353015 519959
273313 546895
831088 52740
129553 27064
704892 998830
110994 873417
649935 90516
412278 477470
319200 299762
75007 49375
218139 259955
283205 82871
699186 942827
344900 361286
102186 198985
167992 561172
808831 509261
714355 414914
22611 515124
407481 79705
944011 880249
783863 979676
200427 452891
939163 889426
468570 108127
607876 239587
472367 889897
478865 223419
573813 230590
171729 470933
74909 270837
551490 198281
888151 148456
108315 691930
654302 732896
923764 927271
593612 100517
108555 87419
279743 18919
326465 203421
533657 249734
8847 15267
726360 58108
221227 501613
718272 526272
158036 535911
106319 484520
819317 955707
665622 453304
320656 397407
914303 280206
343141 433085
240142 106684
962909 807289
491431 657318
506902 441704
691473 306361
291735 89310
234772 249251
16432 778918
200807 625344
7643 427830
739227 651043
90668 76276
224184 546914
258401 62821
948071 950913
883129 211035
364066 505130
578029 801788
29979 658186
29408 967145
224338 374770
270529 578025
133842 106423
91752 599495
63510 36290
625273 674568
207083 242966
985900 391598
469760 705844
196944 7958
163994 659530
776668 818093
636173 750021
261065 63451
341970 524578
143763 848582
531918 834526
412041 140319
100049 977107
108341 564594
214194 70738
508927 84269
905989 672498
484529 395434
162783 612414
528623 313297
592081 644585
465335 937340
738057 421752
730701 268544
299471 874035
284989 433107
498900 101962
115342 974263
408748 552784
82304 951532
71622 977926
65324 870492
104955 948958
912344 462975
702735 133113
348307 467587
891636 843936
224700 123043
902157 391930
305731 394260
338776 951583
116829 497522
920836 984815
702466 226526
524786 719584
55565 388531
947671 196264
492027 771808
197211 280536
645553 295125
319034 681113
911581 80385
192996 636349
424650 779359
568834 606572
608965 463124
191839 657844
873408 859045
933072 478584
424629 692688
243680 778482
25707 595876
662557 190468
867176 157829
828953 382057
75777 65341
499826 812738
742023 415423
898368 426587
974063 773219
273215 658148
2166 226026
841070 808084
8948 289644
232383 2099
220054 63397
847866 975593
340257 874253
948227 419999
867518 76249
278988 187201
322017 356790
762942 426288
228498 414792
925566 445029
406424 26885
352346 215730
917078 483675
610446 124438
297216 314835
905177 843978
652452 97366
191073 363989
984475 116587
687939 574599
906426 893864
324205 955608
543067 479212
388216 925932
796312 982885
231115 691178
425923 35705
269517 982845
387447 155469
995278 973602
547583 226785
367792 448511
632966 664670
224649 645193
970071 13584
432429 125164
405682 967309
219989 498813
838621 479044
737625 63714
422542 787763
652483 459065
755646 389564
247302 843950
562569 809991
990829 321205
202938 114907
403715 623875
338513 630705
49740 189371
447029 139899
597382 163914
728885 11983
324614 490116
879250 549958
964370 727989
289227 788222
702068 468457
56846 819101
437416 973029
957778 542209
878731 514707
669443 750156
600818 293041
636915 28244
655084 823416
6037 243835
351345 944440
319957 551824
484184 342748
83211 339133
816218 990457
205612 539525
73925 50667
694173 632670
970676 179744
960471 618048
76819 469758
230430 425176
312771 491232
2769 332990
927691 773267
33104 988719
313142 982481
783509 477975
134882 48537
694485 89407
991575 709572
375230 524436
13824 62625
334018 928309
824803 951642
363114 995524
881506 87207
34454 292851
516155 481797
673479 103027
360023 22805
348502 315079
789328 119496
758017 279791
746612 698937
726216 281623
394127 105690
224957 311917
202213 610959
551920 383452
4226 567454
199098 178560
583983 232311
443258 512436
105404 778918
224869 398958
418766 167357
163866 683821
283362 312415
338946 929657
496867 695336
641822 776131
379240 902229
232137 723392
145620 986500
469971 439417
227015 255223
382414 688536
247497 391623
596465 38223
619977 343442
187258 132827
388855 656438
891683 976392
863194 966494
28599 203476
464824 331011
746894 981696
418221 852339
199518 518538
328662 487967
844099 841730
599734 655124
487633 552660
689839 194237
303196 355481
872879 328673
308602 700786
87719 179432
576732 446668
782718 953491
826112 272602
919308 10635
324053 439097
421816 823570
308125 764639
525525 458578
836024 786292
657322 551602
189691 870380
729507 289939
448132 186686
73965 197195
967345 812424
25412 852082
933662 69958
864731 412022
124302 536198
952792 314884
973066 827505
161868 233422
91970 611083
659626 560316
499057 609074
693298 15940
944215 750531
224013 510426
21661 659612
54247 999067
513286 818434
775931 402442
473210 848698
896059 150079
638913 859411
214142 414359
415668 628380
210103 683278
298052 757188
291959 554061
350667 677528
152671 657891
530971 749370
958207 974634
484665 542257
360704 487402
812939 334163
366968 790168
469524 256855
69466 908496
522730 435159
28954 670665
233572 47300
875595 479644
486705 703995
26370 72628
677137 923228
179454 73900
423739 580156
728209 394320
492276 695705
142947 545448
469876 994109
890861 686547
453367 436799
567634 672867
619865 218573
276638 748462
725195 198867
650200 479431
273148 72983
861510 152745
293035 167224
361398 219779
831606 874073
764678 754081
367803 720169
327473 893496
382697 317640
195866 328728
818560 391650
213535 914346
828831 207583
708083 521765
611407 179007
379748 259188
400170 968471
830034 713025
542248 487205
890646 378448
215868 645387
231073 14021
551509 716772
664721 252220
594835 894637
506205 426188
902199 180191
413148 796932
434369 599035
655353 328542
497141 841840
476507 530112
768950 586773
277378 262693
504876 20985
777736 616717
801143 405153
551059 690337
147440 704165
492803 636620
807437 776695
69118 319409
299769 195144
992714 313840
2834 880474
594123 452710
248403 658765
275747 503202
479003 894642
190185 563689
705186 495202
33625 480821
921887 290320
899495 457859
467686 475310
880443 107543
77107 345645
891027 129801
912413 227273
969742 35949
189324 294777
532046 988772
159094 131888
892343 439952
238003 454918
582977 879014
399700 459953
9486 847577
395447 627362
933926 346217
330597 176879
810178 644662
541986 562938
661132 41820
404996 428334
90169 225919
167764 444306
185521 385452
59081 408830
810830 84857
696025 588669
14148 551777
694204 373266
148695 853500
599825 857168
798791 624590
392589 1395
940424 551789
31178 360751
525789 222230
504612 233356
680329 15061
711512 944963
686465 101597
610090 800086
514985 995563
201410 827482
444933 9714
359355 230175
969596 787682
668866 380991
764852 253506
223774 911486
621385 49376
306329 464637
536470 113624
304443 993332
308506 750484
673223 780425
364129 975626
847500 626146
593103 888799
226530 136872
294554 191575
209047 557189
106631 977384
943070 845041
286519 331336
391718 43854
11777 473535
74075 323594
889343 542626
960206 815644
423374 750861
77304 539663
562310 221222
870552 675173
621687 543640
344576 310985
863782 71438
387485 301682
247814 362223
733219 823944
674894 894293
418916 414970
686587 513733
659223 369905
335016 743614
402363 238671
131942 922671
955687 979223
429557 765206
201818 535781
726495 877797
250094 639248
549027 212790
645264 387151
928026 409060
404894 280796
266720 903132
652387 655678
459906 468732
878263 506608
596375 374490
884729 284483
17535 463582
633064 709947
157298 603728
259489 407316
28674 169828
192236 693115
31153 210803
527298 181882
952592 617508
285539 583464
546797 937669
578326 491727
455048 994558
790611 484540
838847 862150
427828 143225
474080 854496
893493 996740
22389 471835
161486 952593
193097 570219
924247 346175
887864 760596
48786 401376
319169 625060
433149 381905
781476 664975
361668 312796
608075 722728
323348 108901
38198 384025
629834 243262
236692 944998
895436 949073
423959 215177
517629 599270
717978 873819
141898 408668
937612 775860
373465 25815
460909 443478
859297 634114
563849 399638
230190 312306
941513 719089
689818 862443
905281 883438
185050 615025
393076 385273
621457 488334
116256 175258
417729 695530
688875 259889
863342 956463
600003 673044
815774 658862
492611 560531
748810 465945
430040 743704
346383 745098
334051 358212
238746 178925
841184 159890
40841 875612
95976 378970
580420 344123
645027 309779
307097 125417
148531 52151
825963 987493
957428 63356
884836 809203
372397 798005
983574 524068
660621 427552
233165 437944
789126 771082
134405 594608
670253 62246
446128 302756
673933 50332
605838 251321
104935 611645
691536 547366
773678 607074
617547 148827
288764 355564
966953 165845
194819 742132
788576 22602
157351 303345
769620 840628
905602 682963
805678 243552
936207 988970
97982 776067
233794 255296
29407 480953
236135 499547
834564 394028
189725 490874
702075 30407
129169 657314
307955 681242
890588 156346
288208 640210
376880 650977
48744 105775
717827 900320
328176 62148
126291 843040
938965 818131
402951 671512
399621 980615
176999 613732
348447 592646
960220 674809
880191 989320
736124 536138
389565 226514
60622 345618
408090 698787
134516 511555
961426 581625
898099 72828
747457 238319
389253 637207
436760 899128
661490 777833
158231 995359
713712 557070
573307 267788
619312 43925
71954 212167
699949 467611
700564 192913
606841 268824
698760 573339
192467 208928
106395 564383
39303 912321
420319 427563
68830 320365
599791 154177
669076 13635
896812 931223
519074 707169
569698 503493
940590 468019
818763 542711
159081 473412
13581 726099
165658 611555
287635 915560
714768 687117
336243 283176
159579 313941
355724 763845
331075 838115
94825 561001
141792 488349
952650 623259
518217 911634
199681 217859
390165 713272
511177 607364
78787 499372
103473 366593
91460 512673
144061 624658
16192 573184
442392 831556
180159 620251
900195 457763
973360 873943
376509 854762
996017 924483
754659 127062
487497 378642
932330 93443
288655 225796
911202 308259
941440 320301
414166 428969
427127 964953
32372 4490
694634 439445
371975 756569
401559 454054
346122 114759
25722 232125
325077 949089
594097 51641
188312 529763
993736 463957
134209 492566
140151 874169
888632 495216
977680 233428
432439 441756
117178 435165
860370 705060
781950 782915
712737 47763
259078 273479
381264 748294
212932 969334
623997 165525
190703 774262
857164 359666
956869 192344
80570 456643
436746 658208
163409 158722
582245 303495
341903 396812
902599 407486
