818978 285035
114304 6180
253955 551102
652660 450840
896146 221419
588886 141307
581533 456443
359956 599726
271862 117187
460028 31008
977587 748621
687772 556727
539205 892908
430843 740198
906977 758347
284204 915782
224224 818144
147228 217075
410075 281807
585983 941668
729399 514760
938459 959319
765120 189928
872612 388660
630701 370770
47999 329839
59225 857994
873830 669589
863824 435937
241834 943728
114517 582826
72463 735661
155035 741183
185294 49171
802434 231000
868130 140292
334287 983746
911879 820225
888260 626128
978037 417524
126534 62716
129009 552152
160960 661262
219651 608607
336629 185209
762354 913128
178767 460848
809525 191884
389683 849238
44545 177116
630839 918090
387843 443796
286873 202335
587708 931341
985740 991148
350943 851881
433985 523667
178018 83006
237466 858959
14353 164930
534722 851182
120547 507767
840627 477140
206800 304867
822900 451200
141583 379846
961076 599496
676666 556345
501198 332904
309715 460034
638125 294051
394785 327490
985953 668208
310236 561101
904158 790676
813711 790957
321331 948167
111121 770538
386254 622473
264212 871080
817023 165977
159714 761548
830462 632459
241763 835626
676482 694311
620745 823079
379543 816362
65941 764604
429249 157335
984784 86300
598602 967299
450152 325459
338748 491947
483200 137986
565739 225309
252498 832721
612880 354965
718770 598137
478050 770092
650931 43746
882511 432508
725019 611534
619137 719902
383322 876722
198880 50273
985771 684537
687025 214242
778872 572397
40403 126700
215088 127902
225420 773707
553913 785858
943193 305675
16910 780455
198531 883457
243503 503506
488408 186615
796325 59268
56525 433958
209961 874705
401916 403987
763744 475745
435743 482724
97473 747544
797405 742572
808063 132567
696008 839195
763305 817648
794234 838729
643524 626211
119517 913776
217277 307147
955139 305943
182340 162779
898715 38849
919966 637480
387344 894823
29185 24698
348367 538098
212605 65408
219478 364503
380298 768015
942555 336032
221662 967615
276542 588066
707928 870918
105574 523100
2038 19789
211276 104548
772181 51674
189116 146492
277587 509007
271327 641265
24594 701473
398262 637790
740875 911789
582959 829821
341017 111501
900380 238270
323223 913655
266212 481507
67993 481088
973512 897801
526454 459033
334843 71428
166643 969997
720717 27174
782029 665263
46509 323867
678062 939188
76307 563366
80295 437691
128854 672274
584631 997505
747529 15552
228844 633501
307063 412854
376375 998810
171181 687867
250966 70273
844925 323017
599988 428485
249202 937093
324031 467962
839691 609577
758916 33775
931177 755307
144020 756212
24786 962315
988381 244532
311364 431498
804993 581704
851796 880928
994145 980746
726004 961748
789093 623986
649986 195122
409898 690875
956257 900894
47545 642064
437984 763888
706942 258874
259992 637796
686871 523425
349208 393496
25433 199864
435846 931083
671508 658865
488771 380633
525709 251473
460559 741316
778528 27639
686006 415346
473397 191643
848478 890338
768422 284551
618468 100393
880411 26461
738655 614615
166756 546139
336943 26320
799490 304792
984919 484921
263486 388962
981726 253420
695654 692448
632461 941989
596912 304975
682042 236298
154043 97836
522789 119952
922236 896677
322438 382563
979977 3308
664827 976841
535712 353741
922695 163166
485279 613237
895051 209463
830760 492778
564260 283579
688316 168256
320257 672296
762829 991024
89201 808319
970302 357384
962442 124887
18356 533973
124615 10965
716025 315534
147800 612123
549717 539806
995847 293669
68874 506002
735699 751236
513834 201669
434240 271689
749536 228796
677074 733529
280330 913237
518988 118878
384228 640245
797814 197266
581610 300178
848865 192391
196174 556156
686153 166748
498294 63042
372018 3529
798320 456689
546217 340654
828407 268759
217619 777609
533353 500001
812499 203563
102121 640479
38821 488448
961040 683549
864239 156393
758450 340724
324382 960251
505999 283705
484691 442475
683826 921732
666980 764144
650724 942568
392587 671628
47169 935675
987323 190108
486103 179084
162989 739577
552221 134327
964567 607859
698231 893790
70315 80261
305869 139344
430289 113014
386089 928730
769113 110418
652929 991059
299153 826371
190170 532365
704512 679224
613573 930194
781370 227179
653503 643627
882885 810459
698980 535694
596000 896455
281420 249832
975534 460526
365842 992658
24650 482538
989519 866707
45429 322492
715968 37364
316846 953479
399122 832507
842341 819290
312588 891937
317958 830775
197018 878309
827988 297929
43328 963393
23516 110747
235378 648605
411486 117809
360674 693500
17066 950138
466291 318544
626930 174144
129479 108614
825420 111272
484996 153612
835596 864767
671752 450817
567508 920434
728761 74000
815187 765129
665734 497030
764976 574256
788114 606853
378948 95384
820476 45831
149200 801026
352087 21510
322237 762252
100648 989138
694984 698328
347078 138369
485264 206233
150648 661412
89528 137922
969748 546527
356434 902793
505894 253068
361286 973054
702956 641759
512976 476299
308302 171846
836292 43026
440832 246612
354882 458172
881210 770227
327737 269375
684996 190844
334016 207314
576947 54349
212276 506087
934144 649985
582889 771455
324961 15889
647056 122537
364431 286752
936872 305324
193410 604590
405229 74071
855181 91033
105817 502811
201855 696833
903752 394062
643525 189792
509041 862493
331553 661434
174420 771580
908550 572529
30643 773584
149894 415180
596178 806236
822096 825944
697033 31805
368280 142077
544256 470211
272542 487246
290880 442465
531388 975631
191913 304695
51291 698950
287357 270700
337741 227522
392416 940598
772503 512556
137574 221800
102263 417452
142077 397657
170252 863
808769 409636
584219 663154
797945 693573
661799 597149
671179 246575
326694 520018
251038 209931
877776 337810
75473 775455
244229 393115
219213 919597
451865 231876
89188 603308
204283 371413
524709 555369
33802 369468
131798 804309
872328 885641
130106 64843
424667 228232
384755 283862
689569 950054
992780 573770
618721 757970
333840 979154
705803 320838
540918 578642
972993 516569
670600 620128
738853 222289
456644 319598
443395 117620
597928 783216
261129 382747
14903 418804
845662 987971
787359 770894
966708 616854
7686 873702
24684 912151
765565 386248
310500 151122
381051 642073
33450 986891
300134 275289
280621 698724
255142 846439
931040 272967
329854 399133
384322 779971
467164 469639
797443 160359
818787 576945
699407 860820
77104 355330
510192 94369
147474 331715
716644 797139
784418 759307
114678 602336
679672 653601
129307 259621
156722 344891
870933 537808
810602 827922
394529 587442
219470 720588
809110 581086
530711 938598
436997 41502
259547 65390
70020 51832
190821 492476
758567 374805
121825 212648
675999 133594
131624 763183
79438 605986
54689 142918
959924 507641
409908 113913
227088 753831
613640 623371
75023 907496
642585 414988
373312 266080
621480 186712
477687 819373
119605 997191
20223 754888
327981 337981
839640 540668
101135 415115
685371 976271
503670 745201
936703 351231
82697 793471
925620 54583
439475 672361
152512 594155
495511 514384
256873 747145
141986 881508
274213 325855
337524 192281
129459 902763
419530 308210
947389 151818
588812 644236
965030 193962
606664 625219
966782 558346
123403 489393
732511 715906
719927 356762
989395 851801
673936 956041
560109 192532
204797 643436
234569 626923
54533 641771
397007 801140
813336 618344
789339 318658
919945 899121
586901 976371
378930 610288
92653 107034
309345 921004
415789 516710
877743 905621
387386 217749
574321 738917
67797 609382
844088 796865
360526 629341
311959 695867
383171 958045
809527 965996
520210 415867
705680 329791
94239 495046
560869 841935
474266 240700
388904 794840
847524 3723
376431 740563
663474 797011
680425 243071
811436 413175
768595 688371
952653 375188
227693 346604
775275 50654
95757 144643
668751 799814
974686 28243
985025 801885
699974 120626
163898 769987
134809 269519
775147 814232
16414 501710
111986 233232
404998 248667
32310 243359
690764 412824
261933 748737
918351 621180
359936 937283
686035 720707
712093 671902
377754 201807
295099 370712
981123 536981
131714 766323
997446 979366
371433 477826
744602 292265
738944 958499
743144 485794
720849 186800
625854 78428
534131 440327
931606 940991
305544 293501
658162 120473
212228 567578
584000 452287
344908 866624
927385 401296
943577 610081
14998 773135
567077 884271
937330 789233
50362 369127
93184 296621
648055 621912
463732 180870
341399 66819
601295 137836
860798 536570
818541 714400
961196 327682
560346 316020
23629 972179
110775 559031
907450 208798
253088 282680
688412 773303
414968 58905
307915 672546
386762 366583
995852 248392
407790 613385
570428 226840
387375 778580
30244 572827
690312 960753
151799 516322
533962 310996
425487 21948
696070 448912
989015 881613
767666 785181
890236 438117
145035 734911
862562 573075
676577 446628
232488 92941
609953 787483
800250 457788
659161 896807
778088 954823
503101 970337
803420 77378
237719 687717
769877 235962
745881 952218
216008 921402
741846 951461
941537 862947
620836 602340
136748 346490
733023 447452
82918 447717
12125 815487
873107 142982
973325 530788
133404 222320
547385 912695
385965 150581
903638 702923
888840 347741
389708 336421
762375 820473
134825 876727
584385 321887
583430 239838
218771 649302
453345 21554
994167 975515
629445 530178
49403 15505
601824 382225
331066 381262
540214 388513
760539 553849
450896 12017
768358 892592
860447 348349
875376 385873
225274 682607
111792 379983
615320 385949
880134 672353
244191 287788
661552 540075
450234 328790
99317 581594
893554 853749
947038 236626
295372 969656
163969 429342
229034 765443
119577 323194
647344 917369
380336 484863
103497 501983
290041 203525
913333 249039
704240 987377
72952 532138
826 412229
