352282 729773
814357 801139
46845 578359
917322 430662
278102 289836
783358 233339
5153 197952
178686 507621
660251 793562
567912 652725
318451 883932
965807 450937
277262 142839
453620 742095
71345 865024
48786 477534
994907 335193
235770 728261
451817 242444
23468 705468
19373 443571
528173 107895
350107 621294
652297 167154
156769 462387
23563 594599
92319 3894
540807 133721
901087 529755
205749 555732
137110 753239
13948 894933
654667 653827
139356 697541
555488 891547
844491 98123
792747 600354
237692 684360
784449 326343
943116 238253
595053 679689
762181 193749
381466 569449
725802 20275
416874 286181
683078 604445
477165 354047
237991 514161
794902 550121
852651 70647
299836 671209
890555 729008
340426 976986
765013 673655
143703 268752
974216 200650
178813 312008
736266 746453
99725 169314
650276 638251
665816 189892
942165 21578
563113 394670
96853 130905
99448 467231
297688 903488
868862 8343
520596 490537
801829 817919
584304 977489
876986 313220
222501 272218
206086 896139
321720 30794
64850 61844
22494 182218
731853 426207
490175 957044
319766 15867
143473 705590
672004 541923
319981 233300
490073 180666
216834 934286
402077 774562
532557 761213
683985 870407
273037 71782
856676 875603
404491 371804
461881 882123
938502 283776
683240 249701
576730 778138
596141 249268
945638 580200
345480 333236
930611 456146
432071 859637
595430 821227
541092 599696
270851 669363
772358 784230
557236 599866
666137 951768
217490 898703
792625 651014
620714 195507
556117 852421
424672 25092
443703 386016
762080 142678
991026 67198
866104 669520
193199 4648
12806 510746
155005 477225
363338 857651
334295 223581
166077 841675
751052 292456
419081 27342
636461 651763
751657 518518
991586 239126
541790 603684
220023 403309
52480 577215
350879 110188
198118 197041
965649 305872
163218 835847
358086 442795
644632 294315
78386 540305
433095 220137
967236 460175
622878 657474
962617 396663
698116 890286
250707 196258
478078 919084
666661 564979
822399 663256
480145 761489
270117 192528
658978 647890
704617 1068
617189 117791
243334 649696
523793 940805
428726 653660
730781 216623
341339 922199
321461 617644
212510 754124
173773 768096
446675 591577
965589 218251
228837 168136
130429 770444
301730 617656
124132 865375
278233 316695
748128 441106
77974 405103
955502 850210
846951 837875
117938 436194
420483 209764
584798 286718
355205 469791
188704 619018
802569 368302
58951 534652
961125 788973
778286 105420
673934 697982
848773 480705
692059 395744
577609 400234
222586 930030
727525 550402
104821 510788
933514 860709
578162 692194
628750 412
572969 186821
121918 655916
460298 185410
553242 240164
384409 498051
950292 37327
943195 698131
728160 644999
147569 268375
98743 863857
793598 98589
186596 58418
613567 521119
983892 354196
333243 9098
51357 393379
833108 501573
376237 195682
122957 97767
295520 848482
420661 528239
498254 89893
734455 419703
959657 899628
969716 273389
137564 335784
132241 929805
672619 936817
677296 638799
486555 47257
317738 552051
271034 887453
231416 274902
454273 295837
973285 147502
378951 13184
433515 292368
855464 921285
51446 341071
389045 103554
750633 419556
179537 31272
366564 661481
654394 85047
976393 797709
31733 765570
555818 663506
723498 59004
640984 588447
839388 727165
351840 487527
349735 85285
912075 205218
391239 513437
945665 677212
643265 639234
453978 978341
39022 791291
316682 1201
796830 373254
901827 582329
749714 782607
577531 622035
351443 531490
502981 257510
345498 532290
720753 577605
986715 717565
643313 142038
651076 339151
516069 10413
19667 665717
843622 700960
392166 197724
556899 91892
579867 335160
239666 453373
748294 358830
242088 544401
279942 56099
614712 116806
133038 444453
565886 281744
595873 562396
541324 259819
918083 966451
965271 584600
809160 843477
981504 153635
442049 569501
847139 855425
695296 822933
241946 823591
883472 610775
610922 732673
98612 802563
798933 850334
355092 620363
68552 114419
71406 172559
48049 812552
252598 1745
672072 346195
896401 848922
577311 56911
576439 962312
162962 637203
731451 246428
199592 139261
13516 712801
7177 341631
384954 696740
499180 234541
212613 438946
704970 606074
434582 660300
423921 54748
953572 77311
644259 69710
155526 758952
455684 554973
572984 64322
256332 93054
990698 860325
51951 676735
470970 130274
852272 354669
219283 139100
366537 439976
175366 87412
969052 273558
161666 578605
238384 930199
345333 671835
947574 863047
384327 672023
146903 864965
643449 414640
455377 281703
649423 793115
268894 91359
949614 780757
398065 918984
385698 7916
233690 421153
211208 700791
632300 340146
443050 634074
875482 276811
460042 44531
796476 341527
523087 921937
958076 276867
367286 450449
912636 859047
26141 384343
182726 711725
784276 107327
462452 714432
204794 633975
470215 715390
427860 270982
337993 249939
519524 862470
375608 546543
661741 427966
49666 488164
981458 54549
28444 840118
79685 728771
624953 545229
782877 87986
452392 4741
763677 86690
295933 608954
297562 280419
456645 239160
684798 444331
15163 618754
516830 645256
947772 295971
256841 239973
810412 286478
831668 955246
186746 166671
158343 947504
304115 523877
236779 623163
888519 787082
527668 25635
135653 632663
845813 676761
994990 511048
664090 641380
352815 887471
831418 32170
978491 665824
649406 813557
362186 769193
21394 532618
826967 577335
996471 501706
310543 20011
493464 273765
6158 487015
886802 372223
141472 856046
955645 652737
354709 153877
834332 634172
475520 810041
718752 491093
870731 170657
281398 408293
707681 889213
923006 941642
78460 677468
388593 103086
841695 694402
602429 250752
407516 437166
472970 736401
253289 679628
774229 422684
108169 468514
549315 93052
276912 869359
876857 572134
781878 42147
690204 603084
293556 764805
196033 989650
458565 19459
768920 598390
223188 618892
776819 911070
5396 974773
983987 319110
454100 909039
908281 475003
211128 335237
793312 845965
659712 640981
688829 74605
309125 465412
946643 535408
409038 320386
407155 200072
407743 526697
651918 565184
880171 345772
525451 478244
229392 207991
329389 594521
991881 800196
149186 902565
576971 778896
697915 265077
408167 37298
558778 172862
134975 342429
569879 784852
895268 761604
34350 408573
521551 513957
218196 391588
365058 658595
752097 911188
94483 256467
937950 450627
748998 699434
555525 711819
165723 157469
855878 742367
541639 900376
728756 516073
80050 712554
17678 21332
916635 22355
850012 141440
97532 744986
37294 328951
764235 121875
478469 329594
520718 630388
568899 142059
634768 167536
568606 854039
574417 907572
133946 939595
860756 90280
463664 204693
558520 60385
641795 101419
383058 281553
684730 740635
969067 767396
97291 202617
78311 801171
909259 346811
58445 230685
876903 70415
18450 437794
44949 497761
291045 224529
327430 309270
347621 208155
670233 502254
163806 581141
484309 570594
33383 548972
821433 907389
726902 119047
743122 162703
539310 54990
343548 763675
473134 258455
583534 98090
846273 656138
429887 140968
89366 578411
247970 769012
571435 657700
940643 937166
713415 406409
856544 76634
730610 123016
849103 164496
791096 7683
422799 309937
530080 655838
601036 385644
847598 89800
419566 164739
229912 641358
422491 409106
597048 750355
554216 958295
699820 179557
243909 818513
338294 511018
856183 973194
624225 275877
335252 728932
802527 410433
392122 5715
571532 720542
914614 79134
29625 764404
877151 531066
606813 526151
665159 543738
271287 332739
285992 919463
639163 432886
58561 923007
145607 70735
85291 576884
667836 907197
697093 372060
550833 263049
389323 527329
317054 881276
556951 882707
986240 904501
732203 919137
639961 187870
23216 377490
528691 240967
198359 321454
510439 917122
529725 832311
754609 334394
348851 396603
698002 24425
258472 359623
426049 186243
903438 321949
477010 443657
449418 740165
570405 67952
505926 613341
178273 129686
221591 610387
530853 75644
765142 923841
557093 843965
752918 77376
836337 483384
399949 52137
914259 431736
679357 529905
302298 872068
863712 40279
795210 953616
148162 248302
42072 785997
77122 649704
359564 462104
198751 518598
44835 300414
14289 668041
847647 242912
247303 93092
630461 634348
515526 539044
697352 576587
950261 390668
698314 97979
123180 18400
777982 862529
150116 880878
517883 677081
51522 167590
574048 946646
365176 375675
852393 772064
618408 392764
15576 963589
487216 177777
28511 504859
270689 541218
227351 912141
677603 857752
702642 514582
982530 861943
615579 682
864546 641682
182468 11649
352367 510580
244073 512070
728718 358450
990919 730155
697799 386429
400471 424648
357552 617169
827586 201085
915886 996596
553575 797381
619721 697194
35041 541487
400616 313706
235329 424989
159174 243748
501325 514620
238511 665812
936952 893971
589733 515973
831744 977095
283566 416025
36058 24021
404171 764819
169282 77048
853892 721809
469936 426550
700423 610174
756741 734142
658704 652410
561763 679644
333063 807877
665040 703877
93713 899833
979862 670467
649396 845587
595476 570893
31747 995450
703492 256055
835697 743400
481760 289011
277134 979160
378690 35581
865078 744444
674631 208937
330099 974001
739086 199418
123639 935523
242973 603597
41584 668270
459894 359994
384537 543049
22306 792194
140014 374712
319069 230040
831707 287181
541227 708695
191310 149614
82898 781159
498250 566088
980236 205141
913811 791035
579805 655227
780930 922545
197795 260943
495766 828061
446735 542872
264783 195926
937294 839405
463172 109985
415912 616681
856158 32022
661613 623699
113041 781073
58565 284318
564832 505320
160587 510726
288374 68309
399589 556051
697731 198115
697330 943255
918422 924339
892440 540635
934951 775506
595335 984015
823653 565499
528322 10284
655835 403423
136024 851929
242351 665947
491193 24796
692873 777368
368731 44088
262009 362005
944540 68659
606777 168560
6906 357857
924170 715591
905416 759366
191166 157484
540358 819047
782264 488037
104659 833030
371183 166026
476858 171220
60655 823940
510971 914645
69586 400906
440279 147095
491360 485979
751765 75170
27877 976949
448529 885027
915253 116610
518271 606467
269183 147449
615059 463390
47004 192733
333045 128498
860881 870752
129456 975078
320969 808071
423220 998158
765771 337016
137928 668018
114722 659530
470318 608975
281455 733107
697347 10373
626205 94914
333217 758536
813838 10965
331982 585866
142686 322168
843350 16741
182672 846870
321177 928936
136475 850552
247471 205282
869510 132222
203821 307069
2133 921897
746716 797459
632322 791514
681961 724670
506690 41454
37543 784737
70469 204096
836878 391282
274892 100894
82483 635316
543450 475959
570052 637713
88722 350024
713443 276208
868615 771391
195890 845496
63706 302
269529 603006
218769 5371
738026 732739
522478 888532
615746 342127
209622 581125
195590 254105
488139 9480
272871 731065
561619 140051
852439 340448
60610 208906
890503 476758
884461 298794
21163 985349
269425 900680
970862 574731
720290 963663
66330 172696
818359 908706
940570 643728
449629 416510
149552 86105
765089 166253
564626 574834
21013 331222
766316 1573
411392 754725
537721 33175
591425 879142
15034 298175
930142 933470
761338 962073
896769 9877
174101 134141
94855 501659
460952 47465
975931 126352
680232 260290
858069 973829
141374 688600
547862 197222
53928 936129
135374 751728
219396 607353
989778 921825
310996 152721
475809 266636
322060 644239
490577 391463
685239 300371
666868 599705
922747 56740
891514 974449
325283 98024
294487 786938
939319 25055
351598 887059
824844 209230
258563 38598
615855 375599
334548 476680
614715 932966
413034 691233
533292 953663
197227 251750
577834 583136
782726 195336
678059 26625
917035 340143
208046 396868
985124 769702
609870 767829
251276 406917
942729 964292
660215 703385
874378 947755
664253 264274
302161 393259
383610 996993
720104 896225
701759 830592
99298 349051
834113 978561
650821 985858
477396 222463
302478 653464
603735 500405
90976 549993
89965 133614
514428 831002
483713 840850
912339 140620
320745 45531
311528 854020
58598 946962
147343 482161
717547 698601
306983 335585
321211 323229
778508 657672
889085 136984
752804 529221
848063 986362
324713 132274
235080 486603
145299 915881
804790 113227
238278 980285
619061 629635
866029 794460
388285 595848
261901 5488
571859 702034
529745 742177
304774 194534
770061 90122
226397 691171
806155 815613
990521 451794
525912 401259
401106 912109
5795 797236
273331 96096
268872 245893
999025 759883
54979 58720
561735 492997
827811 826105
749691 403211
562620 933418
221602 608267
815301 898976
525655 331261
606293 116461
638930 717799
299231 61892
257038 826048
701816 717432
333256 953020
223698 352285
769511 461015
20726 214100
263204 306731
782091 399444
725129 752387
96268 596407
849427 465153
921614 679748
955037 162867
496555 385712
528075 954852
255776 831076
291843 696949
796708 853927
985360 890230
619935 578915
965616 815231
426405 460090
758891 14791
653989 635466
461409 603683
29184 202913
434268 569876
659472 973746
783410 413083
517076 861452
213504 519411
616295 457462
806205 616728
865668 736270
144019 483974
814998 19053
823797 168192
293723 82871
340748 128078
118485 700475
379923 824669
690427 263325
647886 775068
443100 994436
652934 482775
641430 279482
895659 375017
272519 903430
945761 402991
507390 149947
190582 105502
284492 599485
596291 889337
521585 306793
745183 814558
108554 362717
465986 51839
913689 928811
66399 539117
472146 67324
49265 257457
509757 753226
136905 134416
591371 163963
191533 131723
60894 141023
176646 779081
296712 756
209677 672642
618652 324561
623049 297555
985880 634122
543441 988723
10436 783888
620164 157049
628130 343831
663605 257497
379060 799424
360680 950596
6683 810657
383827 165752
637265 504872
433039 205148
240 172284
637859 21291
421376 288442
689904 350444
430331 677645
372585 45401
538624 870403
590146 171557
706801 430202
282495 490343
534883 499884
796128 814303
554853 516054
579853 873712
50888 437908
301232 305709
383998 360178
386541 905480
562698 268228
514984 808338
944229 764086
836226 749667
739252 73245
952581 574454
184904 220655
872812 887505
899237 276530
761237 142973
262901 833988
535107 316737
699478 209227
832298 423462
139051 290858
637181 308956
862871 912765
115572 560500
544335 104737
317476 869015
201378 38823
976182 583830
332539 58095
762896 778853
588928 969800
659101 401657
794179 637388
301473 273563
484208 486713
794284 76327
236608 270309
917342 965039
425301 34404
980790 581505
84183 172792
197334 843539
405651 465640
703729 211519
883444 303746
411015 91272
863075 683470
984530 509287
428200 593904
242512 18469
209827 136926
36973 482425
665044 429487
43057 364627
829410 440269
883607 635310
743579 726074
338233 26259
245762 557961
128271 786187
83418 227452
754757 406482
275931 784701
112026 662641
838928 479298
596599 426559
614781 229781
962798 576286
341547 462885
438270 560485
907926 97588
979889 26435
333895 886544
997475 765356
184143 976403
313654 885201
297971 190239
593750 643463
586050 402282
179451 830814
745717 300311
188572 568351
640332 654930
162492 108207
714884 653286
61574 815594
585975 209133
322989 34703
470674 515427
290596 363340
729441 192448
512082 472018
688185 802121
678521 832183
155509 621158
581760 26922
903783 304734
605085 416131
321859 534784
522444 153759
38803 735825
219403 802004
134957 45826
924113 58417
619995 717649
968747 517117
168831 507680
853492 129633
80498 40570
560120 323430
222670 653227
167696 860574
280114 525888
667077 781197
787489 684536
467777 452390
89481 776198
502050 462988
329230 466928
998239 49423
382791 884931
783183 585470
437409 767026
767494 676684
652262 838550
592310 948530
39133 834786
72310 633827
808571 677407
864031 314713
189643 378690
161786 309408
939361 425684
3461 634912
298842 683934
669122 375135
374937 881969
350565 43960
114493 296165
352921 488822
183925 631440
176645 53720
2853 289780
955261 588476
89352 516845
737901 171194
348030 651306
702130 380061
653064 205181
765123 879607
883949 644106
310794 36030
740428 370019
613102 309143
400046 582674
321540 808721
383621 994576
954534 703981
794450 762671
340765 797661
562657 911840
40637 928015
574438 309228
571997 914794
333504 736327
553963 10986
696894 798569
990721 993816
991991 553595
783438 746462
23417 347214
840744 453649
87434 779498
350240 622203
69546 230429
401890 218813
466462 212314
330707 865058
108886 236252
400521 917020
468939 899453
684180 261079
537075 875685
453082 300679
303810 125968
420966 883648
999053 903693
365336 178432
729419 598496
559878 69497
522525 710520
924058 733553
152556 973171
691518 7707
897015 939096
982610 21210
296273 732118
162813 443802
974755 779204
770531 339959
804649 304680
785615 539710
802818 957778
398655 784981
466515 872187
766940 760248
236556 360514
19905 436051
643402 308275
186279 840833
411667 902920
45653 95801
381239 257576
930219 825207
781954 424863
818809 531874
103202 210676
597929 368677
602864 63568
772841 218483
755487 329010
993235 851188
589919 110866
562063 501403
585247 523339
907466 880235
524460 860991
316400 443784
230371 687846
211262 533344
909051 495592
369892 617795
168237 805452
400172 464982
920920 561221
695108 220056
403797 585979
814824 43068
604727 679130
752376 474299
37118 194563
466381 13202
241129 921821
448484 218718
24021 233630
365162 875809
788986 795959
199160 513898
269642 238583
34953 570512
772891 864890
593249 546244
787261 28311
358481 207273
581416 719779
958357 879675
348190 412897
936573 120100
307177 163792
738459 50804
51605 799820
257480 40236
629558 17192
32495 282387
365894 910014
149517 711763
115795 69126
41163 796463
195827 179085
83842 704841
526540 203570
455585 510217
175329 636506
226126 520338
222347 267327
566703 834794
9189 72622
105907 599488
975454 341073
939659 237005
254727 979916
655145 82023
593824 79095
44147 87206
922537 465132
214522 974651
900895 463022
970204 707292
444684 778184
697327 711772
573305 762303
879659 421881
832072 811725
98030 436624
584097 379837
588188 934173
333126 607087
247168 920904
345353 879110
806028 532629
445420 506986
345411 58518
998498 333266
123126 363567
379709 10370
539659 953858
866145 100696
871467 888040
524434 915307
670992 893235
888141 618868
312090 206782
885684 834081
258548 52813
521430 267390
56010 714269
144005 575212
662177 693175
237962 95590
59710 984753
811164 770132
509985 725502
183731 469425
133983 333601
610638 816839
467915 717825
561747 265766
75614 969600
558773 11056
62412 173553
296624 325507
238085 685707
309064 416199
888252 265921
117138 35140
111588 647724
654215 779332
616384 870814
698169 677870
765468 866938
82211 743684
745044 857552
653646 56988
320020 998900
292399 998545
590054 111275
739543 544905
341183 741834
409481 769849
296913 837540
195215 339128
420327 987687
51844 221720
561829 719629
130909 239158
374129 216271
966126 620880
196590 976052
153888 155493
529062 252745
774270 142753
195460 184623
591746 992654
547512 480169
948037 824352
341899 176896
328833 787448
726196 157087
22710 382245
475511 399298
317300 639224
22653 854587
421144 194165
65118 580299
868577 330408
23342 332785
501159 96895
293437 160364
671994 413905
434481 171255
203781 802970
909281 275161
336039 283944
28023 86303
951314 301784
933824 446045
879289 683464
81311 255778
691599 980021
294971 150116
207822 962698
952417 164849
930879 948211
862937 853670
561720 364598
74401 991856
874756 368966
177008 25309
692323 671980
788880 714379
61454 969990
235454 505260
442356 579929
567126 205172
345125 368569
553122 40123
535027 925115
651928 112559
531609 274772
585839 36108
534978 814936
494681 938992
292108 236690
231111 824167
307789 998448
43248 146211
15034 580804
38287 289469
809230 835141
736711 182218
937008 627932
219173 794600
259207 398835
217524 966159
404918 117437
522296 961459
663217 305222
702634 330357
996716 247459
389962 575900
622935 773315
989108 613684
27572 242436
705785 159829
178582 21392
629212 669589
990784 78127
222055 687093
427459 959368
244607 4146
88634 68957
407047 795242
569643 384249
689560 711577
377096 570383
710668 796676
378528 3422
251351 514219
876516 161754
228619 118408
210194 622633
237249 915485
63766 563604
881559 747447
961638 592392
199150 6124
229 615128
862394 555725
275388 713185
699707 322846
727209 288431
728470 703864
360668 805575
846769 242680
927586 47111
646211 799095
163485 573363
456364 964322
951625 249019
234418 599119
326741 453208
973638 288938
930041 678993
532436 537973
933277 731134
438184 476482
6280 374421
755638 288774
391 953091
259913 320278
543174 108996
170036 386873
342649 16980
208160 655092
161315 662778
227014 334594
397392 194380
274251 202944
773445 4349
364291 237999
431888 739402
522245 699026
480716 893848
388535 165446
553697 480207
880069 408221
225011 168746
691837 892739
14162 538162
4047 971443
927651 650747
732072 849705
311590 206609
368865 832185
490422 646004
481467 691413
525051 375897
369236 936894
932139 260314
369289 884127
897435 771543
886765 673316
937194 7232
271252 158897
146588 482683
8822 293009
803602 340583
104995 195647
701628 579260
358535 913675
37333 32353
954511 193593
88539 133269
370468 346345
914946 94092
731841 65154
556304 454560
670865 864412
835303 835858
109429 585784
897082 46558
83832 884717
439971 101795
62909 972333
627797 424281
609585 96879
934702 503691
683231 529647
859619 548254
738990 81196
910092 812020
651662 546150
209528 810654
791647 288826
573076 357203
370899 51029
213127 722498
639455 441291
249917 623011
976206 913616
112432 729600
649765 170348
559265 891672
893163 73495
487008 416176
665983 17404
79432 652595
62045 110164
957958 206203
452211 250321
317920 691862
29084 585346
556814 12776
771932 368012
600658 997641
127704 218637
345702 187180
390373 783244
643892 565965
817058 998855
745223 262252
631198 239429
623903 169300
985005 728722
443001 173653
104741 245731
112237 501581
165903 286962
41461 949618
268295 180374
431610 32085
447219 234840
85907 119934
347477 681715
233592 970530
840666 786052
862928 963408
912305 557207
111671 548045
918690 66430
487004 938956
18113 478917
659800 304307
805497 437928
133288 331690
