669701 188292
231743 897054
402348 986218
790224 614271
965453 733035
301994 114664
669599 623656
810154 797778
797145 41363
484189 783025
451919 226573
247295 629468
630285 484937
517984 703651
851622 455241
144317 267476
201510 823086
194991 895900
856310 29755
536592 950679
420320 977835
966211 55326
83736 153303
512687 244990
322866 546726
528466 966376
1780 737098
705292 881779
60722 295968
62481 517102
643676 202375
941120 658617
589767 405440
872103 128672
262194 466389
237378 631099
436292 282381
853443 562086
830292 940724
337821 15605
975475 214174
368955 682266
991797 264388
949584 167570
862189 306778
682823 455413
494397 196426
721325 505192
820803 368017
409088 996078
30333 439699
398006 872440
117710 711332
916211 87692
216324 738241
307991 240002
87723 675150
111797 338263
285933 460938
282861 679399
951349 458597
153088 869531
115372 459721
891452 371089
961162 301957
408750 292860
581775 85749
442356 224723
109957 158603
486326 616382
982545 981440
763289 921811
218154 420754
174314 789245
531535 590721
677234 387755
565474 692129
548090 714583
371761 849627
728280 482794
394546 981268
513532 290109
64010 751102
690255 172215
66271 235038
100675 848360
754740 316909
488959 655944
737949 670959
307092 101552
298196 950819
919357 810348
79250 126607
651409 2691
984763 197335
19702 187879
520918 170604
589806 103438
962085 769675
588872 6134
953953 185715
927139 245859
368206 672331
642978 987569
422129 594473
368088 301704
429537 850100
282492 159691
982421 656755
222438 810382
251899 304413
214236 114053
271441 56015
845521 946729
934358 698766
939717 515313
362531 593794
855027 269973
198610 779083
806383 364509
971385 381682
765547 66803
493660 406428
173452 734264
355605 832536
516995 532079
60531 386460
249478 872867
515361 814773
976239 679289
253955 428961
888725 364552
274246 157272
583302 661461
699134 220598
462842 994872
131385 382156
264800 883622
217906 864624
262941 756608
991354 923778
477711 423488
658818 341621
563404 339197
343097 821982
445612 747037
509911 787755
955560 4969
535371 979214
367189 772271
129261 876761
826093 756309
317219 999414
941213 51327
510906 629760
159057 741388
157194 928623
541531 621791
579417 343195
162211 919940
56943 221939
126387 866442
831019 195029
802207 20302
256831 944872
423920 259227
763444 7099
468658 598457
387979 652691
411646 832856
137217 772417
317717 793222
679013 263260
125665 630039
159632 325828
637528 481184
261320 520745
123258 682650
320462 35049
646976 396995
26548 760622
423065 443770
871493 80862
897744 253692
363122 379994
289333 509791
43999 373587
549973 178641
9174 255743
766801 430123
39281 502407
17999 129597
782151 164035
292372 250636
376017 663473
377103 714549
820373 640265
902892 416712
878159 689489
37880 930934
676767 8564
893670 5878
853612 742449
709942 424166
79161 432397
525067 250086
550447 22921
952661 174399
28523 254092
717556 716672
545995 194879
546250 170464
229454 638881
168590 546553
116395 559834
56155 349049
688452 967841
674762 271682
595711 127058
919023 747105
739787 362572
640095 957091
226429 855179
385041 742986
983105 632713
872796 635739
703503 76012
611150 299531
243401 416422
94380 405639
987538 2381
782997 230293
549928 214835
590482 400961
571282 804579
376609 717260
134095 65510
700809 998851
601740 347094
769652 766157
176084 503801
701032 918474
686269 138606
932777 550528
729763 907976
947878 135871
350194 66668
962320 871978
132413 477351
937503 149777
974852 141091
257941 51328
563707 931725
106381 202588
368488 228183
356246 738451
759269 474686
214083 689003
87648 436232
335765 222381
959 526534
566194 430440
661070 680890
130625 851253
775207 698706
746186 438149
659772 377156
276883 747383
961964 466542
928016 955003
761827 620387
318658 914861
105209 897533
742318 749221
492010 227894
575889 157282
291409 703194
845792 995543
903877 689746
453713 347375
125904 273962
828488 356280
264476 163881
810821 396678
546956 807865
834981 457495
474908 517992
493918 165934
499860 101382
450880 475213
32865 796286
278836 814309
561060 912095
269619 260603
1337 586549
498605 979095
914592 74637
943378 419709
552767 44169
570811 586159
942684 152205
532386 33129
643694 138047
716111 331597
394392 139268
953251 218343
295030 32976
847134 754520
629280 188866
557537 78965
822365 146585
138143 504540
624151 761272
681303 201185
904837 307591
325255 500243
647245 639678
262658 658692
388314 190847
345102 49049
969190 826156
225486 281261
226123 780098
439127 658834
719989 885724
341917 763300
933239 875578
248890 705573
924958 463855
650332 723158
390152 937327
101550 930672
86099 444710
537729 579236
179867 276266
120010 287589
825167 179310
882899 131049
94628 545347
295467 595458
928265 356007
966463 398165
250963 747313
328131 997516
108425 355874
88405 114344
10239 968192
20487 32576
647733 731206
338706 841200
711546 756463
256278 289185
873969 161460
461750 455733
302752 507204
363963 248620
989874 895048
568952 238747
914631 463214
745218 599722
251193 383012
549793 84813
199784 35789
211755 535114
516909 997851
2480 705126
846999 246047
184533 398714
716225 901453
755237 936377
663339 184304
374398 566354
787751 753817
847392 926052
410142 751187
412585 393679
920256 775222
105944 126019
860894 783212
199948 941485
751859 629313
883175 883926
445959 317284
408086 73017
741897 282741
104288 275957
61032 71842
248374 604459
863058 987345
663728 663914
27797 642761
764424 713411
66205 405460
738971 362110
309152 490274
237554 963660
912537 974304
552110 624168
210802 581719
6402 514616
203988 866215
218325 644413
591279 575436
16688 688436
940753 135051
392925 532481
856321 55818
270866 202954
112480 975282
277578 739177
272393 456332
584896 725353
888554 293305
197029 935392
692623 614929
986529 604496
328985 116457
662410 28712
787425 865801
481473 481920
969774 596665
918066 661057
957392 875071
14869 991843
546816 38482
339984 303844
262305 515107
358029 669004
742715 825391
841605 930322
20241 300991
847072 409737
655687 248301
127016 13143
338211 608397
393624 222221
96417 937059
169667 511813
599052 251771
819167 377024
354469 765107
133341 179915
39138 552566
805248 944981
508658 88506
964832 965880
255509 88660
256689 808097
349980 721652
729463 596011
87293 590672
601751 60661
775117 994593
943385 611347
734357 92796
200252 751472
925063 438094
273434 14191
147719 132722
872490 758388
82650 924669
177763 341135
435071 832276
529949 844315
383591 19582
792299 968389
56361 833084
784906 328866
378621 662750
296268 19745
221104 110924
761050 307865
699962 111103
364515 181100
507754 451221
912050 722746
821598 393411
608138 597882
84094 452244
733094 597603
522864 135957
174696 780169
888840 426609
137708 873837
303290 912127
182745 127763
720743 776506
732258 249065
463096 447496
451676 104881
123825 859029
446970 859096
209399 819752
216994 212300
677748 332502
752435 593790
521101 534716
293437 168318
542463 770071
757759 994636
12621 862375
682940 971463
973720 406992
474765 50560
57408 268461
946101 871439
337163 510790
510927 297192
44957 204206
439172 388185
45287 36842
806746 518100
870666 601913
419115 430357
415132 207766
446221 300528
660767 142073
32168 252140
991178 82676
466859 912640
375819 325141
547706 422172
773677 416968
898569 403532
443770 478018
978379 741140
141083 849134
310923 493883
741777 232941
431096 30683
837813 171562
494039 813842
464287 137087
753905 602628
874511 773041
779574 733009
278965 225959
696647 120479
826827 922386
518565 568822
558780 669878
46518 240693
12644 129180
47329 8983
760820 712649
647028 863853
878357 228384
701162 597534
101822 177153
39887 456941
37463 229458
510420 463924
544992 915403
391957 69193
77112 30549
700157 859848
88812 571812
665678 59608
596119 424534
804824 751933
753267 28081
897769 832134
456210 80877
529866 799614
234243 811843
85833 568900
718906 425311
642846 846749
473229 429337
303227 571912
185410 814651
928160 440113
331322 24211
840960 632725
641535 75871
735514 12147
865159 805551
747252 402458
431079 362288
955925 536283
383394 146315
526015 489181
703232 717695
523329 12586
615494 835275
405034 796709
109164 160582
447636 281435
677448 469933
800777 311906
927257 995974
991329 416486
382985 714592
214175 520544
768824 449278
882168 205912
452463 658950
496986 963079
853725 102999
759512 8860
71760 298677
28456 887092
415508 601653
283354 542896
784743 595256
541992 164282
131242 881955
591022 80554
131241 516152
116880 753249
777222 503028
679012 712301
291903 724178
206551 750902
148450 204207
139980 778223
532312 974378
105522 82049
996458 213224
887543 63605
566296 15202
646666 352713
492921 429147
414321 52394
110099 956860
147073 150220
409963 730348
451402 355440
427459 944033
825555 358604
668162 98273
910799 290000
49842 274028
681983 986309
592582 131533
38084 474924
286496 723978
954114 626302
850964 491211
866246 392955
504734 744088
188956 749073
913001 956757
15479 198477
913016 582040
166391 255880
930327 99707
724797 742806
663021 237836
827589 423259
622408 411283
348210 108639
769460 438824
538753 738815
598431 287514
829307 783197
920538 163687
93990 95795
125238 938283
812533 643347
238925 299287
238172 617692
797723 521975
667707 313985
479960 895490
547641 955188
108307 11451
5833 586696
478097 652347
211606 174475
873138 385214
212682 657990
901843 718899
190968 272845
289573 379725
52987 908931
214092 992441
880174 415647
553921 667529
322885 448025
650816 514996
52925 591256
198593 743197
720264 414230
214713 613536
706766 531798
562392 318940
446051 634654
477709 16804
125257 646560
109698 475370
207155 601379
552422 519636
262474 495489
913465 268265
763841 100976
418196 987714
450083 997289
473668 926433
686971 894565
844544 205328
404668 943523
515206 756321
143522 909940
718405 119484
127521 925192
827147 456668
230082 25042
715714 568589
656288 370195
361155 675369
188025 925304
45187 317263
100248 443941
650503 208768
280011 691592
264151 290727
642092 800612
786827 106624
715271 473124
683018 924770
866146 798206
849032 313161
294252 958228
407218 739042
539646 837232
647409 513653
773044 78938
421772 324914
129078 167136
550962 843563
173588 957193
233824 954361
866846 861036
458881 858829
380292 726930
358851 626031
145336 397727
114774 771904
374673 982263
431077 798928
31213 461200
101802 608871
970417 399007
85488 605343
967726 996195
645478 218771
106833 228866
531083 479834
778268 535641
759255 107576
261351 543115
625783 947040
37873 824470
931968 305746
153858 343452
517461 270720
909672 673232
448138 421462
745488 641820
748398 257598
505773 76263
682999 432031
966667 218375
835898 93036
408175 636075
666075 668624
78961 498607
489456 931863
548089 529414
431951 593558
483845 30033
938729 383840
628035 43321
589807 584790
679155 670218
443329 756893
245022 64035
21814 238724
776661 308200
312786 961143
102971 402151
754577 731912
693700 606622
721977 960750
144454 983697
470577 804074
796183 867636
344201 321762
10482 717572
234425 862840
890602 290666
63107 125049
260841 116190
298306 886570
185364 366152
63554 731728
791236 745337
403028 736027
451810 449927
626664 59824
603562 568282
361451 412690
813154 136696
658283 592304
969256 882244
558257 827678
211108 214346
296789 815871
394185 332207
693026 460730
653725 186119
332727 395182
237899 746167
543865 782024
826277 913142
400990 759385
382179 477936
439729 507993
516748 2420
225912 607714
683921 288655
774326 975089
205156 201726
228881 193730
36820 605440
569868 652029
905285 966562
147474 732118
750683 106901
909985 139380
246147 930764
926185 699103
543661 749974
565200 436225
577908 924414
372636 819367
417293 169227
393423 412011
730581 172696
468299 422526
595916 808973
917966 353254
188133 658527
538381 162594
146211 685824
243978 539341
499432 185051
244876 179569
219636 435712
63355 396272
542444 189028
242283 634116
856391 248406
422876 71336
509311 511806
761199 658127
392331 254242
242361 471998
469568 818111
974064 229994
191021 985429
607498 407461
577830 51239
990582 395236
159266 923402
739950 831241
526102 541577
19430 298074
244420 503989
398181 512888
966332 954090
851597 659183
335760 593171
928326 777822
158685 242416
172247 533668
358084 185520
43082 329507
748755 128166
144523 111841
481197 672360
68577 731147
529467 628109
2641 723109
433973 903815
675972 483516
364358 685400
824081 37339
175371 158968
811364 680316
816028 352018
247974 491171
432896 192419
634194 640998
147487 686811
193008 21833
515738 840639
54719 757927
810631 658365
37944 677738
722169 806763
864784 67037
136019 640343
138730 295224
157297 64207
459481 260137
745161 182287
585160 263339
378034 448151
65456 805045
329226 471641
52350 329376
941760 978217
561639 534887
37050 699072
769470 201275
598960 466515
575312 845270
453026 508
514064 939213
342569 798871
916721 130985
50664 504894
732305 67667
103923 683190
990992 43762
654869 213185
62694 274600
451300 78892
990231 653680
885225 565129
783638 124105
618537 796346
123649 347906
734393 66809
241288 799289
6269 835279
355604 708239
17792 57678
406813 360740
801751 185605
682231 511053
567378 537936
443289 998069
851248 633229
781450 539881
586742 860003
936247 463244
705994 749116
474988 551272
874061 592118
200096 283817
883353 881760
707653 439847
929890 664386
347365 868925
411220 742833
408963 978923
25823 284790
185333 666409
121225 900492
775579 49425
231390 2669
443930 388271
272284 242076
912058 97276
624999 954393
85522 248005
857456 519830
664335 366377
451961 448604
898832 544735
640260 590241
393865 922976
356329 769495
878635 925792
924797 147691
788560 27900
980656 918890
909907 485982
989356 128149
748341 102223
770931 963059
471561 225184
902664 555743
944878 282168
504185 206346
294784 890903
239297 577856
624575 865007
274767 617905
452022 760430
587256 965852
399677 986227
853019 476333
848373 182687
931961 394863
941020 755999
716064 325031
697301 627310
160867 550390
512948 452134
164670 983468
901508 370575
794629 40607
901097 823309
926768 44337
284317 929802
770655 83048
312771 962056
755095 568313
670750 752523
632315 121650
895482 845273
52014 596109
907938 47026
211604 539384
548275 867418
176045 501092
957012 63724
200201 924672
441767 321779
435488 625758
99008 368262
324339 145176
603898 6090
274531 816097
265089 640259
649961 603085
566181 657778
226472 309962
600528 30453
640880 298983
730576 533118
445209 477581
739858 345693
77892 106991
644255 628155
919923 86767
889844 542061
892912 813189
568816 784255
832421 327712
421669 579017
738304 946982
495602 287978
574191 945266
963176 602382
323573 971667
296039 200976
698221 107974
361747 645063
432864 651066
62051 590841
655839 827321
640379 493827
160118 774258
543886 118436
492776 199257
891183 2002
425655 281744
234621 599387
577454 872132
589943 213361
661040 37553
827284 327445
884019 710202
481878 909728
122338 955892
184368 122346
283546 379355
399973 159980
423757 288609
338782 319015
555019 619122
338915 388674
123198 96900
456922 490337
871889 240523
128841 337130
143883 194816
292732 79874
433235 612319
637987 753421
379026 649178
955370 491817
878968 245996
226017 44709
51412 36626
910731 226915
564216 493166
14083 95588
492614 277779
420591 968126
623799 36729
420989 263442
351970 768810
490896 666430
160840 367990
481695 365446
817714 486352
975865 130016
32274 599819
932444 124169
344090 33785
560052 870085
809455 22353
479856 748653
66404 97124
366104 350748
312965 493406
90579 224867
399179 787305
824685 745849
720971 96661
204843 361875
386354 199412
810504 431157
743534 751110
813994 829358
975249 335563
909146 594234
66290 260784
218089 841549
611037 340399
932793 477441
502798 220853
999322 277897
200632 615241
180519 647191
735814 240760
488709 955458
498366 822896
666631 243219
822063 831512
250601 124583
416358 376236
255201 23065
917302 621744
687601 785028
519696 794654
683189 860257
280228 306412
840289 12778
712866 412880
136472 216621
30813 421538
432125 219386
469845 743219
527704 43339
682990 895309
616841 729048
594960 181484
925981 909725
544402 762383
589927 633903
368728 206154
793096 333011
773542 861727
974988 488308
908622 864015
837355 692014
752016 305740
967793 863176
720432 793294
97462 472030
610470 29085
802955 653859
926820 278113
403869 243430
761714 742043
552829 117289
952959 782495
848921 635693
998016 149526
76281 9251
35324 146832
806683 193637
53618 609933
907169 259489
511086 594870
531486 844373
105035 257428
668399 187445
882218 94947
873407 737326
622723 168429
763127 241381
894620 349893
361336 32011
243349 524136
625949 376460
980435 659974
160227 315647
12215 555056
622525 145698
691444 552464
780085 960122
106362 305040
215152 1114
230271 573953
803591 268273
218912 667303
731315 463694
714857 283735
104802 966544
13651 458264
557998 432403
350818 378339
815236 286704
217956 272766
895579 359806
561989 831979
528842 442224
20858 917157
162941 277311
474385 214824
115963 463429
51392 458109
858499 30260
460114 449172
589603 498017
926283 77510
342260 983782
899350 773810
27520 57432
211010 895738
75483 288923
944173 609145
503347 23303
931455 792057
518732 236346
235774 189957
803213 224330
168862 7392
389188 32308
972719 737557
873354 336996
896672 30185
769955 449043
248595 535591
779032 313842
643916 890685
464418 744657
608543 838513
810367 894667
839141 955884
935836 205968
152055 68876
233393 498533
768134 938403
188063 283064
280090 145821
857344 216020
186192 808639
814862 903858
351940 125714
347186 91757
64865 192129
980301 411999
111410 371200
17966 267620
859708 719260
375663 763764
632122 595870
414536 211393
142745 344686
385968 949020
388034 726761
834862 303800
172388 530125
895960 887898
541457 203714
32591 510175
22986 486900
274592 828454
567703 368979
999484 684550
12036 993390
196672 178120
154065 844990
539722 181290
190709 203275
78672 771672
672260 818987
481119 234569
240827 293019
79433 306712
333854 843644
53264 561160
460802 222311
873442 656554
491511 171808
851326 477999
792990 508118
484167 262208
854175 522445
640531 554914
509795 945634
656371 176904
140553 249925
443153 1985
8764 70114
111551 29798
876026 572687
475292 147465
792145 479635
537679 102074
691671 438947
788588 159971
285731 261956
352302 378394
331247 57088
416374 782094
33528 474869
185996 389629
69627 379678
887289 618779
111136 796715
274275 12487
335010 604733
642990 868418
849331 691067
715625 756699
556005 138637
224106 363191
413263 838420
306730 160413
278446 484672
243851 313670
62307 521915
495304 302442
959083 934263
626132 674505
721636 98386
327989 87145
293482 212553
328844 872478
425177 269095
756596 486962
204528 331803
780304 618301
669092 85785
841186 521989
400864 646610
914587 368963
930003 770146
589347 475781
454142 770401
602937 230303
204322 200174
980588 981780
779676 814307
421034 699083
185920 347156
415827 174590
508533 159793
736976 461240
978655 107552
124655 133131
203378 51475
182285 986685
250818 262911
799268 591153
968238 668206
650942 457667
894571 148722
416216 447303
494165 852393
700557 993593
608308 333868
315679 909056
952300 20552
732195 604056
908764 170682
632079 783334
163547 917791
658861 667606
985234 896230
196632 415481
231645 174146
974 761581
672515 669736
908579 75402
678829 178365
712327 459059
995874 64443
105457 838944
863009 117012
605889 765870
301642 731231
713472 402434
187920 509180
902602 702342
99776 777659
457552 403751
561959 396989
376675 459967
23577 948115
322925 200466
441955 442471
928799 968113
294660 481224
642435 423616
742020 241828
128120 317027
215418 154753
492554 600287
249423 546192
213010 313117
860732 736623
552153 265419
688921 535887
124219 169054
887364 320487
127982 554643
411737 978902
448368 99504
923514 172502
151854 647308
585500 855416
458994 419341
909216 536160
994 438048
6976 951471
574508 258509
670448 478581
726729 508735
736112 858524
659518 21741
605871 330703
878755 706023
156993 293440
966640 452299
895037 239213
117444 120789
587505 206080
499897 361505
42995 737600
147435 320454
276740 308200
21834 137014
125563 553611
701140 923350
366254 976596
581178 525486
443974 343484
546534 693209
633698 186653
251511 88511
665225 342524
374754 873592
313360 283363
377564 221952
277057 782158
973889 763440
306221 658402
240316 892294
661564 11783
454441 54875
106873 289391
245276 746922
171177 908860
202719 78551
39861 113442
286758 548428
504170 499447
536419 163699
621762 317306
903994 678723
160687 18570
12280 737673
373057 972264
214205 438828
727160 911311
378595 88945
965879 324899
558334 73385
82922 911180
522514 936422
722351 585005
473502 389675
502986 910370
986687 558439
577340 760007
591630 623974
972994 266885
110192 751494
744089 903931
4514 560716
276935 444630
945673 222369
100772 261870
436424 590177
790284 153802
134312 664989
955636 809495
669916 569030
793405 370936
103778 699770
146358 163796
529910 848583
48409 867338
588332 530754
557247 437366
615002 537880
407498 862581
248956 475336
790469 361792
979639 430235
515946 502353
995811 398787
360120 838100
465373 89468
682198 219677
855771 284292
176641 164583
129829 343999
821417 223513
955203 359567
807123 37822
100787 530847
140959 565888
154323 514624
151415 108732
710033 98545
360602 637032
205089 777154
705049 810883
897439 379472
78352 507613
506109 626654
558954 752246
18200 81828
971751 136275
598074 824386
430739 253126
566311 581249
138116 281482
134135 145923
888905 130872
841080 772738
583703 952156
840258 764490
874980 233326
345329 359884
371881 259081
945592 475326
799649 841329
849459 879741
850539 622515
277567 979749
343801 962813
64374 124703
228905 424993
32078 846614
388643 954722
967415 271101
498019 319912
225795 933244
751898 728899
958646 510686
122165 288450
165493 674471
432506 549430
952592 252177
588797 379049
949125 968016
154852 642705
189609 71606
259101 517897
448443 499141
915244 580406
954657 819385
288750 446882
824340 765671
519457 560439
465561 63787
257983 678112
744608 414238
932803 316264
560736 11581
600874 829659
829776 12837
525014 63237
456746 571239
693476 650007
984372 845650
294845 87582
474497 888090
125840 531537
682593 251930
166488 419127
803283 690211
897912 648316
378347 742319
349570 733362
712651 737367
83834 382287
485604 429226
817060 628449
934867 497087
998076 714651
22791 142676
913790 836983
239198 161419
475092 182801
898546 717234
522532 545218
76302 983787
643994 541100
706800 510267
825587 198673
953683 902334
386357 825072
89377 308186
461038 29823
618630 365547
322035 138788
577455 827106
511282 355298
477440 571487
918785 603499
500080 407235
967280 277586
997616 36483
358628 477853
901701 18334
603717 995215
842333 103698
807136 644657
725123 702971
267172 472011
207532 268591
822124 255076
376257 387883
659231 806629
695780 640224
449570 166560
136235 561283
503367 755138
636061 329634
536192 22025
622183 523908
200358 439425
209289 851928
400849 503706
423820 225565
540573 760380
225657 331419
447955 721823
757831 803121
172015 330387
928931 334020
447658 422327
712893 908638
579907 485868
524672 241335
420826 223886
475704 103618
171874 180656
905577 743898
892486 997486
193130 964706
149112 847300
878865 122056
408469 988677
355988 590766
41609 124361
908378 59398
152779 762927
487052 690155
573008 717415
295284 582953
565700 527572
604921 271714
864911 4702
960726 818811
350390 459743
221975 547565
884241 971199
43388 971394
30262 703829
952805 466254
568432 432337
230244 658012
293858 58803
459283 597508
562332 302640
926403 729229
954832 524883
205354 265930
622480 733606
913879 759189
538824 993731
730222 784677
126100 748836
930021 94802
999618 105674
910471 512806
736400 512124
350536 125854
345721 229009
213987 548308
604548 740119
177487 676595
458330 957496
572036 578211
583523 982826
556875 794014
404843 419648
464289 249261
849345 59516
999978 163457
929533 842107
982926 467087
368045 206746
558949 189634
837286 849879
928793 563276
843584 175758
732810 126018
596626 827606
531247 507835
495482 337946
574379 655334
853481 499418
650305 205364
858364 181940
524531 586198
927152 86788
526791 268752
446879 942099
107514 651064
153395 631869
707170 595316
735427 501124
967719 795622
694516 615746
601284 686108
643184 238863
318561 315527
268355 385976
948735 273815
325322 565069
492236 845323
59772 636304
676403 926453
68270 870029
829329 320425
379386 442067
187671 220181
611779 504510
472151 12651
899224 512799
907811 923184
840525 907022
248032 938241
446357 208627
184970 813253
663755 212144
642845 892223
582566 869784
807352 718718
87650 386292
453117 643892
862068 463116
966789 484667
644104 127151
789188 393067
29041 624624
685092 548164
695825 341351
231021 4497
910763 133457
614004 488663
729127 99450
643779 761394
625645 206231
231697 838820
657096 41626
4544 23127
851125 379965
416754 951687
557150 558381
476961 496395
391503 590065
871545 930183
328933 584630
321904 562452
732000 826509
314691 929213
945395 966438
939428 932957
813357 148377
575379 110353
506403 54382
751308 805683
384593 986337
199000 990146
579855 356780
14855 860765
165723 148801
41997 163798
429165 264575
841783 186644
309598 988607
315897 379121
336225 20927
538345 785370
187245 837903
303093 197057
512235 427011
769221 337215
92513 938533
844957 627543
271473 202006
737099 356061
445265 703113
90564 392895
198274 245379
753189 696515
460478 979509
16539 142462
582134 326536
592595 523754
313896 545701
991787 226897
74591 863174
537253 764310
43588 725519
944143 623883
287635 140707
612858 184323
693177 504548
342498 66856
979386 228375
291617 622341
856558 294355
89042 643901
16332 346938
538594 782447
291193 810807
373742 991213
401428 890110
651539 263236
718959 264547
405695 172238
854384 877185
858297 439320
203325 777633
492180 889623
254071 864557
301619 265993
390494 483916
864831 117616
313410 513673
885771 634573
368150 759493
679693 809067
622146 57026
464267 125267
534293 14724
362825 931871
882510 304367
81943 111737
821510 584735
421215 652116
942874 727389
22689 960247
105652 214656
758648 844
6685 650207
790324 222722
73124 730876
668168 355729
626390 373307
604209 670306
186108 886950
803999 208552
522786 336617
203407 444365
262437 155511
520032 837435
536262 595887
119621 909327
804048 667682
191286 900712
221979 689353
424969 250447
931289 357545
498544 433624
984151 39460
5578 757523
764291 430750
410483 611831
767092 464548
763227 62049
501107 798086
666798 707214
45342 884217
879574 91864
797219 383779
126254 859758
700629 718719
949721 581660
296708 725183
18333 911360
251206 316602
35831 169510
91185 504634
319060 680947
653162 853636
17033 353860
304998 17200
223483 902592
657633 595172
387828 599828
584768 428752
636179 916830
529569 344355
372303 840970
807647 988296
475319 198582
68795 984152
164754 485435
479406 542444
779567 676729
42984 799636
579149 306159
790175 568884
114572 713352
449157 297763
675023 76018
893133 329526
282159 720132
685916 23415
513495 725760
902166 708750
823515 550756
135925 899648
726822 563567
673487 771174
909579 795678
985072 566886
181224 328197
348153 960847
278764 572734
620158 16288
348614 752975
734900 675695
455461 518416
762404 346434
592289 146077
37439 378954
369736 484652
745234 966314
200607 322026
461753 257767
767648 111440
463594 483241
79860 280533
876100 502113
160877 873419
428416 604493
885047 459003
874782 239137
455370 747456
910317 635811
886416 192895
416686 444080
158306 678790
1535 304618
344211 455650
638037 430555
812991 451821
184033 719577
561186 666001
76213 736785
426670 205033
529424 45701
445998 366880
889202 183728
828185 133707
791263 539034
106165 139470
316541 883754
693094 329306
792542 956945
132725 167552
489481 475955
107621 289500
173623 393696
384757 412034
722092 311305
549160 802365
911391 795523
415438 979398
7861 614614
886079 916882
700216 233526
984455 727513
985335 436499
286849 63933
31721 74920
195123 317567
509273 788602
550022 902361
769166 412375
263950 134742
558882 508048
827052 482669
701775 74545
941778 185379
507515 42687
377039 77479
562651 260087
465346 376950
901608 765657
440684 213145
191693 563349
471915 553336
463961 465655
298841 439704
156039 113470
626100 89565
983301 287059
302273 146190
949927 183117
427269 807035
978556 119851
808468 237599
665610 454011
539316 983640
484523 846666
398995 457789
536006 492270
934644 802156
86416 750308
958285 995868
963514 596777
556063 557736
89678 287853
844286 554755
582148 172502
227824 837312
842136 146342
2324 638481
746409 843768
586409 293572
469367 76949
539068 516577
428404 455472
694936 225097
77430 276839
107568 473511
152309 701087
694284 903659
748644 492677
792571 600304
278257 920839
46520 363402
228828 113783
95227 920887
936740 390252
763487 913617
671327 202016
218832 56892
367263 955771
733300 918760
896582 112167
782435 653938
623132 953405
871290 717980
657440 436652
15327 322006
694356 123236
314439 36552
705571 173835
62319 840532
533488 370009
396686 189819
129589 29064
180582 261787
296407 841794
871798 898522
678752 275006
158135 280612
504507 736429
841079 810543
429789 655686
870941 345546
399196 550983
385138 869577
652438 232146
823371 838358
352790 179249
722228 6984
354931 452692
26089 407485
114524 179154
839107 174884
470192 923502
920119 976005
81962 877017
225257 982572
298680 389274
799243 725807
248540 330373
57377 10988
652871 259634
701971 239809
270264 439718
12491 913151
86513 661379
186213 786285
442782 974304
802458 410900
57841 887589
433419 414732
378875 752159
958712 439484
690170 582498
902286 519067
584186 487641
113147 809003
733554 803782
544913 438190
69214 940678
494436 463515
558352 338737
224693 418355
71481 604953
700798 219566
463335 408471
791019 961846
882476 484209
305466 2907
613908 765870
719361 459043
333001 290425
461005 675590
331597 422490
239918 252826
604811 54692
947559 904874
505993 197284
906661 523103
138468 556355
830347 80330
963356 92511
277174 217990
7707 334843
609911 339976
5457 625109
357924 957989
51761 748921
379211 612001
788283 96796
664842 482641
411996 257219
730809 346621
440786 517025
219333 674061
515115 930208
765008 960054
506970 759150
436812 730969
129779 363447
398780 556441
366923 202363
602846 52733
422152 494899
722079 69260
690464 880872
299837 32116
539126 133714
416415 257673
428213 973661
711101 406775
356285 54268
635162 351485
897070 695293
525760 902277
54873 396614
61838 217525
974157 302475
998705 110340
336874 138780
284242 892100
738275 52618
258477 995185
758542 76983
919825 305405
523018 854565
422773 450401
743800 729463
864827 351164
520184 562708
930094 612812
312423 710509
662419 479324
287044 374529
598057 9410
736909 359738
760817 571964
612147 783351
357978 186567
725730 184936
717292 271179
888004 861439
674202 287447
751500 242320
366642 998422
50700 809177
799698 767829
771236 623484
955171 794460
977623 848157
366409 52283
612667 493034
485771 380892
297270 546042
760078 507575
551674 573599
778349 822354
832732 683269
912531 655322
413324 492599
162175 184331
721815 696536
849176 544508
666780 992852
684499 230991
72667 932576
652423 593027
282480 749166
402177 422572
91073 793785
561296 946509
328854 302485
390201 351691
506131 955188
164806 253852
422724 475222
117885 935674
416766 214320
202832 474198
386988 157032
133751 539628
827054 774891
495699 767961
161864 913579
178921 274363
741948 797138
307211 701671
718775 587424
249782 51668
117351 630863
439112 603964
498193 290541
623861 170594
285013 323393
843260 608946
728381 496715
375306 331899
976917 729215
330393 595036
317885 146154
777834 233925
394865 658372
431003 987143
676302 830637
693400 309919
498104 734071
577048 294853
588118 935062
838513 164304
475804 452647
707264 645918
907943 371788
646978 345665
76163 383948
13743 32247
713698 810041
512276 632504
550403 851697
565052 545325
77455 957143
159286 116274
886166 56086
667371 307878
190116 653237
531661 359334
310245 652991
866705 580724
80258 125732
588544 996659
773988 901114
684347 170271
488568 962094
545830 960507
771434 721258
513622 292581
619369 531879
556880 516988
451821 191930
382875 662069
711510 879986
394535 244053
590687 120811
433732 431038
167891 402633
828663 250855
471234 185313
771980 711510
488587 379600
195570 816609
672083 905139
710149 91458
78501 197375
219090 837718
826301 583253
204161 371365
690006 364873
108618 728835
478500 673413
888328 364740
101249 276608
202214 519552
62209 979100
783045 812961
624995 192901
338033 743547
511089 746141
950516 828720
828331 740172
160002 131890
720246 676096
43376 512766
241926 552039
526042 86692
547474 969509
403545 243598
730199 348850
523413 979989
599413 69572
250179 709333
384174 208772
573608 219403
963441 408504
312430 378436
726580 139824
29563 80477
32793 203480
167205 661205
378358 867565
38324 252375
404847 292587
793288 36342
197973 934950
313343 688205
186261 822268
800624 441242
233502 666868
902085 368521
237869 411943
700156 304568
405626 216147
422640 799744
517906 849703
915587 470617
748671 227468
484051 730549
505090 821820
425571 79091
888741 58412
873579 85881
992529 133664
45313 879897
534777 410198
791657 816844
839787 821289
545042 408280
234595 726735
545555 806857
190891 152948
716437 581728
572424 546263
871351 301288
838134 424440
996888 322715
790704 455252
246939 305515
259829 214651
45282 55623
433426 995624
147307 541327
478471 669395
192370 773837
711611 568239
75003 911283
488878 715429
244342 605517
350900 265957
718273 157939
384 571180
514459 509075
383621 621994
491578 873381
156306 394169
816287 598437
212680 732827
705529 2317
229961 288284
964657 839342
512282 743363
295697 466466
867473 8923
936446 411427
587785 438050
958374 363782
673471 877238
762009 153611
606563 100156
842317 610750
288926 878514
928564 794286
853300 841788
744129 671345
154985 528955
456568 335160
274857 941226
539288 557293
495662 500135
408282 96018
169669 345632
884245 900667
580694 657798
493572 538842
489712 496150
339356 157537
353356 586290
817307 44677
521112 51645
326744 661595
887929 684815
314208 621246
111912 866928
947712 448602
900990 890728
381995 493839
118974 797218
351517 525026
241131 158331
38634 947891
329461 291644
169665 87829
243727 158941
996 140340
529382 185405
704278 233428
773519 719149
76348 492680
506211 283821
926903 117112
161330 258621
302985 374261
147635 234819
301110 427744
692526 639078
22345 711993
333437 240173
28101 731543
982043 266401
885585 23223
786358 553215
766764 520985
178034 514044
919565 129291
443075 221417
42321 84665
27997 817121
464722 806295
287638 283415
561905 481259
195128 861732
564077 764603
360956 622633
247273 950332
496922 358096
665439 553474
275983 412355
760095 938024
774020 152558
227970 478591
934326 7169
584904 261542
568350 362917
