193775 799356
238602 330767
985947 20632
578085 694418
213671 396159
913845 977675
121366 164065
194604 878697
905543 164377
34297 561881
257735 442230
861847 690260
50621 124680
623658 275722
953947 247565
506992 275034
997738 853291
340033 343136
954102 227705
849780 432598
54304 972271
102961 641468
665152 790603
644940 785522
850317 108526
754483 797266
927634 870903
631849 38399
93724 329599
749602 359908
50518 963818
353570 269891
812653 585682
764979 151537
241663 431661
285972 230513
950153 287191
911132 828465
990678 603846
431677 404629
857575 351370
415236 362976
110566 287855
280326 935015
139640 971353
43160 928126
747860 762477
466761 575118
601593 978087
510175 975688
445538 435305
460129 860485
718094 742042
664755 154561
260501 429500
593898 420108
274696 474260
380917 506307
962049 307630
51952 919700
163889 801128
539334 482676
50232 856353
436621 7138
491385 47830
523052 780534
774936 293913
162573 101435
176503 720368
401861 885421
22546 463496
90677 337419
2001 531902
388697 904086
557932 669079
711061 662407
815722 724830
433578 719199
81403 380585
244980 416415
483618 214544
653984 927146
674413 106206
407071 968954
680100 634726
359158 996473
654840 84172
667981 210626
961999 786092
808788 599415
267041 187180
591911 24007
760410 946709
683025 6537
864970 208583
887479 900974
690871 391595
586572 522336
761086 186876
992897 539938
888204 187317
499566 476909
939636 718916
551987 997745
480274 815256
592627 554385
730207 227386
779066 105064
752603 996521
822455 235411
593926 115214
323248 878240
138924 334241
79661 205751
918192 838365
387345 991037
334841 781017
766 799608
481820 63866
825325 19464
642278 975062
774355 928593
757812 187354
37053 925071
130074 22736
204952 117080
376442 933878
582025 330049
398283 62052
220151 396388
612160 988617
455487 728872
23986 596001
527279 973272
649465 377633
372240 209847
884526 854487
938664 613838
195620 683811
599734 66704
739618 22941
573699 949118
692837 259861
977104 643861
710452 363023
646727 756223
993825 682229
321666 351528
517643 78999
729716 420740
955756 582348
107682 932530
294711 753636
122572 340779
807799 871829
920385 902611
843108 80485
382556 613382
909611 707107
110403 542002
528767 757994
493161 268156
12215 995586
457002 386560
900661 778829
325517 688374
698785 882020
609563 135663
53931 614169
680243 230775
587993 809762
466497 95895
677744 451818
95275 155689
108320 415406
329979 238758
970111 615518
192540 578671
897097 453820
51401 77362
828186 942417
289534 616804
318534 261270
373906 723411
96058 9941
591585 685948
589054 904804
268029 676719
940041 5381
429763 157337
703247 455472
79710 907059
178232 38071
908495 533445
36235 878851
208322 568209
797984 322754
110485 324253
416067 124816
31230 469041
937033 136836
907056 836919
924229 118256
963294 901180
281320 597798
578862 187419
891312 421620
856490 363040
839640 914272
488321 400183
895562 722112
557721 215338
696377 897690
750954 155028
690965 94730
955379 591039
763263 717762
843484 93005
521989 138745
488341 501031
129447 271306
549673 817297
413480 945835
156345 539795
684463 889096
163968 486906
289064 483714
565105 819606
471250 698168
604942 927092
859506 365679
118942 323742
929962 871539
706849 289151
628130 812651
765571 975414
519287 480764
350937 712684
997323 780550
642287 30500
565374 748854
132455 901584
630565 332007
812749 932842
656562 275681
840772 579999
339276 424214
383846 164850
27796 618823
902027 773329
895805 419986
254081 722892
387279 195031
576118 181892
892470 815354
488476 314482
524091 26399
248025 526021
424981 453690
954486 502642
200671 653812
291689 705506
730378 604311
450286 162440
954772 714537
646752 998448
922124 176366
325284 846127
121564 179684
868504 252502
12477 711772
139101 991502
388737 325875
408200 932072
385764 154969
167155 407372
457638 402208
364792 336756
351707 397769
72443 491912
508222 102190
29861 858583
574352 439650
391981 464929
811569 545346
855340 910098
699558 218542
893723 641423
825721 800204
308944 290014
975966 805497
370245 89689
680649 400809
255520 200362
594780 630566
780804 161811
356771 253975
864254 30885
10295 306469
669851 921361
986335 274956
949037 427467
322210 593651
629695 987977
409601 196441
492660 456156
481559 95651
703060 530469
27166 522477
823661 466301
151482 764204
551228 604709
446196 151458
707581 380435
902564 204532
947525 712923
505742 1176
590911 635132
938663 589697
208525 721038
365881 913450
306739 596301
107985 944504
264626 157279
708191 337910
636041 397109
761477 447947
155239 737272
650267 876805
320382 669193
881995 639921
961959 485194
174788 728208
727262 683375
109071 122395
398805 914600
806706 149817
921344 751154
712250 494732
575358 205772
555729 57628
749862 620463
443749 98768
752993 938960
576260 61191
400447 808602
825212 895729
798392 265447
442145 175566
643429 803252
856538 429534
726423 154522
667066 62979
19131 91997
87104 651272
300318 177250
172364 72332
940117 734668
808689 48386
811471 118549
914559 751897
508111 349361
635083 252270
363422 293327
615459 266690
818860 459489
891132 805993
900027 458656
97535 275485
950949 61497
548951 778753
760320 856020
588479 472945
638120 507988
831116 862859
235926 997942
50589 630333
623264 481211
75389 66926
208863 596411
679090 382354
237709 410427
550635 394023
778405 888410
15392 425551
926505 57429
965482 335913
201132 753715
653534 478317
805511 114064
901880 29614
37294 77565
614301 675818
90544 556770
370196 778249
97201 383399
868337 512342
490473 404383
994204 765610
347474 36594
16197 642265
327922 558390
946042 932321
564857 976768
648139 134891
366165 980442
372721 607486
821142 953710
403183 410314
376163 663115
765649 509833
657942 665334
161248 293435
498385 236482
527575 895780
627041 287507
432601 21151
575755 996285
647968 33024
181023 584307
745471 228510
846643 33505
751942 276706
817742 697262
659118 78076
765234 738342
479818 622727
682864 46722
713213 817333
161654 809923
41928 446332
530922 989625
219754 326561
655600 882324
72066 244872
613525 789290
953547 430461
241474 443708
121734 439734
56235 549930
49680 242259
311145 371260
913439 565974
646606 178538
305001 617387
305654 239552
460385 183598
679077 857515
553263 916462
20958 984102
462093 12588
960360 665087
8338 822433
569778 374990
557467 376229
483589 525416
448682 742389
948221 572347
961532 41879
444750 46975
4388 47128
962547 734448
535933 885296
550801 154879
47290 84553
617125 123986
838976 868984
857349 59684
76953 883606
876228 227408
793143 990654
849427 870886
899980 165736
93460 754260
700917 234283
335151 203112
191039 562837
420276 952184
955244 807175
386166 327001
767965 340535
801302 913453
139850 773287
893039 910910
844837 983137
193761 948815
638512 30333
662884 986775
526570 88773
474898 405630
356462 379518
609377 701478
520799 227724
56877 977059
691356 259473
482933 109929
561344 466501
617830 242601
239470 145246
753551 142313
97074 234580
533892 76767
496001 384802
976639 762725
578779 243075
462742 461010
387236 815682
538684 525016
148771 977442
115727 903753
914301 614442
14619 610349
383231 583143
555656 878979
182614 516147
727109 284224
362900 542561
974835 576957
245239 322012
995521 454626
366465 321860
126225 61628
915644 809744
782704 55851
355786 142401
761781 141024
472579 912047
998746 560455
441299 116147
93039 656335
879113 545615
161541 846175
713503 102939
187250 986314
916268 141673
407391 401567
493181 143043
112496 305816
221640 309810
398959 50844
518843 208157
827577 184659
23501 659328
912803 584457
42900 952830
488111 744693
879318 504302
389995 930814
929381 214046
957117 952560
539295 615047
676641 613596
268978 594349
404764 831127
868510 611732
418973 80673
897652 83488
972768 994240
657451 418105
569568 306111
968622 728927
128057 407747
720334 464310
336164 611502
927309 219673
962332 158811
543496 161179
789448 654123
953579 567575
857472 757588
176831 480566
752450 798998
434693 357766
933146 960144
746806 825217
509146 2051
806681 210450
617046 871114
898366 315828
173694 988678
131242 856720
581584 954994
698111 707440
288503 673823
364751 323389
776211 957309
216516 357409
409043 246129
524304 3221
221973 881544
473911 603372
400238 508774
476638 729170
852228 472723
405080 395709
522576 445187
101473 984279
43194 37146
376351 318366
227000 138341
172374 421274
757662 143855
129327 769157
707389 298596
87381 430503
895509 342994
66974 76582
762496 646160
245956 687378
169385 608886
276505 371758
274088 657092
187696 859190
905765 149099
145963 387133
440858 142638
29894 729943
420968 232556
432136 460524
620468 665962
235132 577182
200156 108061
271877 575773
623685 138073
829674 343535
417984 261976
489134 97493
912945 508099
501413 582725
207630 62473
608109 470745
333118 935649
231321 333490
383023 651473
836053 259442
785873 696937
590350 517862
622471 963453
971760 588643
253877 569665
321569 589201
904157 561066
280505 522426
56711 149755
448659 459596
98167 367292
364957 869902
977700 798964
677711 711770
581096 345321
646258 89393
696656 887822
914439 223811
707745 898929
188838 128481
261616 63577
704951 710743
284252 483909
912481 766322
760312 398694
400149 648993
933292 124566
625627 832321
580305 877937
220832 333101
744126 555928
675993 21597
798059 480182
326697 521433
39133 15363
736691 945437
968479 114367
318649 671568
58245 69083
797261 304062
615965 452494
409691 11440
781030 976414
9288 361109
465456 817761
573506 996268
827060 986496
874002 825610
133101 323662
368509 660362
74 179910
65548 10506
110236 799910
43618 233095
649377 205377
738878 685238
866185 770672
674834 367977
998907 559205
445832 370316
836522 258873
296953 302916
494515 945230
241097 179024
967353 69498
945660 362889
144499 541001
298731 108252
809539 398660
568602 220151
574086 596457
257840 526375
731059 555671
170636 724641
794285 804010
942272 249751
259201 555187
572706 819812
534920 135067
1063 231050
884135 490163
615765 489907
10 782822
607882 627185
714139 913231
253147 470249
828439 123941
666187 53288
755710 333352
224237 999752
367506 154426
536673 604094
755514 653186
316616 643970
574040 951202
398585 762757
756624 173764
76155 622490
67123 693945
978820 413367
79749 963517
706687 585647
572784 458426
65929 948583
221633 509087
391085 824979
608844 369459
913285 906234
179925 489646
915606 395737
440220 651899
509533 288667
428912 497614
191981 798069
486963 923151
907877 520759
497677 984579
777621 989005
747138 405144
947381 305556
877448 947409
914235 643474
744299 251679
941704 233694
657588 153766
475632 51948
859628 874599
448786 339316
625599 336746
278420 531836
838594 306865
399314 220187
887820 2560
410404 219137
877602 965144
593803 984532
508527 990947
713217 730720
161990 104081
742324 211946
86491 483443
431163 561710
811738 110749
285703 344119
19515 444750
128563 645433
809980 125029
339719 968083
46852 666786
634539 791123
317062 274131
56913 593739
732333 663418
215821 667297
778667 36323
448148 639065
627286 662374
804666 625145
88513 816293
339962 84130
916122 284459
863483 931544
443569 917892
220315 345181
152583 51215
606844 966528
378379 968687
452354 689072
267005 581534
40237 480980
379944 404691
742654 900587
391371 662838
774602 893574
690049 894818
443656 123625
578656 776012
935912 821604
376773 258979
330920 916272
280324 510627
570778 850581
979175 209564
849782 497197
522025 383944
728539 989382
650672 851976
876742 221758
380268 964738
216795 205214
670068 311277
663129 983668
249377 262896
342417 482886
342895 626099
866326 8935
228754 599088
800717 268307
52106 706921
182054 783028
241804 829052
453044 477761
766827 61271
984953 415142
865425 414394
529598 418304
420259 138403
196847 810375
801986 776204
566565 412104
444998 432990
475742 982522
226660 851072
385948 961211
220471 154791
861561 131335
860860 45032
94676 480141
165860 54490
706958 239154
696152 206259
905228 100086
41169 825990
113171 450681
894521 970103
20676 209666
122156 490838
105545 967492
396164 259444
864777 458225
87815 104166
348038 336527
874986 291953
925904 527540
918380 754285
858070 218414
381769 389275
441525 432479
278126 495874
508243 866902
297949 392089
641009 958456
67375 122043
727426 512651
252481 951496
802353 791633
810243 309774
55605 473066
367619 472562
654286 273877
300668 739926
507763 435016
795919 305264
331666 841117
685411 140083
727885 127764
44311 108099
657717 503588
185317 161719
221496 848595
218216 984608
720781 805497
719154 276952
114827 931629
130633 741220
718459 193083
905705 714239
238773 603758
708386 480824
873116 470011
690347 277883
874653 339799
577862 148081
831804 657075
718166 496111
261155 658246
465940 325193
751014 860041
60537 48523
808835 961476
922606 602165
191146 131547
104548 216000
435813 698015
900733 684042
939672 4849
481456 119754
251467 899373
936594 691817
224944 283501
262793 606334
261045 11071
744078 939870
715603 166762
700673 823491
250333 490955
612878 972553
578270 805616
208867 248266
102957 22919
639102 220898
339715 252461
302701 831178
64566 222800
139951 878359
545487 717343
40268 89433
878606 848754
772118 744540
966876 547866
342964 543789
201241 999792
567120 324103
494296 531349
101818 296800
63049 8896
460033 58167
224457 990902
353976 181307
584640 681088
200503 823158
754386 981706
360310 166450
175887 529473
228221 221311
84577 585837
601409 565697
993933 563868
405277 873741
932342 97886
285079 720977
299700 694990
248073 386891
512272 15032
877249 406230
830126 730861
800632 292325
623972 588113
932528 356742
494101 209181
625555 143536
655288 375048
498685 230336
518604 792357
481237 556628
872166 2663
591108 474333
184710 677668
91663 444717
568135 316593
622787 788584
936596 851287
596932 704184
428778 205776
329084 480307
813394 943598
433582 151512
652508 449289
382486 722269
498517 677352
419562 266509
239039 561041
470840 614561
4927 136746
848264 175935
575007 616021
441807 600076
665499 734575
720096 529541
498034 784332
968947 33720
166417 204365
773942 538714
422537 37649
922778 632594
842392 106662
84499 726518
542692 30986
489501 968385
337492 499647
624122 922091
363171 359814
435252 87124
980358 906672
883128 542854
541261 659416
841269 523327
146771 904763
268742 851149
714674 246541
783789 154090
592462 355697
437864 654687
795279 521132
193752 997443
832745 464305
280312 211413
987103 654894
744003 216820
725824 747231
888231 393330
774128 495801
498384 347406
952747 946842
306507 486510
641469 671249
828726 125157
922489 328456
679401 280868
304609 173430
838201 769874
362910 220874
688020 503649
242182 211721
84391 406239
475679 381984
215562 321873
189279 158013
649112 437538
357712 928581
260537 380635
396917 254158
119924 238111
791377 631120
451586 284141
193976 642256
706331 57470
166242 734068
158543 284371
819995 285873
477372 130058
966811 868107
589727 545532
679024 735145
372818 576539
161393 742375
52060 361975
899914 715934
397763 621652
475165 846137
370353 257091
327231 382920
10938 284864
685780 42792
133501 534896
177518 426949
3513 844391
368584 812914
914877 404735
134712 574667
130117 419236
710015 440493
918864 79001
569090 520935
943542 830826
163604 350707
974004 662312
611352 871370
314985 347185
249484 733695
127433 693159
971081 969888
828171 231158
310653 218414
832290 769762
510977 596537
24324 758055
61969 848226
62765 790172
386961 351292
999362 438657
616948 491577
35356 813628
289305 102042
201001 436593
138145 64798
751114 937439
632211 709444
751997 451929
483596 499931
969685 871444
664062 694412
641374 317024
266693 596390
563516 86671
302150 435627
188749 85223
665413 974515
294354 484597
705148 38836
289346 918002
178204 784973
935414 129635
464411 797055
992919 659218
888305 613438
856656 224557
52653 416920
84100 823935
32687 927473
744913 193094
632298 140150
39991 185821
419859 589239
964987 58332
209352 128852
29947 768748
508512 353096
665047 649686
24171 503651
438008 238627
628895 903521
219994 249166
477431 278631
845246 818767
46766 149076
172335 177883
153059 465098
355641 712798
536527 409834
768134 229456
375095 493912
395018 234734
31779 344807
815530 740945
825908 294679
787972 191834
620431 165458
165709 51109
282860 839856
688874 606034
637037 257145
502080 753327
671566 856874
402828 216804
527032 648572
515277 784511
779963 19619
220442 125684
375939 591880
83374 250205
796250 324017
706936 11532
956324 439830
484521 827699
938650 227843
314341 980951
136522 26281
833545 258446
506996 292768
726545 133304
786235 219214
653000 960528
638562 651552
127105 215245
969348 265707
935678 73138
39917 379129
154123 733876
722711 636097
951831 102513
880032 846686
994261 188456
494304 973893
58034 556214
373111 498641
779502 211110
901451 991893
434337 430118
308643 376826
970152 402348
762750 822525
27410 355778
650756 80416
989967 565478
328135 26676
70718 708599
494427 218318
981175 776779
254056 126360
152285 664890
398921 970887
610327 623505
688431 402698
939026 721610
684228 324031
184068 23496
237063 357503
813221 511547
530077 45595
165054 19289
888653 349177
781096 535184
791512 842395
600370 174571
350054 180017
427015 107871
274393 640970
246556 235556
262190 787718
788761 677590
564501 255820
313968 81344
861131 328439
270325 440279
942710 438295
601912 132871
147923 447449
675150 739868
70057 55453
574417 280477
32961 13165
735895 75642
711493 108732
965416 821521
102721 181500
201004 617757
996430 267013
715167 266960
61914 670296
38786 961324
73111 528596
500506 630713
827623 642224
18696 828977
200469 797020
802970 850928
255463 323750
323536 811561
236101 683731
139655 790826
905617 4249
830127 440482
495380 958566
910338 12430
733036 334708
482873 405542
764538 277966
203268 503210
824546 127591
54514 798464
81081 472658
123456 25432
616770 913300
892866 39779
838004 31321
38143 154841
475121 487373
666515 265174
554351 751607
537645 356659
716324 381581
103554 493943
776012 522154
940478 186040
588249 710953
830727 770504
832243 90302
144295 789657
56538 678022
204589 836581
38981 284443
235349 537107
792573 781465
909665 87345
738107 612518
520690 656882
662939 864557
98221 601254
932788 380784
987073 273573
183611 195021
674750 296453
79715 886179
471103 554933
539100 810845
520864 691790
56192 574292
212208 203064
984703 647343
185097 606281
304591 618180
296591 49525
569486 682006
543460 180627
178085 222588
787287 943588
610121 862656
899529 163576
583855 566644
195600 794109
961049 328515
660598 261060
900467 917616
443239 71096
625439 725490
429991 586376
343786 260734
594807 936572
397413 555632
592773 92026
903386 672113
636784 621642
782680 224320
695917 312664
136712 749600
369129 712351
288415 82813
760502 48293
897472 632428
195316 79663
696080 517652
359830 110172
527638 662002
477467 183996
228334 997684
730834 231225
946128 135075
96104 675687
915356 971801
161004 32807
158530 656844
56966 864163
569161 389902
908057 281096
447292 269578
908244 342026
887861 518099
385548 872580
482652 225389
633434 555780
213003 218750
812653 517296
890176 296075
540351 512685
786776 892092
484536 254924
803825 3660
917730 932186
593371 737891
598010 304826
857208 433730
36461 524042
813300 701810
705795 649805
778435 492547
731183 295726
637101 206124
762341 681950
392492 228535
477387 804736
139047 914394
223529 554802
617990 720592
380103 729887
309553 510412
408572 743681
39260 533635
63912 965874
258301 84518
576561 654940
671639 518978
138907 779249
452308 546189
39231 142846
432065 622504
650769 299985
124094 254166
707341 799415
734197 484922
330842 441411
314894 617977
429780 946910
3603 182277
21079 293723
220618 36574
152120 409227
829129 925100
574387 378102
692108 157774
728976 211805
744635 648477
195008 599467
944126 610837
856181 171429
664047 82690
118201 39090
602701 280290
859233 25051
984395 31749
703154 236964
492404 258817
471613 818960
499982 260872
428334 350797
979351 912234
961660 794300
799331 983350
740496 924859
768115 556769
246689 352985
844237 45696
812138 742304
343861 84653
296548 888752
925632 57481
726792 445765
79844 748700
527028 783001
317982 923479
84492 997649
936023 954281
293863 126226
201745 974046
942355 404336
85177 172707
480621 744656
640707 917377
851531 569573
437351 612483
380666 835858
26425 692995
553475 159744
788010 59408
976309 625933
435716 499031
373200 125068
968476 500875
620864 855665
242008 88250
487755 459039
908023 894600
797846 489899
627336 944448
795290 159757
995115 560242
81126 384323
480411 480093
690090 751190
789224 597407
18823 475682
605805 147237
281971 62070
948109 497506
571612 691846
311585 387942
742191 396749
843333 735773
723501 141663
71032 692699
701631 475160
247761 974086
816382 717562
521061 596531
908357 991873
288870 269529
46789 701354
255344 109990
171534 348151
309289 89617
550163 467900
132521 71382
487699 579540
67496 86849
402589 692341
701581 986391
754264 391559
578104 509695
517882 575714
153765 66218
114607 84711
446926 908994
143183 117504
454480 906078
594933 311423
533113 775701
182339 111070
447282 938831
574673 895140
341230 749908
561748 221521
414458 435882
992122 887632
812199 395748
647724 720955
237999 907904
398379 526975
282948 336747
624483 964236
449872 454619
36076 538819
945512 20262
227656 851885
7786 703628
172654 131569
628596 177617
503394 833746
683049 262322
579529 152124
885095 64273
764038 95303
783566 681655
212864 969134
871634 525152
155616 863403
880109 264286
887101 633889
127730 289217
479900 758940
944592 107409
262932 887570
972085 959650
4450 657642
213440 1894
559941 302353
94582 647822
279999 392104
655345 320896
402643 839428
489059 651704
564844 907599
378911 175433
575386 186197
310721 235343
848782 859481
148756 190046
242282 992184
450602 442500
44424 125753
968646 86990
418599 932548
234629 662772
137560 408576
524513 182298
711130 913237
159060 939620
348130 694704
41393 287141
205441 426418
951433 297464
136127 416840
262699 319943
95671 217432
479795 321220
399449 117540
958510 759487
791396 933473
720357 256656
988790 273647
858314 411503
910387 918838
312508 920952
213269 340283
391418 424639
719641 368077
273759 142309
492273 658746
745977 24214
669206 562792
919163 206849
198261 754752
340530 755719
943960 304510
121833 452043
447371 80112
389130 824318
952658 293572
508272 66875
384591 793155
314144 166610
998245 234037
896581 721547
824860 775097
691731 816877
532812 291457
723430 762295
308070 257218
79401 355765
237425 545004
36782 106010
964129 130411
421771 339849
145103 315847
797893 241428
619264 787633
385319 467081
3066 973614
429733 442727
819061 439766
407613 429560
729094 992406
280742 569440
696911 537711
919762 181941
594338 10963
101798 686026
595765 121293
361030 239487
401737 31663
895742 308582
429103 710944
612231 854189
399364 277361
8274 230633
948825 551
322687 975334
893022 814462
602880 155648
319084 974813
437244 570578
650713 478909
645849 993585
671847 596706
264965 930773
548929 471890
287579 942841
286390 214650
107229 788733
414384 495196
65319 424654
202578 113612
10255 114175
857963 840295
82558 810043
394407 504072
845129 313632
83488 458944
230586 314638
765639 584726
984606 758036
177248 448680
784555 624033
114747 702819
563399 215552
600384 194721
901069 497576
429024 876168
28915 600222
64741 520623
373924 186778
542686 619234
348384 886169
276261 515678
656455 923813
324675 204452
418788 87693
743619 98558
368 828782
134572 846128
104536 938157
272220 359978
180772 833090
136770 313158
660965 443640
937848 702065
903264 694098
751165 211813
118134 639916
689878 971983
148549 73160
828973 999938
657444 836593
34978 798964
852757 376085
773833 737911
989181 633346
541466 612111
619195 891257
896766 55664
860474 601875
179730 240047
635685 258407
239131 405381
916352 46433
150972 412666
41500 122097
806890 952102
603715 107357
377689 940568
94314 769456
255276 818887
783204 95464
940931 72265
107008 855551
106720 171905
273768 121374
942741 161470
865199 353681
582840 748104
130922 571000
438880 572288
852592 376180
370298 287323
805961 562052
227030 840406
427591 494583
854973 877379
71849 556668
974712 822223
105924 103819
989607 911959
857931 612147
240112 650732
487805 231502
575287 854809
919599 805291
612610 535832
230843 653333
161987 965654
42663 887353
155893 641488
615312 4259
114396 949519
348631 904725
306727 633855
586534 745770
14418 683214
365015 866132
33905 920608
373401 654011
264823 824473
220305 330148
449890 104085
353243 986598
437185 800705
158468 923069
724358 949508
480052 41537
357227 316623
328025 840227
279857 153164
437735 555257
782875 785246
932766 953776
935592 180201
300044 334739
925124 777625
720537 16049
282689 17098
450724 834439
602510 601979
335337 291430
63082 126725
6754 413165
293037 667988
9034 881663
420802 417835
825771 798893
877892 851403
599434 417775
432131 780098
154553 3527
224501 877628
338921 464520
439017 389450
184271 487365
495829 468661
433688 782011
368649 221708
949979 566857
252990 757071
732086 776730
260301 763633
4803 986414
154239 916214
202504 17778
807450 30100
223752 104403
331754 710533
376546 321163
685379 59038
814019 865550
634891 103680
141734 949471
473459 224356
2058 494575
946382 685050
562127 264242
277743 994453
539865 694526
520402 470273
275250 934305
143711 319990
886011 487616
381548 343511
408839 560659
231930 386915
217968 163882
816260 803505
814006 357286
640582 978218
354719 717239
714145 527350
284243 429443
692311 132839
672026 634441
60910 243199
199136 5518
538839 771582
483550 104433
175842 86931
66039 64986
620911 620675
92998 542886
41747 616038
609800 298549
912355 377721
900893 534477
397123 331
178422 286814
115568 443955
178711 532090
2243 26165
187922 144302
920799 874549
690924 79392
776511 503062
86181 384930
720565 632756
506854 274204
326893 633583
687562 120649
292725 463953
653778 179063
621020 35639
962298 350772
955078 656960
469280 127023
884259 395669
287913 858595
899941 139390
290858 648082
865753 932283
949581 654830
965544 470411
865425 493818
581220 854983
139900 271519
172615 240861
996326 813895
815514 754104
97065 214888
628996 900081
763041 15041
29229 46904
853542 446209
392894 2679
942564 259190
746321 880645
714886 575855
980163 475123
867249 169577
444405 697774
114599 355675
196537 379
580296 622509
956051 65800
169071 890388
713786 19884
73076 430689
406067 433817
292388 541961
981397 797557
840033 268207
572825 101328
565155 995917
207096 335225
10260 196667
951028 197524
395591 326110
958672 307637
663101 308910
220080 175307
717997 378356
322707 116109
663235 162575
902100 710751
325390 578763
70371 808287
348763 82306
436126 825073
515943 92206
533204 33044
663184 628221
368797 544183
518731 590807
290910 531729
92465 679323
690974 302994
906272 180378
557987 119154
522904 877783
720089 31059
338181 883265
495786 872175
18407 97356
611323 971947
684935 571895
885327 955036
569330 275617
700642 161684
897319 502714
634357 91308
266427 588690
335176 674354
933204 466844
266739 25119
697373 379674
447955 766983
251857 647150
257940 578330
197428 641844
651391 656368
47599 132246
896843 721931
112281 9396
438416 37670
128004 820443
949562 997175
641643 337247
715834 794521
890317 689662
945291 414081
86228 528452
465524 929802
672844 10746
368336 122485
825107 485853
839671 173551
921891 832608
834356 879724
860823 442004
301403 310556
157461 563280
298602 183306
185562 863053
180561 338762
33625 341637
216986 509201
574729 481894
229770 700574
644791 994453
714147 796083
272826 508851
429982 367106
684583 971486
886064 265388
138179 636349
915448 780281
440411 255502
597953 58950
29136 782513
837883 900073
434623 759545
978741 502759
269710 829557
727536 960196
139559 730698
966250 334590
759361 456426
180426 808277
139488 916363
653649 310418
732982 379806
122255 411695
668053 697708
445732 18080
291176 972969
1334 435786
994425 62413
655583 175513
849941 915376
174366 860382
885199 880870
342113 385874
371592 756735
348437 825397
870769 594436
979323 568098
609892 805048
86492 704186
377329 188941
241044 327289
542813 765708
566787 107582
495694 456986
882060 641220
525737 465522
511680 727994
274943 519892
747078 682298
605000 594353
814355 37079
344958 933194
11886 176516
81297 986495
897050 852563
899898 686979
638268 200077
132855 796428
452661 222405
721634 225985
895643 258104
335104 935401
562912 121090
154890 946972
781081 435810
794429 627885
907641 850455
707305 142675
346942 257809
217089 50546
659757 690313
417419 181211
850932 895076
278467 462725
934122 415282
721634 819959
5842 806391
492351 831366
390675 717813
688961 187118
473649 127576
48550 309425
600299 242204
319201 535125
442455 32342
141695 521281
132677 484288
840642 645865
967047 554490
492476 906344
975162 612136
554152 304902
290345 453002
442480 489481
396547 22360
348575 780153
840984 11482
867392 548459
632084 521282
250560 940890
900501 535849
662009 374631
8806 62037
144691 129578
745958 48663
282494 180671
961458 830861
352165 634463
959906 777736
704778 571769
163422 630415
461908 72491
845457 192595
194909 825650
436310 120154
787687 855831
894785 751506
582087 562638
681959 436556
104330 831874
219773 131414
962335 908724
375289 849188
910925 482619
138902 298726
868588 964094
241007 907616
819605 427332
719307 971501
494919 56443
119481 835227
241369 584567
816686 118494
236804 921063
566875 40416
46653 114875
313043 624293
729203 931687
321352 192974
444953 883045
863153 251407
984096 531545
79797 409757
574006 761514
799427 187007
354587 251799
133991 308991
614345 949460
736714 192100
339139 372785
867137 492456
62295 894310
463690 907038
339308 656513
574574 178198
625312 811226
473400 835425
655259 287470
714677 671765
278275 578068
161554 161316
35437 465741
583503 466106
539603 603355
359022 387513
52122 856576
315313 40567
472436 428624
624629 549674
486312 211799
762326 200428
746444 139170
995353 242039
449962 792894
898364 407504
908929 160366
546739 341946
837439 191405
177480 750377
175098 157231
582024 286299
625210 261203
110034 432364
255790 797836
155389 820695
117941 302954
709983 641742
568714 296118
467518 295384
550794 193511
218170 811301
4801 678949
251698 64052
509265 567340
71224 171294
620825 19261
634518 904834
103617 615656
175684 424837
633592 674960
454062 487488
384935 336874
717562 658599
350154 653617
979109 107800
842917 228410
736066 681710
170237 225458
115879 47520
541329 82509
718573 772308
705888 193991
928103 398528
499917 80222
249911 355734
776572 321965
70728 239185
902569 646150
115793 889474
881245 670190
538471 653764
689876 350456
488763 464610
639781 956192
622660 270247
731234 161648
485037 640796
119154 115270
2166 828881
776080 84898
935098 869711
187471 41165
58718 485957
290048 521541
323380 36064
500140 809398
655781 526889
936314 972707
366757 775840
128409 765059
917811 342292
643274 677978
438103 311412
65236 572035
565107 314708
781879 337646
673079 135421
17399 5530
890141 660781
774458 710110
377319 234416
513282 598352
682380 455651
186453 956138
912468 802794
288743 616216
38875 992359
334349 634139
790435 167971
19918 687985
950726 920145
728133 487965
225630 515258
375133 961091
729310 314934
341172 274821
536634 407472
927448 128923
680120 480490
341472 457568
572820 833833
251701 115714
323729 888872
263566 312538
489425 178243
797390 233141
397447 852926
685364 124614
597265 752800
274297 391490
201058 399622
915049 797532
361354 987690
923959 693524
886765 978580
158437 530563
219058 388443
669292 928241
68486 213543
440698 738130
666242 605720
848087 461569
299505 556018
331730 604361
602337 751367
904091 641742
668444 975860
992942 892788
256646 730178
610084 534848
918928 188351
741085 5375
996794 494644
140663 128183
715776 817566
177443 623558
170238 188825
352809 427758
366738 614802
384699 919593
926935 495281
903831 974232
580224 882516
502495 683064
902149 291995
645016 84929
609164 397881
836479 748759
52454 521557
553168 13017
298543 377538
134244 804679
391517 41611
183541 41717
68872 382111
455562 342626
576568 499552
750484 366243
997722 111466
866583 554288
234147 589993
699494 34439
205144 55403
39601 783892
651794 970955
417310 334238
704368 253355
814007 408065
240357 154698
924610 263440
112530 191322
765134 493865
86261 510516
232780 718549
354909 322805
236223 857354
560066 404801
519608 777956
918646 523971
409728 691321
20945 56229
603535 358445
610649 287834
872978 74917
41120 279603
686402 444895
365893 628448
307449 345427
97293 813556
544848 70301
223802 580469
88167 345000
460322 335134
110410 517812
108559 242693
732088 891126
153583 740960
483994 713440
166103 770506
318488 179047
609746 145146
231504 374227
483496 83868
66787 715821
671989 37625
121520 471711
339811 518176
404667 102656
792338 631433
960182 824995
258338 46476
412777 29326
389281 795930
267204 602764
864513 192355
876869 275686
380306 179961
856127 388821
708423 755014
593933 378187
625410 92813
264275 320364
674234 162985
253111 381139
614952 442688
518097 908662
412638 933551
847619 151585
566530 133752
256079 17120
575977 766164
494913 678161
900671 938779
279229 987521
195474 867959
633938 38827
757922 511495
891610 389599
286954 415320
111107 947565
472091 372341
37867 90135
540293 23217
294389 185099
630979 986794
266803 23800
49484 963956
553267 985803
740419 912066
181783 126988
289989 461692
311705 189552
330196 649692
719803 660333
279904 903724
692794 594348
40505 848569
640939 483806
908524 213934
773402 435010
524065 656092
847827 665840
718999 614096
84185 364960
506036 110917
264601 653973
370659 580262
695392 328908
457708 881439
448202 467376
414259 666625
900994 77716
382830 950302
308460 728991
411759 753488
116682 763120
236280 398348
128133 683885
446792 571503
398863 639365
112661 743020
828105 389993
556662 694507
729554 557935
855818 745547
649777 417361
770250 760026
161150 716597
451916 223864
949689 383824
625877 798427
633583 320493
945282 494869
55635 606918
324157 528696
738760 622943
468761 61088
408574 15510
456994 251813
979073 437825
627865 367980
336984 778849
711697 416216
707414 955110
121562 499326
326404 844401
572916 65936
512747 358608
727643 502579
793238 977439
762965 228172
8535 562716
831413 406875
514789 279429
903512 582274
39093 13380
693455 178684
821862 436521
76017 715373
29004 500474
794795 631206
64625 451611
717863 352722
351600 803904
187184 9513
812804 665120
814153 406967
542953 284161
47733 247289
474366 884789
217051 73432
705967 41446
653755 886079
958935 936351
132298 362385
967722 282996
830548 680511
85840 352840
978063 826865
985345 862355
100995 684963
747239 9483
427537 487054
86016 419812
745202 889232
358822 322548
638884 866580
812312 38257
496465 869775
221349 786659
535374 782082
304173 453306
708829 758254
789124 205999
869566 28964
470564 404189
519635 676771
407931 958390
717476 731839
425463 703536
426136 700788
133044 489252
726040 106499
66751 463579
721301 199938
400507 992841
588848 810405
972809 105831
111585 368699
808168 389268
654411 595032
506999 717147
864144 92197
547480 375019
709710 369548
86827 512617
300072 508295
288015 849595
639333 725562
969334 517370
981574 414404
459540 538772
731359 224856
121368 754669
627089 214863
121814 191384
667416 574415
939435 236839
13860 628705
257741 815437
615989 17573
921471 570674
728745 957100
251071 187225
334539 451384
955057 966476
771403 490644
191 672116
733552 227652
731307 358874
140758 557676
845538 90008
695947 620158
868317 882476
641750 748920
358963 42610
588169 163120
410054 876818
685997 475488
458214 134998
599998 134368
888328 713531
184380 239453
602471 943439
53480 734608
2262 47515
500811 537924
950488 831232
538021 374309
665416 836056
733998 486157
36943 210259
319336 647186
810797 899245
781942 762686
922069 25591
621549 560327
569047 764074
146771 747851
268968 849807
380632 650344
200420 248239
108580 624167
174668 286667
383557 827641
499558 140171
865540 986668
713819 74905
316114 248003
133786 23653
212009 59037
239491 579113
557773 765031
235171 597624
192355 474674
819035 192587
476942 476904
561790 296766
457638 268276
256985 697343
911687 445946
55469 581957
962259 505098
559520 635161
858142 99419
333356 381407
687874 458761
568783 329565
966482 686208
111101 971535
225702 791820
121027 362357
908713 464280
6542 114096
374830 816209
302549 793428
608684 517249
129901 42446
948363 526870
130690 426749
964119 538232
570399 443277
223574 203681
485742 545171
314476 663579
272330 582789
351060 491252
649873 376988
958467 795904
391843 96736
563683 835396
764647 927620
112779 690082
603447 610164
737818 164278
609100 920694
832343 477368
37265 648263
818146 231281
959707 89228
359324 159448
401197 119063
433811 971066
230414 1127
596466 694553
388481 511760
586454 194909
187657 643578
56919 744578
252259 823170
666948 333084
262379 801654
629829 568489
509373 940472
188839 449184
764809 182560
307930 344401
8954 670436
562593 23397
618017 559837
739741 237676
713349 831426
182214 993161
259077 677403
529358 20800
788315 208855
479547 965457
43781 4334
629068 299371
576822 740644
84732 666905
21196 6002
57930 551400
963016 228876
772452 273912
545379 892776
205677 170089
870074 677885
453540 543051
640694 247520
833866 800301
945867 444596
809079 931192
136172 607031
710099 842604
183728 839804
736276 612966
822734 637523
26955 72384
77823 459055
753297 599677
865743 896308
314407 291020
759211 472174
345193 710225
606455 32046
528530 361449
518481 379792
78373 430561
297487 854979
935924 426190
777683 816355
792096 650401
212683 337283
918704 984984
811958 202316
495068 329011
548279 874914
443228 374250
806118 922962
56242 438679
189447 938321
939007 652902
972545 739424
312621 149715
734738 246006
491293 261843
47866 678617
801809 488136
549261 458307
522068 352905
511203 755132
223093 69857
87592 118515
710772 535103
887471 233683
490878 778344
478856 682049
100568 945554
667156 785563
368165 165403
989496 700940
508239 300646
19230 801626
303729 543587
596796 605312
443221 389736
213991 121053
451566 884530
756146 936356
601693 153762
345640 939426
151963 927040
213086 530220
314126 723709
309249 496800
384343 665656
802384 748216
848465 742332
792694 476035
824566 212025
257361 609454
404876 80766
346137 832701
871188 715630
343806 443082
898667 159125
313154 667261
785852 511565
90192 624965
360877 715538
121284 265408
710432 864531
564874 387719
585757 889250
484845 386711
809568 936083
308372 136443
194148 449307
688645 67670
585976 853384
280524 362053
104995 28370
452597 362896
820714 539282
412954 63963
538145 662968
652362 903894
463865 545634
608407 413168
809656 205415
953801 406735
840072 426843
891593 412528
437121 661768
376285 81619
353574 386527
860461 699225
249818 60272
65347 972398
551843 626174
122570 911851
460231 102752
472981 54717
818082 991119
72380 268242
312073 28402
489849 5713
806562 604445
919840 272419
550995 627498
561129 169192
423404 155923
522186 156062
647989 442846
242642 168774
729774 38645
737499 122257
625231 138403
595551 268574
805435 185380
290701 260807
89134 218769
886971 542240
425468 625194
922750 605479
806487 791332
168844 669358
226386 620454
197747 537631
657737 358730
948219 219818
695652 818002
844409 482530
56232 603523
162356 51188
677194 404972
786810 422577
460198 157012
154129 879540
592301 759845
212730 694037
469291 36482
296988 18229
284278 161961
601035 140266
628889 597389
92184 204603
95944 283053
273793 962370
858929 152969
606274 498106
890136 468894
10118 123197
157126 42985
555618 467014
641893 68472
982130 867178
901685 855407
444423 352758
644619 534628
580143 468870
154133 598873
421908 864628
254601 739511
293136 861678
951285 551296
412634 165502
108381 940350
508891 764800
893282 401882
549337 519821
710898 804234
303360 820589
536050 634065
579579 342904
143957 82162
16517 78411
679187 983670
346181 754122
23994 880286
306571 126019
366838 235182
719803 513019
998442 616060
954320 339248
523177 13612
585662 562804
801157 865456
620888 181239
580071 22517
97289 92523
704152 316544
132382 807491
350751 559141
169816 308869
17411 56739
146223 67089
467485 220036
402951 375927
605598 604
123837 156096
691133 957195
371025 182927
170020 240869
66414 537004
642315 631434
589741 566703
851669 440373
739373 103298
767354 934726
528696 642003
468716 960108
104694 46854
263537 327984
699270 330987
90050 846613
762824 629323
583441 375593
15555 862531
776711 215640
707492 715915
126372 9573
812039 299509
885356 252639
490767 96848
857817 376116
25820 935056
289852 487928
156326 271467
578732 573335
520108 356176
816546 921140
417768 375413
922523 570225
868407 253218
236898 922868
135647 281691
904696 353455
670006 198468
325920 655174
624450 414752
523252 959044
607109 938178
807400 363903
482544 247378
191278 603571
944852 695729
608031 566612
77838 447184
405495 102299
322007 440538
215619 301076
630060 47314
937456 331022
135064 647944
190064 421683
542707 468152
793733 635860
852118 810297
637940 253973
37906 15528
339721 980083
833513 635612
14600 254006
656019 2957
405035 168364
838630 798431
653528 387139
113978 263244
979231 79490
49549 357417
359148 780262
361431 631083
912523 829969
682502 320828
807566 661697
662391 669438
677361 473394
86117 384949
1196 658761
853268 507791
371410 447237
818812 800479
4964 992209
880300 79321
819307 924253
635556 884555
999728 53252
496800 374340
547045 373333
532341 247328
591486 585877
297056 786493
955232 130104
721441 547596
171574 308769
746063 554062
127991 550381
927794 933464
253819 97691
420911 69703
820938 844077
963114 33990
836702 115731
422569 539746
69247 47408
923995 773650
598600 393269
931374 962777
300370 252960
783310 199667
944858 860342
705683 957901
479551 985347
606286 254170
512917 181992
139439 229355
232096 552304
996937 943367
45833 553894
733706 21182
280313 50361
444357 340456
248881 72683
635461 692483
780472 532192
713242 508914
548471 421768
899244 152213
186009 74470
305273 977962
167867 993321
681991 456429
579168 838969
20639 434069
24081 651439
953956 66359
192313 828468
572411 222773
427163 97447
15043 348594
855246 55370
890667 926459
111447 441590
247628 94838
787968 984251
842171 883841
91659 584309
755718 966121
803371 474963
57937 220540
614257 736178
70320 114656
149285 364462
575981 683172
536777 627339
667465 922812
468317 679105
506088 234745
974780 771351
104271 587512
729626 914800
765089 293846
403302 700750
333455 108549
83431 137602
801799 358364
881144 508103
667635 34052
294774 680979
319638 401341
776989 63443
245369 554173
718372 840057
192331 584882
889468 363013
827983 187781
923028 902522
634243 423149
6227 856893
986807 397372
869636 479103
110788 961037
249066 787764
92875 222338
376469 342587
586570 600505
423778 612124
661035 573669
356276 111945
182529 412488
171220 696106
799894 225747
637873 588859
769743 682562
215316 880014
200004 167608
569440 980461
995409 12384
899332 598258
889744 693525
786586 759247
790773 105370
68934 868095
622852 19020
617981 444862
12622 110763
486972 781452
808359 668301
918908 666421
893321 541669
653315 183579
318597 95063
787134 723400
328735 420427
477221 902504
144351 731555
280394 975884
532240 887621
765088 406860
649080 283569
578096 346908
603228 656188
382036 117040
71020 827877
108475 272502
215752 368696
404513 872488
41583 773795
895266 334664
135226 98828
650503 688106
23633 607703
625292 294932
12458 447070
36796 468219
584647 478754
444749 778361
561607 138725
853734 630958
447890 338100
680204 371072
902436 110013
593433 299240
744879 437484
405516 311934
211134 540692
854055 594290
457663 190829
22435 577604
254029 452823
475816 865322
827484 48419
695119 639480
129041 685416
461827 582928
417454 173014
516393 339447
41102 691129
36242 103474
116652 577491
192567 131171
90590 774785
258416 563640
413534 60861
386480 331144
41814 498072
76536 128453
174459 805650
328404 107247
830797 187839
949086 248407
575861 308984
986721 967055
38913 355173
893791 346173
530893 797191
765967 215647
536294 60530
284466 31659
787376 259761
329625 691951
56868 388622
347674 225148
114292 305577
982630 331595
139491 462553
519686 15086
233797 915955
309924 554038
699094 799442
247862 697204
657562 633040
549465 131188
952318 897347
234918 260261
425527 561291
822021 286103
304721 149777
960016 847145
315863 16020
21829 919876
31015 550275
201970 532345
505239 288015
73560 413126
453386 920703
511637 259966
351507 410934
541854 196983
123378 751155
743339 900385
738999 599624
526296 477594
377417 429941
605292 862742
208896 498271
2613 507644
237658 231526
847106 507959
459108 490249
38549 770313
97969 932205
531922 504405
850642 333592
150574 925066
857586 82654
895154 971681
18370 391585
291758 416580
630367 881459
90704 395467
365092 140229
195332 556112
332780 937865
376190 715806
946914 344292
529308 255202
697149 289683
155069 879655
249311 645563
723891 122694
538171 873091
968965 813383
327474 430915
467717 974600
479238 752503
975075 56184
240149 538075
224984 36032
322361 41918
80278 209485
542992 593865
995732 30206
766212 844803
111768 430165
140109 478937
420938 156590
531697 798394
901297 535487
43172 975128
20170 940756
616978 646774
833314 697117
176471 460764
787589 806367
943447 979016
659483 524509
742996 198318
365026 154648
33462 278894
205020 405946
577659 919042
660551 697004
98399 288191
169500 243783
417240 197305
755629 363160
479249 640591
454573 894521
536034 66657
547792 502125
161374 387975
195689 716598
856538 734146
871496 880534
168462 337286
323513 843491
374275 279145
491241 875066
969489 908170
431645 203013
597810 40631
429259 534197
99614 382894
148040 819464
719923 746864
908021 367700
246675 878510
666903 724293
816410 680800
413643 928670
638825 231533
727512 321387
122611 136839
433329 971407
750138 409502
962183 521025
204594 139472
921779 447588
766062 313812
565523 323200
935089 771292
171193 742123
718005 954913
679180 785113
889561 709352
46582 503950
994938 903036
781861 211739
533537 376942
44739 458042
485564 590016
264395 396820
413826 645072
489008 412905
994941 259528
998713 360351
323459 675724
924282 629027
91526 691161
145858 602331
980082 242690
677993 724820
696947 766930
954358 156368
377846 81522
128169 52220
901654 178570
795053 138493
462946 313534
709237 516641
873004 637275
807812 272896
739748 144056
670040 956580
627683 903708
497650 488682
610841 910198
271093 833920
149084 329363
207271 98663
603833 589700
398377 923054
762034 376297
317622 694838
175558 854525
286941 872497
908054 289786
417644 866639
714876 68205
658259 295296
347267 54099
733882 759754
608720 941602
265529 183351
297729 276868
139143 709296
181914 360243
64933 13591
541258 961099
332837 181645
581768 940161
631583 411835
715392 886788
950953 698557
362523 815540
903556 134876
152744 98009
976585 932074
494447 812549
61737 173836
361223 716509
652575 389548
443540 81187
662396 940250
249134 93771
681245 291081
774056 49341
791585 250310
362083 618179
484702 128947
183381 104436
415538 58499
846193 384063
705923 784534
646181 908705
673127 642136
748593 241666
453665 52919
789442 908351
620878 259510
307294 21730
447243 611759
801546 401774
664870 884845
485845 762388
436202 522987
714880 101446
736605 549130
365377 276097
461413 908694
