233049 91904
723952 211806
919292 952492
787183 99931
43811 191560
485882 390041
213775 194896
13331 111076
849111 330515
951887 950654
574487 198871
878070 238240
488472 646625
403916 866363
163153 767504
66952 141086
28534 361440
930919 70092
552297 719847
407178 406837
421537 262308
809568 60266
1546 961111
145296 523265
305085 91333
264378 491012
752561 474126
718328 736418
442986 32604
371731 733809
256743 362207
931699 523959
834562 393439
987599 264284
824578 272681
227582 297757
162052 734143
465938 457394
121134 93799
804495 41153
61774 905062
17097 744100
572970 405756
658084 512758
195804 674930
490696 964840
267676 594216
308049 904899
416260 596951
512241 721133
853789 6217
95306 212200
94181 217798
810401 333098
630695 383915
790354 815035
810730 64828
835443 892265
375580 299042
762343 375843
200091 747095
765754 166471
117745 941244
502153 892235
454521 562727
52976 956598
687567 953644
350494 351104
908382 911270
546375 790215
111183 983484
349938 359840
984567 102069
328286 5864
479129 250442
500508 390553
545382 786237
89560 913250
632193 56869
383862 280939
160979 202696
246989 986455
883163 245682
130444 464218
521008 137764
922341 526738
322803 16627
981099 890073
629864 403729
836391 388489
525449 647822
848401 518833
802296 522453
718306 781113
204089 635319
483336 123673
777685 964015
676113 945160
25843 582454
566787 710352
761138 989377
619604 261376
852028 620409
821361 798922
163591 946472
631090 612689
390948 420000
81422 257685
770360 347774
33806 557825
890594 481113
408611 457142
164511 176032
330337 851520
488491 620633
374914 728529
675384 131642
409522 907614
781251 786175
248990 743538
775282 529132
583551 1143
102003 322897
139807 801263
433908 819678
446042 886504
739213 715570
727648 556328
455333 374975
654078 300191
37494 511385
527137 875350
22095 984661
527047 478633
420267 673897
963161 294572
122581 702334
870176 260814
434331 484089
254523 124052
589242 105293
269474 543897
317488 464662
65583 501804
92874 460441
748816 208105
94927 9444
639015 734167
45551 879129
808074 537686
835175 269770
861431 953003
807270 407535
638650 881238
550924 310517
374422 911294
622097 565772
586087 988536
652863 219046
968938 227162
979399 333978
907585 620292
972992 889009
249802 700672
404472 395195
599135 981539
740508 583587
630882 314055
31233 915148
951834 191317
999649 330201
818955 935805
29930 302620
381496 328818
527450 97874
32264 153374
543633 65641
266742 831808
662080 284046
803974 832010
660637 159481
940328 815268
723805 901013
355478 626448
433232 635278
8137 864696
457282 466055
181570 145082
511190 742465
138780 699866
380927 766595
594293 97580
890707 668680
616169 592972
487438 336209
498563 215392
648349 649325
810020 976424
432993 946988
508928 190315
71683 999413
625085 575789
161755 164173
606159 3079
846614 652599
777978 10341
361576 471262
8288 316389
662801 321861
704910 861000
520469 927838
357849 53017
972403 398017
21501 260789
347985 797010
335497 74542
881360 750830
160825 430085
233769 890833
941031 268328
734384 780671
670308 537288
377927 995880
363292 127878
11064 357600
748183 78926
647701 848054
407718 867240
833987 421498
110414 424267
426129 353696
834144 944887
201060 995935
143440 833884
470614 573499
669437 295309
190380 560382
903675 730339
204751 4392
719075 20033
110133 505098
672200 328822
944093 457403
519505 753329
977957 647263
871663 51983
720633 190836
247404 459826
655633 518021
503569 775128
258087 625477
584661 405371
95543 678591
749355 984330
182242 21214
248997 466640
881921 446354
251022 364806
53482 705927
164356 470136
250666 659985
335991 203340
212201 50371
552473 899368
501825 568780
274964 888567
678874 697559
102558 231517
217874 334253
107729 135632
428479 632513
99429 772217
831176 217056
344949 284396
22875 108994
414256 946759
87539 447615
952780 657190
761908 773604
797305 342713
548170 796732
909968 316354
584777 421452
512863 878071
982760 947787
590804 681587
526089 479658
957069 928030
177997 889941
100168 502578
346957 502524
956729 552002
161919 887378
325231 832049
23563 815560
271660 429154
980374 511890
289448 332567
80160 587264
750687 238104
925829 935539
88445 474879
557349 895105
836470 698473
892436 795566
377865 704715
518043 506197
255507 327999
935067 927888
723991 125871
807287 436578
89803 223597
661259 289783
437031 366101
565525 701899
120276 79944
213749 41673
388 763945
777285 690252
427993 846281
524088 745091
523219 230641
49055 550475
69629 135197
17158 325240
777771 813771
678243 624306
918706 687432
714127 527752
86096 765629
57134 740903
973093 791344
194606 214765
140710 300536
269186 895569
143067 876775
662647 219003
687472 600054
930130 78448
991217 986939
748745 128748
962659 959194
30971 912340
374078 307660
296428 71192
884149 483710
140944 322995
783922 975394
993340 671146
390310 282070
306267 761624
766919 332809
487706 169435
447168 768870
15042 649884
910074 269967
467614 53718
158085 341221
44443 146773
509408 267236
125454 808048
540245 627585
231502 287957
990234 451216
444307 559019
994626 49411
289305 79940
214097 860365
798179 694704
423111 544951
46498 405678
602497 258959
539151 90436
206391 830492
550945 804447
861961 727370
288052 888159
424800 320447
281128 42552
670143 307716
763885 526574
456349 837335
14665 124774
958014 869091
992593 755090
748392 696974
69223 163390
769005 356027
600598 487433
273783 120722
902977 882326
7164 904047
792770 804557
993403 23659
913195 407714
964744 294573
176569 102042
348365 767469
165410 628088
68438 929161
947717 184539
613375 538402
579592 816207
668115 175934
575124 898412
620069 130182
702261 606579
663568 991833
622817 82248
236172 340486
194192 462720
792475 330131
457228 36700
343110 951420
706985 819054
732534 135900
129386 469957
147511 380671
140631 811135
212358 277507
524955 77153
349443 327039
774891 746445
48571 581820
702686 450134
52139 828425
288702 855819
96629 619020
543541 498927
593722 824055
556115 644697
83651 907925
206720 122690
559106 640898
763021 397918
973100 893377
680511 843892
98535 744215
761151 45693
999289 16168
251784 981673
31387 954314
915012 551843
902863 187264
484573 77319
606479 904924
663727 870967
167307 250950
838192 682202
615043 427
782359 776791
603849 341722
419841 996998
262523 138056
564828 670379
634608 514168
494436 395215
397196 489887
591610 669950
858766 152976
757166 569394
771199 215265
244769 730399
118318 268511
609672 156025
599667 223459
61552 517083
742620 107238
620168 546062
832285 370741
852309 32992
545194 667128
752473 787117
969201 665279
63713 841344
993821 19862
97006 621975
284609 706070
203915 314168
799216 774999
498909 345075
747896 42584
453571 412588
463293 634218
260425 198963
49637 519375
325416 904281
206805 291539
197713 170921
631161 356847
52598 468098
130023 635050
12866 875494
138552 110657
978773 727969
252322 827063
831088 756057
551277 970237
216876 927501
67684 883421
899297 470869
994344 986559
872387 836
854682 626655
624128 831346
137122 555582
382344 667290
936632 673037
100268 364976
810322 425746
711030 871260
24512 810954
855986 475691
750709 998038
827996 946027
729538 970249
573000 129228
202488 47065
432294 819670
810568 657981
270087 524486
97590 919774
842548 348198
232620 301082
871565 199721
486699 217545
789717 948912
29968 819086
388429 41070
28330 935166
114966 404705
988951 197019
625696 318272
921995 840509
60477 724968
801206 748229
185067 330854
175053 535251
935638 320172
727788 339154
559979 770786
123943 808463
33686 886904
245713 97078
124258 515530
241624 68485
536680 484889
320322 898228
914633 331549
879003 402585
133292 213126
971260 169559
629197 745768
49754 331339
951716 53578
571087 311101
196866 231005
111922 883079
409963 185207
188123 179527
975150 978757
966929 750472
231852 99698
974419 874901
890009 89905
546793 143094
293721 994789
284418 638613
796760 691454
851520 997952
522564 870317
361951 354563
193465 323670
634519 908747
658377 480500
286766 899272
397743 657153
367218 826399
360576 584983
429982 356001
554054 95265
737602 395987
11065 897780
400079 88313
53377 701903
75379 576791
999078 838081
548473 997214
174607 997162
543882 164405
620646 93310
796666 877706
165123 336334
419572 62705
376669 501929
200283 684548
503606 148801
979955 826319
728297 7676
184285 561227
337159 655127
35753 447356
9774 175875
984009 760761
688438 256220
760185 531326
658255 563522
46196 184857
398593 200536
416076 177250
58838 690761
567493 996758
273289 866061
447916 196465
299326 442714
819494 724273
248325 564246
682300 958424
425476 908006
500724 895557
751756 124355
95810 328149
963826 691964
661803 41733
772735 40837
15569 840550
421700 440276
102181 835714
314530 208247
215649 118581
541142 385895
814144 491750
33568 708495
628515 22329
587243 246114
938283 570095
394273 801809
884938 992387
565759 767463
555362 707259
364306 122590
456397 650727
895320 649693
720263 224066
800041 48622
481500 48470
277047 415721
781074 927118
423602 160587
198249 289888
727570 229865
711414 835647
631815 729374
804234 577435
503564 924448
9358 435614
340400 295538
469249 152234
427593 989823
233529 825375
180661 635344
733450 567658
118027 788157
870333 791833
905985 491555
236638 566463
923362 350329
173894 342310
292884 357439
706650 615912
202303 403614
252482 255201
366806 31753
223858 236669
940060 518387
954754 796533
233624 509090
617592 859328
833265 488054
689863 139876
311211 160922
818278 814259
622276 835053
960669 218780
655697 752040
191329 355663
676997 342481
65141 347709
163422 542102
518851 523621
505043 633631
381231 583762
349386 604171
993905 452152
9228 950856
467522 326814
496325 358098
19431 748086
430266 286488
623816 873063
705104 891003
965886 623070
128649 46975
146438 833172
579270 74615
667076 144510
144310 334132
136637 476270
805611 430690
736056 13327
816311 966761
705102 144250
345180 855591
984532 660268
662612 652425
830910 270139
68504 322817
964493 288855
478155 122603
715892 749796
586555 873446
805541 334375
748819 447307
779674 605023
538323 381670
441504 651484
671293 792180
584862 954283
497528 400320
583778 364167
507327 254866
808017 922979
656677 727113
193524 287558
910247 951513
467797 902616
127036 953793
98974 161306
713020 991545
362659 89800
266469 938432
605301 910240
144576 434151
402369 658983
395955 738762
447832 435640
600610 534082
768234 392876
521197 942560
967079 472198
19300 108024
806147 83819
708224 677004
283488 684089
786916 311662
768663 27742
349957 778820
452371 503880
822346 185893
752488 953392
162424 914097
20260 351143
7919 774062
198453 252331
598661 296521
888216 99715
691317 14198
421874 528916
552514 354448
461098 785803
681250 905283
761181 735446
39969 546507
577508 731800
382777 315432
739711 61505
244089 465285
956307 890958
448503 371210
911714 369695
651308 353620
728890 136723
869172 52663
4330 550597
825238 958526
716860 528009
31791 957761
624144 74177
665210 407036
650925 179347
511399 375589
406995 811353
492750 522217
667966 461895
655263 688208
452875 822312
842420 448735
865446 158837
95937 733814
250755 950721
390847 928831
904912 21711
513205 713312
818923 589351
665511 323931
17420 459218
460836 589582
812698 563386
416433 750478
96639 614303
396463 834197
941478 609134
70491 753773
343304 714425
665960 372688
907489 902007
826625 729930
192927 353339
705838 512446
294730 942579
551673 825893
3902 911362
675438 46740
834822 982322
997926 946178
654865 21589
992737 955583
257904 936420
305518 868
611385 893490
727706 425226
454581 650369
497059 87711
427147 984727
709807 4496
864791 47229
883243 595119
385176 254967
197802 28780
219064 663010
439686 431653
951186 505215
321520 725457
519662 184200
692676 980872
282380 63844
491931 936432
52304 392061
392541 154827
411125 527018
615727 156881
237804 314034
561330 390515
43002 440439
975182 431251
597165 174753
681474 539510
529838 842962
547664 694521
730445 398074
466571 841028
986761 308061
164650 866464
2799 576436
318436 608691
532994 910351
698113 26730
215740 498449
805879 757632
218009 520625
150076 44260
578268 438
147321 272434
85128 817333
922171 201690
917805 330050
60928 445161
10833 689912
327925 686812
23892 8746
621872 635192
998816 137339
825438 153152
955112 542153
980864 755821
682924 588351
215842 259564
672067 143987
787245 716604
386466 885598
62001 540001
691113 601462
384751 417865
968789 648708
268160 838899
558340 198598
47370 385450
355746 857144
37878 573265
661811 711391
814062 586074
798926 544861
297815 574668
610908 636308
664065 829412
694405 438295
358248 951473
463842 810125
844345 735293
920541 285901
374344 253663
341927 163283
980327 578988
952077 379461
760655 376906
687341 364460
678616 27616
124428 555030
489599 861021
428253 926343
80577 733525
306759 740435
12287 454560
645077 124057
362988 545291
46746 143255
581830 306226
938823 742450
733200 943253
762637 814329
930829 53632
206208 403380
343468 924705
227719 41785
386706 655151
824983 320555
448233 512984
896430 733084
6780 906365
319961 939188
167983 814455
854239 180123
421913 659479
450377 698660
742197 157079
724026 570622
317439 300161
829911 239149
653325 500789
549496 315280
963441 294768
917540 881740
25670 470733
537643 147387
513154 104425
875086 326830
558383 583014
5382 36492
196358 388959
701552 63141
493948 45225
406135 338250
493481 783541
361441 612867
562018 10297
920284 363323
887597 238889
198173 468579
191564 816834
666039 225450
862451 479446
215209 669891
43462 355415
176327 609340
206381 145070
12838 540701
984680 61654
491002 144252
94764 726546
456186 321984
564032 178992
940645 83024
873981 486723
774835 937217
905596 602939
822777 153777
871249 467434
380197 540632
161122 401300
704110 985803
161726 495186
159660 539663
718924 195319
755328 437965
808537 78978
947259 472831
121921 210414
35315 854365
741510 534759
950451 886572
516239 78743
331850 785319
292825 717858
597566 76024
152336 526642
494306 835629
228849 225347
419670 549634
850643 223337
642968 382477
51769 294981
200443 296868
343382 548837
822388 199171
233126 746330
634634 453929
489581 368551
231601 103721
143895 183492
554084 149849
516641 856946
345033 555562
175229 730544
26388 635824
674951 939752
301238 14219
142268 196695
414173 976675
142331 641004
359372 748046
176797 801129
346852 459587
58767 960924
227561 385242
39481 641816
422182 42690
26826 325966
905650 509283
165088 399763
962539 579931
508270 897067
456215 680220
297618 694153
623663 934395
517937 715745
806576 159678
652350 382315
895675 724272
620406 948974
540843 535609
649144 577090
414695 601882
722284 665957
97970 920624
386112 906738
979829 854128
4467 745372
141665 540583
680022 434117
247610 606269
951203 592834
398673 925823
859654 736907
344863 481536
937861 144845
830060 106621
550656 516582
166084 152818
502090 247227
671999 991686
388428 597787
485156 438002
557564 196123
895159 588700
86125 251191
858096 967005
911709 141257
323920 400546
129994 285154
144293 579267
313036 139402
86206 15910
98410 39819
120636 10150
307150 362748
339725 626829
191495 994039
506999 711016
23101 583191
653780 389292
778710 495971
331285 989707
896586 759890
11445 825378
760082 766347
767948 947244
860771 845368
318033 37609
730288 868969
755859 102446
901234 518954
373288 495889
13535 419426
868330 320178
29116 897250
318702 751444
440039 793374
381888 267009
710589 245531
631854 607246
699619 180121
992743 726648
79722 366736
17891 998296
472266 143514
889598 695843
205211 488923
947621 267545
79911 440019
388683 130844
791349 433677
843570 10794
143983 599035
113754 42098
243893 218191
803739 960930
509897 746626
19944 99681
278032 690623
558366 814242
558478 361393
551687 507924
825113 196044
50550 961799
460026 893714
266659 467105
520324 45506
719134 216627
336178 436753
375053 891809
133586 358913
746674 374007
808947 253385
631674 796802
25423 926126
466001 210849
288318 801959
26731 650368
843980 888121
275430 983596
530292 238076
976798 270867
502294 326546
900964 392691
737029 281434
195684 313835
327819 572491
333744 672329
287444 538672
145878 199599
728534 420054
499296 821189
333004 884580
463740 391082
790558 532510
745060 24161
8447 602726
570809 842123
651006 346364
916052 409144
863070 574801
223298 681800
69946 840014
416318 137869
244441 201765
857276 33935
668556 328854
372721 416191
543664 615457
24645 226361
274516 480461
844678 462641
935504 74158
459772 555184
839068 388688
573634 901175
877541 199584
348040 348769
137961 40829
27212 212210
758574 496697
701831 644385
280311 711315
174267 130725
873985 901790
765983 165221
290741 526103
481852 85624
320247 753635
571867 719309
431529 253237
466026 995427
909704 315573
71080 736791
397361 98865
582646 11378
38110 462483
619364 789668
911435 301684
239395 249186
209032 492171
88210 830847
785140 273695
491920 695202
742887 507019
295790 737176
762252 660815
527102 93016
157892 517064
953918 541418
435191 701153
975644 325446
777918 9147
308540 954056
620655 580438
597838 835769
880968 311678
55174 829956
766382 482491
198200 780287
775262 833824
895888 31044
981704 964132
807953 128049
598395 287251
964445 852506
854582 831906
233946 582672
866908 553114
29031 996992
289687 334150
235504 400318
113860 723503
111368 616655
945832 906751
902657 642036
106720 69854
889369 481458
484137 514772
240327 910055
243680 899928
248404 758356
155845 13606
608345 367645
815766 935282
373386 903952
856798 996979
885170 636396
962360 182812
352337 527139
483881 715531
151052 148266
83508 483579
763625 292900
108555 846604
308424 681374
354436 340532
533385 264171
235801 295988
82626 87474
161199 96883
723496 478579
381137 14169
727016 915638
28166 900598
359728 622863
693994 470791
981776 658941
33809 644066
487194 230399
631725 951306
589138 722538
584260 600806
938684 761945
296334 430391
918287 987945
551327 739987
799272 59496
460760 585800
489611 908411
995002 915583
24137 123458
780578 878284
817544 453826
571430 399529
531019 367117
149861 853718
333914 547677
819496 683315
568363 207441
73312 521680
347751 559586
887980 544193
32655 988515
355817 21192
642403 536337
928236 973333
711514 602332
57771 119193
627682 367601
95835 60631
944032 493698
822055 593919
385445 958635
671526 35686
405043 650305
354875 637047
961503 377317
718828 220409
128520 849967
346927 948199
399807 441610
999491 839374
563798 147047
432134 986896
644429 385221
94667 584678
417420 677631
768027 56995
666656 822251
477363 305308
127521 219726
916019 142127
299405 386608
592489 973912
118202 787996
323960 302825
318008 653724
360539 623118
904366 233337
318026 849609
568025 608621
895746 397576
813047 80590
219686 441520
562306 557109
225197 637802
874394 239124
163815 18015
338288 224004
593382 25109
138692 324895
720527 843448
845746 912405
175703 724807
886075 858394
505305 61527
654462 981544
150718 339785
448440 556160
433691 346274
510578 727394
884419 921100
175810 284291
777838 732084
584223 420562
189128 799341
714215 799222
135195 205663
844165 785744
737675 515702
930615 375904
748023 675351
538005 556663
351817 946451
38320 192208
719779 642048
235319 85114
29162 252374
837797 732615
42167 305867
174130 194795
597454 105640
939065 669193
564915 405022
514865 616013
971015 722065
561455 599433
262009 861930
733612 661119
853458 636611
411640 889596
157240 73045
598959 640189
904767 174417
512556 199345
387479 720568
798711 158638
819997 323750
497236 687504
729302 594470
182156 345682
917765 593547
718990 223088
333196 387778
375319 498533
249490 521124
979537 677507
446160 873130
584439 887515
778854 952442
53372 996851
959255 598072
910995 847282
867180 604355
506458 999189
964615 371175
779576 829185
945704 940109
803872 202671
155364 38388
54237 498844
333227 168131
104725 92695
299094 670581
717485 562180
174060 478328
342695 273356
55634 268019
80598 675000
745230 7437
787587 891143
526037 300466
911724 26593
161984 902273
661888 521512
125900 58172
39145 189174
486302 332453
63951 375982
633783 538290
323263 910889
899447 732064
659174 102993
257849 596452
810890 505612
59415 550472
688360 334166
19967 965206
820721 492995
780955 218362
60146 518563
20471 736277
908959 37347
673789 350279
58041 80795
510576 11014
384895 939431
445021 324206
547322 747826
952799 995783
367874 664825
566681 216945
186146 360088
289999 94721
575761 757222
694224 837376
472994 698537
947622 603446
818841 604567
936279 340994
702647 977248
262441 466749
593346 767795
473645 329135
380695 551548
622025 798495
911425 461330
527270 978267
156732 840767
3610 589438
142347 836955
91802 718647
237538 565727
553318 46159
163810 832192
107019 565299
372484 382464
341805 240143
568957 758002
406378 844848
121002 784697
45158 322161
223799 211280
385739 957795
417858 356207
607737 172957
410346 501622
543346 974098
421721 848146
23374 451393
389816 540647
52338 228294
498627 659896
32973 21498
612185 309391
839805 844805
477287 374067
912831 704110
384132 276144
596127 323620
884343 434603
29602 668136
220893 551324
896160 277678
111228 125216
625540 469831
347162 716212
657132 149548
280275 453047
908016 199738
82650 929558
657163 283979
473740 841793
29944 796785
18634 647382
773419 141835
365471 151698
67294 849231
236318 922003
601882 191938
323667 570591
569030 781039
770527 363357
444288 53157
850455 644378
543427 765154
75291 416685
716023 234985
325648 384723
366223 401237
253394 582574
307340 24872
387669 530615
139084 540072
747777 316773
701078 456954
701796 192820
785918 395954
185255 560334
184658 418436
578776 404804
829682 619346
848839 710715
125768 417204
795364 921236
938592 464842
334605 309281
949271 993430
849439 686978
992833 735782
17282 855261
541306 64118
850324 910356
269217 629162
293462 150423
675800 817231
621047 30824
905288 303232
901090 500192
702311 629101
136922 885373
876294 935766
738313 690941
763898 654919
774177 444476
929005 250717
711957 239855
483414 120761
200592 83018
96573 364228
761128 847735
2800 298498
501390 785181
169347 769584
810263 424651
691725 68878
135103 41438
920140 27873
3808 526076
607206 361556
829551 97019
193994 824614
50563 878905
529024 440549
632558 336918
31445 493504
396223 503553
338938 655498
532344 355388
409214 676771
377105 504863
157159 604751
720447 560417
273905 49557
339075 41780
925462 967691
696536 495167
844396 499666
220387 35966
802729 517842
222021 362226
168111 743798
772229 258598
611369 672349
13073 866198
970928 170607
166351 583038
334784 719775
823899 33774
733349 517146
471418 98264
707398 190143
369983 349371
694428 170475
462424 297968
450884 607695
971008 790908
785904 197709
428607 743438
350148 406649
115989 909114
290847 279195
119042 74977
768522 182404
787426 838299
818416 158448
798697 158263
303357 145298
87245 902094
146143 608092
738188 395963
998222 779679
934285 972077
449066 572151
180273 174650
819209 471851
12976 345885
707082 380869
898521 160645
592384 786266
792479 874912
957960 471271
593620 815852
185511 992126
361714 576201
101772 108814
814747 93984
734398 773334
672855 653128
950796 597880
361014 383619
335342 764734
185885 792464
391260 980499
581537 504646
837026 793502
298169 195575
307042 607173
989535 405928
845204 884736
380778 482013
887492 178069
828876 662319
453246 295510
673519 418947
32513 524278
148516 559298
349992 144758
409620 449314
461308 11528
412760 655533
612057 488746
218745 523272
801833 109021
714169 798701
38699 529042
404341 593796
609349 364249
248527 12782
632944 489535
658016 727208
890141 644692
542031 979456
570885 794921
965615 272528
9479 715049
643538 839113
945881 222784
858612 471306
610225 561518
868750 475284
524745 668081
565737 347884
809407 86584
484015 395515
401204 379818
901541 765436
737796 181045
314370 673448
735540 23189
342566 793445
380974 79573
62385 481482
843170 150459
384448 966214
843000 711698
719936 322498
407863 942765
974121 420905
196210 879802
963839 537466
535988 141250
634250 353257
705229 644996
507156 299609
441537 550568
640965 291407
56151 96533
975317 595492
225884 320484
649344 748813
514985 353957
777887 284225
531875 703284
349398 114253
23516 605600
848988 232859
586376 775052
256035 362455
272269 336711
145214 194147
893537 323804
469796 705146
479462 716910
288417 421133
338939 642179
248121 138053
727622 532373
408682 242487
896943 13367
662714 694724
352147 436307
817177 872148
696647 878980
370247 294685
326747 566601
575035 176646
334749 142871
941466 86850
815160 677736
359205 222152
614486 905594
847796 181592
929139 995892
405670 877530
786399 817239
548530 360850
367583 873896
314475 723246
381747 989507
859881 936466
739622 546841
918487 326747
1336 351096
894777 623120
561831 475277
964605 884456
696885 795593
739280 185696
540887 727290
439946 533456
907282 619189
44746 788982
745193 22539
877638 957486
468915 31707
614933 425562
540260 229363
456591 327754
736159 194131
398266 139865
930496 101650
664562 164755
895480 273860
769164 555952
554526 53015
972169 549014
748923 169216
358678 980215
848488 979456
906545 253124
320115 40281
856200 300204
188463 781432
86396 251484
291960 268312
216706 249440
294286 304152
107157 184084
578818 309545
340158 284804
548386 956865
628093 88419
480771 112365
248465 988807
581823 569656
10071 333141
248198 570612
28326 567668
947714 690316
550847 950122
260207 205096
905202 439959
540116 473061
194653 426212
338280 966984
550373 59557
255013 288695
743072 404929
955422 806118
132871 740265
845807 680423
407836 165260
704426 622180
356897 466021
540539 555372
275714 720282
148131 948169
91924 675927
585576 165986
659061 134798
444430 377302
635944 263646
83232 129994
807599 28087
798435 523982
997818 95737
385705 829594
966732 5612
410858 288475
359681 697770
875113 891035
406313 284961
819052 317251
736308 20293
927128 350003
308667 962876
527950 459802
325217 346246
63097 773212
27305 125042
408870 481798
196360 243951
54582 941982
807300 361867
474714 853006
257852 569756
578650 595402
39303 167129
100010 997123
472176 320897
168727 820261
107575 614988
208386 656947
12890 17421
898988 684343
886082 741863
509948 980527
490197 436617
96025 554308
683647 728308
71499 952090
820168 82164
566168 992876
985307 667411
961855 983190
826056 308562
791289 49979
904621 858885
590533 11090
955268 815393
686583 703537
920448 705875
467061 994607
492415 382759
729 59731
997289 804691
184875 804000
997440 973751
519457 29240
864494 961293
235404 935711
805102 765308
993690 567378
202334 87486
9136 751755
508084 293130
78628 159564
777358 531454
572604 955655
553909 296373
200763 632073
622847 135788
889976 700606
230875 304191
722306 956298
824621 882519
798091 546152
782310 435197
394646 505941
102763 525806
728068 945083
11853 804756
136760 370072
216677 362779
218604 784695
38884 486530
319461 777234
88056 152728
840348 788141
966944 12393
526586 876311
679462 179167
267280 999668
577701 330481
927288 927094
336068 509696
4954 385853
86385 237008
879462 822733
984052 958972
428670 236459
29899 4156
410449 33300
35058 730562
9314 963085
445640 727008
919052 960638
883145 722166
292596 950632
389371 719147
575302 355442
902855 323450
751141 484429
421733 518290
448127 369663
57142 204871
539612 668221
962531 13673
613806 813387
272867 78296
379620 889692
295860 887671
593047 379378
312837 142711
105930 72278
672503 187781
886518 397225
288057 693427
984 187041
363485 362920
550076 234642
813580 540429
217471 251580
471631 410192
8207 93785
899968 781344
677592 151387
215946 488642
698269 590681
19609 390767
113610 691859
151172 993551
723574 594267
152608 979989
55703 969195
467951 150477
887818 574878
592527 483597
326346 278637
512955 453957
720287 984226
61064 13468
805364 29583
967013 70798
599137 858059
873697 281885
925516 264613
181132 748346
749039 741394
907344 788734
4264 981733
851552 766049
802325 946396
209218 219387
434729 579648
339257 837199
33932 318725
403840 295563
813485 282226
677674 847464
737977 925076
733733 886982
155123 658654
694758 779783
697531 66410
689356 874895
865804 701966
321316 721977
501839 685886
202552 922984
813226 660169
440681 500940
773760 273571
877027 605076
546838 273078
292704 362670
786457 807453
178882 185834
275918 953727
684301 113753
640618 245233
157282 204905
182809 85757
550931 200614
146436 326219
188791 45559
219691 943451
9385 824771
522154 782262
651088 901757
373288 111118
579631 820686
93803 741460
835183 117782
88093 128091
426960 650206
715280 101343
12443 336624
525799 223108
251290 143550
329132 889956
602300 904993
450136 229602
972281 888554
853081 358609
553502 28062
783093 112891
9892 295847
551 347287
762320 467114
676748 408814
166795 679871
392177 398467
872373 472998
558181 706161
555478 249811
46696 624138
674138 671454
740948 119081
949204 727664
686064 705147
163638 866236
433330 120895
658870 532804
819457 268363
784377 642202
581432 788373
4860 787508
698361 571883
73411 719761
509360 99307
146940 333466
894048 79976
232640 909836
101730 637057
401631 204627
671779 477216
23753 437369
733670 871916
202025 243283
295681 310732
391115 697955
102094 334442
512278 114242
828836 809814
134435 628650
659323 515325
408360 378102
305847 748345
672383 317325
749271 944181
769230 667310
15906 70034
32478 701633
880658 9897
957813 1198
781172 778612
563927 8945
80741 429930
934752 493218
475907 178886
837337 656847
361874 465204
471006 248862
662397 727195
343575 79127
13688 376499
973672 258083
202007 16295
878113 979181
118098 142643
439038 40974
494671 445463
560611 717745
365557 708636
915910 283795
573570 771304
866624 340985
454188 606508
901697 128133
574941 411221
400246 446155
124150 76902
836345 100802
157723 190348
975046 765398
768575 65145
350381 110367
551152 429759
2701 875866
612967 419765
2028 98607
956011 566841
855970 237525
649047 955534
468798 741741
869391 820038
223815 998792
833614 354424
895390 570930
164684 177435
284423 112521
191660 754249
270215 1727
600231 610271
382494 1197
216149 516316
607458 547974
470978 613280
148602 433792
596166 386738
311106 728357
16721 509490
534657 512120
191148 456399
303389 996957
75809 718241
337940 59687
939726 123035
359704 334257
961877 658980
575622 843775
215450 756133
926147 46905
823495 904365
347749 211733
913501 502390
276751 104653
778480 66906
905061 370811
414445 701178
373873 598706
741107 490064
175543 235322
604977 387850
379241 767998
461784 192571
710271 72438
971431 972151
973181 60633
672276 163788
464525 191904
977478 909119
752238 564021
453703 706632
446902 405380
564602 608051
814885 606669
404821 597076
552956 373453
500541 620867
771753 746777
767023 1641
347758 272701
808869 14160
82890 972165
154760 871182
234673 171110
864944 3555
746049 671859
652510 760360
70662 373143
137650 226861
572691 543633
439573 387016
939327 410307
273065 115791
434842 922048
988081 454976
429303 673495
247078 399104
247068 609084
563046 795927
482997 746874
705808 925719
744479 439805
566928 107459
771301 999733
982394 65611
642537 970537
452466 837635
685153 525934
202236 367970
437585 623800
225540 476193
640668 159121
35214 796940
318065 700690
89183 482362
636128 842446
823367 729716
450546 568672
223442 788736
466472 570223
164708 182184
950044 487269
416739 710827
334032 633354
935673 220189
667018 240924
560929 15977
76877 689965
342326 696616
517080 90184
798494 936148
999538 650429
429672 700656
644018 23164
18663 605634
476704 916998
530902 505676
472680 694371
561692 958086
423885 606340
278675 919215
96965 22089
373424 235627
967438 965294
39447 885780
516132 119889
203999 200665
489610 709534
474143 503762
501770 505378
270526 650208
848560 228043
912565 183451
591727 825838
18588 585971
476300 819685
420337 294321
937339 880855
667095 323267
732245 837418
866775 715410
966949 159701
345202 535500
299097 955377
654736 64112
574200 54984
264206 472032
471324 59020
812077 926296
452498 29742
615175 969745
864757 33786
198651 993288
234432 497003
400190 824861
163715 363076
603153 441370
448091 460008
965755 151759
236969 459534
494327 580859
709675 502757
382211 837415
528808 652511
438987 291562
383970 271994
694413 41005
406804 382119
669093 804989
31657 396632
632818 395366
865966 887778
79849 323979
465159 711563
385576 715991
591715 158504
220519 868643
609937 772729
835331 380690
350315 930557
999287 653959
778267 232057
95507 565501
105228 988714
285209 688866
113201 285990
267446 256058
566161 895770
21994 3554
826747 779550
604794 939069
932152 900733
932489 392255
26968 197794
269028 387277
137512 100201
79040 583489
41294 18594
726204 628378
690077 557824
411257 447502
564200 735560
593108 234099
360142 330281
589497 13179
70886 870419
390878 902584
27821 11010
196588 627160
323746 815382
765493 367963
851745 524084
446927 244376
733172 350997
875519 859830
21755 796355
778184 11219
767083 55073
385550 456096
97455 253813
479213 749257
323001 581743
986401 636994
755893 763126
206321 718061
211817 974935
728106 41864
360480 257317
566904 155738
123221 142371
78248 893924
243941 104715
345797 992060
648000 387245
173741 356440
350817 260720
286970 925266
750019 310333
496946 758645
57595 342671
429593 473652
532057 259651
1989 634736
348149 44783
729925 296260
81499 643263
374113 3696
254075 761437
436712 113699
96415 892892
961585 735700
728442 178721
990014 247097
369469 260414
881745 501351
817697 300845
448897 80307
317846 487854
183062 402132
914314 302834
799939 556300
60124 603424
840999 212125
793786 67742
192497 615301
667399 105251
914020 124078
169875 983826
895197 219287
823832 396343
3680 933650
604598 526881
656415 169293
945311 656100
924779 455747
140640 693608
511964 255945
647373 580040
108447 912517
692304 719952
325802 127600
855596 562674
94723 688833
22112 901965
939443 35809
542521 673789
203625 526893
122277 80110
452861 51906
78433 197286
72703 778265
81892 248584
558410 756860
697425 387485
303525 728428
706948 185951
829626 900094
207579 338016
103369 200773
437421 52356
860631 117059
327941 115492
507632 613630
929126 775339
665669 35994
612928 684209
941904 306676
530091 62320
932138 394765
717155 352555
8455 478798
334050 973585
665460 343794
206239 988480
512273 621802
77155 792091
611564 99205
559840 791042
849041 617350
401871 854535
74465 845792
162010 336151
305309 29344
124999 565356
343242 177082
562335 679043
405133 566029
93053 949958
182347 769206
546117 424528
889695 381987
997657 716518
658253 609043
942008 536678
71650 781406
143581 868114
158571 701959
495865 543143
169159 773692
54587 33315
967399 113855
155428 752399
741721 323477
174473 475495
396749 822481
309882 981462
139433 832259
588283 220370
653703 616656
325476 465831
820997 139376
524554 758225
778824 620293
836647 220676
967289 755705
975845 625791
776162 128785
169381 972668
817355 218748
866210 581786
742539 506338
470641 712555
487433 95187
85469 813903
84411 460231
626012 151108
552243 748538
147153 351939
296379 196065
459880 362594
582256 675471
708512 192388
854684 471180
233896 586755
611872 105215
925440 986825
747271 402480
385624 73256
341298 421227
269059 131188
640881 336813
545445 350885
707308 277604
165576 839282
54193 334282
453672 842761
53710 376881
303993 545199
55952 92782
755463 654481
985562 950565
395998 943921
352652 300769
104595 706316
603813 262528
973778 431415
319949 508454
630080 859022
174956 542591
776004 359153
916849 513766
491567 508642
324722 106369
471496 83156
495880 120309
773424 818867
682416 981138
858523 780960
176705 501990
104205 121723
965745 453493
440605 874175
68856 126728
724696 199503
867210 928489
189945 643482
308498 767332
113003 313179
84824 401282
877662 402604
477019 858472
448089 530858
962232 983601
549012 167597
317852 434651
247271 105317
735905 190740
518262 506040
707973 324766
893216 145194
356206 434716
404138 997607
553714 378850
239962 553171
431887 663074
334215 237391
761308 177751
8464 455833
627403 459139
491102 558634
923588 759482
45490 862540
579191 446450
602806 155571
950262 551748
373702 289279
593135 834655
868383 58884
709486 882965
205578 412541
808574 761631
400841 915372
601142 256477
470419 254982
272060 635403
119913 492230
926766 233028
453245 479779
46800 353448
459872 158790
877601 608805
307432 15590
434135 431975
347379 695525
770436 267942
521012 730705
566339 469843
393246 786327
434407 962857
893665 774556
951533 414750
860667 26184
140764 259503
740760 387947
175096 854814
197764 103602
803439 822154
153918 856122
256118 888042
166663 161044
814277 405761
178896 747270
768332 513796
732752 870595
6061 581100
91531 756704
672510 531026
711709 182407
889277 82049
563846 726498
99539 639461
692627 66912
241332 924128
167138 801406
574925 542941
676722 197792
20410 570933
536508 313464
215828 779620
259130 895505
233166 914846
945014 697611
890748 359112
222118 255817
272820 917226
445884 2760
222748 418902
729615 539644
302324 862108
903755 611088
842341 7384
92255 411644
584998 234935
718401 122889
199885 654371
30232 230689
772342 172925
523131 955314
731244 959024
80182 774617
797735 706010
96362 138014
127590 200988
767385 837068
249953 952240
689523 282320
784302 556539
262705 837918
106480 691923
112077 178382
772294 10665
954529 900555
67389 176518
331368 603177
329367 888577
13388 735619
471413 416039
442946 169072
349454 944472
20208 901852
121490 297226
598502 181968
971913 171533
378879 121106
45106 146891
563544 326205
15759 676079
989198 96298
509193 980390
724108 548153
141696 165188
80791 844299
960966 31116
940549 749823
22876 609715
325182 393887
104543 655879
578897 599877
812253 260004
543366 732004
849267 172376
730178 998130
742 213050
473021 565173
400183 972655
841933 928073
71017 156618
134657 63776
674140 549084
421484 195035
602290 791921
551903 967021
87168 223798
494403 52326
227232 677920
815558 840507
780144 595207
152688 504190
510159 487028
720308 489093
775748 749326
623728 191077
735056 237701
885241 158513
856103 255456
629664 879032
705289 572256
771671 563888
571322 969165
819547 64997
256042 898069
318269 518282
633240 368315
311664 447279
596817 809409
945950 318039
970737 630558
634015 843249
74061 580416
360426 424828
755968 188034
348279 224621
311976 810686
93144 224512
504111 458618
997981 928989
160574 984381
765308 601335
173655 193732
966145 135040
629698 208132
404204 513579
280178 284449
817190 623748
575382 128987
675396 882317
968764 967573
689119 750460
815869 878256
128734 90555
191948 997577
764306 220965
408481 733880
154835 728586
720282 515532
267529 11736
179249 374740
667085 710898
35441 217158
262754 158561
782324 674016
163300 771723
834858 240113
783000 604025
177911 411476
581020 11531
7330 59811
380148 523056
832418 982008
355636 410867
885841 226172
264479 558706
397096 753010
603051 565465
636848 300888
197973 743824
343156 475340
476474 362124
134135 289979
265431 268967
647726 150767
913243 909820
783974 204501
592871 103503
243080 139020
599698 649823
905380 680739
494221 701486
744193 855569
982050 683848
337322 53268
251995 905962
635126 414307
281494 324398
762188 616881
219440 258824
202272 649149
382800 955329
811574 732832
152074 176074
301279 703082
834654 956600
385487 13051
744739 138859
427747 929177
643070 828413
366405 242749
273924 55912
163714 770299
965084 471610
208874 985290
259657 611427
600215 138072
537120 858797
627268 731248
319064 881811
723877 301659
263270 866960
237806 653835
118883 142740
76404 725282
746318 89999
776278 96714
925882 536066
228085 730979
761988 157609
822714 478300
894833 968484
120266 548703
162433 509694
863453 901171
971796 215808
477167 390696
230575 608042
390537 978462
780431 796170
543509 986146
782862 523784
754296 475444
903416 715209
636765 686161
152271 998402
687571 747976
707575 970537
112260 706921
91933 234180
725728 815682
189688 646363
761899 142319
637122 932087
183162 124995
858883 897229
695371 780295
637720 493739
425218 60794
234702 602397
956612 339343
785260 32434
31700 510184
335387 462368
637137 648445
740609 188245
951925 789512
130330 292533
896567 47724
434068 440612
316943 25489
802746 595681
610599 328777
97271 554164
632869 60668
764399 432081
682466 547509
454164 790081
946835 544025
102245 928213
311635 712720
219038 327373
109959 731562
142269 605504
163875 674981
359652 296060
191823 422385
59330 606088
881780 391026
75627 445311
969693 589832
956227 552989
393454 9557
446034 656465
556888 317267
905436 67867
221852 246478
46236 367922
643130 985690
681126 348110
227724 806129
854419 289474
341633 401911
863270 253166
318076 906998
970494 472905
898568 437336
687660 832403
993670 909668
839290 136796
61023 434169
448532 596237
797360 513907
384135 623437
955283 137155
890448 600578
560518 525978
533165 633787
458859 257789
896600 419830
4064 177641
633767 710458
345235 900160
244545 396790
516314 822159
273683 623246
798180 409180
553138 740369
704203 350269
173995 88091
915936 704332
962935 278228
645705 999820
754470 534841
171158 693128
121325 189050
142040 488193
242198 648881
944733 150699
449504 416159
791380 341593
216065 515271
264091 506264
419341 740013
21369 39376
113479 840286
285412 487873
536768 172125
503486 8159
296474 496824
172896 839553
661732 622569
70597 933550
667002 62920
725666 800560
197317 653615
153852 121256
522427 836714
160688 235091
289721 109803
343963 93950
859166 745819
791089 545068
829346 772424
602083 468265
967468 711009
768871 396765
66423 657494
877293 312466
10125 649905
164493 32900
874921 314972
587408 733128
987160 846633
269001 496245
955804 340511
300535 969271
614507 532417
558660 932738
832775 148032
277670 892204
922732 91773
418814 837236
927041 777581
595888 727729
616704 119738
936523 89951
183231 893039
150491 633534
746976 781661
499833 59602
78740 490270
332074 260483
509118 926648
884775 211552
497812 509620
82397 223833
391880 290048
177594 921679
5124 873974
80416 134675
630574 371263
915255 622959
745945 919707
856500 450621
172341 959845
209552 169494
209576 900841
812115 218
576272 190485
4289 370766
355280 848525
936136 111892
794951 483760
374303 661169
392426 252526
230706 270784
474788 437048
740924 55989
459118 683698
771935 776150
726795 721649
553901 477380
958980 701879
202835 780298
86314 537256
813364 20925
381691 200139
565801 714408
180471 658073
480403 700113
56050 540012
458252 949652
416369 205184
397493 843222
956403 771547
400162 926898
218042 240166
777714 133242
152159 803160
94722 634478
227288 277665
885748 527802
137711 877318
417933 168184
392151 362525
468972 118248
989785 680581
977238 720430
311285 970691
48720 370116
355251 729841
744430 572287
375812 868325
826946 231200
907962 392551
653026 587799
411242 662507
80303 727524
8924 218629
882661 156077
339902 65953
854125 884507
542298 682487
146590 975080
689909 787637
197190 59323
837143 195038
230490 60298
39653 789085
173463 350132
794574 906407
606483 308301
957538 630907
161361 893745
774359 472039
692468 484364
578109 228152
558905 876474
228822 810138
797708 667826
708628 461563
946172 237664
338342 721207
559606 148896
538642 148358
769705 137894
879621 902185
770623 856911
530154 309537
957918 269616
41779 685909
420489 883549
780269 664378
847295 715443
3102 993772
697632 675390
56174 124106
627473 266211
248332 250451
389575 373512
52490 787522
62320 266149
40949 693394
954623 196158
88274 27217
787957 620508
125145 693277
167623 998828
648210 50743
663460 395187
402185 769899
96635 913916
46518 874041
132620 814090
409972 155735
533642 676780
493237 743430
228736 661222
289185 946769
842612 156178
608998 693319
98181 309698
947862 677391
108460 456935
220289 769466
405027 586530
752616 98354
915906 641168
983958 626616
748743 994919
255188 577106
130680 522010
270249 343085
12782 173479
172725 998098
537513 108530
697157 368027
68589 548000
838354 48010
453630 352273
284791 655388
81960 7398
157079 776491
655870 775203
843258 194828
537995 819823
511847 848668
385140 207648
732506 905107
657064 206078
862615 698351
863553 691645
337342 234557
795666 958167
230277 221198
153771 515003
576228 259768
138254 186106
125108 561664
738431 679036
767716 408736
469626 100389
615546 31921
557459 871703
536888 322191
268391 64376
44916 554594
658086 929016
429863 867803
308176 625069
282392 461819
52021 718367
472401 579410
360519 259908
300504 690900
580113 274525
860188 409911
831319 528376
866624 544385
504787 722
460816 744298
294747 66838
882656 445999
311860 210519
34808 829727
629336 464235
484840 22595
321488 933998
346183 789540
726779 861610
182092 337859
96394 490022
930280 789167
759180 478954
665006 746930
601970 100718
368226 47182
408656 623580
964027 109430
95222 220279
117932 781921
132576 150140
799460 363816
967001 363549
468232 220658
235850 849611
840258 588419
730442 46189
506226 422723
682998 429880
585422 143274
85140 756378
849885 908791
71122 785838
291398 555420
407191 349991
834153 108742
546636 708260
738901 406551
837793 586318
346413 183747
823155 748609
670970 63946
136557 838046
197733 719731
907694 173185
877351 902278
388061 196120
382309 313218
235731 425409
499852 213074
582151 444450
62731 332189
332688 674175
726407 405267
499547 593853
25618 924420
429354 519687
945999 965911
526923 619996
561924 404142
263558 522830
608792 839227
128489 766356
20435 420412
536634 873977
62484 391655
487790 619224
520196 23550
35933 38284
838558 238012
905123 543031
602385 117130
960610 264881
464021 937542
264956 807923
935581 518079
182952 28121
756133 72629
103043 558732
622189 605595
473181 880073
672052 816545
329736 987180
605710 314505
1078 52498
764656 257986
792015 49036
985317 505895
168562 431812
84733 539943
306715 226526
45385 51133
706935 29895
340076 827484
717208 223221
38161 803759
804503 64770
376930 83760
968561 612395
640838 662445
124637 415296
970200 940771
756875 443120
537501 764817
569481 142980
281553 920955
51410 925507
425499 206489
790396 390230
976688 608679
508442 574389
586479 995554
573345 361172
809192 482710
599678 599330
513874 729442
527056 992744
487630 324461
579809 103465
492113 568004
691928 770449
782054 165829
277397 21716
378871 204881
499618 730829
498394 4051
568322 683259
490453 382502
356238 704019
255622 376920
14838 986381
481452 948580
196197 920156
425360 141565
85789 554318
485406 292064
687008 520953
599200 742156
689086 914596
151361 223616
449645 473841
804587 906353
780070 209165
270946 693406
505944 127040
607865 204598
907071 207321
985588 378472
661554 138387
271021 22123
955614 444507
967220 518118
272679 937140
202862 135589
183421 291575
783615 906091
619640 3131
351084 326187
214519 264667
304017 361805
561929 659090
853831 754985
169738 97292
333533 456209
110147 229034
283633 635913
538956 941558
138487 143853
781225 891521
207640 57818
612631 176529
24497 721218
749642 839920
707148 76160
651378 974477
651094 911919
134335 813373
286180 994796
19175 325885
597064 945637
59125 63015
67886 999670
441276 266849
52120 98208
239276 9053
417209 497427
426065 167940
907310 350715
353636 396032
226113 329654
230300 672940
523124 411763
405167 72724
810613 274477
478378 513044
630386 775155
996613 938635
660728 286370
748788 33349
400053 684401
982022 390812
867745 783843
740055 884198
230790 404989
594540 118172
998030 966313
466879 186549
852265 899087
693027 379000
918364 342309
498323 242447
76039 525972
286132 2563
234590 14554
294321 751756
323957 262408
352973 229408
379255 13841
751856 32538
421891 534738
669919 63540
356520 571692
790207 474372
355030 838001
835454 225746
391572 660251
644335 234389
710828 254807
196035 589833
137673 45203
110554 842716
160748 21685
820460 951796
373655 178927
671096 520561
547351 4269
485158 941171
124419 461840
402869 825642
519 296532
472806 347407
362832 257931
689377 139479
741870 257247
252069 809772
629959 75838
502001 588059
207413 882953
305822 549223
909341 71373
874614 786786
338223 858228
979414 931294
134121 682592
663445 542924
338040 535311
12692 5549
505558 154223
464086 188020
143798 498684
795445 140039
163464 26877
846559 834809
836297 766584
275813 397850
895018 838655
311909 12133
335675 541532
576660 414402
730088 170872
986397 550754
280364 705615
266091 549319
247146 133321
876243 769827
987342 766601
352183 574502
67450 319856
206313 150240
105614 199888
551116 867047
64879 961825
628283 792080
793922 187984
739311 219868
901922 329379
803608 581047
4647 299286
821703 873063
40536 537117
932990 282225
371930 214199
318759 506157
233717 142889
972112 376212
9165 515758
764290 158720
472807 97289
33085 290968
967262 486405
624358 570846
207433 170766
205097 527382
300691 334453
984454 216055
352667 937603
17591 910353
286579 90157
376669 321173
905750 846287
369034 662120
583051 388939
667033 128158
230835 155031
216585 984672
823284 998195
251603 264756
890839 764698
255006 878218
443903 101022
545303 889473
196931 252673
652796 671789
877752 88598
433519 272288
590840 337928
817593 779372
544620 923710
103260 869024
123930 353103
259403 727763
31154 79915
285673 59128
528267 575143
216323 845333
292976 101247
368600 439418
423398 134499
591975 458997
940871 272358
325582 424996
158036 107030
833039 29564
771470 696189
120266 386488
276435 550971
763513 219203
120219 55627
413522 547650
327847 515953
668767 949577
974263 503242
732418 938271
401481 802264
368662 698591
881826 540008
511836 176507
695808 288717
752222 807286
258537 502265
663114 960772
784663 181286
233513 965525
530446 826248
239804 834459
910607 655353
585305 735663
166510 372415
141155 71741
582736 737104
102733 688395
914836 432034
7667 792643
611446 404249
185572 452761
469017 700838
231321 277678
495438 152641
613085 558597
398638 577637
682955 248636
10041 411400
293983 779762
322317 767710
878960 683158
925307 419223
736867 417123
85091 536019
136389 886985
504231 428007
959815 205913
197109 146643
420644 774691
246839 321146
747813 224465
864694 485154
8327 267750
644409 459808
105810 610392
845926 971644
385851 204698
358117 648594
870409 973550
837118 709968
970411 142089
786529 123129
290423 759545
528882 564186
566721 481129
919155 254739
846531 422013
909092 661335
827558 854645
164815 258765
887098 46505
203288 94395
235414 570124
982612 306495
486344 497100
5679 514895
89637 176160
174049 138689
745964 623599
750172 587762
614258 886756
157915 317194
841736 75940
42697 936923
68569 3771
658598 201997
998667 952969
27405 330380
458447 532835
361720 882158
579502 525918
567157 116435
924928 213176
816968 62389
18813 40611
204124 445607
921300 423519
341684 248557
442294 834801
456670 307806
525313 411723
786697 114889
562610 872742
304073 412416
754467 231094
903302 355008
610038 469876
746436 46718
831209 375102
201392 955182
359555 758622
337711 310652
99993 138587
831786 212318
626811 900968
632171 9587
206470 30039
244352 699809
446458 716359
818087 703938
346247 247672
929378 165473
319635 837906
168734 660606
671986 446825
449998 661837
841368 811963
930796 925567
444171 327570
758654 310182
188644 718759
461647 916324
850974 413634
534371 721983
447798 355290
514972 957114
77825 815027
54738 680831
878524 409316
712088 332077
441343 376772
832944 929189
615574 994605
585062 218481
231819 391958
405651 562961
32270 963903
308493 231116
188144 363218
219604 613408
202094 196126
914045 5534
543698 85516
498134 41719
336663 381888
299727 906692
367306 346441
632911 690950
114819 394743
511626 585420
826204 526173
837392 813462
302950 801439
971215 967906
590708 363665
37810 881185
732993 743841
142432 10420
345607 313990
821978 186557
355450 109587
775803 818879
48957 833955
326875 555808
220664 428295
796533 271181
629453 561985
183900 635611
213209 783406
259934 32369
196191 721509
89119 859080
100051 490135
81161 692178
537714 855346
987113 948756
235542 951549
164600 727568
972309 602486
509302 60316
174093 290868
183143 635581
248566 766924
448146 449319
38022 41038
751120 246738
630124 859477
528626 751818
307479 304217
287703 45588
233571 902191
389111 992925
908873 111547
434018 313710
887459 355228
778503 583414
522936 895057
791052 42667
257879 744986
136692 864492
675228 708468
995947 145683
804142 876337
248792 338253
311841 566680
864322 7045
980662 703657
886049 395797
285637 102912
666234 687303
509729 698758
156197 60417
258470 455078
565630 952450
188447 442054
484346 31206
269709 390499
297700 759626
136404 17028
932494 533973
901664 817725
372994 294175
665966 254319
774824 40196
900540 535635
37784 895124
657885 638780
990976 944809
546733 275670
40121 422175
854894 293279
207012 982626
16258 327506
387709 918656
257516 401482
211130 149562
799940 788079
332632 34587
3038 201560
768363 173574
504160 221694
955850 442219
607366 874506
579979 91706
169012 927987
297883 517332
346703 434874
65954 165468
850978 689266
949033 328484
720061 726087
45272 271561
627478 3972
205510 106804
354301 566681
866820 715736
53436 127942
995436 767344
596247 199564
666662 72941
492927 919882
102186 679339
70526 144562
875634 366851
831028 416094
288279 577537
760783 770250
695393 877581
479346 296802
641963 166782
279458 233791
53016 816183
84557 56316
985227 302093
271878 722055
443741 501243
243512 201099
295535 490684
38416 363111
151693 598963
279958 739467
522567 724864
349867 481672
830062 240606
829257 821276
561091 569421
741815 202495
481642 380707
441899 474544
37694 423816
110879 894777
774468 968770
512988 56721
105793 230623
286971 922945
110227 292741
587788 487505
905810 104664
758278 204538
578321 912043
712431 375733
87510 590318
610199 935559
242482 114476
876584 20713
831666 124160
300804 374412
361217 847443
297239 836030
992770 432999
779322 261093
502519 406141
245904 244211
678423 953737
142064 937496
848620 50786
868072 817027
835498 791635
560565 884546
274721 115131
143104 53735
699230 143582
726706 158170
849993 378063
423273 181575
778870 704312
857101 250349
822396 370174
366929 737593
760526 540723
909207 273711
862464 297443
696052 440896
117790 108429
180637 445881
757553 742985
94597 330952
345722 326070
255154 579617
666026 261257
926036 113349
986058 272209
826947 65435
568016 191619
977800 240852
651521 723066
803962 704046
418664 908630
830962 756177
430551 680699
843909 162807
777085 625211
235100 568574
885119 838041
486420 307354
533395 949912
429154 952289
656338 483591
306494 378975
125188 601577
376907 83614
364374 96991
877010 622764
44987 147835
309053 358366
944429 549562
111917 530705
410266 181111
545811 690651
24970 450890
327541 160863
152107 307249
571100 562967
954777 428415
222405 374759
149860 100433
784159 27194
663817 251211
162543 774496
105719 798990
758736 661859
837456 638891
746567 496139
424094 125316
812488 256363
991654 239880
269942 741132
254988 982006
819112 935793
328946 279653
527446 237568
51254 330966
454033 708254
866645 713205
281788 410437
359171 518740
159688 607750
825612 985981
700623 534410
426985 688674
100072 912783
849982 82281
758835 62635
264438 7728
660295 383081
142158 129633
518080 756568
687133 478739
520612 552509
194868 96326
156065 137139
444021 936840
159892 114930
348983 422031
24100 614613
543996 127624
792247 115254
309504 858461
316845 257249
275648 882972
574199 247673
323949 367512
431509 313084
265866 637364
380861 40508
309105 151654
430217 51847
216174 485462
204476 924468
718554 624911
972105 543654
956762 798498
998121 960336
706514 892689
653505 115160
584280 562105
349731 105890
246012 40621
222766 708089
755169 781641
54928 38064
226008 545373
729785 494341
946851 588707
450760 686511
351226 176352
380554 565400
564101 866783
417801 760192
703856 164815
547138 844467
311976 316958
106543 238918
543765 72832
670132 266729
627531 745278
635735 652357
730652 941836
48470 866483
165352 962008
634569 18610
532355 668332
134434 341247
645556 440255
566274 249002
154414 727667
617233 587122
338211 953547
176540 708257
786184 262395
619478 706700
926924 465214
788170 235705
478741 284495
707395 662316
29779 110801
860754 479961
114801 266431
351443 61561
668890 909442
593792 811271
336340 464654
299401 517759
908671 859621
718310 850885
325185 163605
593550 596973
498586 94326
727868 173099
672696 62017
288552 840254
781288 587470
161184 207808
143578 69224
966023 157699
838889 520119
746564 128701
141703 268795
904098 299376
420389 655150
723135 495127
197752 387306
373566 988075
219466 207205
441346 191401
131905 201858
905324 592292
101818 995918
799259 37508
853853 260947
281731 27253
534994 50698
45705 595210
143665 126309
179783 900203
739969 140454
439879 54388
899007 969999
127935 999870
629172 829148
603278 479977
405807 790082
16269 606745
572406 41285
591986 168874
513503 682051
395684 165446
486760 394189
600410 538004
994114 123924
807763 482998
981682 203989
450135 809646
695280 813168
220233 309666
168316 764252
441918 615763
313867 557444
510438 265191
404410 966812
296823 834558
611982 221905
76022 888261
560530 509448
344773 761654
380119 712260
40942 765621
565782 340468
720074 435369
316846 388442
464324 432648
741918 942360
663525 722077
42472 665394
692009 632695
504709 232463
500629 277660
601016 283044
503832 477249
497291 600050
796160 514661
260371 277062
589908 693488
875021 132940
908657 582359
173864 94328
132336 24892
545940 288822
203653 254052
181694 201845
11947 699610
358745 761356
350075 907020
802193 962294
813555 379710
253597 598308
630548 30907
6646 405251
586696 693468
949732 767309
513525 140677
694800 949632
443605 147497
817299 657151
385243 309789
919442 699940
678173 218284
821025 274747
45950 819498
966279 540447
725764 68971
694294 442847
211062 183099
112669 51809
359800 270778
430769 46398
416906 455041
695371 787841
980621 37807
275850 969334
626662 985373
264312 434550
644603 800774
954497 689461
333064 203617
857586 92187
601847 258645
313179 740734
791972 53544
45919 899270
96196 789265
855998 41520
299309 437430
881591 990329
893944 529836
662880 511361
233594 898983
224850 400317
297353 498568
791381 268194
82153 975838
88367 472675
325650 655667
48724 161623
465177 745556
210868 197303
874488 928396
337689 954740
517408 891048
233984 244835
965717 119197
825701 765336
18357 601996
42169 498240
577422 758855
799846 822174
423498 987633
356359 343735
592125 961332
911185 522510
410195 71431
757145 783127
960790 295695
145783 489528
81309 34795
433439 179539
973878 423048
630838 409053
264826 558678
118554 976505
216761 745952
31252 87561
489444 927184
528943 690530
85311 440232
397793 122139
706640 800156
883845 180790
177248 367112
127502 525821
319811 577652
692411 918433
518069 73809
57371 443720
202969 290745
208021 126131
939914 151057
168763 213177
562659 654226
482790 43022
642653 585549
38002 493379
394038 949376
471135 871415
61827 815650
470645 461754
281482 459925
879458 216003
449592 623621
501231 248686
416116 999897
210739 741275
555029 608088
512593 512823
443335 972496
141155 890571
870441 329850
63051 364665
368029 649572
194056 568065
285398 873810
641186 879036
276815 970846
55850 406593
76409 603344
897236 430227
611506 64638
945032 51729
781810 328430
730 600047
387399 737266
448084 538331
597850 951475
749675 199872
473570 789281
240718 536295
339622 49657
885729 620914
868952 947053
278455 68485
961717 479151
195406 830387
79434 789941
15584 234276
298522 225979
414013 118248
732941 579242
898215 240874
114481 416962
294337 531788
698063 620772
371112 148709
217122 372126
772913 520270
830229 124226
388218 606722
864986 409239
104004 735757
960047 177585
888413 965427
965940 966376
99710 152331
442121 782039
190180 247920
450157 28075
457513 381735
444986 969835
2731 345014
159922 576419
194277 461351
900292 842961
589762 8173
385127 162380
972695 896324
580735 700017
739731 355182
757648 429007
624287 147452
378940 723648
520600 921398
132806 493973
383324 606412
668415 706789
315296 387992
623191 653375
42063 135147
701310 120111
574326 642856
952529 882702
685136 569750
290802 633138
551255 394138
39198 703771
288218 767353
260748 901894
193043 169288
51866 802479
482697 27759
867227 631631
474637 865584
346281 47551
212899 125237
1176 488577
192041 170440
536963 280976
371751 933879
66753 792251
363000 969542
710782 539202
768765 291559
330927 202708
344078 690634
773256 397519
576859 927270
754806 329999
771993 535389
616380 53884
523288 63924
3348 557012
886917 365333
983515 372748
739216 528879
732341 501777
626648 918317
540737 484751
568308 804925
213012 629328
648358 707680
379301 651893
181835 238151
183039 48769
193974 901732
880587 706729
728510 765998
524977 652078
98064 71915
84643 433419
858093 497105
261747 728329
915562 285615
492058 97142
931565 294678
99461 210912
523081 8783
679283 884669
122557 952338
7283 654898
469580 192026
445007 123984
348918 772567
1299 134056
951638 843008
489031 976257
554949 852134
275541 624897
321594 858223
647965 891394
739923 867290
416509 889719
817409 397773
2811 811347
380445 10730
832033 359150
404596 255859
772169 676152
799459 571838
706801 983528
287474 467636
368807 518399
680370 823248
531021 237696
447114 227618
586594 804557
369938 861201
942919 919103
340521 141936
614765 261534
336294 680425
180889 538691
913804 815385
586056 406960
703641 144314
