925773 708988
107970 659833
158515 658862
867056 132652
273530 877386
612096 350557
862080 434423
533007 630403
165902 67309
104262 385155
31189 811171
97059 192223
592218 955872
302350 995158
261232 256106
913554 656877
494910 307692
981195 300621
957224 27839
269524 238569
856137 692382
226077 992343
920583 219641
303804 827220
294338 129735
987085 923486
271347 420086
89740 974265
217252 616112
104007 716255
990606 605631
349080 667702
801482 678667
719044 379702
346859 96251
218625 999315
395368 766113
501338 468823
550772 752508
471762 133611
133742 797620
482943 109956
514153 391076
636184 685237
834520 599996
371919 257439
726403 826106
584242 14423
57922 702923
725677 168543
176657 515560
558030 125572
750145 815408
225327 472964
995263 212216
894119 493109
549656 106802
714451 925050
560468 331802
336024 202850
88698 739120
616042 6344
824855 516332
873193 579279
789620 622827
802494 166912
486881 794800
32499 293519
348089 272139
177779 39274
575585 971335
815297 550354
413153 718242
306008 210714
10721 106594
574639 166240
373138 110768
9880 801581
678360 734346
98484 690716
114770 498548
314967 758648
326355 138038
893236 724675
112800 245362
545289 828219
795984 221080
711513 966093
792881 656006
811571 186860
520215 661548
663244 148943
299967 181849
112051 866731
509848 14470
280973 502809
977007 35361
841792 789597
338937 313165
869159 603068
229191 495794
177228 101191
7322 981117
943211 419478
331043 166550
347759 737931
468375 262101
279497 779455
415427 193658
945635 902083
939722 277637
528901 163286
14510 178922
46469 862873
664317 712598
721000 588998
222321 30094
390637 376073
794278 873422
238412 938244
292659 95359
492196 178462
304549 98884
42385 550426
173995 249693
168413 81799
244561 205716
46665 94304
739703 938046
323028 707661
51606 52866
941175 377738
771863 953078
450634 53783
252871 502591
644461 222500
218099 308066
952513 479631
734844 200395
61741 406269
683419 993985
205207 681811
289137 207930
461527 308748
568230 719756
235447 39039
903748 792461
537164 105921
960149 118577
475118 702532
699276 55786
741521 297250
81617 987042
180146 8651
652183 938876
112859 909980
832933 451425
976545 51686
915983 962462
706479 760048
39865 529798
998223 956021
865477 470262
312584 893845
696470 369116
963869 843442
847754 19953
461696 671270
238113 106347
962193 494440
569935 371438
608822 239666
311599 906216
814316 223104
358492 427024
228628 93493
289467 269422
73487 930439
103609 965007
664436 967421
492821 980771
555020 193885
679656 359641
897051 448286
170257 868997
901267 517424
358511 941164
399504 845205
393530 477518
116418 620858
329801 922887
91873 988763
937976 637610
717359 416132
760856 940348
815995 876159
90350 555738
419859 502000
730983 141582
192437 921333
248084 430015
19073 679529
731768 401570
797435 164287
419989 84774
822366 245758
51854 435357
284925 312821
194548 618547
569435 651079
999478 819995
187815 717605
172438 781491
588281 160924
882502 554243
691687 456576
870885 713126
891560 619929
187366 479317
983471 385595
658383 997976
618031 138644
139447 932490
645777 122873
132960 578625
882063 304478
982942 987213
278538 417649
269991 335032
363078 14316
778243 26509
398014 321623
618027 979390
848624 806538
324296 25766
679985 480054
637536 170805
742847 13707
41611 921439
58290 928490
795697 508128
83593 961776
955591 508641
412727 349056
926245 898307
624748 126716
878986 833341
798119 873408
683641 756023
505197 122269
634931 767862
956698 781553
634646 68966
318224 433822
77491 968864
543028 772051
920740 371839
743126 966028
354664 205491
347787 736042
418113 361484
743355 354037
216280 976817
45260 968730
939909 541925
538284 436809
765475 439266
708150 187609
847196 779744
825052 448564
504314 872583
752026 682631
253337 888915
946813 613302
846981 729166
609400 438660
384991 663099
720133 590511
561953 446010
508795 906539
572617 659588
818619 332970
731693 661187
667165 644549
422378 689495
313330 608300
458657 784346
979247 117118
477590 956409
16864 592615
850288 999020
104109 460598
278106 512114
610960 968351
470179 886336
127684 898070
811372 376388
369289 413989
7003 334038
554109 817863
315682 984455
246000 773979
429464 691985
844943 918102
225994 511919
924995 301301
498366 971722
861781 383834
843455 851274
114199 678274
159887 317645
753306 908689
868908 221110
366798 286437
934756 569619
722597 864423
695618 600475
184931 601844
555910 423950
770932 235691
706364 273915
85366 390854
681592 338513
860744 7347
19407 175293
208654 505742
554719 339000
7314 87558
251302 518034
869741 520812
919142 366942
719154 941878
996556 467996
944799 577306
235558 936193
234627 7975
680962 664345
530878 94267
467075 491616
708311 169567
290617 301034
975430 974948
658319 497004
163014 706879
101852 23603
552641 55118
238454 220511
991906 225915
488584 847306
548872 628382
147735 789381
286651 928045
729225 723644
997990 399486
409383 942913
678620 650793
598757 430139
188380 993061
779372 506363
933837 703792
353178 754952
779365 755133
627523 181654
279931 700305
362068 872217
221831 337048
10415 56002
727319 713751
729882 841993
501250 240847
217561 175365
78269 187703
159027 156104
207126 134290
772748 899193
723515 166074
106454 772740
552675 821105
140394 500016
641706 80815
869945 158721
675219 956502
766135 981556
660936 488317
856847 549383
354872 569485
257541 232745
419279 153799
642808 165515
361369 473246
491952 190445
967595 298825
468330 291156
261765 475739
386894 532924
777280 224762
23170 59835
442874 532164
607564 474564
209392 67020
437744 458878
935609 402436
998396 133289
279074 550385
480645 806558
763808 361547
565376 213873
106557 57573
361994 482227
84037 329243
175042 821720
171414 541981
281428 565033
443355 153521
565122 770766
909122 171107
455785 114369
789170 790774
780537 589047
991584 88809
581734 891336
957051 919301
433751 426043
673585 600564
182238 852681
507704 411540
210473 617894
143689 789398
63609 635775
128316 844719
461650 953646
140974 757635
710625 413193
195456 386070
371199 142042
259289 203568
596485 792112
55238 905570
654430 40267
782044 43306
687483 338978
250376 974256
730037 608708
936014 690138
916425 306358
391045 443687
545056 109739
997638 326302
806024 856404
992845 793791
161853 548141
89478 405818
143569 185270
689260 852251
505051 328448
184233 807327
644707 328551
282878 703454
10271 422103
947021 275091
111730 273263
484685 294302
794114 6941
26004 899790
913854 655782
763290 984692
634521 928993
69791 780082
996199 89897
92808 328072
706925 431873
345184 569424
979933 906024
830616 695481
605227 392984
540942 825462
237247 395265
339936 574367
422875 965639
276647 17534
45177 970925
836158 604022
793037 842623
41720 769466
55258 970574
336412 710126
381904 610465
818868 446489
646287 268559
684809 873566
325318 572966
602552 517511
34733 169823
218905 858587
16727 75406
289046 461927
601792 294192
547310 158749
104862 948723
983003 315180
399743 720492
184491 652187
104849 169341
446864 159145
580262 719834
40003 486587
462641 875314
723706 700437
481682 999422
479545 440189
624171 535505
985793 197010
255004 521538
888753 159400
642392 985438
587782 623992
520303 142686
469357 560914
735833 123085
669403 863884
405122 372930
163693 750287
478126 710137
78073 812688
973408 181991
745846 940783
36694 335674
735165 210045
803948 782584
918283 242012
660025 162466
802237 797408
375896 602683
905376 118735
699798 745601
547736 453994
198839 739964
437204 575615
878135 787328
402773 567178
138399 277154
913784 841505
832735 814493
841523 726954
735679 630426
555438 675356
508641 214252
644425 446201
369416 321364
432267 876900
693755 57649
664932 853375
371588 256592
973261 662541
67235 501641
484597 707433
851477 921469
378417 182529
984978 468607
772686 635836
635486 370209
651343 84949
464933 761347
845524 380212
911484 301131
245588 352826
267644 762794
416029 108295
338858 37823
397718 675439
539782 340881
365962 232730
168661 889018
629402 43284
264176 493077
409656 474782
848893 567179
256111 121527
431900 704514
94539 614841
164656 550068
306646 170808
335055 959232
885951 562375
497296 978263
425085 556419
273938 194238
133647 749963
752460 590582
726045 57174
326795 890175
677928 770483
512025 784585
996239 544463
191475 154385
952146 121252
913952 355708
44453 401284
591133 297275
270114 882943
514921 972297
785974 911726
750642 47601
495590 653398
971491 277419
154011 106785
950897 516698
137768 555064
537815 637511
343125 917067
126782 900711
117913 804646
99381 243107
298759 354138
719014 204973
33630 536046
742197 886496
444765 179141
353985 573222
287259 653154
218308 328675
32534 391565
842857 711575
946793 911158
518652 726583
297190 162166
139385 767431
55549 87966
152385 705897
963734 933024
707669 470819
755892 745251
947200 386556
66271 179610
449134 11553
400002 495983
882172 178342
637113 235666
211818 606775
447804 760566
907353 976372
111030 795986
879370 170624
645917 887110
655321 228734
935563 876467
786957 566637
384438 417129
29157 589063
281090 835159
713737 854203
760214 356130
329193 810671
4086 444031
808154 601323
64299 933788
781746 815761
881501 763722
984797 881185
512823 221715
432026 857785
903669 286681
416218 558240
850788 198764
362722 975810
659447 571755
868747 267270
37626 151201
274536 57707
51743 745637
188752 88098
157441 441267
18550 523403
703400 681272
565393 828353
992159 159508
79565 846456
886265 485836
515929 934614
109935 223646
494621 41864
271593 325789
907142 599305
675339 69274
879707 73535
409909 475478
834394 642597
780650 198236
480057 701124
784345 633506
181712 4742
79251 186746
870353 852625
725306 835589
394777 544800
688533 933943
388811 743019
45116 329338
547110 138250
830605 377672
521008 320057
464434 609095
440216 211555
857349 812068
690644 970715
590403 479970
591304 818906
804550 254774
489670 835236
135387 742001
318839 399617
46115 346029
212314 799130
622483 124173
259448 301514
303155 698376
376608 165247
843597 874974
682067 290712
349162 358412
256506 343413
654698 835556
94304 208025
805450 891104
370366 213547
946049 537938
466083 384950
866369 962933
974150 320221
828159 790288
150104 113450
654236 48675
377706 325110
760934 758880
679821 441859
630691 358697
79626 220045
451192 558207
780030 944723
242496 74230
899081 38704
467188 216011
897855 279799
52326 1257
817521 101779
650289 894778
902664 329649
164217 141740
425606 844082
141225 572996
231829 824974
375323 588825
293769 450999
381137 202006
41961 94960
674020 744417
508841 966972
400237 257407
971554 534193
884418 632822
263501 23716
332271 526895
206879 780499
772399 686089
91292 159488
253969 963738
344060 991582
951995 765646
332504 984634
788091 374446
116569 383876
654849 272122
98206 527125
202888 824244
900499 513883
69684 604895
806460 389401
475194 618678
729050 953366
319720 172696
20530 39322
723006 167237
16508 232245
114742 252496
513124 937734
625646 56705
879326 206257
376502 799769
940850 840087
494834 504375
638133 591702
770355 706855
918405 333219
123099 877463
600798 53762
790293 59690
131031 659384
503712 611787
284686 942807
863069 911533
559987 433490
571501 227276
834687 159933
183210 724954
55443 193719
972551 457099
110153 188912
935183 109775
617167 57559
130765 270498
7261 513935
402585 724647
354761 228715
183528 260958
890020 854508
196515 358866
407613 579958
721073 466979
888431 325934
110339 810841
186977 618409
473102 285399
657212 352319
852345 472012
158504 569311
843477 377196
223651 706544
454940 982684
525366 325137
272408 510301
656175 61119
894097 265069
685183 309763
232946 679826
353285 314566
372688 329947
352205 497181
991047 384046
971619 784979
884777 54341
518011 185889
695604 85619
274100 233114
965325 21695
982983 184307
767895 698290
301432 342768
957377 488433
392603 791670
313510 551125
195020 441854
798559 134966
978419 260054
779691 390382
825966 688635
840024 353740
415925 786386
575180 484484
194673 871830
828504 702151
320039 143475
660256 51884
287114 941170
344167 235380
956814 205287
569994 453737
590992 677246
383721 624786
306576 929954
165856 214633
365739 640150
519149 14573
204358 218863
740900 427287
884648 643407
451153 838350
814602 264477
854328 210395
645322 627559
907266 138563
765281 218652
160150 121743
921703 819115
78110 650245
406406 794726
451585 704249
358823 126546
78105 227761
510364 845419
945336 876574
68658 759090
817874 957611
633146 181486
954478 123686
845461 584164
771801 741644
293929 953093
132697 446069
339720 130051
150434 773154
901321 65518
973041 619069
869665 66269
832161 921201
355293 610834
235527 678692
802147 288979
452350 156282
123815 455562
696678 17041
202618 868828
199125 778798
80908 469531
115195 680008
351626 197305
619135 722217
926798 292866
22560 178480
197816 687921
2779 608228
578122 202849
401803 46887
458652 89032
97021 36014
607252 776986
683842 517844
573400 323182
391678 451311
3067 86365
568211 486595
276847 15278
943705 54225
102748 781209
151473 771312
487592 59453
38949 651874
71613 602998
389301 766192
523517 468582
762919 217711
397773 567571
567561 442430
508524 121393
366129 520350
259682 712846
643551 819909
199038 628297
635911 111769
356109 873756
48291 324413
831274 989315
701536 748730
498097 856899
345890 826261
979215 589714
886625 563145
861909 238956
645447 161366
476597 322506
432809 471071
144574 279454
773104 719015
148800 581533
633526 620348
532462 813257
883002 242300
92240 794256
4476 762040
109803 417784
680620 626453
378041 749196
398632 521481
49435 768391
202711 88289
225147 631388
321765 575912
861919 920139
146218 40568
858436 707287
198523 804977
346223 774556
354508 198740
418114 377064
713730 880997
873044 620849
606340 665774
203680 505746
672056 419623
885703 78173
696658 387855
781104 893213
492780 52238
911031 707785
635271 202493
937804 146317
465867 97948
909387 402733
907 913335
310227 399102
180901 973577
