842409 580588
362978 941745
682397 148150
659849 130356
505222 285627
611458 538041
69182 985800
784094 398530
689997 723802
653463 572284
352027 67074
198473 542307
747022 13933
179469 958301
869518 680049
468580 39454
397695 674779
497220 538742
544026 775162
441498 614115
593869 441208
401664 246669
555434 84056
625506 654107
577432 763480
906612 711254
852371 191109
9431 15350
909346 382171
176516 763728
636405 902054
491108 255498
262198 564656
729868 50377
788695 328179
491729 343862
857037 241557
37951 751050
598617 66510
441238 686422
267691 224170
634659 482823
574321 114967
288135 210738
746069 364560
63551 839227
959277 490101
763075 705943
712458 782410
23374 442622
298322 930338
195274 874794
326946 269913
448942 433130
213364 292627
201283 762730
394015 381639
818247 702082
38563 778208
160489 447848
188477 40456
542095 671314
597972 965918
424315 811321
802318 328586
602906 991330
803550 744346
759390 433126
508098 55203
222182 374615
375696 569426
262594 658246
223957 56528
256148 113993
794599 728468
482319 837342
487077 80738
633873 545967
750173 358312
567791 513767
216558 8720
328660 917240
911449 176589
106630 868442
912640 387596
446843 241085
439337 526037
524316 75183
481677 728298
660122 860117
87863 199937
977653 630356
822867 383953
400433 618933
805907 750672
73233 870824
477387 975138
126950 789837
384964 604214
761527 266671
391220 647972
926430 374355
566859 146987
779244 42128
946608 214235
749348 575487
61646 99672
165815 929156
678484 693395
510130 442814
644185 90220
505630 911617
63637 699084
686374 832219
623951 877025
516770 839723
360751 885492
435829 912997
148272 937930
213311 543439
395964 985226
522173 920993
804351 945674
560508 6555
514170 439323
48760 398072
558615 759800
19703 186509
922946 334832
286547 472379
864938 253414
274266 285554
454923 618417
359798 963744
2682 7594
123646 877899
762694 542044
681083 237059
870889 322824
926011 816585
536366 353596
200990 479449
776277 713619
346499 145698
437532 137307
671840 856361
642227 697834
357901 733664
287785 426899
855661 576366
864462 441233
387412 428633
597927 221130
487150 103750
482830 167008
353460 139261
708404 153216
70732 529531
483870 197706
894653 360225
365963 874031
688985 894977
411168 431937
988739 530728
585910 886388
841263 819226
942429 667046
824556 51105
318123 529262
692875 326617
541139 537464
410653 370119
761554 920840
19737 931952
644583 617916
39763 974807
387996 943198
718522 393457
188335 334917
857112 463129
924105 239122
289316 642233
254136 458220
542306 905921
385376 135038
519652 636084
4482 186875
813812 765946
533137 469444
584578 445360
817551 31488
858248 309021
927048 51149
740382 38806
959708 809670
495970 914473
406154 520052
535898 785244
444619 123609
130885 718173
979512 183987
636624 985870
819605 57444
531990 888781
477725 215129
306565 774902
444668 256423
712362 134674
896608 826706
928242 564452
99792 658779
358743 102212
156978 467513
817609 290118
903212 42097
357134 84280
515394 272185
693464 210795
569322 582098
563343 968075
564818 388079
833835 207587
894564 311099
439851 443742
519540 857620
315373 583854
56280 91916
745806 175649
805096 803657
83380 167983
150327 520003
331280 112314
136196 696768
871930 595028
984358 29895
177904 471363
482818 442387
540616 836512
713524 227449
54622 957702
729450 628021
683753 649778
376388 77004
935621 249870
448202 204869
104103 827228
27450 300469
208328 360378
551808 925135
189899 398983
613411 685510
263186 21082
352376 947540
443766 288916
695919 726893
107403 404434
78193 38116
308504 745496
873004 516561
880936 353647
529005 742826
46968 955480
738476 594968
815014 891583
200392 589793
887554 908160
532668 620552
49943 627860
357236 828646
486296 707727
764972 117494
375335 524276
924335 876656
677009 656787
896808 993976
914443 298268
29741 524300
566515 276199
295191 805494
306377 855582
639775 324777
65892 154920
538481 811651
890666 962390
567561 700125
864495 37619
47676 882657
91122 640782
532572 547070
464999 736302
58030 120012
305477 3791
670502 273272
721782 956761
978382 307617
412673 197038
833511 485795
432557 667481
80877 396293
10448 828024
597103 1264
52424 842410
949295 831689
750613 694559
716355 913954
456342 974682
169394 210585
229335 153951
911649 593986
170690 494988
27868 876606
306408 172221
926492 322906
3596 623038
738314 951411
874655 690621
345672 411268
776591 168403
90274 906765
957768 875215
599849 514681
934487 971325
362134 224574
118342 439555
250244 227505
550449 921255
369648 917946
276530 880666
61312 651807
663023 219002
480909 894224
529443 252265
295623 337052
41662 177140
431055 860883
29292 62306
322137 930066
684652 11358
211301 821205
295903 224211
764338 770209
582600 436182
538988 241748
519313 645452
792381 416003
277160 424536
947437 43092
953182 663931
876280 293726
265099 350877
896387 736449
953070 230498
285167 716100
619486 677935
556687 133131
39199 688169
335570 878656
87623 823948
581181 375530
642769 787687
503499 439715
181939 317037
42080 350298
901215 629955
462134 540138
420883 622476
470519 958486
791978 932741
308067 86926
46957 120581
905805 260979
498421 704005
339815 529565
66812 721618
885619 625358
102925 360388
160253 732882
250369 816334
217527 712104
933197 376315
918463 131747
729710 685146
582383 563303
653941 109933
418221 70764
902213 644964
257380 595666
671978 105936
172597 273777
137420 465477
703630 163052
324711 210958
357763 94054
253746 829886
904387 642213
82063 254662
20942 608081
537886 86924
532975 998558
859226 26048
650569 78166
931202 429484
827996 827197
43076 839710
820654 235608
54381 144863
157239 921924
378499 958443
932151 179584
741724 663606
44294 169591
784226 587833
742873 680501
665126 794146
876230 263148
788541 512488
465237 253117
422579 63959
214407 73140
985913 811388
971045 507107
84569 650297
783106 159015
338397 469389
368870 101294
732950 803609
163314 780370
415057 404849
115522 822369
25040 654651
746448 338442
415142 396023
4808 379110
10026 131219
933590 238146
622894 35082
823406 972737
16447 61003
140419 60154
690609 76090
469123 868121
738933 482730
68749 351091
137965 164563
377236 819147
59753 517149
193804 345836
556306 205947
646314 183881
39416 503740
804401 867839
34761 36414
610910 735074
36821 838893
848614 227402
454257 14767
624321 823146
728800 206032
472257 644117
151513 6359
330147 450559
973641 7345
635147 207846
694918 703215
657331 251689
121791 450447
331200 910525
155346 457726
677160 151237
586605 855063
596242 172439
925766 662319
977352 657668
581596 957086
358338 347262
736706 818156
110010 582238
583932 811654
160003 135953
287116 425860
279278 275637
617395 988957
358009 156148
557658 511996
206734 89553
881223 556503
365475 80854
297909 178621
369541 251675
195859 543184
420950 786795
66260 564274
508294 407359
408759 904979
265548 680597
519073 172631
408440 568371
441736 348990
248943 510445
513657 29390
328314 691810
565733 643983
390474 429748
833697 523362
558743 61244
413032 47591
131600 637117
998683 7014
213176 219671
209154 430379
629895 975282
583875 533260
467433 308082
988291 581509
481156 823825
556309 275024
102481 171427
977091 560859
539092 243205
270997 86460
701775 315948
411952 368111
168244 640426
516566 469953
845682 341032
372028 497722
195760 685318
883408 232039
154654 998973
285997 597889
402579 914008
106175 537225
674363 44050
590358 129529
969685 849168
899157 716802
788049 359654
220078 74605
5838 706246
210512 761376
727931 234309
959897 874361
165296 944239
285732 567868
150085 939627
510302 931943
833942 877115
4362 581935
226822 244720
543267 944980
230427 37171
770024 89322
142884 730402
928680 671426
892429 366148
223182 26157
860991 831005
791872 429591
277451 796606
847043 403665
39634 616483
745013 355110
863688 412576
318714 781938
484403 255252
354109 289214
393486 84065
611766 316172
581221 185841
715425 657281
333871 486832
592017 690549
562143 646916
846674 889555
76898 157670
474661 509664
507332 749983
818270 313947
702608 964894
446638 62822
360910 641557
52399 116435
883295 841453
122736 498801
404093 459575
159006 991769
829450 244692
472862 466637
150966 951027
205924 594399
175619 942525
637794 271267
445230 130004
150186 710522
716578 552291
743800 791241
835735 80570
66114 494256
990263 598778
11105 75818
792718 928880
848226 944274
250441 941748
911197 438202
120763 567962
624693 45855
921222 280485
826274 17362
645450 575393
47263 877516
171288 425281
925527 616173
784880 186722
631884 589824
714305 534715
887611 868237
988426 499585
327813 126380
230609 14093
906977 778641
125506 713592
607119 900712
581346 20373
581044 67325
946890 252769
798387 468163
315937 773284
860552 208818
747905 173884
88113 609494
152513 443223
778287 78193
102031 681645
488713 598704
659532 410564
66513 409936
357539 969701
291728 539103
509382 176313
81138 258937
433083 75604
902289 881209
114409 710729
673572 68565
182250 510260
253668 545931
991546 227744
134124 467636
55599 148217
311041 239968
359793 207646
927123 860864
457327 531541
140358 109308
309149 411511
136463 570130
180623 411401
302922 366997
455879 147423
551557 158782
530912 933556
539761 153665
634826 900964
844649 445028
552390 221947
617507 632405
811473 167372
948542 688579
213755 983791
6306 18197
7146 913075
791950 169730
112289 656852
749471 138385
833514 426464
377213 62717
249554 835313
782540 502283
784109 151083
383432 133885
382879 983377
24696 726439
482716 125055
853204 221092
337918 430733
67022 145397
355359 625399
61865 653736
629356 472778
880771 961743
267255 233361
937553 606476
44687 14161
561311 120137
373370 43352
552432 577571
589784 622564
163209 266677
450820 454378
482717 236175
8439 297017
458413 30523
695780 728815
671088 132530
51583 171552
342910 566113
127869 950175
84947 714624
187754 538039
148899 64397
779349 165931
803544 357231
951221 828951
101094 31428
600952 60972
913770 956648
670824 75645
208589 642269
441139 575822
134151 737016
674494 736186
202758 823135
298819 29034
262881 575762
748130 405303
217689 531315
475639 768669
549951 26699
166639 802103
499783 412758
958259 171599
195613 779032
964405 902021
230031 296554
801129 944302
671536 624461
246938 718377
625441 652143
809888 321968
429625 486646
658311 646136
715263 927958
549204 266131
669223 287377
878164 815198
653182 795573
124727 169088
567431 520414
316240 331740
10760 888147
446984 74461
343033 4886
267823 63742
666807 756847
841174 410459
630025 573585
305494 768499
401404 250375
885181 757188
880295 943794
997758 445926
524717 798100
943869 836902
14458 976490
699053 545294
731707 804009
429397 522069
440199 523403
825919 500147
156550 987849
368150 114464
952974 868313
596165 788145
997103 32195
3929 494385
566177 555762
297369 940510
626398 756377
899313 585722
817581 228023
250645 162309
494831 649155
160294 144908
16935 410173
644044 150917
701376 747512
864915 103246
426088 581992
483291 839205
192292 977811
957159 617389
316018 390002
145903 877831
911465 702201
39372 525797
714221 150720
774213 729976
858859 670994
627893 448359
54068 530109
936541 187097
177921 942049
491183 564186
292211 101716
866921 207803
935228 451792
293456 27900
145961 445769
11490 292631
82425 640752
301448 277789
404854 539340
684716 709531
797760 772113
287066 465029
670263 938275
694297 844565
864104 319968
947708 969763
812463 257668
272251 973756
163899 226183
2036 58278
677593 621655
442002 582463
852301 302287
434097 584849
190531 252930
413133 618479
887684 390957
19603 806931
874258 623981
7467 936672
531414 346598
714359 452861
552313 620944
982351 395449
785615 859923
139885 658057
926847 712740
239057 89053
430553 623587
736429 246498
890483 698619
225921 137075
689514 194861
943691 649976
955118 230223
50960 51222
156993 501976
588453 17156
123796 285841
717053 447820
528653 765123
977280 105653
862236 813522
801705 56632
960440 494226
988105 983386
748206 270915
40365 23444
667095 340106
338223 480665
634838 660719
265625 486035
585461 797758
570436 420344
476420 788745
131943 522741
803274 275751
289582 571512
519601 302641
306195 478030
997024 640036
733811 413347
933948 347001
731993 672958
379018 461510
879177 862939
859014 787942
47681 713032
817930 926014
652459 760236
734344 566779
46364 219712
591123 52255
349339 448403
510390 553487
935147 651871
258636 171023
429619 106934
536583 464722
761015 485224
545061 744939
428932 394035
394419 777457
718671 294969
854830 167357
398560 261715
240015 922312
888263 930466
574404 138358
355136 538067
747382 409084
42313 988189
359130 501756
89826 750131
349129 7966
662780 154591
568828 546868
943665 694893
400502 730235
22399 993649
988640 525425
905064 302255
122440 375544
547475 613901
513754 197344
680573 646736
426037 974399
334120 694636
826260 429863
805046 34988
241999 349160
41849 318535
570399 378153
250634 706606
274760 305812
314653 765413
774137 68782
434499 331446
115810 71307
359376 547779
415997 327085
752150 569022
558418 40800
10858 381627
8496 227788
137547 724444
685864 772809
523219 256578
876959 31189
66083 311607
630700 896349
922209 111913
36016 22885
532060 898398
649774 231880
183125 832100
8126 684863
480360 158524
219119 354906
608680 346207
141297 975873
348548 700727
1927 206590
970466 834905
310539 9485
844926 907987
681127 143737
840134 364128
431081 194777
765576 467191
165957 760578
807034 279046
653841 788759
186473 676927
112374 650433
875138 414608
281247 705987
797728 46805
239227 569636
589808 310312
861970 368982
429404 285504
646947 462393
350473 423479
635870 962812
665043 996487
925931 807258
111999 478654
702107 399828
596118 684802
63024 646978
804157 677261
970990 594074
44213 394517
839772 163065
325932 177396
897144 106402
488409 705009
76553 333181
83900 178075
493827 727966
782997 864157
337654 180655
296909 166163
879577 681229
926034 837413
698048 809320
7245 562354
607333 377624
826351 20427
536524 685462
141562 130985
807924 916230
510210 347062
115180 712041
497253 844084
941346 352919
973969 703080
746934 220670
832055 720114
331012 57997
404817 15149
985722 150325
585007 918715
189723 255473
280371 598014
489690 182305
473851 213689
835864 185393
153710 918369
333172 953039
248282 456488
635222 283523
842536 825583
660057 747840
128910 181009
137738 783873
694724 423730
593239 73903
996977 141760
367363 873497
566539 702154
480141 547302
96094 620524
855032 656544
169369 763823
19295 739935
13582 638546
957274 114390
366706 165072
523183 844104
347910 312349
615699 883844
570952 280294
466479 442800
777773 515943
936969 880849
99050 893963
937993 474325
318022 370987
373384 815839
167780 189071
343383 999452
152258 81040
159288 450121
383007 721832
313303 696721
625059 369466
450742 334448
50285 889370
269561 981281
1390 903536
139842 509914
376468 55065
989589 436229
651652 338281
207887 669575
783098 751068
181589 54220
974086 45705
382325 228047
713714 727690
273403 338853
730493 875976
191683 691988
636614 256854
261751 102891
230377 306432
314049 864603
686584 13763
859103 867467
230621 672693
980441 83729
191999 836537
177907 355708
429309 763218
995934 123971
743838 849050
661877 834671
308876 778663
512089 984732
242155 78075
869003 735457
597730 118368
451896 327003
454511 901810
4975 185616
626228 1089
584736 176957
145272 619040
892633 122231
861228 542148
138613 64420
638153 910244
600661 21521
206679 701994
945891 567261
60506 277036
401994 660044
30057 737188
507055 985287
622264 515672
258297 903377
579244 392052
757756 788223
222648 637406
738910 233369
913095 662459
390728 991264
456526 500741
500080 468436
198868 68876
658818 190458
20106 775710
619630 695478
67007 411958
598058 254368
354487 710482
487529 427223
35761 907048
432182 330961
532898 670613
553187 64157
334741 844800
551365 308580
427559 208873
352309 917817
740575 540045
371179 261971
446986 565186
764419 143842
108567 430880
851200 78561
995787 100507
732124 405292
683774 83526
728744 978899
592962 117080
137421 224051
224515 756256
336437 764131
420454 145555
247591 513933
965827 127399
95512 600248
897469 878032
187431 379553
600893 95404
248790 713239
341295 313260
738098 212910
436975 708106
974059 181924
847214 862304
339786 819471
871471 790485
827800 538281
242278 428647
906659 619374
219173 27875
490951 223715
229448 68497
535240 557595
327542 14331
667081 277198
30536 209091
354105 239656
517162 481358
618856 767323
589233 12321
615928 297412
760667 404223
697062 630521
179385 238913
418699 915783
466605 977760
7547 353116
646824 714415
955076 688595
908244 915705
248204 995448
842442 593656
628209 54664
202532 726427
327386 592226
684347 108040
53653 759347
417739 269671
857785 381407
314704 156391
696785 893767
790891 985256
808163 96117
396329 210183
454970 964062
27870 923280
131899 674617
827092 802984
385347 286992
434642 440824
738112 153546
819552 422073
614823 33498
977714 618384
931487 69045
380091 885745
34910 810
896678 592082
113005 786549
694088 951415
549255 241888
75976 304398
389300 179754
966094 280588
865041 388353
671562 991891
561382 864977
522716 294498
829430 860689
940449 888892
923174 961783
671157 119900
2585 874616
298023 107739
898558 59284
834971 946786
770352 942916
5835 807833
428283 787324
906746 547360
176651 595441
34909 722434
86894 384080
974818 432049
550083 416714
882038 503294
253282 66321
990565 390645
426563 435797
862943 833371
249950 60295
845518 258489
998977 47871
196259 884535
922505 217620
374114 384569
87880 88320
79387 755468
415387 985164
998520 136302
249608 822268
65007 63135
5400 245507
282539 130719
659080 99945
618881 305725
348074 417755
286889 16416
372693 838687
486054 441873
79104 207985
239924 235572
711132 191742
691101 270332
422669 352637
78106 707340
558395 631023
739771 198775
204193 929538
299713 585696
996233 601906
431170 5046
186539 82265
596733 842215
505800 397110
602183 611775
735383 934762
729158 525873
750831 68498
743334 652922
57546 320642
220388 907800
411464 904696
918055 644120
457434 839314
868859 92604
920447 496458
687504 583301
154019 925497
804315 803302
728353 716059
189609 746178
89329 134145
215522 132591
433300 999436
379762 437714
812280 981874
74726 888158
356268 559356
2406 512495
737644 139743
135461 853104
317683 975012
848342 185750
124656 377789
599591 640096
266241 232041
827051 469217
895134 859100
524212 433760
723604 133980
914458 635557
279559 946073
934454 487712
547157 776917
688543 282662
836942 885941
493995 677508
502376 426891
819694 832965
311689 685985
151073 399977
73296 117941
463169 912962
669601 659493
573788 606370
337946 463480
283487 358202
407750 833674
960632 832003
715490 620980
974711 43369
392715 468583
465559 28688
274280 432931
588162 817031
469548 880241
779219 366565
876642 675251
460675 925094
126801 345793
547219 733536
333985 441346
193122 311880
196116 342186
606648 576038
939794 432781
134753 266951
5641 159280
941060 539784
9201 511046
729363 587684
505974 481827
387893 432990
834812 55518
539519 863370
615372 674457
277998 40142
17897 548684
669971 413822
602500 202533
418562 17691
813688 94217
465233 886151
386022 246858
824076 939206
914547 535900
805825 620139
665697 872434
722575 712566
771238 431008
137998 712479
680840 666917
456617 369209
207239 335331
144560 984347
656302 494248
146134 566399
43281 931872
798144 664507
411805 619748
321159 630728
603666 17385
897774 755863
873956 650574
960521 324760
690195 237167
395463 683005
189052 200581
532059 740126
172354 43046
639925 281739
487222 282068
790209 969658
101727 623205
449244 71280
319362 563028
518352 839307
85583 420123
83808 845969
181677 148143
430344 388197
371569 221042
342094 510698
953655 607161
750369 450785
17515 417761
498492 557987
126994 443092
229121 507431
510569 531149
285799 875944
281336 826334
219223 557849
533395 9279
338630 128935
662130 332788
756537 981112
724594 731509
88500 341140
621172 841478
664338 623043
116096 392356
818099 360478
542915 296785
698815 903869
889389 454342
18150 352974
424066 118166
884938 802460
189043 458853
293757 430077
353508 482604
522516 59904
232614 478412
92433 447195
65047 717172
819429 813249
818952 372677
908094 573181
482633 830358
74631 838232
217098 957262
905783 76341
369781 736534
434422 799066
611142 855604
97669 537917
466655 424808
894583 809719
269577 494632
216743 480235
22306 50640
275879 706855
808929 894255
614914 458764
197760 376405
981988 887433
542378 3278
671524 516420
625276 412005
808783 100056
388163 762718
490833 642173
182086 989116
176898 729966
448408 433924
144918 354852
212491 711249
884944 636945
998406 278637
388806 307849
322928 36666
515882 196889
685709 661134
792247 154551
74559 129173
163441 303750
460891 719409
337135 690925
213133 482206
925430 930746
423097 476584
107399 504497
354919 289697
749801 438450
436864 291182
579920 474621
708722 42199
231861 677286
693322 342794
620234 522852
339321 903180
734830 200677
117834 599198
403621 849866
894269 310911
914595 455284
842502 363128
438565 870727
826909 408916
910099 682858
930034 763442
456387 176377
977530 951854
163385 600572
315907 628361
321948 353194
801200 490673
780435 519982
284398 650031
536869 886841
68214 301047
86424 321415
168667 814646
916364 904782
216706 122317
292287 745876
626264 38720
105151 464097
826565 630894
122334 135491
637603 457102
613573 882650
253128 29928
990660 363212
160160 910044
263795 588535
569056 486360
158740 662217
330302 990238
196282 609848
503284 717937
310908 183327
198957 254297
164157 322957
850632 569178
377990 232624
331686 374542
959888 353507
61914 506962
873787 303613
933031 903933
55594 575163
959600 258135
736576 473404
598120 800227
337566 344448
987961 346838
933021 5425
865645 36691
125325 914599
809375 341239
846167 431035
902822 141008
717463 272007
296902 502545
7151 351393
896722 485112
526777 94012
989728 467199
787980 162149
655555 811491
551868 321986
782316 375428
533011 963647
638391 666210
906909 386759
985782 701889
350042 598928
293580 22738
219385 784763
670168 855323
398699 557036
404284 722215
597360 489790
153658 996340
366485 377158
773857 609773
822089 827218
245534 274875
873662 451200
799661 463586
74959 433850
738995 311062
622841 857887
895868 271223
971618 748482
117613 779423
26389 926901
925386 37393
969376 49628
632654 28715
634289 669407
526946 289937
946115 114409
44944 914921
841851 817749
105042 201499
430613 161319
118710 357495
306662 504612
665308 95800
736892 202822
144547 480865
819269 256160
515452 370462
361056 169711
49880 954939
839335 318994
300705 169861
238124 317136
851096 747201
20964 211838
572465 698608
848379 280776
765801 579522
81973 320353
581029 930245
383725 885126
504912 988055
487246 66896
509555 515563
804477 318073
743305 72457
804070 441155
133034 921572
133891 605729
278615 34041
114652 219950
571543 131434
605948 332813
176273 643021
428020 757573
241118 816013
187279 845859
665877 992
341809 785786
311151 464805
953035 949153
264220 129939
546599 558160
342741 129688
9566 10040
940601 95831
795834 224844
566678 555087
816243 899296
253677 867877
754023 106999
592455 205065
596386 493118
337953 65040
57750 361369
99154 10344
404571 707374
173063 885417
313513 56486
859787 63429
366620 61062
407480 442564
913986 144485
325831 758654
612687 303707
661807 145021
587126 952016
393406 500288
52535 639515
801542 582230
918597 260620
588295 504550
836444 532845
838955 60018
55267 733774
738047 942995
314972 656863
763895 583693
825367 726924
936014 592841
943017 706435
127632 165378
188352 530146
382897 579559
907929 474524
93501 85284
882960 827099
636436 762681
292577 886572
881603 6803
188831 681993
265061 233639
623328 668118
312037 580122
749485 725736
341486 80160
697009 209509
127671 156473
884925 85649
556627 951928
359721 954953
970268 388656
502398 444053
150030 377084
346998 174498
592775 406347
607485 315226
427373 43478
171048 446202
586695 696623
274530 379226
507139 82594
28746 627002
341981 558563
901704 191967
365680 986833
177933 14505
628164 342668
575434 574521
77068 127609
806344 320463
96640 96370
426161 452877
916248 298706
242924 268521
225506 689619
839654 405661
884983 664152
212718 354337
521081 851032
117630 609555
273895 573401
652653 833608
91044 841990
225742 520506
443769 296516
590535 947308
833377 858266
614553 765254
378890 376583
311238 663341
500650 489470
987004 7557
702071 14228
107816 595744
400493 444122
897353 58877
347183 503289
894501 595257
588671 151344
282378 775585
985076 971312
539645 856181
452554 825167
910902 923877
896457 234293
721269 350904
449050 178603
687456 263766
870456 87553
380367 113340
159931 364175
210520 802658
898410 567275
643528 462796
91576 263600
2247 289657
849978 791128
1959 916376
522601 436345
369160 471344
805266 61641
748304 627062
581998 66223
787663 426152
746499 495373
325898 421338
109129 409035
479108 277934
56779 551850
261804 133466
666265 878659
422717 663409
315055 533175
39016 308056
641588 541904
520976 643548
769190 195179
973726 203506
625490 598828
729126 133696
115058 56797
340812 379918
557447 198478
391994 477028
475623 106379
240761 688850
707501 425939
371826 933489
847973 910098
572508 453299
454311 877724
341409 698895
204837 119961
531462 453201
30827 939446
83154 530905
809627 508308
513113 347181
882218 314610
905903 232764
470188 90285
480070 39297
251566 181325
876336 913393
735702 194027
176575 417881
45598 415506
687589 529709
631227 810629
187816 638359
86772 8289
682684 801904
848769 958823
278925 900438
686488 385719
556298 421363
326660 448342
656252 571532
723946 641616
130902 212987
772738 893475
625393 316760
577442 899129
957026 499705
500978 734090
732261 711295
619115 649250
182635 37707
218785 215195
110186 945161
606213 585755
510736 810465
374315 455210
814159 737093
180436 581467
438896 376320
971576 745885
720878 874416
555165 836955
255091 420291
511832 776371
430045 944183
169932 421692
493014 594772
867651 846668
755925 170812
213598 610300
96837 792792
937206 853777
289869 898017
708689 207447
111409 325858
443924 537819
264350 585850
361562 837032
276138 619575
620083 50266
535015 235367
524227 334172
91730 888858
74024 696054
71891 715219
26752 698943
72464 486698
55405 148584
974020 690064
258556 196203
292132 892236
966172 728321
390236 459161
762105 361902
295804 773791
578916 161272
687860 363916
713735 334509
950645 684199
668877 592037
892334 478919
426421 479047
898296 505944
504187 952327
309484 913001
178820 194417
824377 952019
349602 418299
489777 398006
124545 237500
581522 946426
27093 282388
354174 227628
523492 650219
564242 242888
889559 300021
754940 598697
262316 727236
880976 445716
443074 1068
456829 691737
514465 980436
310533 909063
83731 818617
236409 747283
507640 343781
824155 315840
720181 39130
323449 245417
545493 146453
796363 144816
977400 600198
64019 817148
296200 112091
692142 363870
413528 71720
268879 636019
488118 730019
472301 867098
234907 75179
705653 976362
647137 853839
633410 72348
914485 838455
365843 922500
718698 808703
397509 568575
760135 18895
395335 824086
814405 131088
114096 711040
473523 994862
314760 763432
810983 294470
329497 315935
361845 38159
80657 114362
2468 882436
323868 835563
602781 208642
681414 778580
97916 570458
334330 486871
762884 619493
856460 170106
696700 472825
161602 530635
115831 976358
876040 71984
738523 523974
297868 898340
58147 432639
655829 938769
916652 237265
234202 477761
205880 799250
35981 11299
593436 392734
286705 594339
100805 136682
3743 13547
746647 389877
656134 839302
449375 781416
88113 195752
870188 620879
58268 85973
285697 74155
293421 45396
27607 79292
945562 112921
464616 63128
423711 870519
922149 660726
559078 994904
949512 136331
165176 447336
329735 306750
293421 13089
660914 909332
855621 222728
591666 121553
700951 418776
948918 10461
835242 574829
603974 46274
781630 35086
79667 985279
508100 202214
968698 446259
397301 191950
885595 926411
208356 581025
944487 652820
685662 428431
544313 32967
704780 383763
21428 582394
961572 19853
988460 342444
244574 966767
619558 523763
84213 486571
954339 502884
979347 860888
873514 545706
776313 493107
138613 175022
267439 251319
892409 498495
752013 68844
209986 419134
122674 508891
894690 368652
735421 178408
789150 311198
636302 344458
501883 5554
512859 762487
198120 754152
200267 318326
349280 579065
886000 346352
868390 729523
75881 625295
467611 730107
352217 6969
567565 542038
271203 94015
438001 10687
26207 94868
36882 713722
127236 40779
193752 808387
442763 237937
742371 39056
229071 713717
998240 780877
77604 798784
578754 307489
858364 280986
640058 320949
162897 978418
307066 161107
838987 844146
574209 606885
386130 624537
992253 182743
612391 397851
702009 729779
190106 789403
784762 525913
444812 778134
608607 262563
309719 356649
603809 29966
824297 607748
180970 130816
662600 915672
833104 445615
690133 910605
953646 470058
470824 264873
866273 969010
390426 85442
877499 142921
750438 148826
961578 696356
547437 202387
539178 606523
869634 673682
346466 450721
402432 595261
180871 347685
335099 255539
17039 672311
247386 138771
74237 925043
325768 848542
562786 18824
727376 848394
583900 229804
606900 11014
12309 754645
999356 798376
120671 42711
218521 669974
471826 631280
69913 33032
868983 686056
633825 855987
820985 900982
980041 687962
461487 458159
720337 822013
374275 991293
206134 9609
559205 506152
821300 517553
771916 529530
837406 360051
165646 323351
452536 738765
349676 486817
716474 189817
448709 689830
125828 410531
728525 501692
379796 456015
701396 427525
281902 182005
917663 583090
853905 430034
225317 950971
911733 825015
737984 313160
208105 868751
284356 96471
46403 643237
207185 300469
414738 444334
963773 243701
614272 665000
117988 915765
308956 566437
180722 49903
159594 200051
973744 345860
992375 658289
828631 315017
757778 580109
151943 969608
114857 981433
673444 534082
399502 255796
568954 367132
705453 250998
757598 984781
112022 471084
926688 706485
897937 543056
135576 973272
112701 692296
542239 176296
642788 871195
642747 222389
383209 162605
728454 426939
754063 358429
623873 705904
363715 378321
851848 406853
411222 759470
960383 558255
944884 153346
286315 496752
477308 107140
61951 79591
6724 413662
882297 921825
475485 126852
2704 467691
704902 534130
320144 618674
923979 101136
16186 320924
993343 348611
86556 726749
131177 977301
530486 421224
82569 277128
477200 880136
258554 452218
795353 909800
193143 493284
910558 256885
671810 916655
374353 446385
481916 193439
756619 105895
261291 574105
465353 757702
881882 792230
873927 651556
367781 918643
330176 830319
954202 666514
389289 265928
967977 203084
186532 108657
601457 366756
430831 860727
735785 943491
317982 659607
406529 231599
455833 89464
642468 149586
224746 265591
480144 446321
320244 281302
63278 949630
355141 415529
831626 497819
258101 460445
996047 720512
849463 485164
533872 551809
862850 451304
893881 350193
426020 658500
266969 568327
641190 750472
40914 951555
130999 462715
218186 510479
847755 466629
641875 720677
654560 792178
288425 689083
531748 444076
190908 517417
701929 18240
453992 466967
453986 463545
56489 234742
726641 510255
930252 246350
747422 451006
491727 837580
918377 134817
769833 66464
858068 112782
729558 42998
657186 248613
197292 559953
924987 658674
108747 557503
665128 297184
155821 344830
459346 194674
535673 175615
927430 221388
595004 418488
660192 874609
506008 56889
995781 285334
723901 10452
527182 128389
431347 60439
46906 984827
663115 57389
78483 933137
93805 130908
709742 871175
525767 17748
614060 494107
75821 391791
368965 295740
240089 134818
62929 227026
779257 324615
323384 550356
592308 265284
204648 589933
384663 996290
291759 93051
732471 590229
492011 911613
25764 285073
366135 92558
445384 496711
388028 223950
106410 622405
991901 250499
75369 565659
188173 922623
476094 986725
435645 614310
215441 313238
118303 475709
300176 947435
823124 40281
597678 754123
913648 425871
429453 268109
787491 368109
207048 205892
245928 130988
296558 60409
713961 131049
769357 865731
792798 955801
494299 771348
874942 414170
225113 345713
527686 163379
837300 137499
934131 295093
450872 230463
112950 936046
174492 553733
64163 755896
844703 179136
869738 528646
376854 149205
905721 756702
797464 25302
807095 968856
608622 648101
812427 338826
611923 277016
377003 732287
425288 33993
248896 6704
257814 441288
802990 211572
591754 291746
213967 387503
500389 874235
721940 324702
931790 857064
691932 749519
304850 442096
101348 426949
366321 705264
425224 971236
248029 203845
484409 911439
806072 631580
671404 191956
145156 66040
505738 65793
573005 607282
200309 548083
474626 400384
357379 260543
515893 568707
294573 950554
504385 807266
207097 610374
839119 461339
345883 653975
472015 844119
897287 497209
775382 352540
766375 484493
77887 224423
13182 626580
464751 996539
195145 863271
655530 360555
914886 40713
14619 668439
111634 819315
536719 917555
727486 200340
535581 789578
260649 84601
270508 387191
767200 908172
391897 636947
823951 512804
980354 205524
802220 471374
11614 220033
175260 185043
584346 989478
141198 857448
397295 342664
564868 585656
591750 110696
883809 745266
807159 355045
387425 500835
10183 789405
226234 103077
847981 712295
201645 7756
266931 157368
652535 349442
760289 11494
98280 498587
95226 777667
323233 313990
149950 484686
264768 469276
799931 923968
41623 863952
377157 61367
440780 18762
904614 334334
824579 745240
19704 900610
843190 956511
567064 589022
272209 305128
834133 998649
409206 723795
656518 884329
774781 841953
518365 452456
316854 633797
694239 651625
988786 545336
330815 854163
529785 640682
643453 717296
462901 710714
375672 2137
836442 237667
366035 620319
104723 976037
794044 642476
616623 697481
682177 223768
134379 865144
407150 553452
493902 626518
339863 85856
697538 11024
490842 63467
989363 967858
363413 537684
12795 237300
410230 77243
816064 807918
499019 273738
489580 63373
185341 378148
588052 32225
424301 80537
385798 111220
603070 725942
289368 785211
639201 399761
209044 887046
547042 438456
621126 229881
571049 707763
245962 468520
737894 721118
547380 708011
159958 713332
808558 323828
627298 160774
172764 363365
785607 834062
990470 596819
82705 985418
591473 45457
706716 969669
855626 895760
964776 616151
9763 413509
321279 113222
861701 337619
63397 487719
389093 281059
418158 89410
156728 351594
595909 798529
786976 81285
302699 652755
535429 427156
250838 725260
721528 491935
55251 291633
40023 722525
829245 903518
393531 780462
14325 189210
213857 794073
976992 919969
922292 51325
935798 27783
238423 831845
843753 210384
792725 456931
391920 670397
120741 248956
573044 607188
591236 370100
61186 151363
357576 340025
72829 911715
290555 213069
930096 29198
95950 743954
395263 527394
83299 528088
52335 461042
151011 142032
89187 583156
459121 18435
375142 112188
269730 686339
412032 869656
776276 896303
727297 394024
869137 983247
754174 634304
263003 167143
274055 826784
599711 377190
162492 769085
317120 401811
425214 217902
466817 496427
290063 373697
363449 660312
752501 344763
482767 186546
372921 379438
410996 844251
550691 869667
367667 126508
419839 495646
21481 600203
856139 246002
210958 25490
955111 14461
327460 385020
193565 487212
177060 816344
411309 961295
999663 158950
429763 673749
776629 788603
784889 218834
497260 369808
367311 151617
307773 718679
844062 807238
236750 658601
582068 955679
800404 116375
378799 689009
172168 621574
903412 484327
586771 64927
906445 342277
671180 955389
302588 998579
466105 999421
860908 586331
273068 454357
738079 599096
907887 884147
737274 501312
178562 837117
944378 623921
623369 520400
470289 64145
107400 110231
63356 844810
188404 437428
702322 143590
93878 608087
21374 235438
190369 629026
36438 900868
116241 965500
124488 739518
277566 342028
395307 239306
294805 840125
365598 268872
566475 210465
249267 141071
742872 310618
248685 35834
96765 588805
453957 919240
987426 707392
458321 717367
671506 417047
169145 98361
3041 232024
84756 398092
969495 477939
522396 271906
108970 739941
556579 892506
924352 138916
239368 756645
710942 5284
443265 156594
160725 18715
930497 148299
661634 43211
807249 367863
663077 493167
288350 483499
909953 636143
253868 825787
913456 424409
573493 167320
898112 780314
352474 261878
382745 292390
723129 331054
73845 288046
103976 427540
88676 63485
491673 953018
723694 709083
229041 947103
660781 717115
460447 181878
741989 852384
292704 227321
899472 880006
613998 370361
631034 36936
408301 914960
299670 956983
197461 655534
400021 403208
139847 102888
588203 460857
716461 820272
632404 679486
93251 149824
878327 629469
93781 925583
114844 957086
533778 731288
282677 59514
684994 640059
648557 749663
872624 987790
646588 149351
787106 858018
10444 895878
66582 425230
213342 286461
308330 797584
737309 555923
77001 72761
681482 918643
613588 268324
73877 437189
102049 725986
179466 423759
508988 256692
662173 608248
21052 753199
466843 556946
571272 214261
263130 600847
228124 209317
217997 511451
450255 584552
409863 497479
805881 128825
68432 189813
36091 742128
553791 460843
117407 517733
781027 647759
151428 613352
206475 30237
537727 72285
506125 595841
434299 248513
787845 852530
429861 996667
301393 762069
40561 337445
240431 295763
436068 648891
354069 308195
114092 941964
554968 78064
307443 756085
803545 941290
11438 238321
979032 396472
536569 105042
316572 745403
131255 541165
892693 175911
581885 931930
823761 302608
814140 722163
492797 278001
869346 581290
159039 309674
384927 695956
939425 451786
477760 548193
495227 989193
370243 587043
94763 923526
896965 44406
869782 663827
772355 464192
214470 536294
373523 333630
783649 206115
669590 508979
51363 453868
44745 991929
554945 840715
100967 824060
332302 819912
983850 992350
935639 273175
759341 879374
319544 104028
524164 807977
435663 350977
209670 164806
899498 661239
742089 998591
839681 664115
260541 213979
352153 104997
426262 735404
741873 60135
767456 938917
580209 899721
335948 750827
702185 378199
810649 661395
651409 497585
134539 212817
78487 75304
286094 380850
591361 336301
116500 556101
936610 488124
440577 92247
189317 803369
394792 56302
804155 795921
857286 44850
447443 754741
151808 403897
904661 925502
831161 105512
114147 19919
815622 377262
414998 105752
642465 64676
599806 970547
444793 914749
121755 295652
653473 616499
192631 155180
203614 565157
781925 703207
189899 866819
573642 192348
600726 19362
500403 806088
308303 307321
449239 835590
510377 596456
331816 334180
348828 415128
224270 607600
425326 23825
180426 803297
829269 178349
983364 770619
183519 649100
622167 366603
499452 44455
457434 916600
95300 978113
614022 447592
989532 361824
990466 940262
23111 265768
572914 262074
705312 732739
691546 740060
853641 421317
101574 453795
345173 475138
363517 550281
765862 818856
880392 334142
103421 634689
618853 824671
196252 395634
346966 188844
504734 776932
611869 765816
591019 805499
818379 158567
150234 382631
4061 771836
885358 168855
120970 702832
826450 131016
670173 866373
870979 234823
203958 541211
114961 103584
328584 145035
435134 904706
835333 441408
175242 148864
623461 609956
197269 319730
85185 538169
221096 675942
742619 143341
683502 125486
214118 925227
207458 672637
545307 837778
657913 648041
999296 815445
623607 365712
360901 86320
149719 913177
252821 568756
934827 978519
92634 672975
554480 120684
894244 681600
101299 240761
253655 459336
207006 71276
414440 380922
447792 705677
751910 667428
878330 253706
434045 237401
818008 957227
592000 320357
966057 520906
822679 44709
936133 398537
243634 259474
761460 429122
854970 766112
302518 232869
483236 517532
712744 122450
495406 43291
286898 894840
586186 694746
195749 823409
386923 608532
822298 305497
373688 193935
67729 93520
640781 653735
672347 956545
898773 9724
746740 568479
631580 470399
725336 885784
39767 430727
762485 838726
656113 287710
770079 839065
471280 313420
109412 652149
568530 295358
742801 742692
55219 492594
745985 464103
575944 164966
997886 724228
179991 501819
775612 161626
187310 336645
286435 720737
470210 370965
888835 218267
351267 553472
596770 961233
108132 194663
798037 236627
972815 484322
824273 864372
951421 964234
620962 187669
13171 699537
270859 524215
965048 12905
658883 973260
632928 723561
492702 379190
513785 58396
866545 212599
937536 148837
540615 785224
517738 569230
421690 175373
732448 4394
732394 181551
205331 752326
395508 336832
978710 309326
589216 938892
619016 906738
376490 649129
343597 21623
180114 152954
445928 577891
724756 112031
579188 696249
212541 91403
504656 237834
807777 129398
998308 159641
675477 822683
189463 120050
386849 749675
700899 553420
398142 715665
330922 246643
338488 936555
921584 719465
257271 964436
937835 346242
235920 671446
764905 519391
299873 21827
451825 495729
515390 319377
234740 677608
625523 72527
736093 606503
131152 327243
422098 895544
759238 368731
432301 534011
939031 957903
870828 569801
636827 591820
185026 188223
571339 865796
710111 647857
739368 679034
425127 807391
678399 935825
650755 847564
750254 840899
960299 228630
556755 753702
590143 317438
543580 928887
357932 194320
784658 275999
941796 903798
826089 499271
499011 780219
364254 339676
509502 484166
978446 579205
899446 79530
238818 417709
229757 650559
832978 954626
805899 480447
412522 86229
888966 654021
664401 730575
662272 458558
271653 388385
715306 565508
275711 441970
663001 915559
963162 471943
760763 71358
176897 364164
659958 240916
565798 971147
478815 753146
331420 51000
389973 628713
832564 983436
665167 41441
67266 579239
97968 708733
208482 745457
603356 115710
183144 728387
498134 580135
943672 524143
659234 806775
325643 794548
535687 594154
965625 194116
429269 401624
889176 228370
281850 434431
740180 379298
511377 960784
169802 393392
400712 558225
784933 866890
757874 759682
104128 121562
383618 915456
525196 333021
995577 191021
967545 815641
631947 866848
674112 410711
479947 896212
254772 946006
41881 829657
901450 863436
617702 296299
51291 373477
632416 153956
764345 999711
262075 60101
269022 282211
910167 638270
12667 787509
175907 927571
228409 500680
461729 95672
395837 548943
865673 899695
750572 561721
128643 82378
621640 664501
636360 608030
81850 200535
873508 398546
703011 556835
731948 624748
866684 583571
627813 614962
343907 957748
132841 872699
377463 935883
879668 924491
139709 813156
225261 560963
468244 589513
983274 193345
297062 601605
194575 738816
457844 938818
134745 947852
827023 226020
689030 220676
617348 576033
288118 792478
882666 450181
178460 827286
248301 781250
416867 67450
220122 51221
240628 258427
306012 425247
227392 603089
760040 413023
871925 848870
345009 195763
477526 247247
766683 213184
292059 201787
821492 401989
483129 162027
978993 202925
478109 484330
395057 820425
107200 112573
617265 604165
253065 260974
681009 90500
345 86353
742871 330346
941973 206362
957962 15909
36191 642489
332112 962574
55479 160492
968991 905610
812834 467860
207203 469650
83343 690753
862788 667581
739193 503684
661166 730386
654411 264012
759557 813388
363593 757166
989162 731337
259483 273454
933833 401182
185927 359770
760096 695530
118511 383728
368436 754668
302360 988489
325952 659193
554054 382315
93925 260384
517117 542773
722954 111282
153620 127564
332333 872749
61656 460897
21026 609411
510727 263444
297470 104969
196800 117773
429615 531421
484537 953863
276816 466707
285807 210167
374447 577395
481098 336901
919051 220991
773700 429933
506696 659442
530131 847062
995471 415314
30794 254692
610375 526988
298117 845905
234451 301520
950322 593253
767855 507581
408466 316870
696988 691282
804188 783392
273395 59408
873455 356288
88341 690316
655694 739798
967156 418755
857807 72642
736550 380203
462676 823902
526509 243792
489684 395012
129400 103341
175995 706325
359234 930289
562187 512342
560690 729519
959351 889069
758802 669846
27023 893173
771489 982279
176135 584420
642927 485793
317654 697070
401902 652466
772344 444385
983008 97079
804202 575968
777868 887815
108502 728511
419327 241976
133 957811
385677 941802
6265 837076
734768 154938
5265 50645
609527 625048
175605 533559
499652 225942
641862 884562
139106 319509
821356 484332
205812 318628
231803 646177
96566 578985
692503 547739
703695 428150
297202 811108
663223 139617
818529 30470
30825 367466
727295 207861
431213 167047
608683 822260
353352 8030
954446 631689
598135 732883
22122 799559
331461 351729
873015 671885
983969 743046
32385 581137
689609 656137
895316 277828
506701 221143
318424 752548
69783 487971
147637 520681
891862 373737
726600 750517
672544 681028
39135 258496
710849 372936
298522 121749
767815 123446
175626 729558
635862 535640
489302 163205
729360 839980
448215 307630
242782 414327
975136 837489
106194 320169
72616 256908
440668 378804
723675 235975
681478 632641
226310 176758
131330 347447
382280 428672
481286 392174
117342 443073
846676 791781
135213 550261
686715 187853
144451 303349
815730 229393
525189 387146
280879 156724
787533 340494
580975 28487
732399 666446
869901 951785
98291 762180
71562 545782
560128 793501
814345 79756
434053 348227
966864 680460
697416 378406
219726 139815
950386 130684
212019 697815
405168 309333
949320 822038
817989 808268
587527 850011
106410 386633
976369 152566
262366 528500
264080 752612
241901 461417
438472 558985
791774 331827
764162 556236
803858 467135
282954 495333
807828 421194
144661 791380
798832 538350
80881 980995
18579 886081
907291 876648
498221 490672
872666 884523
924110 236042
728716 267721
947838 894901
401849 464332
51005 64534
531587 359859
849266 535915
232309 563254
635212 660875
480660 910976
723391 786894
506556 834762
298900 143347
880245 905365
515228 912647
47068 158128
383707 728359
82950 705189
485465 345254
79180 196352
472037 71034
744309 63800
151990 245702
623128 360202
772723 930452
336388 571857
724162 255349
491264 613660
952306 721783
819387 178096
856290 235582
750720 744342
870097 238790
589080 376271
695559 899204
423407 45514
883126 722313
649513 941844
246206 391730
230718 477491
444379 367308
915123 18176
74116 19191
54561 518495
654741 527387
274619 729412
92552 146833
142118 27905
505138 350486
611182 2790
117718 810463
835233 461153
966025 332660
420055 676051
475063 882897
196433 233307
446428 264892
217496 24671
235776 866131
873087 254725
636465 507537
342015 852606
790789 30121
727985 513674
559409 846420
117984 879007
54415 374239
427093 499834
168413 925370
70828 832202
910174 970356
628160 442497
120575 34734
73435 243254
31042 460592
898084 421407
918597 657798
753690 671115
967561 721782
60833 163769
128883 449866
389020 499505
126988 967667
338874 721508
785123 261220
716680 257637
985852 785904
125295 527282
783988 59486
688086 660582
554836 216109
556256 270354
747788 888603
536430 117226
531486 557169
983944 567342
259009 294925
621669 637452
494528 986946
230790 254869
924230 427716
735821 261721
877453 762242
482811 817006
915772 928487
932768 59657
917902 652551
561178 411822
80509 888902
988319 702374
117057 962947
865196 292792
112037 256811
736509 561931
807064 96561
619131 95068
689592 204832
786745 114594
782503 959081
968578 200639
617289 640613
251895 491927
664419 855952
359180 349909
749585 283577
556630 910302
412005 743333
330451 36237
561866 27397
150021 551005
102792 682122
486003 50269
183660 920093
38234 811081
272354 657263
191575 587348
245082 521913
523183 394236
948998 580927
798283 129335
5625 40906
537004 256008
723569 463853
215009 147292
62560 231225
135181 143694
855983 310
39157 28026
67108 158082
917329 739041
673598 387342
359885 399011
873920 451610
893183 765190
975144 448612
279588 220875
55365 970115
662322 677704
393785 35981
281151 720100
228937 224869
632251 156577
325220 493532
256000 96593
678399 383930
943180 299333
412766 598899
102450 21976
709633 356744
46645 267190
695334 251796
125583 623168
308063 730348
603128 481407
985796 579279
27996 48720
10341 558479
643296 659197
707507 513986
75074 381934
820741 33545
750509 1762
567628 720837
865385 271321
661417 947399
993146 977591
240898 96022
774227 391757
475385 692461
501450 328335
817103 363863
853291 661543
323955 270169
418368 334631
39323 638176
120164 8550
113347 140699
51448 459944
921969 404908
777490 525571
191383 6111
626278 571674
789699 552420
510975 235887
364641 595425
769429 374250
420363 943313
230789 856427
274605 330181
703173 492345
21463 523696
106102 422177
306293 229090
326284 499959
181641 738877
987456 289230
365020 786467
139127 567328
296077 665076
7099 467051
771018 984533
36270 173577
98776 759138
651986 420342
990771 154514
146988 119397
271299 997099
340103 868526
380554 788999
275687 363446
27197 705526
612968 152609
938946 980439
241907 570287
398065 6397
996772 170633
354015 543572
561025 528944
262750 923046
826948 968942
938627 42732
960249 586604
34449 989369
481230 111618
542401 125235
904639 237836
96789 936294
566552 410236
820384 579570
903702 474510
327716 419243
525758 727200
350796 874420
70894 534289
377024 563997
313639 382357
965739 916499
707189 393643
713589 106696
132511 899820
108987 253511
41243 189065
768387 489125
868791 620138
624748 882333
271716 644330
758155 585080
615699 815537
281132 696658
492199 464171
148476 389287
191186 242147
611528 851269
7660 49261
637959 818511
918462 192506
422082 421347
507405 722943
266736 523868
6056 958268
839267 132519
17639 458055
867433 490105
688283 245230
373110 788391
347863 476905
678436 80606
833841 424858
472736 590903
581236 740658
216677 580758
570373 553670
101263 341274
357860 214201
860712 36874
810116 543432
560499 752221
215625 32837
441896 147173
422472 294733
413708 112375
231111 267828
942205 958622
717638 314672
718630 736558
638200 678438
812197 822015
579686 729096
142784 932638
855494 759086
973630 153081
278404 705292
987537 930079
318609 204712
304122 234196
768236 241342
473328 100095
474486 117031
714969 549631
496451 70493
381186 89435
330917 81868
367531 460847
917566 781906
267764 85975
889762 811579
584098 963137
130762 608471
110279 392021
744718 670900
711605 313709
106080 684760
662047 49100
568680 278274
841505 979196
184762 850623
372583 165985
548416 898867
531 857993
884541 613628
188223 764743
602694 846889
408889 258728
813297 733854
631347 346317
477065 283158
891235 414201
897911 146270
221173 402965
983723 678945
840178 686404
133337 57079
815971 602977
174472 482680
903831 494842
999686 193308
147112 457408
176533 287647
882407 553649
790593 192349
750323 600625
207394 501664
927896 636213
779953 962237
389848 392089
44941 316430
785770 521180
875437 757792
956437 471395
439361 463664
878587 42153
926488 601370
723675 916402
164780 409687
29879 134469
755404 139384
165030 764884
129229 547779
105853 819196
853689 423690
268357 88451
692488 60007
365864 930644
58596 95375
933070 992532
584059 749316
36135 891854
531495 254210
786015 594576
950543 934160
166383 74674
954259 940312
232255 583057
249835 735725
852946 493038
924318 950120
944053 176416
772448 372763
469834 913959
158498 117132
119301 800435
602571 266213
733352 850887
148926 359099
661866 915426
626813 709599
446076 889103
946540 635861
921130 21555
710593 764274
758522 646846
49432 160769
958566 18278
254947 15251
242462 391558
575118 401010
979182 383271
888986 262971
390969 663142
950069 662099
775183 282429
241335 111832
736372 13580
9151 593379
599621 509301
136013 467508
24364 649307
611291 381551
268096 76458
794635 47770
193077 17025
998392 439579
948185 418059
136270 849945
103502 171971
738775 864616
37491 745280
1604 93081
459810 673250
580415 764192
456281 510674
638999 691463
173145 917810
799667 196570
420527 826776
679060 980622
42063 405930
215580 164694
212574 934852
506943 281538
902974 478178
556092 798140
774644 815051
22128 446715
741711 889607
887880 753391
37332 129869
782156 696088
482988 903005
648455 404366
707395 213160
139933 613949
266411 59790
11673 175910
500370 81749
93099 299044
487162 427188
187016 562956
633813 278541
210496 313288
957080 357003
247737 789352
172227 784601
440445 117838
353634 268988
359589 403258
920566 811738
647877 179801
999498 957521
644356 556614
949992 152580
279702 459550
749456 221648
974815 86639
151845 290365
160347 231655
939828 422520
920119 399485
852091 663873
52831 806200
61695 583051
101793 785889
988545 79965
926333 813838
214293 27508
768505 581996
288947 132963
802925 934028
713977 990706
688971 514208
781511 455882
981083 389578
510808 426699
311133 595493
643137 849234
379882 309549
351711 569951
903568 651446
834769 536565
773849 560127
55950 32866
382061 452218
764863 161765
469035 499878
306665 781563
369519 454818
120201 839990
588493 64735
746809 42893
531869 811118
597181 641596
842965 195325
414138 53379
919865 934575
698631 585011
784559 457601
331655 781041
828206 586522
504738 980615
280722 500127
345773 39880
557728 458609
829536 91531
498835 176144
895771 349755
238696 114308
363730 980411
823140 931606
740932 136668
703381 540433
25592 727673
511943 780130
408591 280193
549866 904895
8901 172178
644233 325024
30277 814026
647790 339018
441486 215095
816681 387372
702668 938656
58482 344564
27038 471036
135589 202040
305173 25207
70882 489134
448271 414126
794020 84669
59768 126927
33370 545604
235242 893139
794705 861116
639584 380735
700575 612338
606001 536174
460111 755773
197506 172879
130379 253358
874306 395745
402845 537589
211801 32757
825578 374733
271120 250800
130233 635416
511525 126365
500015 249449
806735 902830
293330 482923
400288 355766
716447 735692
515032 567039
568513 725917
507315 239194
214210 457481
25233 303692
904478 891200
535907 985499
105398 76974
540513 2312
342469 497073
393835 792302
675472 807937
144898 856802
711297 6205
812414 173861
191890 291026
740944 440112
238916 250067
539870 167558
264073 346403
731344 417745
533133 326968
505256 368504
105435 299809
570013 248664
146016 24047
214477 916936
54586 11080
342598 28662
953221 767101
400065 590642
315079 965625
916815 818898
621740 480114
153953 478920
923709 284362
795833 943425
801575 223252
434117 944900
72648 502210
689905 679308
667746 918249
483228 648718
695753 142871
986047 764664
516149 831686
605061 227796
141864 318849
603559 436017
465204 745486
928265 734878
192576 810881
215554 49283
403894 886588
606836 927415
485391 956678
611155 50603
441509 637549
435943 876869
401705 449861
821804 775332
634767 265256
973322 582299
573683 382455
748084 629335
899266 60436
778485 480716
859334 911451
599893 169620
431684 423262
300363 231647
633924 62200
63470 855959
921438 338760
704941 443332
81528 681475
573124 881727
422029 408574
347734 865383
357670 719396
174839 203924
225780 233968
417055 44390
230142 860145
725983 765621
561449 769716
859558 672528
435041 141166
672867 162101
667874 343016
443511 678128
998249 639783
274843 25686
608707 502441
380212 918442
450016 607370
31935 403266
352328 130958
321869 616269
897130 350654
846027 646907
56791 105087
738281 375175
721339 998286
876336 666855
116291 742921
51393 489517
682826 348269
573577 19755
938677 8280
675276 531153
159211 81447
920279 664394
634755 772571
772846 355380
540354 447007
587745 57044
303485 719687
672631 946716
290070 680959
703545 775717
323597 75300
431204 313419
753368 85708
213390 877156
402720 344367
269926 947670
554501 765393
455813 128099
109984 138765
543435 231902
680185 526572
333861 992527
331699 312748
189697 87803
538218 972315
141664 218189
881044 72582
877343 590240
169759 955700
671724 569305
738563 589830
620318 375032
960518 110568
496338 915190
847645 749235
459685 11435
514225 980220
480338 448315
406155 787283
527682 213634
657899 819281
987010 26326
791796 488301
654864 336718
441040 906407
269879 888794
117020 570539
719721 396509
573771 953716
625411 225012
919302 937331
219360 403698
942181 111651
498343 629545
832418 106689
692288 374630
649799 606694
988293 824247
609157 566196
308750 605792
262466 718090
299178 23072
194690 923674
212879 728037
401645 719119
870279 507861
499479 984071
900294 896168
644737 427695
742882 471147
799258 650820
840351 954239
602364 133500
492161 188315
8155 574688
534955 179005
138751 743837
570983 268730
139131 301283
361379 14743
680926 914566
497492 638161
165386 36301
384568 950859
519653 658935
877181 938147
899252 649389
415592 751595
490388 246566
209506 692269
439897 276858
462626 527937
843258 266623
125172 794273
879770 284864
108553 124320
383419 379349
160810 19280
231924 568536
374124 937687
705672 305382
385668 63716
233972 194389
557760 756953
818774 817530
928433 724228
506802 743239
864097 659193
550351 73158
399912 852699
766904 495059
323971 483552
555250 288991
135084 607318
543046 837992
395693 651533
622337 172048
36723 926762
653830 160288
169463 498450
461578 153389
458801 19055
500101 439593
291896 985885
380808 864149
758431 189511
742843 685439
736884 601884
801108 965911
994515 859871
533897 950316
170745 830387
493630 58029
327284 604403
217838 802987
869841 786703
229393 249323
210964 488114
798655 577837
947118 613121
349258 510050
658492 858951
19173 239929
122612 341311
868971 352015
773346 680495
170636 325310
411913 349688
646581 223694
880423 227669
248767 82442
285724 280081
498725 915073
69898 158239
937733 856022
474657 587244
269503 710007
197857 315666
706067 93332
843946 153295
481421 58029
628305 593591
337878 117675
873472 307803
172641 231773
919641 693357
848097 156304
360656 32848
328732 478854
971427 697768
367494 833025
477796 941206
522802 71162
544917 414220
78855 203613
986469 2567
728993 867296
394170 285239
291264 96326
859600 694974
759800 498584
939975 579356
49681 735415
356635 52186
212720 826356
904786 852030
770500 181229
741155 67885
163450 162513
980434 8353
199819 425129
365450 502618
739772 261228
462104 755638
197775 890549
677975 740328
588532 13524
375514 45832
836231 566632
456481 608575
953501 557444
952147 756551
906171 116780
197296 14347
693510 137606
830044 651054
746544 981196
602889 381610
132195 963464
775437 770031
604253 381444
423063 418994
495132 212023
72412 270299
640442 517226
476649 75548
870040 686692
244043 884753
552458 612486
494925 306319
746151 56647
689712 468202
39674 999800
861600 278832
645385 960751
150360 299603
969609 608902
301185 601838
266313 257419
826571 849298
404870 359299
903757 45010
613558 889662
679730 125939
159011 543207
940490 770324
513590 488174
151868 813889
498114 887591
198645 329912
612057 873028
100128 488182
979784 534015
857613 162995
782588 959965
534501 432438
100446 22155
118192 637435
108850 16503
794829 381553
686142 489295
87535 263563
179347 277511
783014 362348
651556 189538
532974 141149
58380 507633
601724 329946
147857 212757
855159 732196
478754 862124
547376 665332
468659 462314
563380 630931
878157 875483
108440 759340
495436 971275
450247 235067
906497 91293
435953 758798
998253 235018
29835 484899
197267 527842
302460 393193
101192 564155
179838 709297
235585 695489
592247 623780
116066 826989
193529 92560
834465 255359
757375 630893
894626 202324
502302 344600
229849 782005
508151 798372
316878 497063
227221 709583
912752 753571
846833 201844
646937 623358
875871 674713
201106 693872
426101 597041
170568 256314
622343 752538
874953 619260
676742 827437
873496 642818
265211 918317
500396 838829
193616 615124
450682 253689
735694 421806
989867 581604
838462 203004
605673 840791
234254 117010
160023 121526
915076 965603
515541 308704
554243 682378
442834 904268
43588 165214
821395 117958
304388 864316
854107 321436
141996 439021
410670 191460
501044 190170
399028 767499
10532 443555
983088 167916
973632 99056
876905 689998
817835 202269
225002 600321
740795 699829
679423 514131
350187 557274
716673 932207
286857 43844
189186 466259
79463 659218
134130 893766
565746 416842
73091 516422
159375 856411
845933 460141
340679 261690
666540 398318
194305 307206
87496 801733
45463 972726
732440 912988
228141 496511
381653 911955
533279 959461
608328 484645
766173 113952
905061 444517
874668 759925
277673 252018
771878 399700
702260 945111
590901 283451
597044 320339
464152 711340
536778 798934
446215 18008
477013 938884
704209 424370
256968 275936
582132 967461
89435 650369
27275 462633
752338 865033
788467 197009
109739 333615
129047 874361
854394 402209
447841 842996
146547 828666
507259 419354
310981 966342
727997 55060
440873 494807
17665 135377
472222 979707
549037 107390
745323 962101
913192 475948
372409 614351
523734 450430
289013 62871
741625 577643
709605 804169
818472 263418
330744 42827
826230 115347
475859 206899
163800 782701
880921 505470
598266 398806
663121 169919
331276 406123
643345 710836
100792 506134
138594 129855
798250 893011
868107 709875
397947 144231
109680 484173
336974 621331
436489 856302
263140 247546
949620 3431
852323 84248
561344 922034
131288 151743
206478 459451
846636 21451
771398 7572
331196 559186
115992 331548
136951 631555
734213 920890
813674 486433
853116 938600
767094 713875
219984 255137
971534 386038
125987 88036
81674 279357
182760 806758
220856 810660
952299 747985
239369 701808
921665 102041
452199 348503
757296 471125
476877 292252
200461 203203
758684 771064
998937 984289
884126 985164
337544 472445
389184 256424
283887 221041
680031 126571
270142 343276
523187 540778
220711 412360
888370 314075
227422 198613
52859 698426
922210 398215
399640 989668
265521 701814
158701 369096
786262 271619
652032 521959
73677 465092
780300 767771
76855 375052
546155 509101
694221 964223
966787 913214
553303 207546
370313 965153
420415 349695
839091 31153
911981 241866
401043 169260
98323 124890
467814 273097
511507 151322
921330 893455
216655 98952
412519 29564
954577 425046
247631 916967
62143 608022
16509 184306
731046 176188
419705 56254
124328 957896
867431 608247
883155 981067
151975 383150
389939 797757
820212 920801
430056 905796
870718 428772
331489 989832
673499 560752
989770 626275
158576 273449
721910 825376
689714 489395
187520 793344
573580 667071
195311 361610
613751 76408
66417 555535
223531 175563
661988 833461
445600 66669
227860 873866
732509 416184
739861 850487
69018 248546
548029 742651
868918 85877
228854 320667
748300 998140
933580 399025
857327 153040
160148 653790
630369 247145
595930 918292
679850 443732
832056 162312
376621 388746
225744 164174
284376 844753
350264 168921
531134 754316
566208 909226
589182 274720
920361 273966
588890 560742
4887 877196
289232 539182
46526 630924
753317 753324
