74493 426675
741673 644301
813952 416211
880768 359771
963067 315261
549975 699799
555961 274544
411283 285421
889683 300341
164562 593165
650858 115215
278272 643771
732432 137535
89536 107930
785677 394530
410571 582826
834420 676752
688904 868469
377810 427532
943029 692102
586816 943577
637140 847228
822878 944177
617985 84007
877660 207857
972137 617218
392493 216989
239505 550817
493084 598542
956273 738942
636208 471769
897220 782792
917754 978810
120873 800333
848494 694389
787380 63546
529773 807065
720645 108778
150943 3481
275938 757267
484145 805109
793405 775671
867257 940139
609314 518270
752071 206866
223535 950719
52314 412084
253079 807866
779270 898839
288520 581945
394235 645230
192960 957697
805159 542086
988508 322795
359621 251411
968144 240236
906361 796482
145888 507670
916737 472957
500793 25397
641738 10816
269067 727989
642274 570220
338671 794985
163121 861781
155549 587383
102151 851202
259303 341549
928571 150732
475773 209341
8116 535313
547577 370935
389398 614150
230642 909541
144506 289804
450194 67570
507874 823018
143193 403223
486561 580451
838376 280402
993480 897975
434450 585406
685565 417071
737649 866977
435014 495454
175275 45443
127597 616825
281642 628448
306260 887008
889045 755700
523243 912182
267131 430807
486465 202818
323375 655811
609586 829245
113003 771739
176866 783870
218463 209549
472928 308885
97919 940063
171996 643262
145459 638127
983208 699349
94350 59910
629936 229505
286531 635989
486637 697607
374513 260173
245443 730693
707521 809708
935566 872629
130559 356832
223813 149066
181981 920219
259075 126187
170217 83
549763 718198
74712 303438
83690 841654
282559 238217
727289 59748
841693 824292
644534 579132
572733 892988
831490 33501
523041 668469
41692 603644
559557 335210
712629 123549
681554 756885
924186 808625
399806 477305
247012 250988
206762 216874
711972 317848
46900 891164
706268 631031
536040 666890
819684 928953
50482 206096
18154 427035
462813 314558
540269 847092
655171 947683
296484 772551
66658 912303
194283 331023
911728 337516
806904 840576
715611 535796
168250 777918
713536 923050
888356 262070
435661 604078
859368 233892
472038 908059
97509 784755
635966 156536
660562 28169
866906 827126
907565 509646
212741 717933
715954 516952
579990 341407
950104 490800
830928 684974
532296 525370
574340 656757
869241 41938
84337 589626
709671 371663
708710 523368
573200 891736
188016 70102
744469 53375
183272 602899
424890 277315
641079 67785
180066 351714
704461 327057
537361 212684
494495 575110
560301 882455
870720 688244
136860 420262
228391 822969
696264 758193
105259 32217
560113 93478
386743 797097
965299 655354
390689 330164
450730 186276
494994 772579
971433 169107
919660 629907
228804 88609
878637 32928
495975 239889
843786 446414
115533 344651
396637 82016
572623 670976
101871 358427
573105 969246
412264 33973
790142 675859
780301 957942
479721 249301
281539 393443
360402 956960
605371 460368
35746 508252
180090 97298
396301 998857
479850 440761
447872 905522
740494 344496
881375 827794
511794 785775
846558 696738
574320 313585
872499 846476
166904 345074
442883 452473
187638 677849
96942 425180
904326 740233
143896 419068
23588 865598
700089 969881
255973 56530
301345 471991
854749 113138
546354 868662
373408 873167
465638 971219
274761 712958
266175 480667
903335 858309
647093 517287
759335 511325
552812 211274
390334 927345
757112 426532
248984 217753
907093 570126
863793 476033
615704 465847
855309 743972
999305 644563
344681 762335
895211 181975
385537 777535
616675 155047
649094 427707
171543 162169
304149 279584
302354 763027
520270 789986
409741 758390
443804 612867
599200 586638
299319 352655
347925 388693
472051 658980
846995 777569
170196 489425
478388 195811
930191 914439
644747 911074
883746 859186
523578 661807
49629 340701
507697 904751
43724 982285
60540 525740
818772 357661
94594 519544
424173 817817
865849 313594
174932 628366
90921 147684
561757 193550
116750 89706
30852 569053
662039 296820
612071 469695
738397 465714
438401 171050
89152 326294
246595 603597
657521 881384
151814 535076
307710 431079
396491 908560
413052 95213
809748 60375
717833 988164
524687 362532
601518 971827
362040 612587
687652 496099
225525 244994
15405 335927
871424 566346
6842 334942
849368 258456
832097 984396
752458 954894
70489 676787
232675 672045
93567 149151
683161 782858
835395 308326
592113 566008
786531 153512
548049 159691
939959 284818
754067 117186
235473 896041
484108 991067
871970 297693
931477 629742
494921 595235
749771 645281
384654 481846
212503 605076
842633 982554
778351 699975
618637 393838
949450 710500
230197 261320
352098 960163
343579 262620
151510 10055
342365 683000
180311 164502
702382 949712
53873 17878
754823 910619
770167 724893
39909 556049
337538 479390
200888 940171
817222 788716
704171 19249
66092 545573
441740 484211
171889 900482
422629 630125
606838 443324
581249 463465
580672 507484
169398 831224
858371 752851
157679 359480
980115 44363
362560 891816
273297 598921
440921 832345
335192 154349
31152 407715
755387 340734
7486 277814
601953 457131
731238 272946
214278 830511
306859 641939
72105 763429
654128 164706
157546 163333
811493 856585
643769 542339
453455 185122
898630 914855
7079 319625
323225 725884
106787 840435
7210 392195
915177 698096
527480 491215
443868 644213
72794 662198
75761 175676
123307 709046
653887 489648
708099 638549
883873 443763
5558 157339
686092 813298
636453 359345
143362 406519
66368 514172
59933 240629
213918 262465
337079 591003
258662 156751
101102 511749
128033 214341
132273 325223
478297 3636
815559 275570
270803 316337
705897 6911
23382 846118
219468 611303
591477 313647
298544 513141
72496 821836
515446 600796
554928 310703
297652 126439
135251 507557
172924 859024
803567 552703
274712 801331
577522 107533
198488 302930
819954 916977
373601 82230
807238 337579
803643 831925
45373 408436
507549 180638
825469 761023
388242 976696
197994 807475
877107 188178
352338 151097
334105 861393
609701 253095
532093 795600
209729 83305
591954 290275
580718 940533
434361 966058
384016 693222
353760 824243
511456 675893
438642 869184
223598 16771
336335 58829
978303 852511
357185 777354
71143 511044
160415 816482
855925 515434
737547 499171
986486 325574
535573 649809
931531 331591
719261 940247
454023 737239
571415 457512
113220 46210
495979 15174
11961 619921
54811 728387
292800 549315
887511 152486
571779 226181
595564 116961
336563 431864
859479 578253
409292 161705
54242 891661
229375 754264
284960 858309
490599 80274
951699 610146
465772 556570
451782 98167
969041 429581
223084 517818
703596 24651
597217 692863
461508 435987
444855 788526
158438 54285
973095 482692
560096 702046
874663 488563
715232 533869
715993 225911
697644 93061
727362 778644
266846 910226
576493 616824
963768 559735
202161 647951
774585 935002
571753 490960
966839 598038
640915 790627
283217 863921
545337 976948
184161 6930
814302 308396
512316 889810
128356 544573
266034 521729
20969 242702
885548 481133
992397 584619
757705 457990
58908 578653
157665 784909
61684 289548
191373 409152
404352 812477
22061 169305
767583 891573
801608 596635
308137 995005
700137 338976
843387 390923
496048 37128
749764 848783
373979 26413
926141 955270
992595 969722
682908 348201
713469 765385
66033 252801
469670 126496
177750 852538
640201 546856
745905 563473
837058 486454
884674 230098
254094 315268
592504 697767
502133 341459
856199 16717
105302 767937
237365 20213
427023 166940
626048 482050
684074 227396
166274 840699
716294 312077
36320 566815
630761 916182
414419 720418
225956 242386
263203 880638
481302 953124
164041 12711
491427 134995
471964 235024
949329 261482
933571 371018
970098 509380
230396 643896
423699 330918
325632 873494
931893 363637
40559 976973
784200 349077
720569 938309
665355 222163
557271 138125
290203 292580
539543 566457
744336 602635
629351 981289
909522 817143
938201 28046
42311 276607
718791 345554
180742 511304
456760 527586
589691 658027
931003 6962
402835 927165
758058 371267
834783 286305
501718 822576
69327 574616
984161 96628
783791 67872
100370 170683
35079 452635
944357 385782
932980 103205
325096 621327
431799 529833
470680 660329
535746 603258
653725 962984
493507 590503
16189 163026
686234 205717
619950 721597
223931 10783
332029 932964
476017 417956
881936 67829
557098 648956
408522 966960
560049 918231
533607 873030
790269 958786
553002 665750
687143 949809
302764 313451
579233 797358
876847 372549
784229 685133
737517 800779
251488 903546
665787 779107
845668 182842
474833 180062
343267 424538
682026 243585
219511 204978
841558 92182
227601 752700
943418 803298
932467 664358
493496 440087
771795 684044
336849 575255
616447 855535
827699 644543
815808 60262
187080 86240
960412 723682
843986 252006
380095 668775
49724 793832
993563 300523
508532 256626
544088 903936
939286 499632
529864 741359
46485 843518
777231 303959
563073 39718
117403 742671
86247 815700
576027 293740
954686 930965
615963 931899
447735 214066
162467 485169
128828 355800
692111 600597
936785 54045
523093 16726
55672 147664
906357 303882
65496 498501
737004 695937
744298 722662
614927 422278
515682 62004
713419 274317
551234 747750
663948 49102
747886 179898
228852 240363
46843 820494
566338 253766
731483 930972
99318 442811
845315 510773
908972 823605
789922 709625
715696 422822
339765 136068
278127 572883
91756 423187
689936 291891
748798 942371
698553 123244
247293 274093
96260 663116
858447 946807
190255 414814
461023 978411
913950 919983
321233 621056
530053 153902
803834 338603
58492 568165
423031 386550
49791 884545
470080 619921
803630 411785
986410 966430
79866 860586
768247 179256
368118 533640
129911 356943
539583 971221
346262 826092
127892 837379
317271 864485
527077 969116
14345 80157
571954 373884
851357 241060
684548 487652
812600 169153
368048 328381
798415 572078
626374 532261
472050 966822
883614 762532
526770 318662
851632 709478
362753 947265
485466 583617
784416 941898
137882 573774
401889 543522
82663 606094
572259 728593
704410 999957
592229 785833
179177 538074
462179 194777
126786 39613
252911 655626
381002 947654
496581 37141
671603 383189
3672 474585
795981 602205
182660 425013
308501 451142
493727 151579
183327 797468
62387 309259
990695 609869
909952 552988
230680 560423
329110 734800
889360 524033
882305 970933
960267 616311
292867 384119
37763 117162
63344 879308
113186 921399
292247 113859
950616 444133
359720 940555
714985 328433
164037 296012
887112 72630
470500 782704
964047 104201
959114 105014
746727 590300
213909 793764
602212 593669
433804 421928
172480 591414
861754 417090
969996 149427
997796 454348
266567 734102
994409 902781
457621 478600
161379 200322
281447 640402
876826 101323
3936 553961
199036 223224
929298 309133
310772 185950
479448 340110
688770 67733
533215 247876
632220 791340
758318 456644
186300 282945
673938 938512
916187 689527
326861 636029
652266 67040
862690 574953
704019 259314
531634 994962
65026 951705
708145 252249
717523 380020
578628 766615
664578 283122
98586 526902
187000 692983
326333 268691
319657 737174
164840 440634
614946 884881
920696 554987
495928 925625
155497 876583
80038 307047
24381 920217
724205 451968
156049 482619
93572 385409
765072 976831
268783 210453
696816 809307
795690 262324
191962 929742
767619 965659
825516 451872
392708 988127
488074 678368
43907 111250
354622 657544
412643 981316
572337 532656
356182 783854
340434 846889
450248 609649
219723 361589
916698 637755
752282 82822
356714 439680
423857 831171
836131 54884
680634 162685
458907 211154
887816 852091
621104 733383
616929 178897
12415 872150
833898 756004
12764 523731
491953 731227
249575 230414
1823 644055
287756 28170
571133 850760
515364 939723
426054 752902
36901 503615
951017 539718
894807 228706
681700 861431
885681 669369
524799 536673
539335 656031
76705 881096
642590 818991
738542 517105
348607 214047
37929 292277
662102 879511
393555 922306
315719 522146
806436 593106
42567 331059
163530 221374
590890 791267
946175 267104
477243 783592
477673 943443
892401 387117
907186 35670
860214 223018
156799 880110
406348 76343
784542 933448
333118 990887
567630 216598
175092 949860
266580 544817
477711 922071
631820 520790
882802 651456
717488 650383
303000 196989
981754 974823
612120 833672
553354 997146
962943 912600
600891 727487
120248 812481
360970 528857
131137 333027
334213 796605
363723 64707
365429 780791
702254 641813
318740 994509
976216 700428
773542 658977
524008 257495
513845 568802
356149 268361
216002 739639
