462165 12283
441863 139651
344132 561747
957654 10767
248569 121878
136219 512760
818740 350383
953707 759015
583260 923109
577440 993074
935601 731403
556042 91261
689396 510146
899930 537255
26710 419861
372952 285098
616701 681925
844723 645448
711059 31831
508293 342811
40660 549582
35061 555252
564376 410744
72891 814557
813791 518141
332596 868295
100446 818242
157339 849523
94856 848077
483904 950376
17498 984049
529419 522928
27600 702235
594131 557099
967781 727438
214692 53587
290119 371773
725398 568969
567234 766914
188382 15812
849072 842775
978712 786557
745548 489885
236362 915792
499204 820493
352450 882448
936368 213305
315565 155508
621112 912389
611187 898735
188275 436790
471336 160155
93942 215728
533646 813187
315008 594287
468394 187860
84083 55585
910449 654681
960335 254268
300230 706450
564646 493012
83944 388135
609787 742943
294717 111380
629634 941306
277180 221426
419122 162335
901761 735676
519273 320942
961926 543064
985600 720294
629731 48909
442351 800982
943143 540890
381038 241088
507496 697058
272420 332676
502684 617633
609390 300283
161330 208748
168294 943988
949082 103010
441416 881155
39036 51993
769814 320953
87027 732877
323021 125329
867634 917675
823260 471255
407241 761788
74277 830878
405867 753257
483410 253402
906614 162928
420795 432313
163024 918367
879260 773841
89771 467886
815346 404674
611673 903817
616332 921674
404506 691107
856215 390895
427896 948471
734683 718506
699709 55624
937291 288742
347559 215757
514053 861580
419538 753044
364446 31491
456269 169179
889951 860216
172378 365094
838723 818056
85631 122785
299616 62333
578649 803007
437547 926182
787570 532655
812972 327696
679096 989047
471564 206108
970863 993121
790440 299522
508715 442376
53506 229580
993550 769625
692902 70895
336669 299288
596712 889618
175942 734528
868957 636682
733697 267212
24110 747544
107288 220779
827356 613722
552783 736462
520244 969627
348968 323801
717008 632616
470711 463842
712906 131259
710659 367587
806286 127063
679139 666225
211757 412826
290218 112953
632671 393349
887137 852867
861395 459297
741091 569037
967928 406506
358830 215528
41958 965571
143343 686508
525821 734500
589997 354982
649936 277288
896888 462999
472740 475630
316937 937764
320465 189673
438535 238218
809077 685177
877842 767737
624498 639540
84900 669442
403773 251802
953717 411789
372605 417029
345301 57307
931049 749617
22812 861254
205757 509553
864576 905951
127388 478551
363718 906348
962110 561634
645740 562868
262654 297114
481440 436515
514070 198271
539598 312468
621891 551487
272174 191230
933258 426947
757036 357303
147248 180069
485620 36985
602897 212444
508025 556582
761979 25841
10644 513317
449801 282103
463460 930287
59160 389988
584291 632493
330566 967866
999258 708664
175269 9800
293751 548719
640207 540901
906939 755145
534967 113539
119659 242947
747450 133545
511596 587339
375519 686723
603384 270965
528720 871170
290751 929950
118715 877683
865511 572326
399615 679731
779614 396444
91537 850680
493353 502291
548014 140186
101994 484683
971645 358428
392482 49873
663092 603054
167605 423486
496933 652541
291992 462633
951183 256453
30138 767141
398216 259921
65434 774190
387893 69835
190828 642531
792594 107017
288640 691428
719641 675810
102405 50558
742874 287205
804953 500808
687658 997569
135234 925451
791686 244180
275747 978217
553385 926788
359105 498866
613136 305545
258020 608004
389643 382140
711519 946672
681693 581564
106446 418543
722859 117929
131197 365255
378959 263695
113508 298774
333624 214313
478694 769230
785937 872560
93948 709554
627399 723428
169647 514990
945616 964461
941992 638087
69519 592647
730073 9612
821019 629103
587612 572807
525645 378739
449526 617840
739482 516071
650238 701890
37859 148759
585697 152673
988409 500043
568104 706948
984226 929479
516087 986068
764420 591187
798444 499828
947550 739842
673277 505174
905778 549760
662406 897555
548781 932428
722725 28456
286569 779622
620479 735707
580812 350955
339047 928
11590 451041
338969 847095
625984 868690
836536 460691
810729 505382
452451 193495
935259 856510
585444 233770
519317 864961
290855 835156
601813 501030
445142 296716
739052 931218
427407 134174
559658 175464
610039 34136
350536 422288
641375 755405
980145 363969
783414 76880
518795 630605
145167 280921
268788 389349
840307 948269
694705 744852
680923 871498
250377 189139
327023 647468
130979 55516
92192 717564
401291 556513
977635 109892
741736 175050
59610 961742
943761 548340
429953 384262
723037 107923
221864 585648
442447 489695
287341 492447
284910 434718
774285 838771
892410 602078
45733 511028
671850 657979
41419 405479
45529 292098
347983 873748
87848 720600
262078 467944
873117 910255
500512 334790
92308 683662
591846 946620
320673 298689
847947 243601
606474 293448
135973 646508
111430 543750
295521 283785
392062 996433
826130 561172
389182 143852
987642 20064
529739 963523
116512 572629
839773 715395
611845 286448
541715 705797
951731 299671
508852 812428
331223 569172
437619 439150
14607 868944
998157 375963
173093 441348
721203 512327
564819 541437
526602 755147
883831 867763
538123 20822
652401 125182
944030 973951
325488 420997
909021 342375
484432 995149
751412 664382
919841 815154
331315 536677
811111 767268
433125 803356
750309 226631
732010 629230
559983 594474
51211 634183
524891 359519
393531 668235
212719 45615
425687 526265
260143 440911
37155 879495
179579 77431
348491 586146
293548 469000
354582 40386
443335 109280
425270 508277
434121 287929
849514 284783
808001 297526
882379 394191
921846 816500
429250 630649
528648 182174
512519 860524
776287 757169
734254 160527
294128 827842
462446 238065
816428 114072
404624 12369
346447 19848
246915 995572
861311 624262
589462 830891
23267 279792
110268 120041
296205 4080
47942 540831
935055 237685
13897 452898
403590 82483
476191 453118
636714 677876
497905 951969
227337 997338
791765 424160
580018 883990
571384 744887
646017 278723
506683 871571
811993 911194
868625 796254
569307 424380
970648 143180
907507 639534
65263 228451
321332 260709
856012 476655
782248 392662
469994 229228
801579 93334
347598 191366
891808 403465
657824 210027
535005 675964
991376 558659
202429 297989
516806 707122
137383 40167
871497 599733
243121 934156
976081 543679
822314 902092
904696 210938
489103 412579
883079 849051
951867 655845
191346 255673
321999 747462
202813 346175
759136 206983
890708 739156
729813 234054
35475 491045
697575 256388
677147 324181
539743 174028
426730 599443
750853 718135
132632 172832
400613 251699
829062 431603
715986 361992
236013 264548
938919 564828
576167 460839
516082 245523
253325 603295
192921 583500
493739 791486
539137 740482
337797 304728
433200 358882
619347 791170
593700 858235
851469 924798
343396 426668
29336 535624
88073 821047
225010 662017
103979 198508
228210 174441
895610 723316
412660 993164
847457 669228
553342 90077
499822 216971
488777 24525
571059 106601
593736 304938
274849 332614
876757 954258
906344 243857
111236 736139
971662 257254
113170 826794
966181 654797
597670 667219
170583 895195
962430 455101
571065 304177
277952 135558
95290 286332
543592 956988
32478 37317
310583 830737
587117 378329
488203 660792
308269 706625
608780 252273
28087 117367
596241 48227
900749 492694
425004 284042
403074 885628
700475 904237
779499 695678
825407 913234
7972 755616
895205 971433
376006 931844
216957 183326
354346 734374
591867 610806
766500 99137
95852 30567
343784 807325
374572 743827
221397 468822
523043 965933
117863 115237
821015 175803
2088 287991
88529 138264
793251 608732
929605 825311
406803 488040
425895 652893
23758 834589
94995 598103
246734 98578
637781 839008
448787 554095
760726 912200
929558 821515
181894 71657
454382 884110
381542 247494
65727 679385
66127 194417
818719 609057
520806 84105
604622 911613
485393 490224
490343 927236
925914 892556
894519 633981
751747 764250
748818 327421
8729 354784
440415 607322
853414 715675
804478 716790
208768 737493
850336 811496
54226 59185
557710 537146
808854 138970
751201 821327
871434 443541
649671 253503
953816 300648
458172 883052
572143 78334
195260 190768
749886 882588
662650 209203
997207 460241
544387 940019
366496 729629
47565 741361
848060 947474
363793 167452
806716 846100
588296 717163
919788 519330
248620 68684
233035 743166
40192 409713
284445 102094
420146 718242
30412 26867
681422 416861
136328 930237
519608 566420
940203 70080
491202 762530
783271 827513
698134 233768
651668 76879
984047 831999
925350 103828
238374 384092
425488 551225
252242 494353
71064 251861
753835 230408
559680 902380
797577 466670
453363 383655
599225 712780
567814 961167
25191 798719
883677 480871
199046 109924
9553 112478
367509 62881
657416 924430
592292 664331
335172 367074
985613 955263
483517 145022
748830 547818
602961 50400
911288 972514
105253 894176
176194 265241
792630 221645
647457 948491
318642 593299
494591 966716
623665 645737
749521 254141
546879 77330
223346 406787
768827 495886
693020 969843
234592 354133
844999 702491
320139 659270
400974 305454
667232 424751
249360 126596
607243 90770
884850 744532
135186 798824
248913 411715
240103 564160
803137 774102
482383 304749
766904 429850
642439 355765
897502 880108
572485 556650
912911 370125
807501 258728
883616 162440
468285 417686
66903 959403
877490 263687
976044 863951
187388 353718
29676 778443
895521 318262
37260 756261
654810 326075
635347 795641
587543 393234
106841 645042
794543 820576
453603 738767
310725 868924
276910 831429
40490 357698
251456 173588
462740 952464
81118 849301
737554 488475
634984 319410
513709 816713
827169 134027
300893 405465
245219 384249
813143 794855
627461 888643
967240 68350
321306 900022
614332 184490
982282 191985
609121 625714
286334 924346
899460 576628
211087 597089
282732 935787
840418 506620
604069 875131
313161 328473
929603 116271
627216 76440
806281 603129
418396 69866
141260 112779
633457 787318
56451 516042
597878 855547
679394 731959
100843 640379
426941 826323
582396 995432
899434 446951
51042 983519
769723 14277
235844 238740
713058 134478
738631 270209
858532 749483
128484 55144
523162 320448
315597 124015
119414 233665
966689 732849
128078 23287
537396 577955
966939 268034
815230 27445
782980 193022
629315 266750
402517 471280
752315 834140
40878 306781
19461 995195
302716 629098
192309 275605
128910 738469
413599 229894
116025 304005
742671 682936
549850 32951
165722 580776
913615 842352
505691 644601
261718 979344
137153 207241
111339 315392
41711 65744
663395 389870
116462 891465
236018 603595
710434 376432
643911 856618
143349 457709
822049 398366
476935 249285
75913 314258
405666 255467
765482 773589
619575 800272
227117 372522
162075 735152
947524 610394
200371 636996
713879 497989
818289 913308
683391 530254
802003 5330
233594 658015
743514 900319
348391 669451
63001 134564
446439 322590
701002 168559
816445 524219
957097 567235
957526 20639
399356 987075
192787 899226
867966 168577
325614 759682
949028 82483
485237 326238
528758 573185
579600 347970
661120 187940
826134 648754
887507 762790
337686 126672
492412 880978
412873 847981
68924 445611
905044 720520
715139 258568
630925 176979
315240 802277
829666 944874
642127 762621
519350 440395
23123 73518
822319 610299
524557 571882
929858 572585
129917 585468
769859 376504
858716 233890
673206 109747
19649 619053
238580 198121
702207 418972
847146 536844
88873 547230
730904 580829
620604 306534
549953 992251
552497 613193
263617 220023
193506 126078
808397 967111
320310 521010
682133 255168
783627 746083
59209 704509
217587 285770
156470 990908
786677 920
570753 94859
530285 483628
180996 818113
512831 264475
893396 567858
942718 983703
687372 418211
316420 464553
87255 922127
60794 999406
909402 273409
854466 448714
35696 899336
370307 510746
903526 960836
806143 856566
335986 158756
590203 292198
191514 836912
821280 684282
998125 616715
590278 649174
883572 956676
515242 496404
337052 507258
446511 203802
458942 63961
878904 384232
479436 901161
120676 485609
728191 854575
196863 502749
671384 861302
228747 619147
509793 617185
814538 555088
375928 519322
721540 360753
923389 61130
548570 521701
989265 49700
848032 400056
136645 522532
404241 516469
15914 106653
640810 177352
285948 763231
806402 652963
291665 814783
659481 15717
256674 83779
317258 667678
891398 896851
722595 555158
895214 415165
426427 732632
955684 102880
319109 81909
782528 784471
64519 651248
990789 656942
818411 300188
409829 680139
844481 496826
205200 837706
916866 660657
628336 667595
342810 142050
587843 359965
124635 409161
934510 928349
718497 468016
764023 260576
152379 552064
769195 864886
98511 204292
911930 156949
304499 429457
241353 168460
900565 921255
322422 662567
670651 285050
860869 808473
790497 468638
16437 519721
989375 768705
457755 180538
543853 48175
87198 777669
331572 452520
133809 751181
269513 790672
350831 842934
850399 807758
739199 470712
317738 435347
674119 67418
995573 214192
906810 749085
239523 181860
326501 595115
762252 185151
142003 656649
433029 205277
497768 169212
221058 555205
921203 51053
662892 785185
891367 615790
171322 570542
713193 877271
847957 296718
86003 268633
64695 325867
956245 719261
108330 344516
476196 78821
641273 891123
998140 84249
162431 462914
274312 389217
530906 589531
291562 206111
391470 129298
115744 694591
747744 563570
950536 677438
270807 12413
946168 282038
876057 241988
40268 686835
321944 319877
445105 912248
82456 276743
679140 311678
472566 633854
963256 173488
11880 251783
228290 496852
388700 289266
383445 503543
902204 378823
409066 84403
633877 283500
744919 333977
657438 602404
432805 396914
627292 626728
841583 182851
346826 161732
676105 987076
282287 73813
542166 802727
933694 595388
945369 798832
931568 933825
637712 186894
918554 990617
608626 398402
308798 893431
911766 15886
741079 775064
569853 982556
188383 586229
115121 328382
815222 276274
78913 959931
205924 341576
126184 115501
578636 125898
772926 647145
979287 691804
913934 690794
449874 743750
563107 993076
902344 721330
72841 408040
437423 441241
117778 535819
341160 95688
174896 486578
20811 546124
478586 594276
494196 624715
331138 135224
404315 266868
370855 180933
504401 507392
27415 801422
180051 737683
779372 717288
720272 251485
791448 288644
205117 731032
958404 969632
431312 47426
264390 156178
91393 569360
125633 20352
697666 338263
110824 827698
850572 13319
647605 862204
862610 164702
249479 56264
938845 793560
408866 248303
912127 156286
612766 822661
410157 748012
42680 811864
285537 629284
198795 679357
251034 915721
442109 462837
582197 320616
337786 751485
233118 900125
687194 96572
215103 506782
61770 955045
779046 334807
552575 646600
373282 481777
176757 394897
517977 234054
220736 353869
914397 671821
792843 381455
180299 205467
539127 566731
519248 513021
236087 516755
325786 424036
743919 678866
172796 140360
677284 211021
955003 967497
796720 952236
40602 554639
220300 559479
720474 337864
11787 40086
529890 592288
273238 242396
319776 644287
799207 933597
140236 943886
452411 903668
649942 481102
10927 858784
403037 181954
639875 335237
511738 206357
599900 258834
277062 477936
287855 958111
892144 848991
766673 201084
684903 738593
197376 37816
884354 921420
447516 580920
509772 116680
420052 343122
233724 304856
771429 248013
120058 164103
957690 815909
347895 363886
667032 101410
683866 939164
625289 413700
262247 820576
284858 357513
986501 397915
659639 920868
73258 432688
646587 807492
909612 102684
107943 188002
832578 7237
286933 33951
160968 795594
931080 18149
992005 622399
282837 888903
394277 529201
267020 1832
960407 31728
504535 82405
386677 271072
286360 924002
475212 938635
782460 39703
589159 558053
168554 297206
517568 309074
984968 789354
379607 533588
553567 718801
362986 42030
624197 427752
882185 386673
365290 881830
320369 695480
168501 286400
451330 869946
880280 178225
635433 611358
193037 517184
181369 658687
598692 819252
272518 709087
338781 756154
638927 389604
948727 683400
643647 247245
198021 528409
325351 304168
879047 484209
45973 988505
54929 483319
11742 466619
121842 598480
923134 269363
627475 584883
289805 295997
630658 904848
313013 963076
265166 524502
619203 815829
326733 579197
519725 136397
86251 716802
657423 328656
227995 777210
487415 451629
379170 215776
966118 509949
295238 682233
289089 38695
227943 727955
69327 921095
808077 320273
565791 597154
161564 745334
758807 705090
624887 257344
924047 50280
811720 597111
779284 735282
945876 72450
231514 890098
918941 140584
171882 404066
54866 752823
968907 948759
923077 33891
341678 876906
511557 710962
666802 716145
752327 720163
147287 723943
983744 660983
198490 748107
13876 658937
853190 720563
617560 736607
54065 598517
719797 813028
878461 111564
887736 504076
315715 861102
963618 313157
350125 349245
258017 337091
200784 417087
233785 874696
849147 767183
134508 619922
613346 702152
744533 522527
240641 344029
287721 944235
108969 148403
347661 210734
909407 570505
73001 804870
841155 176812
926666 631947
410255 588876
740914 357409
419582 275987
285169 89467
826276 415053
838483 406588
10851 57190
623543 602874
741337 163661
817828 99741
668234 828071
524867 155606
212380 926823
831924 932848
988900 232656
48904 407
729765 990740
174502 918017
131861 423080
826836 424897
7606 827087
239536 819472
449520 957368
591191 741888
335174 791317
605351 145821
621264 85921
801831 578337
670583 588698
258460 973721
79454 217479
759757 261137
40071 256617
458360 925351
50742 103677
512152 718959
672516 425494
17168 38959
370000 114329
493761 770275
759251 771956
537323 603980
568302 282536
493199 810923
726144 690690
948921 75564
501141 984756
807684 698591
810142 341365
138296 278725
31535 369043
654161 728982
647226 775877
839606 165541
942692 765651
727842 30853
189291 202820
530122 102429
275642 796188
169339 647763
537941 711214
407061 776476
949620 982044
46773 852
383409 791325
895621 145443
990755 901406
27835 743226
596396 264522
41609 492573
902318 521632
869094 669978
823981 143416
82361 498547
774116 418100
894570 2321
279007 438311
339060 164378
676693 295358
471259 696623
582041 854379
849040 60155
262268 363850
719592 757593
652478 348293
694470 126859
26415 703160
707432 248527
103694 82295
472970 89761
286004 403019
302341 419597
670977 192328
829666 880969
690995 994996
985934 423069
511122 19991
206120 114243
455420 256970
574325 968358
793716 441747
311951 607156
355688 555826
171339 615522
643547 274170
421475 656447
925552 786186
885488 89909
2265 446456
326546 744658
763621 344286
46668 583136
665474 245233
603273 55988
308572 452477
892053 894127
116517 162998
866514 971415
886384 410935
565572 511434
83700 880665
77878 365826
776304 593815
715620 193199
490142 449363
433847 893068
556480 288675
615492 880834
55089 499119
286081 745587
375667 793439
110097 395737
324739 197523
451574 657247
641036 743100
951744 738974
567674 728948
159265 191305
510125 309536
132025 100025
869799 409512
730163 168738
572510 195380
659570 61271
46417 463227
710209 107015
351217 995521
405099 565881
324137 40008
627050 933339
98891 281075
584238 763732
579187 742536
699788 252478
3025 30520
672631 971176
25619 819568
161935 393626
525581 403038
828278 315352
775741 158086
75325 360701
641808 48565
393914 677558
719109 700787
31360 685084
765405 653669
943406 692881
912295 493635
889249 472430
536606 601597
494767 999970
250382 4024
598935 977657
202786 315868
506880 786518
893167 66114
766087 632414
699689 159772
343851 987066
101610 362369
680428 949090
404118 256329
346948 310514
641224 66764
93259 120592
637103 199487
714778 217951
429422 171180
464703 12937
458182 917862
663696 499005
243549 784636
149119 179091
523001 133651
943126 204777
848437 729805
793631 691442
968919 87517
75115 963440
496628 712960
875765 185596
813104 704521
31698 191559
231767 204927
642729 603976
604308 341733
38620 892830
696302 495789
824817 478316
80379 332636
594373 553424
784100 930356
781470 144391
529572 771836
157557 331620
176095 487650
290608 182124
865097 55171
90426 264014
823764 212583
641405 749806
539657 390096
573442 212122
769323 316689
57591 319124
51844 804416
282704 656158
932584 671878
82514 672423
293995 995668
393997 91988
387961 962644
489733 447398
762922 942538
762283 113631
679169 514580
566510 687726
139558 24504
248663 131278
996092 55966
421196 809064
455 55514
819148 179097
938519 968230
646356 915615
795210 713820
73702 845360
363295 76750
231979 380976
120542 118535
134862 834550
832239 19780
630942 380073
924123 467998
671497 108661
600039 66917
463813 615567
446050 552982
993030 736612
390094 752699
704334 929996
109812 280717
178940 319975
410726 779443
629056 363782
210530 828348
878447 911816
255855 565746
404800 746203
976230 191286
453915 307855
85845 133266
37642 983021
301475 622554
288748 769108
263408 844677
178128 659829
285403 357937
706704 762941
514460 319334
281646 472382
890049 69515
564913 158395
794206 478566
391518 199755
295951 221693
670777 874055
408775 107530
776908 38282
443078 111265
686213 780897
108794 799679
865329 59665
493476 327539
556914 387381
824695 818114
607293 273721
214690 599418
435553 931926
243537 918995
611637 325270
301967 478001
338355 603585
732204 239258
460066 414580
584749 24794
381972 574170
977213 164024
575315 189762
752001 304540
72175 875303
723186 345750
802217 424107
629604 833041
258400 619272
259156 389595
484681 246732
912196 421836
918324 182522
160285 842819
981980 128832
390891 225998
13914 211942
55815 734019
550629 815030
467639 477227
270935 817422
593161 959049
764114 367973
413875 882720
733914 283796
553609 79428
159877 969333
322685 436249
386902 292881
541157 482952
708483 605061
341689 55724
553465 469741
39912 113086
682969 313160
826707 190622
841645 522285
417911 205843
102451 327682
7913 694588
704915 821637
318887 72710
208888 382156
363773 729116
633791 190779
29978 314955
202639 114352
248400 291072
402031 367572
841701 371022
821570 403862
313749 756681
449112 254382
759451 250873
393298 379374
190527 309547
324017 471582
948349 370423
731535 381960
266205 119752
459776 88581
195817 441131
856555 424728
218091 330951
169541 530358
362160 961206
229912 789488
795347 364988
472688 541566
867183 857086
731324 725290
88233 647174
29643 818262
483166 655595
494278 495518
293131 832764
564580 331660
481283 618718
84596 658752
244683 773219
756783 160440
894962 246196
300474 741727
488049 407226
490960 391794
714237 646777
250945 31505
91371 666787
232063 162428
8431 24787
689727 301821
888151 929712
710701 206695
542778 220872
137577 530424
934041 876629
994127 568943
584773 560510
732641 992947
115268 197573
670306 256458
305334 724488
804269 891553
985760 301600
872397 311995
712521 515857
201506 899080
360671 174669
61131 46194
870405 906321
493250 625661
213255 262957
103431 880458
178574 590160
451269 966030
761483 346873
539575 204120
628996 941081
271287 330363
753105 273533
799237 28403
96659 778482
838075 154386
641037 741919
935869 310793
502670 383404
492043 804951
684903 196263
572752 689054
247376 688277
794479 390904
538960 140601
23129 825574
515951 881489
286070 74763
759772 65283
435756 449928
436663 927244
348149 191357
14740 688695
214519 567999
26872 906457
134110 503579
771480 332222
373436 683853
234182 385513
844688 809725
510909 672144
276619 370468
625928 250405
449367 287541
490114 848802
398423 191148
292300 594571
61353 115240
204010 43917
494217 658076
610983 883025
82999 440650
871808 255531
368796 98149
99835 905712
86847 328732
298084 991792
529026 652225
660664 888504
898906 961271
549166 153284
301308 567949
37384 408165
6940 83
896614 530613
559238 82945
209434 698627
822955 431258
469983 606688
491759 79699
809991 250592
520669 120620
811603 400396
809618 554106
717076 15004
934123 416519
236192 744481
40313 483180
810275 772865
835023 489209
826136 539229
595488 688754
263506 198950
51028 190292
257618 52200
351449 969686
436235 85078
751710 943194
260422 520363
711924 212043
404029 294629
110386 813339
146631 356037
891006 757799
653514 853387
186379 313522
635845 818330
620012 951368
295560 243416
574365 594946
18469 437943
899827 718755
462631 404342
626558 509448
810976 508205
238028 736449
627838 379551
233748 587280
248136 632880
262435 624311
815858 428772
7965 407671
418417 745479
759280 910509
312454 642079
669029 518439
531882 224554
711106 393642
116394 675063
930202 504765
146111 550962
187461 515254
121289 566898
567286 75866
499005 341801
516572 215674
335976 316632
689202 13434
152518 533403
56171 603330
407262 564098
619511 99813
508224 457523
553357 533159
419741 363336
270489 897917
941021 43491
748158 918325
22425 975445
62613 811729
220799 249219
202503 290732
33281 42675
447026 37990
921142 328807
229947 161811
105093 84344
81062 704746
675595 83217
669489 83690
992374 779796
301012 7312
472438 970330
366654 169230
254314 604900
347736 62756
259350 395164
295699 52915
55248 472850
317359 787034
362969 505846
870434 521890
813543 376746
338107 313285
548390 980415
745512 67959
619701 155448
514090 956414
124037 711680
804836 561797
74259 363103
129228 117651
244377 165526
268080 721060
974170 326879
981560 511256
495046 756327
841021 346686
921476 419806
209841 98624
716600 808498
394247 929394
156827 335611
465938 246257
196427 129266
41781 723947
500 688148
357424 389416
384491 134064
306417 786035
651033 888941
258813 42048
157927 629828
91000 537882
409898 867833
658051 931338
535911 304267
211216 713048
242019 463370
909029 348217
664279 780339
882800 800279
160050 661995
111021 804363
521401 727100
102480 490741
123066 163872
717378 484259
410483 315514
694215 224761
582799 309797
925723 183016
931707 633228
279437 722468
143316 838463
843171 200454
675499 777450
181088 261388
955243 178511
483142 652738
871308 409004
50238 176898
729775 609998
880297 40970
84213 98241
230019 185999
365807 448232
83149 624519
274391 284278
252219 951622
989825 902516
571307 188255
583698 808707
134281 722441
954078 109076
535840 815355
29065 779232
941655 27743
567701 419952
637185 359246
973950 695180
440575 614850
80925 30321
492699 367589
60089 180923
25059 718905
548946 458235
530872 923291
746628 242496
434894 297804
333627 27234
49606 281986
392122 342476
28002 584415
525563 722638
208202 606360
943870 693470
295954 165846
253506 73350
757432 885637
66224 672617
438953 131954
788698 979555
200911 200825
438747 215198
981908 826651
994511 606898
929905 841712
731006 405479
448900 140805
161859 65385
21947 337265
287846 483462
387125 322401
920923 919570
268669 249285
47521 763573
782196 332034
882733 47100
495583 197899
16587 204115
79292 122615
298500 630948
463642 998502
624003 144444
841465 176051
878975 718192
767311 987153
605520 622870
754640 302822
602246 741579
578500 643850
432119 131624
836894 520415
720169 928461
238293 376633
858223 974586
825749 669508
947728 109997
391425 719501
352727 165193
545770 324413
613539 42548
916001 57583
141695 299042
650609 434673
874218 192969
683627 567149
25725 443347
207049 869779
942482 584433
785571 316769
981501 71258
121671 459687
233600 397659
323607 476750
295715 715174
497210 241120
657877 290075
698577 443106
746465 175120
260662 72658
4723 547045
713067 953802
407565 678770
829389 708533
357780 470156
154693 409330
718162 372047
252305 753182
981340 59130
892644 83645
40713 960725
559736 999130
650027 890747
984904 228164
96140 550127
636559 400505
440331 290947
882705 987523
164336 38927
377867 142106
861297 341423
459225 929328
822587 533594
139098 377080
415310 611833
361291 804328
911593 876269
435076 963646
75346 847702
168769 727472
589806 999734
673146 351172
405233 640161
382506 717136
230857 115271
478820 811809
906436 407383
998770 586556
780883 991908
997649 493600
601486 964198
596844 161757
155632 264106
587035 315387
430708 119366
141872 432962
293176 652738
936010 212730
490052 61140
437873 490860
364391 820934
418791 503813
733399 644932
371958 271064
235617 772310
697500 430674
124593 5725
324161 541991
505257 932123
161621 922265
236937 922413
95787 479115
279873 907170
639399 3814
594777 441810
12907 148772
726799 733501
777696 431104
474937 96082
401747 171525
661465 645856
71417 385839
412376 206592
177711 784321
723683 174165
522392 718457
501378 958222
964738 987531
894832 535483
92788 142508
644459 168048
247721 326997
503677 506726
73941 262298
653732 940136
127605 529928
699109 545118
749030 984317
473833 564576
980382 773329
966524 186279
323097 245518
952513 407891
322610 112712
225586 5162
750057 608088
946368 69321
243832 338518
138086 761552
674971 526976
539787 833570
303442 960925
413380 11075
201041 387268
972967 351976
263452 137937
713282 780512
695180 934236
236120 309929
497117 751445
932270 923906
871536 682722
280749 728707
114867 212696
666772 988169
210405 786654
834721 498214
906811 11627
42663 731979
367090 916040
177230 39625
175552 972482
339485 680450
264382 260932
8638 993793
415384 315643
659259 901662
163014 241544
971909 361554
321599 504175
73657 418313
744575 427161
371694 103170
299849 690547
258259 33315
324427 409457
628384 139026
612801 739091
592679 317665
833098 538223
531182 511257
494384 569004
835341 62556
309923 145426
102675 447555
493253 69081
92932 295500
442265 33541
478168 806279
596173 162135
97782 900084
425615 864751
997478 103121
234493 785128
541212 764169
393962 682155
468894 782326
974512 965931
539525 693636
783884 430339
867208 289246
243729 213513
995455 305949
518879 799690
728488 963728
134534 455827
434404 600011
962748 740068
51069 206399
898145 905766
65252 768866
828829 801285
945588 737556
443514 508832
301107 64932
803460 579944
111041 584533
948537 540310
160259 252978
738022 432220
149359 756241
117563 390525
418843 945492
726471 901777
563187 558346
283311 865753
763422 671012
217090 598390
702507 715347
567659 19400
319030 357367
573166 473484
507650 555038
570262 220646
3381 834147
9800 620558
889985 609915
330672 422177
990320 310186
515135 56300
229173 602375
656998 997739
819485 999841
711581 941417
314933 737468
248436 178030
434507 117793
110352 46404
847042 250468
975533 883151
311969 796955
947464 228984
933725 746761
568141 789968
107914 467184
12599 603328
934363 951853
580892 897067
710991 671318
75537 36380
459670 971373
108685 826068
348093 937
653992 755796
194430 926117
136213 822734
535364 655892
60059 474418
21145 107239
49063 4680
146652 242613
889870 856082
737576 674039
582525 459300
577583 28415
115582 718311
710439 396131
718576 95353
92433 838737
224273 51911
455126 220472
80852 521803
575623 147619
959246 11094
840567 731317
619823 948333
775934 100190
85331 281582
53358 495863
865154 592136
813817 188368
429913 425671
485891 822857
387804 730458
202566 774362
589968 633621
352672 310859
681657 433060
118011 420309
221281 894398
337412 670193
701234 735533
463255 288926
364558 51211
265593 483223
294101 741427
53725 753543
793219 558615
113719 625068
606016 537856
109098 70704
228730 895951
942110 518243
174130 854626
797396 747738
865360 416531
174906 763732
191144 969346
405215 697886
275284 166579
928755 278136
592632 417773
881132 582669
443925 727084
918809 872281
730067 772774
464494 724949
741834 749199
103597 340450
287053 180210
951195 447289
443741 860305
211188 161262
792640 90523
996379 582846
437914 638634
907989 686010
801637 660386
469777 346074
206290 529549
355311 343426
776171 468416
867417 646222
942038 52177
983702 489461
58858 202737
439408 475961
224655 885424
45217 449863
495941 577700
945582 547595
277777 110079
671323 315064
424796 805363
844882 960054
75254 202986
278924 445196
534527 501213
842142 935233
46811 660753
444345 357942
532390 952155
602788 441699
221062 536717
45691 483464
109441 262144
264831 897202
610438 241834
158454 985502
192466 344105
889229 329042
888656 291512
22130 305928
882795 469350
695683 558816
674146 976236
460582 635637
215841 623154
880073 5097
642288 744139
587654 570805
959311 394194
642207 148373
404709 61240
212140 67814
193898 667488
102939 129646
505186 162069
739624 304292
48270 565091
524015 440871
96416 421134
975515 597584
767694 775058
5648 196631
666608 365035
762098 274018
757885 683357
237100 99544
277049 754791
144932 134307
344871 133515
657355 381119
290668 252494
207974 919167
51031 859475
904385 758729
522428 829321
808255 60746
929433 155356
787436 958637
783841 570157
656591 90103
455576 980259
768107 347650
867930 557479
391432 949009
58419 102587
994616 7203
248174 703590
660482 628769
50890 549585
455794 384436
174277 206534
303959 645742
611361 926464
518487 140989
269322 566100
162751 37753
399168 889516
684386 460742
524730 913967
268882 608432
877558 409426
908957 823558
29762 807237
871870 650663
824099 108805
575877 343833
649673 195536
411380 866914
438419 673230
291021 214828
774069 747954
677630 128159
527865 562272
787267 615766
170700 116885
88256 369237
190074 589139
407683 482377
785277 801850
546642 709924
633578 731276
864969 340668
64 541583
687102 712732
959761 958889
880899 11749
742207 404268
899109 905393
872335 586500
256564 813118
681387 298058
191072 940545
143972 616750
906440 78040
617759 829665
804469 378793
396647 610624
268862 930454
161961 398216
324726 793001
261504 462342
830806 563995
539201 574411
78225 522250
953455 564003
853146 804198
698563 846067
68480 898205
54379 257995
825932 171574
236544 368533
516351 471040
328915 100263
175794 692836
61754 708338
960872 488370
555091 715673
294180 210969
603380 912595
875269 132305
473487 711575
550420 928187
718219 867532
858038 677218
91852 413280
744457 732065
134782 305675
786180 432072
106100 272065
777408 404390
153151 509869
56582 437323
539303 754673
800085 987692
496212 126908
683033 332729
508946 836980
679067 899835
812962 901058
799892 167594
637597 47711
213480 661195
819975 496030
717652 383254
513389 328732
421012 715970
789230 422010
611547 286633
620007 629513
148458 256890
137690 830296
723858 71040
508001 418219
454741 944760
8375 435814
55979 542839
156288 667174
960912 882990
920563 111265
716426 22940
123028 242787
113402 106896
810486 226048
133776 106545
475867 362154
98735 754521
419061 479967
36760 960003
989053 124691
320794 997446
385021 699023
784778 757874
44346 274751
914216 267764
756555 634541
925972 515300
956695 180061
367318 453773
69986 797129
598835 100979
709372 703301
566094 182731
757404 666150
842341 421830
65391 148184
839054 361955
381688 465914
283003 5821
800141 21396
769547 788601
186785 974544
530397 282621
181049 742967
812609 777350
615863 366653
33087 263233
977587 309762
144217 229514
189221 648381
15898 112779
665692 344579
440373 419950
575597 566803
824525 762943
147081 233162
911830 660160
634522 98100
238633 291282
201124 389
78523 458856
351912 671266
514644 647478
323817 622999
450656 262118
1902 174750
86883 847817
15577 150282
930232 336942
853764 698932
339607 778383
569901 832015
956712 518680
218792 225873
219409 506762
377646 631506
932038 762023
228444 474157
713605 751057
930618 882725
596868 670309
817974 111912
753796 962998
715033 753653
16187 660410
230743 883614
93083 232048
644543 799450
189401 669094
104957 734669
363738 722860
206821 469035
808510 441974
621563 353162
328834 27205
410611 599231
763676 558386
744206 88368
932767 363037
369831 520820
250821 717063
87397 302397
556744 811619
219556 221673
344706 961174
415880 236885
158760 417705
460429 354537
715669 118434
436156 512411
171429 982664
941477 325772
320658 199139
744602 124361
840857 332947
38341 416058
805701 777300
111271 665979
97311 269511
723852 205199
711159 466925
553243 355785
669753 570397
196280 380337
643698 897116
636716 309416
580912 473428
145543 875721
708043 372990
728443 206988
66284 694219
527734 279728
977692 100700
45376 539719
408823 569216
445374 956018
8198 264302
894291 974583
867235 291794
874449 116268
465645 350290
182948 747467
490270 105784
319560 567105
231638 966181
465878 135095
880772 29249
476692 699721
140164 289231
727643 471308
552049 436000
475147 785683
59568 560381
543219 900866
104650 366866
939865 12421
749941 97828
127261 142050
619056 76738
32558 54915
540148 812782
763471 70503
947954 38032
487756 619209
775351 971812
593800 492621
9638 874015
301466 144534
954439 403839
737162 400251
625520 802140
409487 484100
400047 385316
893063 148204
156868 267005
805167 488345
727616 947793
662577 603087
152736 373944
395161 30845
135161 710414
447739 68237
52012 682265
154541 145959
491425 494046
93674 232807
916316 211668
694444 485997
916093 618085
217470 496697
606140 646400
273390 915599
208981 171205
836164 710449
499543 102608
337890 616728
911703 985812
543051 287843
934752 297138
142628 439200
211422 462610
144303 197979
204119 737865
830276 556122
682229 943996
788544 301947
186502 64391
338509 355431
769737 528102
539752 300085
442312 981405
10669 967960
720563 362837
389312 725135
969927 500107
365186 361513
722198 465270
961750 588512
190946 809801
739130 32287
200831 168868
775771 179685
435225 630905
271127 374454
598704 957254
857505 243391
979432 225672
42416 911708
365481 376380
480990 568493
586718 691728
731874 525799
923149 474151
761858 294708
204864 884110
531533 492241
948391 324937
328135 360419
896464 991676
296769 171104
6899 97865
317791 896807
787726 477775
557350 466159
301987 504651
203500 403585
600648 729095
975993 664317
555727 367820
247770 47144
424334 286376
418189 37054
533534 176048
250916 339062
295786 664938
526994 269074
692280 889086
417891 644457
740422 990410
274643 211765
492969 269813
233726 359703
680243 10183
31725 481884
236831 382190
330719 508267
973087 918273
459163 141956
54649 588824
469397 883539
660175 796481
451485 278603
415735 9228
615394 955949
727600 670027
150192 788072
719069 3246
88216 921962
503543 28967
992741 421142
689849 854868
894415 714949
506782 538741
721231 580110
171140 492041
724223 507434
371251 860005
650321 577125
567618 469355
597105 525691
634827 720638
901092 253896
502788 532611
876593 362933
590743 802216
624108 8544
315839 341462
268124 343252
67271 524710
607321 486367
982809 506220
650260 15191
197026 80179
298061 646009
291196 97549
137929 963956
642126 704109
620910 688736
485803 896644
275308 550730
810310 988419
525853 596053
313752 207145
456582 309163
363842 596339
459880 214705
147367 36808
997705 273261
521516 645091
482247 237317
203153 711068
173362 392019
965617 108145
225563 795508
552315 64396
769898 233339
574753 306277
680955 430735
925986 268341
591932 878864
252769 122692
759972 829089
725830 672276
476695 416994
253535 593340
39861 974740
550626 552619
275048 289979
796174 766068
621138 837093
852702 693364
60030 680156
673956 972816
188674 448109
894351 597417
129455 757860
26759 990877
447082 324388
35812 966072
703416 59172
876715 800208
967774 160264
21919 941059
957005 350860
253642 179885
374016 114242
40075 414199
580083 152793
967341 516030
716366 90236
634746 680618
498224 784901
317170 434971
744926 664925
110590 135209
514528 925521
31274 521201
873953 125768
669556 810489
412652 563014
831119 746888
44155 849401
144848 295574
302516 723204
936500 302650
454323 58345
335019 956920
817150 224595
924591 554054
786674 841922
296007 434531
766447 347583
169481 892381
325212 546941
408650 576141
710420 288604
396313 110593
384752 140454
644673 462681
83816 192102
115109 481120
970866 576926
93788 221913
216482 857181
328708 930376
204640 112354
601729 865713
895718 359448
327241 719289
397866 394148
390378 894392
367717 616554
238705 771392
355911 534877
22908 50412
14373 987412
468897 706864
450232 921154
432616 82852
115664 472417
365672 877737
918884 222784
747431 10742
593391 591717
727281 229039
650136 531596
792085 558800
782510 137661
427037 53846
291896 91307
216379 627170
916289 544068
430318 794412
11530 280880
119503 71989
970843 887702
461476 265814
550066 977151
902127 55828
217665 249940
261084 117706
536233 28898
556050 737619
267098 149951
581908 920516
338045 178389
266899 369745
933745 847906
366552 596955
603204 61868
585473 655354
298252 987844
576134 807763
384517 463996
257215 102440
514886 502465
237630 597836
151327 789728
590161 904
596680 180227
153093 559649
532660 597745
840671 905703
860846 448440
963671 297433
605275 934722
183510 299085
761102 109694
372407 535406
901608 735585
760877 403494
793718 609653
957837 548854
704277 380576
923939 962456
723161 502306
634602 565162
291043 772373
248460 18833
97333 131343
227195 192494
718948 726375
471500 578684
120383 197011
61684 539021
869012 450505
558949 59720
207330 175163
230972 425744
315274 706928
417412 403198
287458 303890
326976 392470
423567 556304
660894 143580
276349 939742
969246 121224
759076 740571
874706 73171
854020 684888
22227 882347
181225 591778
98556 77351
481349 798660
984727 220825
118197 151534
406860 636156
930075 124061
357039 794785
372250 260816
208502 623793
640075 989256
398431 892674
653078 593623
353487 340727
731797 487492
702670 732845
322580 885691
226132 279586
540275 884176
730835 879046
452522 408897
628412 308169
475750 917458
847096 79710
942085 737678
943256 387800
794978 127031
220480 281410
159245 842678
890469 846809
73467 258836
90468 869473
975775 313552
721994 488152
471139 769364
490491 430264
8099 314784
888872 843254
687780 609469
176964 108992
833960 688851
793465 737078
351852 962486
269673 990769
602092 412349
539534 907667
595882 797295
822928 224332
748730 57112
360939 660968
745542 114670
769365 880698
320068 940560
45852 143497
396235 174102
755948 168461
884412 589363
27996 64206
757178 723792
174318 295519
867285 773116
469972 615409
694561 939701
511023 657253
716805 563985
189282 965764
224168 20999
181861 733237
672358 522264
839188 534054
916235 779062
171883 16947
249358 698540
629265 74632
675774 536524
239689 518144
49399 273081
922834 396676
274153 928697
831602 773411
92568 55975
989349 553361
489498 125002
837358 772135
602076 859752
133989 249922
223116 652880
64264 920502
304510 157347
833587 928828
979602 888255
222434 240176
174541 274553
652024 12607
464164 181823
252129 248586
342385 908712
591057 518781
319723 129642
138100 291086
767683 935704
699722 483358
695638 509235
133800 70440
952179 132848
789685 504567
828472 976184
511658 155047
111710 797311
799436 180049
490140 882396
154423 111005
328511 501195
138973 9408
62083 473743
685149 283173
511977 805
812318 526584
454288 626080
536583 726192
778542 107852
164151 494942
160480 157514
511574 333529
511694 7286
242954 553945
8969 57931
586137 276865
565767 900901
551026 166880
413443 697914
350242 748905
87946 250755
855437 963020
678427 944134
740819 528882
120647 91685
94617 493468
251191 502628
835114 688607
175636 380571
896783 283099
644080 153527
334873 284389
455827 993119
191703 936035
739581 419441
54844 976262
201132 254485
232371 156854
38448 109123
104385 581014
91057 813046
311081 528474
917344 161201
838338 574119
527300 106310
573078 9796
217744 447437
541041 1405
738320 963899
346785 226195
380190 867049
798139 448815
750428 267785
956760 435933
536850 632353
497515 468265
795739 848134
22090 72074
602766 20328
819245 198130
968697 325044
482498 673619
138848 854903
693279 810095
218659 615769
493766 560416
19382 377654
808581 750016
460754 43303
452245 629958
885549 379444
826450 607768
446732 313807
37975 566669
182662 105196
243108 182315
931597 713235
585987 918146
423952 434720
22906 189008
255818 469309
255309 796771
35285 194710
808465 892898
11386 913706
183287 376172
102031 173979
578013 791742
360456 997527
115832 507864
928494 7383
733495 717495
467701 880402
395954 553512
24381 189910
988300 202751
652910 623880
93396 496677
665558 135952
454550 674326
216172 296026
223626 437991
232491 506933
47797 488239
778817 532818
241758 644270
461371 411692
213706 735483
446257 447258
76794 968504
103971 519396
171316 176288
115692 702224
849570 808814
450252 683018
825375 543864
468115 611958
651555 987080
404395 814868
636099 994445
207918 408165
473098 676693
606752 592939
517700 970913
31713 999125
440701 287691
436227 2836
822391 543088
62563 453889
967535 324238
434622 925941
76054 639191
783390 892181
959342 554305
693179 558895
119328 929067
348283 487216
13060 100666
712602 871370
819053 92070
237346 646154
681252 333172
385908 329683
363714 962982
122475 635121
930885 606282
748160 400118
716838 111802
128903 240822
858296 114840
658401 489953
918794 807777
733213 867090
656318 979863
521529 502427
915214 820159
256942 216635
547695 789467
102628 947756
124501 195063
749456 882358
964665 953980
1661 424612
524281 988882
227611 441696
484334 402385
728823 371814
199919 594582
964334 399031
987008 44348
347346 952783
954990 451200
292455 203039
870795 990239
750683 938847
271194 733364
832614 528288
491726 574152
441797 590859
106468 837019
589869 957914
257815 880523
490554 185836
884226 468871
38295 853767
619456 707495
578580 88692
567957 814867
444035 528953
533560 397870
342278 179936
407844 686574
331954 928850
921967 299549
111994 901086
767370 14327
249984 530079
518656 470194
593771 218509
223669 540312
933283 271497
787312 365599
161414 197956
464065 496300
697082 371666
744704 452099
596159 807133
813244 307478
970422 850016
64078 458906
999376 326652
69982 733734
985731 956701
174662 849804
617896 761579
510155 367368
205158 297053
44728 8259
32175 957174
832280 780243
33655 815865
392220 331618
686425 146348
64067 876029
747130 771457
562146 467663
793901 656210
21189 410109
831641 429757
847108 563404
5452 345532
866394 126471
618168 774249
202630 313655
597271 984621
277750 433301
546355 606982
891492 902444
357368 797794
432439 232901
129363 117979
836261 354928
58189 640387
939371 610690
562052 56593
743912 158582
760524 525096
151565 455106
35499 999545
111814 399203
469678 198654
186567 146369
693043 918957
854575 261856
444836 214119
299800 643408
870621 598984
78978 948414
427623 213545
269315 800150
824347 136908
207068 69870
71271 630876
934779 30980
625437 826930
508995 747418
311865 160683
18085 696001
889980 147840
689075 19493
568167 999257
768077 925640
329966 332817
518950 551006
685769 935648
876781 735171
69783 291385
203373 631757
495464 689957
651088 501458
328275 86016
181353 514178
409302 131307
239786 214928
908774 213371
592428 585856
119710 64306
691535 861037
233812 652928
182099 505687
73851 375093
855379 30359
983054 620681
393512 849691
198338 228615
402529 857555
253694 29093
301445 978341
668588 180034
304009 175668
823168 28693
895762 215222
352612 658643
173703 380638
318919 676976
233738 562879
430883 854721
452103 374600
826811 219838
103244 371537
991261 471597
258922 299572
959257 718466
814290 476082
911695 911242
628450 789672
751620 851603
207512 471224
112899 170530
149136 822995
430734 661607
684981 455869
888893 319870
557558 429811
790382 289505
352430 372811
213588 959443
990422 25484
904020 54114
70251 231567
607921 540823
670995 913164
243030 948769
781303 819267
556012 357538
986513 206988
325315 758242
372092 36057
167774 272237
541785 102082
206655 652318
362172 281477
975162 454393
600500 167371
753758 456396
121490 323087
72334 733373
668917 446515
986793 758779
187776 673030
666815 17399
85169 232454
75854 416998
83486 33526
862653 71882
28941 860050
915393 184512
80225 220058
110044 62840
749555 308160
839205 54084
336738 220714
689970 634932
676224 436183
87251 870029
957840 127122
851939 876023
132277 152340
21154 407769
591135 502936
261224 722555
300485 543177
591339 594059
418967 896435
873090 520194
36303 415023
637690 401705
512090 926836
316141 5108
675970 762887
625289 589050
919951 111407
591735 853655
50947 441968
561065 778860
872595 289907
418641 142219
863122 510602
243669 727230
714805 763943
622265 843831
119504 472963
917771 396125
754512 236429
336632 348713
756822 557625
663512 624427
329972 28683
943297 336059
887803 61410
841401 494829
942519 574171
568202 281469
733221 263221
925724 187582
100776 15713
105897 981318
365098 115401
28583 948549
902096 582699
731717 389298
728292 132993
122203 393678
613079 681138
851974 251247
235010 580663
751634 676805
492998 327936
580254 781388
465828 978446
585033 998857
209473 152758
519268 639085
848993 931217
821562 447937
398361 245344
258547 991368
792841 432861
144245 617986
367311 288997
654113 332419
392407 342668
134125 791887
584672 222142
410051 318109
109357 137672
699351 858301
81924 704502
762434 654874
71527 916897
282719 547956
302628 790258
790670 846284
376699 411772
260950 233344
790210 702063
140767 751764
934422 590709
967433 83452
201045 361804
57743 979932
165656 384314
326613 940285
343302 344667
17612 716738
215868 408760
307813 439657
740292 224135
680681 156535
948016 163652
557165 962156
122834 180890
329987 384122
932681 349308
593527 925140
778951 82978
44965 994810
296285 471766
632904 960172
34160 376317
130739 447053
13616 998677
492703 935094
536064 736085
701509 689216
723595 69163
432221 463959
606802 801656
669026 598242
580889 465906
197919 365022
789301 264914
224048 665077
38697 387405
473913 341865
129975 992112
446856 760085
301103 117074
140644 239373
141136 257174
308101 870731
856827 58618
737504 483843
475993 400212
777771 301991
266316 40197
653475 11384
254967 381130
403663 880786
378419 209013
906843 126237
548659 434891
554075 916649
903939 138042
650223 490647
82039 847047
858948 326103
593801 702652
511368 986355
100479 371725
110417 304087
718310 903257
4381 789524
293016 631776
532671 155515
782619 885330
376100 21191
956574 642650
562467 459830
734120 848889
241357 611857
976038 951706
298899 537137
182956 514879
242458 240640
819555 186548
920095 218364
73329 832353
261508 134175
837611 712785
209129 725232
209038 543601
732997 38681
670091 936920
9448 556835
597858 723089
408046 487238
640741 700316
521632 322991
667525 334815
493885 475506
495055 965491
294271 142060
234033 815928
856711 188861
474805 119686
840196 702301
610153 75552
206399 877093
528316 637448
970459 995960
576169 484056
882873 459066
322976 279426
48025 219740
49745 847935
996781 105496
778701 406486
392872 571328
289268 623359
81109 814212
355889 858443
984881 288762
234357 241169
604523 602577
503363 32966
367305 17849
966129 999396
474674 755334
826416 573081
746142 88653
581157 848536
721975 113005
956198 899401
764183 850896
703300 835062
771458 935197
550604 241922
174850 775402
88224 962466
247600 636236
584808 351381
606140 245824
815218 482952
817860 517719
213950 475694
791225 919105
853936 421824
611327 495228
124925 227960
287831 748786
232037 576268
558542 962747
896896 282629
822345 429066
370360 449059
646755 98450
401236 307109
414558 836619
404201 154531
959814 903179
211019 899669
161290 865712
527293 649025
377400 116552
247090 394005
402648 684699
900733 184132
712367 616750
220451 367833
401819 685107
19680 434068
541264 152110
570782 365998
428436 117743
564765 372133
279768 252914
82668 87694
937523 869710
415440 966942
745433 791990
861274 883306
171945 115895
259229 998272
282099 836865
57698 763895
364387 374386
349024 894763
588577 364009
25874 252421
234415 666810
112292 689170
707996 512344
123410 256479
201860 16085
686023 98788
685785 984175
664003 164630
507095 345676
537649 724759
209193 223995
862414 157894
768165 223337
897049 496789
439458 452150
703266 273438
335544 355896
660578 948569
343019 803401
744275 908016
963837 736372
125154 916096
545475 277084
391518 736472
409463 206226
765812 257728
958744 200138
350948 560848
456490 554307
639688 669903
919390 62758
875770 745748
222646 252319
318248 820177
485867 490928
396368 882783
289893 582225
560043 346755
366418 107684
747882 477803
195531 647275
454841 932840
484426 761914
196975 544920
201646 537781
612791 447464
87664 555743
982670 923945
193054 245574
34454 907110
8786 405441
148577 296105
848488 433839
605341 462428
951669 206213
817653 44091
696687 725200
331981 222404
726276 732705
956753 276032
371670 848323
961358 95110
682634 202082
708925 804730
599644 697214
244905 635978
905338 924395
878892 917743
997677 768694
984671 187053
920823 924748
464522 442331
781046 927927
218959 255191
595567 303396
282674 933333
959490 323567
347044 576462
196078 151050
177119 36181
165251 538320
160063 685622
362821 152481
55923 442512
309771 149714
418226 103925
467404 583657
910039 990562
990618 256136
272982 814231
746156 590845
528463 518387
555410 605996
825732 376822
324822 91678
887230 241101
370084 582418
216376 329413
299540 491106
529000 57411
574806 640382
830943 644496
813270 544575
910184 997749
523126 393381
773933 598551
239750 459610
113887 363175
737623 659195
990345 105946
156639 344043
233251 942357
996820 732439
949322 157677
765071 329421
485238 540748
900507 368276
654132 399266
748629 924494
851508 295836
613666 329399
224849 191342
11135 579932
89485 528707
267128 246995
620811 855110
68939 730364
438330 218026
254229 78492
472513 920083
416156 49986
858728 494286
193188 224553
484538 383861
395411 573203
317237 494215
801946 295623
796275 904129
94663 799177
30945 929883
459067 947826
70818 424908
106713 906338
731770 648904
193738 859555
77173 195337
635457 772964
494321 41429
304378 322017
728155 404271
654879 862695
968422 641672
191827 124103
837210 566842
287234 766322
377791 177527
426138 490071
905859 205767
325314 343870
736293 301938
7876 4914
290915 128767
869909 129672
968061 713038
402303 267570
548699 113055
81041 311277
173022 785293
524039 811821
730643 722197
286930 858499
108578 295693
736980 929269
995097 974556
794653 543896
299737 933388
865299 740711
945698 335801
372918 67720
339160 966585
262129 737421
909769 464788
664472 52273
417604 174571
804417 618242
266347 741939
135666 735279
950436 188148
812614 887828
101880 588277
397292 484898
221359 263762
103632 882033
609720 215003
390958 974576
577100 353165
328298 556179
852598 379116
9597 834926
391626 864652
595097 519054
953342 898394
88254 130548
145001 525906
825043 906554
811446 390161
456600 302590
74460 626594
163721 806285
432027 512057
176129 511729
434353 566605
462680 857802
618452 328642
908798 172753
625688 560443
802446 521950
736512 435404
267094 521469
384157 81867
894799 515071
851046 390712
816332 205179
865594 118462
456027 486408
644019 332809
500717 675957
915563 812652
399927 381180
373696 638066
50124 98902
567450 553030
595639 929362
321572 95194
187910 988404
96457 676391
991845 138331
260728 625973
609838 468492
806703 779443
620702 223263
670793 629687
392424 651583
126671 650527
116545 310910
154140 414334
806225 553395
559812 337504
984315 539923
681418 603786
414868 785002
781967 530199
61268 360011
175066 437507
868333 690294
434572 173761
428119 293200
188941 175863
518823 427844
241307 573973
394585 436997
85520 427696
968165 346810
135342 482342
822331 441604
404856 373371
332494 530234
412170 821672
973890 672958
711889 538306
774146 378680
211224 579620
286131 681340
542495 431646
505605 338415
88763 218223
568572 751105
981408 920825
218001 831858
528119 828406
515205 343295
592870 154714
931245 907491
899104 259924
474641 459951
622997 195061
840574 328605
446895 211732
741910 478404
131769 839891
792712 405581
715649 274703
211766 599509
684699 945755
251315 469586
202715 256181
757447 414055
749911 38170
125568 269517
151354 549836
408459 483021
247352 907657
596669 728422
762599 844517
837634 182298
790657 782099
219050 835415
980493 814320
821690 114370
244960 11771
593602 186149
875389 870737
263980 752104
642901 163476
479648 703912
202864 786582
326846 272188
26032 693850
736226 243585
499264 77482
402061 791524
889461 729663
824133 490269
880034 445978
222942 252064
738856 794352
244774 351222
617102 344569
766570 625012
796270 740189
858071 52176
920001 559906
347040 741636
300277 943464
700647 35863
615818 646472
323309 14068
111260 676434
538549 168553
574433 815154
824990 841310
253140 223202
485493 287793
595515 550405
657462 857002
360903 400674
217653 46439
934560 362115
818621 562245
376833 594152
319355 545677
753250 271275
673958 509921
77427 904221
45882 610786
920851 890239
618042 18047
784025 665270
32528 977089
741129 923258
460100 11040
452409 764873
196313 833348
181461 231102
511746 500679
165288 406808
245074 837802
559610 685565
646346 817755
792330 446283
840716 284567
257957 512353
804116 287427
235659 272700
439400 804592
29085 855677
318759 652283
711716 492636
38466 990114
397025 967196
930910 937757
216864 44096
670669 466956
987316 109582
230563 509395
744282 570454
358642 967950
178757 116971
34386 878310
227519 907309
269613 400335
545031 716258
322412 180279
230439 5241
458721 906029
569031 268357
680930 87134
906624 448071
218898 25549
160626 285509
614830 741208
418084 746771
670759 817589
203222 987496
67177 316228
573124 903518
737623 99531
564174 222154
399376 373038
779271 800464
281330 934171
232025 241436
923038 265870
843284 972040
571557 528034
176167 916526
736384 839124
831352 389867
696435 767704
109083 479996
243463 812458
563666 73903
143852 248974
35949 824765
297318 531336
38128 26235
841348 23735
263090 590622
107647 63920
333564 646452
790901 21911
750909 777569
711016 42039
772978 643680
763996 341926
711956 874866
457159 366646
959566 947756
118252 123169
853401 997387
138900 200310
570829 583468
792716 212364
908787 19416
631156 934375
497676 780320
152687 226374
169900 894131
440909 570668
34158 790449
462216 870243
413676 567820
707751 975304
353121 690000
572799 902
56045 975618
182073 597526
24487 839300
565902 910949
191924 775644
59797 931440
439572 204754
228344 141288
241215 933543
713968 256072
735959 966206
42441 421595
105806 416081
756536 329331
834711 213888
371921 688751
406557 148876
140768 521626
885973 285835
395077 477893
429148 901204
841776 100217
734664 140934
212859 568375
592065 614764
283785 498696
173958 722390
965071 942961
171633 102613
891292 713398
765889 366363
421112 698451
723132 983292
694623 341712
166107 746540
915703 877002
894436 991783
57262 936136
552812 168936
730700 677218
997015 279267
154912 566425
935278 361338
651571 750704
192110 128743
946044 332414
21912 70643
224825 835050
651416 852245
916038 160265
895696 129515
659766 657024
465362 65211
985941 870319
257015 731742
228358 665361
305133 862881
401957 276289
126095 797100
544783 64460
681166 318821
592501 577209
15920 514183
273217 878526
305588 71509
916990 560737
872512 212615
775638 151348
551126 163291
291326 533411
201477 268890
52000 986265
52214 354865
598567 592183
357713 839719
880229 196532
986176 248989
35626 86752
861321 957081
29441 948607
717266 549641
520154 39986
388356 603432
305465 302354
301480 605860
617286 247411
881373 884616
372161 918058
729722 628719
518458 916882
112448 685963
28078 466171
662543 568366
239856 181612
770305 282615
384957 212742
375328 672246
552794 939556
685421 361897
754721 545011
318613 288067
374769 857656
754180 596277
902153 392801
622891 245463
494040 278165
901093 733558
311466 451597
484564 334243
811686 207726
539803 363238
844866 800636
931360 988451
97142 498697
338706 268607
814335 856544
763829 966800
443257 507891
726979 191621
869162 318639
774596 895655
310745 184974
31554 290037
149161 415068
793789 787689
236203 96560
939748 467250
941856 575934
650730 93688
757824 816974
15131 904935
811582 866176
832201 911900
343763 945523
545182 306839
156683 151213
437049 113807
246028 159138
719873 120949
384055 15090
716343 195137
480996 45926
930205 256926
229888 980049
770171 313990
335066 564109
268252 830692
317561 954025
926944 841513
907926 956436
169043 324567
786380 947040
601048 758807
977214 199923
669839 398917
171214 531865
885867 390509
367387 420602
257778 500861
193618 803540
146652 515946
180985 178463
351127 621986
124599 980541
387814 897394
236536 339033
53445 94219
578547 423286
856837 520211
968643 355449
494365 758960
517041 624880
471511 757668
248027 224397
961223 286208
891118 260051
708682 550630
185796 44142
363846 63209
761602 566976
148921 269605
969766 944570
390349 476386
479952 278447
571910 937208
616044 469993
569513 655341
26362 766834
520125 704361
771683 192390
165259 46269
322978 908370
345503 247292
49669 865903
1321 362700
868328 727293
559038 966266
291517 235314
853626 713039
481190 488642
317920 729100
164821 592467
408705 958378
617236 794033
179777 651094
970742 57814
915049 833681
901326 557089
93351 194728
539439 806175
154496 103790
493003 167111
189172 891654
159418 994502
378876 709410
934519 919191
835743 671348
918442 354306
74182 467465
126279 16690
206477 4373
192439 680
418684 811390
346029 834556
212304 564341
9869 247930
197210 141260
93471 224814
348013 629711
720595 538760
178760 590766
518441 428554
705355 748031
82395 528903
230423 268700
75733 177661
917854 65249
105652 65444
701341 419188
778892 828012
665926 489297
144082 160690
352586 744555
514735 264773
585292 535639
298848 886502
775668 519662
449561 346110
342607 510773
964588 24198
586394 699215
421411 585033
672196 522013
294636 513749
823429 332632
648747 357736
441429 898458
958073 176908
541304 591898
891756 319935
432575 215610
933092 352662
872041 111488
723123 886516
484312 223476
852553 225399
235016 135040
330426 540826
899151 593015
618747 193433
476283 648537
804967 433768
542382 524745
179907 291541
344554 989185
681818 700107
404427 656389
330974 910134
482009 25140
388999 572111
653014 810993
646972 104238
460780 56493
637445 289033
916360 975419
14494 534548
751814 837229
3701 601579
647022 485838
478124 934496
509045 393638
152770 421660
866108 103139
966127 633274
966857 119770
447068 989129
239305 234925
102179 546283
316490 352047
943496 650
955737 185610
262361 88678
390472 94390
771809 735653
102656 547971
219067 641694
724816 410652
625979 621736
704728 358435
783313 250721
738283 535468
745495 874922
637353 227607
810502 369368
247689 514473
705996 636570
206152 841208
466245 224066
580115 938232
777855 975311
715464 254637
89533 134227
115912 858626
751861 822429
770468 450731
955699 859992
291790 539402
184987 355983
324881 2019
136720 976093
367792 739271
519398 95119
636849 788738
987461 133324
153718 509115
470538 290147
983201 359297
197260 678236
133037 166538
900835 380854
285938 758441
304125 151596
261437 728709
737879 208459
955546 51989
105547 660235
11655 188639
922928 489337
749567 176296
454179 765651
228682 673528
265472 474753
356334 461753
782919 257788
640253 744759
221091 599867
360513 468422
45170 827830
675149 850016
669065 454541
393014 931025
958619 890612
212676 13313
836722 375222
610233 372237
95762 548416
484253 30285
848911 375594
691637 680025
592021 416452
476864 389506
668497 88055
751406 856735
306569 487916
911725 13650
24446 353345
213572 349187
391875 580924
529109 228495
543876 113891
793706 875167
250218 449509
272029 801383
238103 679461
285958 324031
346252 487144
858401 121209
158034 654378
86067 867912
723404 566698
682063 4242
403231 282345
792418 850020
859447 798091
597981 864578
633393 356460
357390 448765
992304 592451
949463 483282
181232 497459
755596 463229
77820 254086
279127 692377
351159 561035
251195 867168
901767 441550
751830 450120
442507 648265
978998 273337
672943 865251
758429 123900
941600 35014
392366 496847
66153 981814
54375 281337
803370 634628
910939 202865
266304 444817
61877 702473
409898 955353
957032 829760
705832 734421
819578 365238
140601 261507
109611 599320
354324 141224
46507 958881
45435 542995
620019 160071
654524 634638
736526 957581
452522 857748
562272 58417
500741 396828
622341 324959
506659 918926
350571 88998
935711 360873
150074 501456
917975 364028
745532 548551
102606 316744
494346 597197
890444 684634
54571 730930
83828 145328
530456 869896
807250 702751
444003 644859
950845 154406
611666 291503
929120 634913
110398 759352
617594 588039
891609 692894
294776 784699
607039 283988
26208 57045
666195 215014
899466 623100
442225 648235
634761 807796
636968 62696
124352 51625
462935 399846
398987 415070
329259 83134
271038 240518
163879 184578
71069 278243
836357 43924
735860 900325
189260 126996
744773 603793
525499 834878
4999 526327
976216 333988
580608 885620
138133 98075
373638 727023
481880 312307
434629 178913
181209 569294
731590 251379
832703 538299
541699 990272
650219 463220
942863 29373
227456 194903
462793 317443
670378 2234
289835 249784
290347 636329
905373 33893
746797 844107
875050 170894
554807 229111
517810 783119
369 354180
395379 526878
522419 351585
55523 484789
202880 136223
880432 352648
854250 690852
265852 738870
184268 382186
165239 415755
157757 500597
21763 743982
382134 591089
594580 768428
898986 252344
136475 19217
300835 847252
934917 49141
614485 583388
329170 260624
677447 765686
546423 667791
823725 563004
97390 672157
60841 468487
297869 194250
866153 492034
645728 901662
246933 874814
467770 135748
648480 328158
629891 808165
530034 80240
947677 580475
549272 741541
933589 437455
760738 409146
557909 909343
505598 522302
789482 434611
320211 950015
102003 225687
891759 710409
571686 388840
493315 915800
399624 894091
335486 171660
518264 213821
877892 613858
530246 601432
565858 371699
384198 462627
471550 332941
940715 722934
775056 603951
364294 454065
62779 136355
328152 997268
584982 311634
435020 610603
733486 228329
910648 47251
619386 375091
44192 550493
655264 124813
222744 666425
864678 479959
799817 697599
930812 829669
979266 409299
611701 708667
864118 482057
523762 201990
190449 881985
913931 615829
768220 11775
574540 448203
245801 667027
90252 61898
204175 295563
921625 194174
710556 490371
756763 101123
273937 657157
207975 6376
9575 437373
372991 791647
532492 501435
437136 154476
757745 356484
614122 952534
397205 890220
460460 542931
908001 747579
42870 824758
181949 169526
581284 276189
950423 295540
32015 75684
921668 129106
389700 13865
513490 950361
479491 224288
786555 910916
521165 947668
207706 760936
290505 10459
84756 645053
856623 347544
12201 694450
851813 227646
314103 13741
180750 92384
796925 880216
908523 491997
986869 343038
565491 351407
210652 950641
442026 405311
14317 600207
972071 470084
483107 611378
881803 165499
441666 363212
885239 389884
222168 515311
896178 879039
441714 989312
830421 106330
555533 143074
833410 78477
889932 331450
782890 869094
651159 20695
689027 326199
569008 620513
947488 878976
704869 433259
72224 642699
927416 888336
856443 866975
59020 687900
77030 172406
538581 104829
373263 521268
968346 708713
619619 293267
754893 293342
354501 170351
676690 841784
476634 864536
65802 979501
778490 609087
256916 319575
400271 650653
47658 255896
976328 477239
949059 754321
271056 449276
277359 454401
51432 393250
175295 548805
267755 389970
544275 436941
896426 692381
21050 653583
383443 869764
292129 10640
260847 569068
967503 925419
494013 371965
499970 693382
908014 717515
