576666 238616
627968 629850
305118 733850
521516 348382
792452 874940
285786 31839
338237 85287
444368 990020
763270 189346
91928 178550
697804 357606
148568 544904
454691 932047
459304 777578
44339 984471
885849 360921
595839 728413
618940 291222
14297 245013
46377 262612
416376 323469
860797 181272
670596 493776
783963 703268
472011 187183
469741 789364
674766 871680
390891 58430
245738 5056
851493 825579
569278 62466
853214 101497
58877 797204
544029 568853
930854 786970
418149 990230
864242 455279
187660 79770
379663 570379
655191 431465
161350 955888
669800 749642
174169 935185
633172 912542
227946 60708
916564 60221
608654 4410
374660 255906
333542 459690
843333 427677
370835 663709
187645 69878
489828 393915
77520 39075
957928 458413
336643 261640
993582 885467
616785 869824
48624 241284
817031 56091
252197 60619
243039 495157
883894 95581
400698 972417
799010 551620
940221 78457
859061 230463
464371 550574
871578 517826
483802 969401
819856 819598
269490 736508
569340 800109
438765 510683
350618 751055
496734 4941
440195 744921
194314 29654
924306 471990
87855 945030
665202 271692
827471 425058
121439 530931
169184 462886
41037 615988
302863 308494
861885 36958
753337 620157
541947 136404
81522 500032
798634 350198
652235 173578
475177 740801
722899 789863
881142 524257
290016 61964
437255 494895
237115 311654
361898 663577
132601 255685
65524 513139
692321 92229
311226 87080
636809 470823
486021 133329
775271 438889
160928 146726
216856 225701
743019 368802
176391 484646
265976 258561
110591 612398
944532 5475
566645 761153
318047 416687
567537 531380
833981 185187
650779 856032
183165 70928
424765 167896
789576 64621
706122 104495
496478 819251
499498 902856
20872 831591
384040 340569
162150 764598
59672 106474
442873 950336
176570 417895
579096 919673
246466 89392
49691 238952
198632 778327
870174 203210
212909 485708
969382 220770
894327 140820
843467 878769
374787 635105
502447 341247
998757 526323
332331 738042
710481 490687
827677 974293
614385 274821
590190 979962
896646 773355
29119 369482
799258 3199
291603 234954
161786 432848
647207 603649
141713 972363
287032 494412
937023 600139
17943 539587
711598 453545
512624 848057
710608 175715
51122 400741
650130 273342
939450 277347
114172 890360
146932 235967
976761 264544
256583 310813
336116 744896
107640 905790
364066 15511
564507 884113
220431 447682
852591 141366
929536 158686
968181 710996
898140 400405
904398 649615
869068 136952
746393 585443
879547 201139
171247 201213
860216 528612
981521 273655
704380 475205
741276 918736
592383 91667
583699 193113
605863 406102
729650 613485
519473 614080
998720 405744
643718 219853
288504 538045
96750 376622
16997 521692
597786 100059
78660 743858
542920 362428
828582 642041
321942 771990
165812 929818
319098 200657
263795 7905
552690 55522
450250 562706
112752 281928
673310 916638
678973 343266
949444 634753
765235 306764
601758 414522
807946 324742
80931 57958
34125 419762
933569 138053
509757 98585
224694 79110
203331 509974
200251 159494
424485 920795
360297 758567
75247 839635
664589 501244
286442 648761
459777 324214
235753 769901
965111 659186
348064 573674
884174 959772
238345 961347
328 139716
148902 725026
106905 619079
561322 382605
554979 655883
364840 844704
87188 66036
176691 295965
747288 493198
611893 525523
94242 639463
875309 154267
893431 197713
425574 883801
672410 122849
146955 709179
418572 539399
506847 863749
966686 648977
597758 242168
999289 961889
276554 181669
306612 493502
79539 843225
999219 669110
928155 659879
150492 73849
978363 669394
109975 966484
533973 269643
156612 977323
65029 196791
115860 263081
217411 294078
704900 546729
71210 739835
879070 249629
762115 886726
14615 694316
695831 357624
545869 122141
907489 560671
89194 536657
205528 14245
59284 280796
626522 87056
66633 796363
279161 228825
503024 955744
969731 432825
944983 203698
276593 786591
912105 587050
514569 473027
44166 615464
699611 177809
23741 795181
406666 901170
275687 265202
813831 703557
703382 713465
131598 214307
994394 729011
221502 452298
882999 186645
974119 670217
791229 208513
653187 984672
745122 132738
984892 345163
87565 512905
364766 827859
510582 232886
411459 338585
541999 230023
378144 90411
472523 31322
595264 195013
281358 482441
97609 239189
123242 717185
150611 198928
587356 274297
258599 14015
303920 675842
552778 958379
188612 705214
404281 680153
261220 846456
46054 454726
665499 125673
557868 941932
92401 320934
853314 433936
640025 362872
893605 726965
749484 208968
633517 943007
34022 150964
62266 750935
792532 906205
945611 670836
626955 297081
924200 973824
95674 363782
412687 661629
129792 70301
535504 8722
670145 804159
884245 286844
960455 888042
975957 192245
69119 830672
503242 121668
289060 205735
209689 895696
823130 330379
641441 341164
648111 356878
372603 945176
371469 332488
70112 694358
594503 882575
388173 403381
637985 997054
312032 268601
786877 129130
126219 322944
210803 27442
861959 186592
700878 328417
177290 587268
717099 557817
244772 322790
247616 883869
736759 802865
403214 224477
113596 113223
101323 118736
593579 12127
57892 49465
440284 642893
469767 57033
812102 88334
785151 968319
174007 924141
499887 221542
211882 192779
683221 119406
994425 540039
856322 56161
957901 216135
686255 770970
613793 497711
79877 537511
295765 240829
820616 400489
471287 849058
164068 93773
603130 581393
441588 920387
206812 550182
381816 688090
894778 277418
673983 224878
344472 962404
372485 928306
628483 576749
442738 750363
466269 117979
569281 378626
742699 100023
830626 327411
672867 567722
819932 886693
233187 715823
758482 754665
551966 880529
488065 640491
778638 188016
872195 275914
393541 585094
229461 973702
498191 331191
496763 519187
850084 482249
313310 823549
331926 993068
131382 217581
291996 405511
440544 568511
235060 193019
620291 675386
598135 121930
766720 373074
466500 147482
114381 431743
418882 753849
212559 924959
882885 595715
625333 59031
500313 290177
893299 945970
768668 987646
715807 655971
759009 371430
794766 347747
217165 829818
803707 184981
949602 950547
490784 999839
369226 20895
835154 539049
820656 311375
984574 916116
849818 794598
325785 968697
860415 785252
222033 357774
977763 3716
793093 160917
134466 375053
685340 942060
753538 133236
115211 881955
168332 728856
624033 306979
128470 861653
815078 411180
866324 963822
731588 31736
613342 747284
192065 838231
364139 737085
481580 814528
788316 704776
694712 614809
250144 699175
997984 242
930564 902148
559537 892753
552777 500218
649401 654272
422550 54585
932005 780207
610281 493518
326211 235485
711069 344021
929123 578913
262986 76964
812696 961844
220385 209527
54202 674948
285715 928423
981551 744714
411273 368524
965092 996177
407403 955218
447735 39461
584519 158753
899612 576078
110726 280838
304141 556331
605573 233359
408601 643826
258389 854435
175305 487862
509014 108897
182681 967852
609265 826059
942782 532169
979899 465285
854607 754157
513109 215071
640148 204106
954582 514260
590520 571216
95758 240547
339029 100370
252915 570374
453089 714581
886401 372982
452745 688876
740564 671095
859983 467259
450448 920084
444724 396557
876645 749913
744322 348305
833304 643814
4932 288389
193294 398212
522203 975317
846080 644644
490056 383498
582284 517280
760486 432137
277688 240014
531559 135777
712026 910995
192903 189763
386463 53271
816114 390721
164129 389467
934317 657176
462779 429278
73899 324061
160939 970754
213697 818
288141 133128
288954 501161
367843 940293
250636 814108
928028 812638
256654 596916
378087 185322
362947 657893
514317 382957
677761 691350
725820 267326
517665 934524
700466 426462
684268 594905
324820 353408
750227 239298
738113 714584
339614 947564
648304 199712
129529 461948
327344 911413
297786 992836
836957 280577
897969 563059
44502 955793
575904 171189
857830 121825
176767 584364
902331 229270
437490 946888
621415 367184
67345 529845
311654 363759
158795 266430
158043 437885
776105 132184
796162 782683
950477 47826
293154 528942
758014 994327
804206 415939
332591 167111
704420 403013
283710 54173
751411 122373
597865 992461
815382 551922
705871 818914
672438 292436
524427 599099
298621 315917
94887 497297
757220 241164
819694 146571
843605 729616
738493 467104
879672 323077
948285 839712
169910 129684
370993 514289
144191 785961
144694 219028
682355 90423
681698 660812
112007 437380
524879 81113
904785 600945
172047 575688
885369 855719
232020 797547
473768 43669
620993 405295
915802 85954
540107 562050
520402 645069
188358 739574
354570 440278
635137 390723
41684 305878
618110 618851
541431 605613
430445 959154
100909 770772
380780 712580
993044 266903
739159 189805
355525 240794
110890 163443
940303 999861
13514 412827
160656 340436
627213 302432
190892 557415
224226 655364
983327 577006
634805 814800
525266 231382
402914 971536
474068 355279
775001 955793
537364 581297
143550 707817
274800 19601
957337 690002
424768 957038
883125 672897
462128 420811
325985 314135
759443 630336
461863 210248
421120 484904
139423 936444
49150 42231
299003 872712
856729 649167
610946 843623
143506 795340
281422 276792
894335 307009
525713 232203
636905 536233
65942 472077
601886 320442
858905 529692
202558 214135
432449 4023
351928 431423
556575 172408
84774 792419
919528 875610
334836 458308
747100 708164
776999 905241
461994 318518
974533 156480
760359 222254
885572 703426
46836 632032
996683 514082
187422 160501
653842 873184
224971 380717
385030 48451
239424 51503
345912 446904
593156 147870
878372 738201
521847 356314
870649 600388
43843 487304
666890 824163
84684 230983
837930 403959
586759 248014
949746 298627
309220 571451
641771 679714
983437 828928
884040 270698
478706 651407
591841 606196
86599 518709
32742 934798
114742 318592
442858 473151
875822 397901
621532 153169
910942 865258
806624 982065
654917 350594
479247 411499
87035 290053
157 211662
175210 159920
261839 639674
782842 970965
697088 370520
195298 733853
637728 14509
317405 611169
185942 230257
952719 498385
254812 481881
495555 125526
991527 365583
751238 408353
748947 859205
230621 525955
680502 478288
828209 21535
990096 929155
497148 97780
717571 919225
125292 189771
116490 69393
115567 303141
739983 798900
354379 789416
291769 156794
261100 69005
317907 254853
711984 955863
326822 942860
681397 957340
77918 456843
79141 109137
896900 310351
869198 978736
144270 570332
285170 814307
64039 489855
918078 418413
218431 453022
934177 711071
283376 871980
196328 363479
262115 999061
946936 419317
997528 316656
380313 526137
962067 485381
985075 306237
729579 947489
262374 791778
716877 419599
71032 972022
494546 956623
366488 383655
766342 630250
398525 493357
418628 923237
505938 486593
381464 341453
869311 952447
940393 101540
718183 690780
771547 413845
361638 707343
761192 91212
433205 478397
878941 520335
172852 918631
693006 866610
888842 65096
276375 362889
601303 168532
625270 179907
119910 886481
608434 572318
161752 390115
316934 499369
169606 335542
38799 284381
754258 541385
674006 20257
226232 7744
725722 724442
729419 909920
572492 445764
715844 136429
101594 332140
