584728 514179
728920 757735
441740 731881
614 814077
806780 729813
616358 159653
677264 429272
218261 24632
211105 181490
134025 719817
428382 191796
515308 378015
134554 343255
657082 804259
391219 10474
644367 75742
123838 266945
489806 116052
905222 859732
764444 636267
176166 687463
551961 861802
282025 572085
220249 46751
781255 308024
899921 1175
387543 833941
669194 609476
974226 867899
138392 899453
271384 103077
685792 317291
847964 441489
393002 946989
630966 495541
39693 271822
621582 405133
503211 682790
229514 46134
395689 866128
210198 544692
178368 242538
332619 5077
183983 77635
171362 829560
677988 735227
555385 6694
356668 701603
762608 603568
396389 649109
399955 65462
451259 369088
70064 358137
198201 287666
648121 443290
433255 852969
290356 392053
508166 825822
577215 605232
901200 861937
105423 461251
633823 120773
15909 325071
465195 567065
121003 936998
57803 799368
477823 40982
993176 687986
450069 388131
872182 534110
315662 716693
418808 902089
700621 547456
717860 950630
726589 474159
744520 23253
294062 421927
490607 151344
367229 472112
271726 70065
441096 155363
191008 705759
539027 681982
710817 450811
586804 441983
721989 367093
798575 512420
427328 390752
701461 107516
624698 999967
89529 152239
374961 682973
415596 48012
171083 803741
782921 63509
787512 358276
450223 774229
142415 967788
701106 192038
156061 893078
687985 191214
110242 609022
779661 471582
242189 936572
794102 309669
105539 240298
327899 983044
103250 74094
105698 541340
781043 603342
881881 352875
40473 304378
245306 772749
924554 187095
298441 52314
534819 410154
262696 265026
79596 832181
916248 928130
906623 37878
316935 744068
733192 201857
846678 50146
480127 747204
668835 756568
590929 105556
891963 453122
266885 319896
152490 317998
959484 396535
187895 648180
274491 65715
977769 877440
297816 871592
179123 843300
855674 189157
203979 977059
159080 962978
401547 861882
285382 784802
316967 163195
701779 785898
846350 535626
545643 266934
183135 886951
226899 294327
705992 931429
430480 219381
365665 492748
510326 29899
674310 280786
915189 429539
944524 427641
198741 958503
744833 123014
591207 595666
978776 894877
704403 605551
869768 277373
752296 158004
22967 871908
633607 326538
275932 567796
783969 387011
979685 807270
315644 20071
799588 462261
738856 588451
884799 984143
607468 187010
900483 56362
67201 564096
185122 57225
645910 503486
881778 950713
277134 912913
631167 173288
922632 225475
531501 634294
78503 345916
401257 926427
915058 631580
517547 94128
502139 630289
918275 202235
239359 26711
756670 472057
340519 714175
700736 794157
687828 68549
938216 184203
735277 181536
529689 725811
520281 318531
387960 93808
541150 267328
492099 504176
597303 329823
485346 373562
9006 521761
900754 710357
884603 573107
691131 784937
36420 188964
304613 510840
287593 145603
929342 807207
306296 743608
382641 542102
833576 228777
36130 117899
217613 531242
511643 49724
160759 98387
351852 177975
283171 795833
169811 16124
94786 46462
380254 736851
641751 671369
9968 741766
961844 231520
108365 135363
676001 752997
681069 566241
402311 658722
142286 711070
217822 115630
16441 653242
25405 650032
569588 674133
659855 216945
993630 628735
925162 294563
618587 867835
596877 515660
788653 950240
741992 763645
737708 453248
801997 336590
565961 456253
175762 982253
767367 170587
286601 484500
403024 705143
736088 152823
191973 193642
50814 735408
600082 547121
837420 289497
756403 74764
193747 920021
795241 307616
838717 65121
173507 118090
217016 253614
598704 734464
859228 174574
405348 950634
126228 666876
50107 224229
201842 932484
405835 569249
726931 57089
658102 658156
165318 836203
869587 540400
969348 263930
469595 814901
401833 379213
768319 912060
72777 411791
892300 131019
81870 979244
445007 573400
911315 683417
202498 233516
795578 831509
105720 299308
984951 404704
577072 146032
185246 371740
448412 832501
414154 885155
275954 651538
907861 401430
413989 375609
565379 633527
817825 706373
204138 652532
584842 723878
226951 867346
177928 915328
540850 36227
477495 586086
631282 432353
932414 654431
11384 69746
840603 857980
688351 407674
682112 231846
226286 36809
381066 801660
507258 487372
716200 73573
924587 724608
592285 286331
541007 253164
959597 758903
150257 141166
435224 342774
175743 992841
149486 373055
119610 695536
937748 221562
909297 564823
698150 420833
424707 85240
256290 25886
671073 83284
544874 361505
72280 162389
883232 821000
376410 223029
308866 687935
860630 341956
803056 389660
200015 905676
657738 756421
844222 821119
87224 269584
496516 932749
15488 209191
769292 811448
984509 287670
529657 248015
965285 223746
728207 983737
61620 364651
674039 712251
640667 986165
882459 759221
766044 497010
602963 31685
635275 229885
283823 344424
974205 480861
149614 186688
795235 888499
118480 377909
519233 705639
106674 124889
75617 448222
438183 721487
12770 712419
762167 636879
274594 159759
904787 197290
136710 409384
959463 117956
478493 670907
973997 481283
829087 240110
415469 579126
491583 921859
633628 178679
288054 31995
990575 308898
782939 21327
539659 621893
301873 586257
725828 929151
725512 474133
983161 902393
228617 139388
611173 370943
352152 554927
336059 621776
139526 653206
509601 671565
301459 999001
810439 988300
131384 732758
201679 706522
777852 901361
132488 22420
501719 730997
299110 857229
770209 240042
921142 569024
893275 317681
572885 753770
662075 157157
4144 159235
426997 994640
308529 970831
791280 932749
125688 575435
931028 964892
394138 682725
97704 35254
222226 648790
394361 961943
311455 391685
938552 675526
560392 494621
841317 933314
432817 517933
602643 827464
872145 75582
773371 885926
874650 130083
332384 882407
536050 379010
819891 100056
196394 913967
403543 505362
674851 649081
735317 101292
411590 395949
240729 692631
319304 148720
614799 474362
771027 6688
876040 694875
655676 654421
428250 20189
480469 11533
315944 590460
382199 938479
171488 875389
305462 967469
945660 128320
370298 928445
580718 372403
587936 710348
47057 473954
471241 488442
811843 73261
762201 763264
794111 441619
978855 673664
476206 438435
245213 738872
675921 760722
313015 79044
555023 372204
73095 987583
222782 778988
208570 506176
183322 222130
824644 857590
966410 474557
351506 821591
621250 58002
360787 324731
198543 108019
771765 81032
268642 204577
140211 178885
618088 448754
955617 575742
274278 183967
52937 672757
980892 668668
595990 500322
57479 77725
579183 290429
595486 118040
910644 731376
395848 72421
565176 864627
479619 921218
921672 595099
945353 29222
440178 466226
951185 182591
303151 845480
701054 498132
944371 835920
931891 628440
728676 790748
380903 76701
299881 939464
685486 749215
292020 760909
698544 268055
152498 105780
332495 595560
966723 606407
788353 623962
103178 591281
187157 626122
472267 593318
667219 905344
901599 168909
347919 345226
137785 615775
261479 284419
845885 561407
797271 429776
849254 138001
6333 489818
38684 108898
199053 820784
260588 972545
956495 74004
170062 413034
621846 295946
558556 71814
134566 387394
124074 110706
108572 108366
894631 888430
382204 455974
780808 283680
583694 881138
414657 176058
931229 306115
20089 563153
864093 181354
131891 577352
473305 323980
654819 129280
201915 546561
787570 265086
60359 166669
758877 333062
198995 698486
7065 457644
458118 251435
32612 632800
190768 94072
774722 771831
222937 839914
309523 266480
548348 28442
658302 946786
879425 517834
181809 711849
461649 283862
675882 962368
442820 707400
288864 417496
725048 85101
17806 483180
517943 151923
766755 480065
462578 205392
394125 516038
574631 32567
438945 873625
481686 989845
422836 981727
983319 388484
526511 970846
887866 264795
794932 394985
383919 279890
143696 325168
917210 295290
720755 906669
357593 463738
304926 763542
534291 818998
789944 176780
935073 906932
464417 57601
124081 809378
923082 659871
413342 551660
922947 776317
253773 507171
405695 448889
247618 706803
913374 699555
166200 879619
624173 105228
387883 416577
342430 824761
480011 698005
834987 194239
250535 509784
766492 43871
11521 469029
410891 302785
307022 485960
392441 792495
831226 377658
797 248641
905884 925750
426781 223200
700619 590700
10283 657219
56280 881508
293964 761241
976272 176608
859010 160626
857198 969375
844350 740395
150613 932140
158702 717160
607104 881008
814636 880384
509311 59680
980769 572634
839446 435404
154331 46479
882972 994629
22571 985780
760235 556829
975161 789430
554681 906877
306824 272663
400277 160172
895473 379506
818029 229823
997035 7208
862176 556922
97093 859352
568636 267362
269538 113651
142413 511456
90727 967955
442420 801439
32679 738910
664108 86721
744872 650101
937961 645484
276281 362564
842447 781368
714697 406463
279367 266472
191219 590347
765794 951579
427337 345193
989977 759646
886341 443314
612366 288218
60376 91407
270904 842356
993079 910985
714698 6562
759908 463063
428584 81395
920654 222780
568435 116653
996618 910958
110764 728197
711593 364786
29271 49471
519084 99251
82603 495995
968217 948503
16317 944375
264030 322046
209871 686747
687772 98928
31904 434529
684677 174850
31194 387033
198244 88463
653804 680204
116318 454043
424859 627973
197433 79417
650147 758979
843302 60832
370440 653273
252091 188092
755154 718072
970463 24044
761545 823156
447768 117756
428731 288198
460359 61952
350248 241967
935118 612528
651737 72137
489514 881160
439562 223104
486033 45301
919726 565894
897337 219854
250701 864302
469173 546877
970226 25487
348528 765805
508833 61676
435249 465447
321529 262433
736293 90001
833901 200588
652101 941558
395288 59176
908835 220661
579398 540630
906112 587627
793963 476093
811103 65120
300275 833137
708417 698810
202462 295223
65428 45406
717695 794671
652546 87568
915864 892809
10295 845573
418499 794290
771211 982457
642627 284339
332389 449762
729624 13801
94514 225669
52119 165180
382939 762446
827551 236592
946157 329211
74953 908457
188576 608080
602683 358910
694927 186885
946672 444932
318315 183698
10484 282270
626555 751366
554341 899423
713285 973540
554526 278220
437389 555229
229386 133372
987070 81679
965560 220329
856711 27035
315439 564079
549057 504005
714828 798996
916549 803042
26775 636770
724730 195440
826434 406657
19374 753036
39185 663688
528194 977843
635807 306660
618793 369490
397338 505433
60667 890660
500916 799218
285479 57721
372785 612399
935526 12585
363179 106430
522044 439604
467280 524677
550929 500296
244418 796385
692178 548271
335513 554205
716686 935289
399833 80567
651050 419158
145230 21592
938448 373284
63744 936861
64862 747515
704504 60339
187791 735114
579230 712225
685590 426636
340095 413205
116249 964570
183624 263155
385734 131298
35176 927585
529766 824848
149674 810314
814431 866854
910194 520955
712990 602872
295234 140592
744181 524531
107565 738299
607649 687444
709129 22998
282552 264295
550449 849491
754214 399787
825835 346849
596256 377067
239136 370425
397200 450965
370968 804504
857155 721412
163846 618145
59389 410663
229026 616346
203810 360178
707255 691608
864431 161315
720674 725459
10206 419976
914095 122007
764193 334198
913108 674983
299883 495258
594810 392497
376342 726689
358171 12161
370299 284817
763718 540304
480975 979396
108352 471616
373282 183705
773257 511482
626661 950951
663925 269519
68037 571569
207961 403534
138255 225526
400655 811374
182507 823184
535091 952822
299531 149373
87533 27296
970998 426989
223380 575340
343898 923228
886727 564242
927465 794755
899159 573193
314398 996256
456407 926974
648531 123608
180339 828097
409133 953663
244743 77992
170277 689778
321283 151333
991177 623668
311787 761969
625763 840555
211867 967576
670079 395212
720829 26678
889378 462763
638760 319256
673181 620428
248662 599275
588056 982477
784297 74106
671973 262032
787394 116671
265526 809642
184641 192934
384468 966397
78850 500254
367243 964261
390865 572895
607753 407333
676890 814416
878337 464380
447791 914433
425933 272642
601569 252009
846555 936471
682300 394105
354954 357961
751247 789263
475051 492236
321345 405545
602782 334886
39947 287214
777032 770421
30945 657599
14214 310328
212660 855528
526076 849869
433977 610391
576945 862065
310803 696548
574378 148253
151036 122482
890942 390893
183084 983619
868122 699266
653898 689057
332815 170739
889862 944567
705470 750978
707697 618024
425442 619059
335210 295307
737810 220138
755605 99296
139642 725343
50632 649569
83335 149919
927648 591701
513709 147894
904487 651433
587295 991364
343747 897381
317461 261794
242585 670155
377448 500800
46750 721288
976890 783013
374235 92651
625476 867208
831480 22884
126097 550876
122842 634033
270590 445933
505874 59031
282388 672206
450780 211604
742528 478605
915680 570468
714092 306006
878328 48526
457220 540307
547520 415287
77726 710121
397785 234250
955595 764822
135803 104866
20189 577609
884273 512276
156582 968203
439022 465092
707106 408749
437983 295875
749360 476526
264935 165220
149229 701161
303870 566973
368920 630328
106041 996930
247205 368862
53371 314042
38893 393492
405292 727361
235257 345552
201703 218539
786653 820869
787877 138280
658013 271763
667889 183032
476613 603565
16249 496593
693762 195913
52648 108075
37175 776723
327813 839591
918392 592515
514859 122000
163368 524860
30836 770191
183875 993750
201231 576455
962274 793034
653534 363276
24533 304707
267113 528821
458766 102982
500234 849485
774013 910114
847481 962113
884101 362590
576386 710475
181089 506715
409832 340651
776576 768041
219718 61385
325025 840521
601427 986085
933161 574044
505236 991983
489053 149667
997551 143100
93142 781110
619729 80063
310782 279990
429142 368832
564833 825144
806551 214739
80067 693834
296952 677606
74430 447701
776156 700263
797133 228792
846225 250097
369283 415279
604574 403780
329136 864079
472069 193369
121284 893223
266141 170872
900711 434734
324942 733013
136908 758024
339793 750712
609587 982128
28523 22997
632035 765253
717290 71219
651918 250799
8940 141826
796461 711957
489657 495306
858650 726877
465100 208811
921618 496896
644690 45471
782549 525189
796689 137267
15503 561591
605655 29065
8367 435338
303903 383140
519746 373674
318763 485975
645570 296500
911028 21486
17174 379485
51164 214543
993602 137610
112084 566290
619309 457905
40723 573789
215206 114004
297322 458208
753395 101083
856825 717686
897606 379783
239175 355511
945267 192854
50708 610131
810896 795235
110980 269825
631710 917747
210149 740396
818690 98868
442570 897977
206196 771929
403738 417234
454238 293397
216454 473180
251904 887901
508651 213418
322023 291143
817041 211364
120690 212968
426695 9397
573745 579694
552141 614908
902655 402020
781650 24577
973149 464676
667391 716145
596286 863275
937335 297097
490580 88803
665722 5842
616412 521000
671884 216083
786931 138714
453015 170727
171303 962202
56244 853001
927204 453631
193865 423692
83331 894701
337338 771935
982391 113575
938902 808102
941714 790916
829108 590086
434621 627580
320935 661239
449300 366429
677052 135108
803463 778478
117680 679547
526431 862781
511717 80241
727816 656133
825131 795920
757147 144466
917048 645276
124638 205514
830294 885710
748437 896269
303247 674767
579662 277404
465157 72576
321297 177269
554141 124483
770943 111250
615291 181886
180156 543171
165734 131829
821585 431856
479427 72975
787328 467403
222122 751837
8015 425304
125484 439751
789536 252627
268231 463343
727525 6543
52949 392033
550188 635003
895208 571097
383401 785495
522393 388026
15064 815760
671893 146490
19934 311792
770570 118223
466128 843441
935883 460823
90192 635314
144227 238488
129286 99948
401133 760919
676993 624372
782118 663583
932390 828421
480068 71987
941212 876231
687191 131952
665307 26614
421162 99448
696852 51263
552255 840383
477535 673746
329068 577135
1620 435915
249153 522880
783535 715364
988282 382115
702743 127571
100434 638264
967628 666327
647113 749440
908155 363417
376929 999898
716830 98805
797168 670690
209427 499344
564574 15192
832937 962155
976966 93448
973909 111719
336627 817828
230559 53934
798684 527600
404091 85273
998471 418019
512643 10798
861137 446448
375863 448747
129880 514016
627099 529053
506248 352473
889373 640920
161688 371721
989142 992589
359575 13033
849264 540114
894896 505875
299246 516606
328556 657794
323595 296632
428522 780057
795574 122831
85796 160793
955824 337452
658938 175058
775774 647063
612231 309960
876459 71076
430124 520195
384438 464392
10978 137868
200307 968140
430808 226904
5233 277640
539634 282362
291778 323952
841359 135168
632652 430744
536286 697693
293246 411951
691928 794784
590070 6174
506414 712756
54574 333059
232900 813052
437589 777151
796875 120177
271144 299220
311621 886404
449859 400900
45961 394341
971579 400964
799674 573740
754201 741998
29473 649850
976496 827819
948744 819648
831564 702475
520102 323557
623448 720733
343890 959757
355625 708866
429267 340911
585871 861173
448847 707336
10441 485710
589957 817106
227504 544323
374594 62743
781524 169720
292694 616283
423206 324996
806882 95224
178900 169789
67047 199657
978969 93975
62672 89043
75565 712454
266940 443360
247060 669548
411957 903820
626721 535162
348410 230054
858486 956043
981496 793963
761348 630683
973334 597931
38860 311519
258330 566883
266600 196903
917010 908330
512798 877035
336347 122378
981481 360315
940335 884284
313009 901166
15134 161978
638825 401351
105643 541067
738073 369476
281423 552798
164573 245022
650041 916508
648133 587444
759815 358960
846750 757785
906401 325122
972343 217360
272456 257116
445261 482044
357836 302404
495774 739261
654174 528132
162884 262857
746159 63114
927291 11358
235194 503097
314527 685805
30611 308969
202681 677267
426667 78744
795038 951730
684348 55271
428430 494859
160165 844605
286795 712626
419607 459585
667655 228533
787291 294126
816304 918400
797640 660761
136966 473866
298603 146496
289923 300497
880068 973782
318356 466096
71220 838760
566989 715448
978700 193974
290725 524640
4141 169797
271327 147191
433438 300226
327066 992508
305646 245966
528826 504009
43444 388824
343573 852627
611290 823120
710137 131187
545076 874196
990786 476014
36588 699522
702466 958148
742445 131938
833370 114250
567550 623674
481041 123665
470231 146715
682839 283415
912243 190679
336560 119280
59017 633208
899994 315706
219815 169931
789551 487445
609497 200097
996585 150038
406968 660062
393929 106158
171411 949654
128063 388412
844139 100043
651495 321717
368374 503844
501469 885603
224660 407350
110299 3808
586858 956912
360574 416813
867930 755285
448058 762880
917259 646578
466629 713870
645655 608612
112166 969324
132488 879834
63091 968044
676035 752530
214228 643101
777585 433272
100682 964126
501990 903630
394563 775902
842863 800069
423356 740100
54075 291226
881134 895210
911829 539872
889150 118900
852072 903094
311683 85723
956193 908255
970729 967429
331610 202215
712842 42179
620634 523891
147957 779450
578524 143631
100166 721348
124818 712154
332791 485623
692353 665961
817865 226005
39404 332289
964359 431208
407924 154011
7042 675822
557709 110876
577727 808123
766665 207955
838081 855297
93409 187573
74676 335788
563279 528688
587775 364163
496897 930072
893724 910356
908164 668751
680485 918220
726390 650454
483682 998971
109803 475758
489417 672441
836099 373994
284428 76281
194640 420359
579720 615924
84073 608521
868414 315733
794763 237239
673398 243047
225161 983626
471112 780725
863499 751434
883351 626260
956684 191058
148340 426011
102595 115111
644588 141354
466442 520250
282425 770625
585979 71189
281216 231782
969296 547887
783068 848874
373599 354959
43146 64309
409797 449592
728498 244373
67428 93809
928564 901984
825319 357643
203232 937509
37823 875914
589607 133958
564529 545826
458017 723237
402140 487068
833572 563978
851555 241012
413164 885907
245048 974764
925080 821351
933181 494690
900021 917238
594790 986315
821248 784243
238695 916140
853520 875734
491385 181082
492709 759362
813574 514232
644289 495364
925913 509129
323315 330258
243608 829587
491873 192192
825085 309505
60474 152439
721459 445360
858459 713451
974406 728148
240052 634396
942574 353542
274951 200500
811678 382250
84413 67224
613111 924524
12805 867806
259945 287148
808045 757748
524702 701839
650224 522569
208963 984963
941238 393946
504491 252896
780236 761455
633894 642580
773813 990687
862259 681127
687354 882797
301946 834702
906619 97396
185581 211240
182466 51181
331809 248538
722124 878986
623192 799514
23764 35933
833437 120747
702742 278206
40077 741514
49799 911531
350203 731523
289365 873631
7071 710940
613036 790752
132130 587051
485751 822572
414901 292479
883089 648250
933780 950423
764731 131045
194140 772816
641516 924903
135345 330432
481231 394342
821671 127414
824988 410308
779460 7487
747429 664425
150261 136305
746223 21690
107208 732655
577069 886236
914366 550935
257775 872380
392667 885605
295829 635535
50152 657429
875025 242002
991393 664179
274357 874946
444845 582290
339964 869573
31433 5581
474026 354076
12777 118823
815790 221963
229995 829276
98836 943440
809454 813787
12507 795725
395252 377528
250136 305548
518552 929190
521154 576602
811723 740450
444811 631197
211616 903881
310032 555193
695533 694347
912556 636826
271895 99278
671644 513305
533557 154974
800021 695113
162320 953622
794705 107253
714010 464864
236014 509412
361135 65578
500974 823273
86219 35206
674801 303192
966380 592076
263447 114779
333482 556234
319483 182707
451314 26383
1202 292896
834655 89571
500894 231102
888868 667624
420158 679447
763175 635514
979987 219523
989935 429132
568371 147821
385260 528978
912466 837292
587003 972980
541594 527230
434876 51312
975888 61330
748262 350997
146301 834644
246752 673963
713600 911875
662501 74917
136639 471066
282292 986203
402400 45899
607488 79860
845838 804674
251993 894711
644801 672832
822915 723738
564725 508075
462417 796975
425659 890002
888369 510098
948492 630546
447333 376813
9891 884285
855675 720614
325165 567908
675823 570568
700216 26510
462058 688731
55132 899914
30301 530311
309910 686983
87902 458548
337319 767233
500693 203144
246056 708488
259986 427509
799964 675543
980856 860439
487581 609521
495224 177552
383435 454387
339303 39229
688484 13853
582558 814466
98778 541329
203332 570326
944247 316462
654805 442576
166766 744715
849993 96849
490779 389754
880272 711662
600236 602838
794732 482706
22352 602008
588301 720626
155927 138950
163707 473271
387875 784198
99814 672587
162126 733782
353594 59289
642880 693696
582413 94775
55794 812721
189804 653142
237255 269831
680541 889325
871146 665534
457345 535779
137809 774924
353062 414245
134131 798130
227415 701472
494434 223095
484205 956388
746263 46465
778389 888421
828849 300990
653342 68510
737446 677114
258214 600262
470394 902721
224928 495005
286915 742227
762490 800077
498922 436142
653025 759285
585625 524397
286816 629344
311407 998766
102701 644247
850878 559259
342511 621208
468675 597115
326103 386517
770216 832022
112297 209000
177413 97632
519596 558313
103932 79018
744143 240739
412039 123900
136357 650567
654467 65626
568211 939559
79190 650965
654858 571501
222165 241364
59561 760515
265298 214110
296918 777593
280735 129184
597801 408440
681524 788743
974261 713585
93978 262362
554716 443451
949428 244230
343009 608417
616468 529403
424109 111470
937528 957130
749346 122585
326224 603329
746786 910523
60027 760655
400474 367021
220052 811191
948366 438032
955744 282391
816697 888352
714385 676983
163644 118158
815782 987307
24536 49958
53173 850941
413681 610722
843001 512073
824006 33667
591240 567005
497871 47101
698488 27767
597870 988904
312123 813887
882552 470245
896280 358998
60190 739643
273870 834093
246345 159887
963682 589839
580073 230071
508672 816255
10524 400376
106469 33959
865701 691950
286072 398383
417628 40420
607308 288372
332310 53910
528802 554096
11080 235383
304339 968149
165628 688562
357481 775602
117811 962126
587330 692123
982645 888197
702153 19865
744041 884323
655278 451317
994941 613169
787171 43289
245152 465136
344059 125423
914564 206204
19788 771448
485694 306305
153978 282918
522966 972041
264321 127020
491488 651671
797640 360249
313895 247798
800315 185437
790100 926938
622071 305514
621753 258794
506574 106655
394846 498371
696629 744391
282103 193253
573693 38951
596891 376191
939202 531205
531300 69850
670511 417265
372996 61093
861783 110969
298549 686251
209095 771791
959966 361731
214024 520607
719753 650279
547614 755869
880071 539878
552871 892389
589965 53611
456550 806412
647232 819873
274085 114607
993974 982486
806184 705633
403153 243440
658708 725311
861182 533773
544711 773496
990842 30543
956099 424165
634856 412369
659071 105079
825424 485566
604148 570385
557908 319296
909509 554115
505557 157346
971324 519818
54004 718570
398370 922297
761990 559230
454902 719635
27647 253659
770571 871357
765555 753674
895860 289992
781314 174777
829961 791932
49125 353105
794417 650413
903495 875491
535756 353016
983466 471358
59660 382488
328127 786527
985282 230359
646742 431385
385351 986133
49931 886878
968851 107706
575771 10847
313983 484851
966742 759301
144401 317652
2913 234274
694928 702595
440439 41154
111090 595262
658931 894317
285626 552237
534891 123496
250268 434023
388533 894915
514835 985795
242865 53254
407121 43921
35572 570022
782855 262686
935042 499744
685838 909800
647859 286171
65272 744730
278309 433096
318014 495186
289561 603805
431305 130941
882487 258241
907480 218329
149985 195445
199015 514284
905373 577291
96220 86009
817668 375104
277881 398376
565238 196517
936209 136766
701335 803930
636872 590578
532528 365478
96587 752587
708913 573831
481521 11776
222001 646337
626223 39916
123272 606582
164564 31834
684118 338612
705592 224317
171207 20058
413455 502777
192985 553215
964669 378548
896948 100514
847593 979390
616842 364921
834102 699303
692277 44010
945951 27293
100021 151837
125165 716045
59681 491955
155756 868285
962336 616014
289210 218968
35316 456400
970281 32259
480981 416764
566109 631226
216748 896702
461483 925157
744166 35595
678732 629912
819160 309418
311043 639092
375459 993943
853322 482357
693007 689012
989761 193879
966559 614539
170997 304142
457421 306383
444909 962788
397147 295952
780185 6205
968939 991073
774430 521074
785307 492391
693620 211517
877192 334519
245002 152465
5476 810935
393328 191626
315973 419711
874495 229539
742871 906488
912464 994384
967845 513075
937960 783604
528971 255905
677190 767364
787732 921377
48556 668090
64144 536087
402483 61688
123749 269661
126553 873898
552100 215996
625381 88175
362485 323541
832071 128328
524420 257981
422483 385691
865709 563998
545793 229385
733744 544030
189784 565684
463567 255344
255877 684158
184903 569424
816735 686145
400862 372483
713809 375930
921856 448187
962550 918818
719160 783486
480364 386582
744429 855504
151321 789553
424384 675209
885566 327216
120532 360387
78411 432081
772382 739670
209211 492629
442652 721115
889869 871403
312675 468767
852493 644563
606776 992239
820974 187188
618832 30125
867034 920102
499158 417041
299322 573154
372820 319196
483118 867719
983241 621253
37909 822417
873885 511805
762068 907171
74134 532115
130071 777689
353862 157102
690787 297393
762891 753982
59999 20018
694111 623586
489036 210189
882062 589252
434670 781507
326240 49160
471373 739470
890858 673040
531933 973023
191995 699008
484333 644956
306382 276046
498932 601000
232600 586176
25496 159260
745079 172047
75907 802821
675619 575128
713422 274550
922612 353191
674098 964285
754102 49555
978967 90193
768478 644999
315580 474654
713334 317810
161173 437379
220443 485683
433484 712426
765707 100901
81308 212145
615083 234207
797632 280342
364209 371006
422368 40163
420282 244452
360030 732407
110286 355686
203526 974075
921684 110255
756741 717451
695322 176265
726509 948128
496518 281890
454590 750654
485411 184124
52255 193411
819774 580129
269598 955762
101051 81731
205187 537068
78291 983244
847274 358257
169226 87246
908020 913217
140446 660484
666434 122287
968289 923543
702374 461079
11635 957484
802722 420718
998688 564636
451914 862515
686312 918861
582347 437995
282480 152486
348668 772479
117786 149645
329417 760197
499128 366339
679909 841318
785788 395081
838573 468128
694433 284689
944346 962315
139360 639992
416710 848575
363461 458047
68326 552708
502105 105768
729094 467628
65106 671953
879562 301026
489581 99565
817137 381990
79122 480861
17589 390807
376534 580231
556329 153167
498673 108247
769427 510740
60354 946990
139328 92360
595468 605492
700265 224813
731938 667533
578070 559914
783051 362191
884020 983364
743829 990340
542867 869565
811547 252879
811099 228402
136668 444632
944809 192788
547041 578946
28011 497840
551636 582505
761005 393810
64410 884292
551782 543619
730819 362828
133369 556237
64950 996873
691382 343504
243153 592896
914991 865595
192210 637547
26732 763321
104824 613638
969923 628594
321341 365096
138348 261538
329160 3377
656251 323326
795086 423367
893800 483245
875834 171478
447 89752
47487 321837
618487 364244
199498 534352
534178 941834
551273 539254
86492 715859
190296 953163
579399 669470
972005 99854
944417 874576
569602 536632
204009 609918
623842 100669
797459 150630
742796 522545
801494 379843
268092 597425
976849 409576
902766 741013
523848 48307
487652 894283
597071 591318
935694 219034
817643 787995
429982 913954
796585 130285
818811 112333
892857 40025
913899 740849
433550 801162
985510 998060
745877 708409
550579 761110
25067 824458
695396 482846
876977 206198
848875 253421
79090 210247
478556 387330
368793 246880
156805 561652
195870 230137
507868 448442
941778 985873
850888 28233
589071 21464
79510 260600
510401 569805
199214 66376
230180 201843
178466 949131
183798 380569
27820 433769
354642 434913
61515 618366
317949 193980
813667 523432
978846 943746
16457 998898
156907 492337
374720 715906
282434 979210
60713 179826
826942 361658
319914 15911
61827 630639
722064 497864
776087 108480
168190 664118
278462 734839
404439 56856
57297 852448
374144 76257
936756 957976
526817 739652
282187 504332
481194 434336
794730 774778
918676 574597
716842 471789
465403 763580
746033 437099
966099 586230
652409 507435
995722 87867
917755 347171
373868 201934
193573 452318
244222 331849
84406 537865
163002 403605
226491 666965
661095 830005
14971 617214
766677 245092
675198 291968
93815 284411
980386 513440
413565 864328
589047 592607
448585 332384
460103 963920
223767 736545
613232 971823
581783 899180
173047 958588
92890 462611
866450 267449
806728 438407
108661 293090
457040 555540
36640 622774
271153 462958
537463 100297
382041 135679
150430 37139
277928 191577
253993 587837
312591 936786
989824 299378
148201 371049
701877 107288
845464 508729
413689 555282
125128 665415
32994 856318
331292 857497
647929 811998
230783 554287
198786 557715
587459 181572
711864 208538
672246 497463
134374 475680
217635 628140
688553 441819
373564 902204
76172 8612
104158 714488
13254 377683
309661 641418
275502 916246
874732 199305
277571 100749
414172 928428
123720 679049
939828 512962
377997 535035
633261 79053
989159 377854
332042 824577
205642 87232
982937 874807
756073 936588
617354 215089
575156 838926
859819 320509
74293 980001
863645 88161
530381 33395
286585 833969
498149 322715
761856 651674
241020 593993
277251 355785
369180 115773
322657 875
260173 798312
946252 86949
713993 193582
682896 11507
367891 155303
175962 708713
237826 138330
217975 166439
872888 513423
162534 825360
729073 823019
149598 531540
991216 561525
653941 114389
752873 646704
407793 159815
31763 328646
132923 979425
809204 324144
378195 100461
739717 306787
633814 896540
997992 594003
181974 541408
671245 382717
983199 763381
536256 761923
95167 511256
45684 887004
391037 296637
34540 604014
900434 603824
623901 663220
731059 494052
112068 740054
343309 439365
126454 444885
515003 216123
930233 581412
392200 692801
835355 408439
624793 90796
875321 300055
250173 639535
592782 395245
470345 997288
315071 279319
295776 470382
458710 896665
484958 709639
177466 914328
774397 441192
11120 813076
678473 752536
40595 998658
378581 342826
895544 183426
112546 90116
199359 168257
549439 234348
102580 779298
243812 859578
980947 522289
71512 125776
321030 348257
825522 223196
787381 289013
484060 855277
274816 585856
74608 579763
493044 54827
679283 431654
152030 163881
647686 172715
42023 643929
992911 460401
260083 994450
142526 404138
269260 659793
521025 720836
819303 419546
890727 879710
512595 685552
120253 4305
731479 175353
778405 567068
772305 794052
33964 902390
692491 395189
104058 241200
789194 237097
768311 969779
510873 477608
97572 667747
209586 197510
150565 836848
48817 894740
271594 483551
808221 571844
836776 741344
254341 614633
689983 218510
922798 90633
162743 334418
253766 487808
415450 330485
823800 322825
509237 47104
379715 325768
846498 520695
916344 641754
308053 310051
82220 470737
68830 717976
859903 613477
44112 619677
946104 211024
263796 33760
797600 386768
487156 266511
260353 313720
154115 631142
437827 514112
783206 504769
532702 213690
217128 778760
965130 265327
76034 621531
578841 243949
357426 738553
748967 416404
547302 772273
127063 196641
926369 233559
424511 793995
163884 417500
72515 164756
513137 835579
368906 234542
678317 138331
165813 731758
176923 206625
649283 249651
617595 64354
62757 817758
238050 438904
754115 692445
237116 773903
36156 139257
945336 751540
122859 311354
260809 950538
394122 962730
978742 488728
118224 139341
639638 359395
407182 55174
398998 708643
111919 945767
583854 296182
431843 222051
114236 292558
680584 598439
608102 229468
900758 884063
794157 367847
178125 5460
257320 258826
428940 119159
77273 944648
593398 556330
637321 379077
289569 950
910553 453683
642752 945076
69149 373531
335909 673716
347776 520775
197206 967860
629910 917772
75060 417441
384002 673638
694853 8074
744894 27361
462487 988429
674546 501724
575458 614515
651593 107544
735146 206076
408449 67140
705972 991274
670548 654429
51712 497926
211872 761211
800041 374234
895078 541493
393523 785315
443377 97715
144602 889865
410578 544448
83000 291918
81072 669766
742561 993900
837870 473968
105626 82827
616563 266135
970456 354615
62645 945481
837667 422412
44268 803492
116041 244765
684616 523855
307780 189677
820594 51162
704940 685102
535924 364297
767695 851683
848174 686382
353417 897198
320550 550639
552433 368956
800750 674006
793467 226485
69364 798076
402812 804228
640271 678355
964710 231679
949499 83595
768324 396158
404318 229873
905559 677228
653160 463291
380646 612007
330522 213433
506931 164745
462369 407212
844051 569434
421382 190919
245785 852035
285138 306039
917532 468787
99260 547917
126392 70391
886427 322576
432857 971996
104964 776360
378923 481338
691265 560269
2892 770248
647428 131096
931400 430724
845907 926950
686450 636240
979665 979268
270420 701947
465887 325348
773967 822450
380971 618532
400674 808084
684656 119930
699882 683930
297487 944673
913324 404997
993403 44295
247373 295046
78417 32032
42038 524804
102049 406985
262498 302798
410084 913471
431878 53210
420072 817072
181440 724749
144175 531619
767792 117784
266077 421641
206237 144806
539589 235343
844929 906381
704166 988564
884111 673884
115988 459974
744678 280533
938370 163458
2836 669565
179012 405992
351536 426592
478237 302725
534722 666456
899159 820814
340344 988894
508296 941181
778110 741426
500123 791208
159016 204440
265598 649324
156457 492727
736143 129313
88566 822703
27869 601477
535590 895260
114695 748259
325744 821896
575440 287316
84242 789701
627920 698338
487589 898343
361486 843985
728312 682461
358673 117998
125302 615605
618538 898010
105070 145032
106040 549464
529264 184829
153644 726
217650 323089
386577 121446
672150 72436
210132 115594
153475 588395
222405 773838
563392 969320
315101 412197
562898 393890
638781 208157
698201 665037
148512 644401
656519 572309
714872 242043
869777 575506
562942 219823
748045 252536
576853 659606
798672 101802
880209 88008
150841 138606
325178 565114
756551 610062
548063 926185
499817 611134
