378077 697679
748206 642377
823307 127688
262431 691220
848466 169422
359988 118777
204115 593473
176143 275553
552413 861046
657388 735487
785079 642288
843204 707380
526312 608408
251688 548694
379250 711453
523649 447695
38925 886564
393054 723043
841658 697664
723797 514401
69679 506281
759189 12055
248425 241009
334036 113967
284286 304589
13598 391481
205434 768332
392200 270531
29092 710460
20784 839873
177795 75210
895681 775600
738312 156928
424356 98892
944960 31444
390580 324761
660874 165230
481319 815576
249325 573373
623172 223985
388760 775166
872578 237274
34445 99107
83731 676454
886410 861498
537724 261229
477479 681312
83833 381918
460845 638770
226815 757244
305998 572677
870655 630863
666579 984980
880209 283785
799960 206123
811443 972878
986853 528238
531496 606025
311104 155767
522199 778537
271807 718558
755439 289035
906150 678904
738639 566971
924201 883164
826914 272788
866971 603005
538578 346055
37260 859150
59959 852861
899252 960284
320502 19668
388005 855729
796182 405450
527067 7888
286302 870881
942403 446260
498966 207479
671611 981796
884939 811600
790364 190797
830215 456522
623158 546668
475725 332947
962183 438236
942921 465500
685464 39233
525586 643155
992490 718704
910815 833792
781984 658135
420242 73060
696451 466977
784874 443306
503195 772947
102417 336622
459119 516286
734548 439599
305973 453317
864214 488193
205305 181609
141470 333940
118027 938249
235805 997038
361877 866773
242115 484417
905348 254947
676388 671818
662915 627757
121545 169691
333774 211922
580280 416916
302962 855013
787483 943702
277664 746116
417983 109555
129542 493773
844620 102194
24826 822138
515007 754013
673396 629569
802781 55859
267796 178305
639708 961013
591412 940287
383085 208602
970117 305881
97053 460374
860256 127156
623918 373057
630100 100643
824946 200665
143236 774535
639431 950861
381155 446855
436701 769275
122400 804501
162861 411150
443447 688222
670676 603039
365924 667802
947450 374755
169905 224698
959631 643933
934677 275707
15402 756437
556916 899376
412307 652102
927540 189519
645620 919012
390243 552265
489810 775449
551849 737599
213768 385941
83422 504758
671499 428447
596369 2566
396139 641193
216138 394338
521011 712738
227637 659738
624978 133961
63073 148447
398854 169274
369413 621155
391017 324820
869357 982660
642899 200153
688055 276481
428302 69913
438413 536877
783064 17829
618840 191669
410320 523414
643179 483862
329420 902555
884115 330739
832800 61295
949106 300269
378494 562996
930816 617714
244459 839983
292815 238766
447306 565526
359361 304336
734079 252809
205258 993524
512416 918624
180990 715199
410694 824917
667252 774737
122658 774487
313775 270070
665329 243016
139501 46297
588337 224761
554450 169455
286448 784059
770823 616076
968376 496904
887069 154973
183359 74331
457947 861847
929979 540850
133050 166521
851146 681745
197235 951761
145131 746483
384164 124237
664294 718633
574896 240606
311913 123809
941501 605270
87613 802409
958123 757170
559867 325838
671129 28706
784967 825531
714703 921310
73345 881311
411657 649083
732332 714056
834603 224396
537869 783358
110502 53497
7859 403421
876262 779795
288645 822645
896883 955648
304722 227489
465386 296519
818352 911867
96052 58949
970118 756983
374087 274420
493720 98662
124015 768573
634978 525037
943489 331205
961241 611547
680488 443682
353484 748702
258372 209855
961547 817248
551697 875868
505637 827410
399572 736786
195049 906141
256236 885479
772611 429484
70146 237882
562073 521357
273360 196888
24 57848
420346 892851
467066 11217
132602 891168
595764 184087
956509 122072
181973 312267
533917 410393
936723 763630
670803 142341
762268 456904
898066 374456
610557 434213
296810 212226
291084 315312
694611 850876
280880 717248
811334 675972
541484 524506
647605 462021
867418 561577
81656 515895
228687 174663
992313 490996
295258 556585
978280 823179
508321 980586
955358 273673
868657 141335
309044 799614
23637 450867
321621 516911
685103 996686
184874 554252
615870 449293
251218 145876
713730 708167
343999 676065
623454 569126
20273 183648
157660 436818
458179 879667
744289 26876
596178 892483
261150 1883
854070 948202
57323 155969
669750 379453
523471 452802
631607 677694
125438 177342
604040 574164
933931 195543
816657 410588
125298 238443
782476 43203
404902 321742
374496 331620
898185 346053
38294 127282
861739 187537
190354 191526
977805 352862
247496 981526
129271 493166
283519 428112
617339 650353
439269 936627
577780 28344
634300 35529
983750 870424
571538 147169
597636 909777
918748 299788
702241 124585
872491 224136
194676 313970
300603 953733
428705 588918
965988 917444
692750 884774
545891 662415
118681 144424
982612 919150
978766 904805
611945 150025
18015 852135
121030 623844
57204 936046
488890 107035
753159 319606
176109 181469
592687 425746
446870 164080
955782 834051
553853 267307
508706 269576
624363 242233
438286 321049
877298 332577
895231 997971
721951 279033
884975 137392
343398 728177
619172 392913
917456 412852
794035 321273
701929 867136
586074 267148
950616 583433
85089 757299
744445 118024
165099 945468
882532 130533
121841 57307
300323 590324
363801 101936
460464 241859
896404 557552
309026 444497
611235 341361
935162 674942
442994 111277
122993 214838
996791 496214
752926 341455
902619 632126
724471 221328
765109 626053
795751 124474
98984 39148
920419 429039
926277 755243
609612 513333
61773 503869
375627 409415
646279 834752
718837 566737
789420 946933
683764 667808
684177 978323
888912 20063
436290 223373
356140 241854
709509 457377
140149 826682
823902 985146
825719 254456
703850 256933
591571 439470
642592 683583
640669 419704
291066 923609
528786 795784
935516 789183
757051 274446
454061 892438
161575 504825
919006 448763
280806 977725
728525 644536
647467 935117
248758 144709
553124 427216
124104 231048
577018 762905
177706 309959
491239 114021
287080 674073
568644 515181
114804 83453
417974 408444
857539 171326
163297 103072
173120 972965
449978 18618
465890 863672
426468 298117
692048 178412
960477 221840
443638 375244
878060 889661
131254 776750
974905 451991
521002 762362
142672 739459
263987 421422
794913 689583
288206 61951
209658 470440
332364 423462
476537 225774
623676 840738
144524 900711
888945 421903
328361 600296
19622 983812
529154 401349
964194 419421
765240 833296
421454 759274
585668 1051
182202 992499
18966 616164
113062 619367
922389 835764
122327 475989
383563 997628
77231 779120
285322 301970
10715 712424
294088 589069
193515 546322
152661 743570
622408 715185
770507 597245
563543 267467
326507 224789
154636 696134
281277 989807
60348 986962
577433 544598
721174 589322
800650 301095
546475 601694
458814 733210
459333 967747
649311 183962
157658 180463
816949 176225
712949 535259
866290 557276
891243 603651
97713 91913
983713 424989
177313 855960
171284 544179
222085 523486
177824 353711
186752 730892
152155 155536
259471 506717
579457 488213
635301 420302
122243 966988
935102 245999
835619 8327
61163 2111
242926 485980
649112 747985
89165 529880
616217 794285
31644 190799
442003 26581
666981 176386
609960 278670
339354 132819
683691 988202
677314 248646
826736 257764
151165 4035
135145 563572
685218 536184
641397 824656
766294 240956
558220 557273
462893 695594
838917 686819
179977 356252
264145 49222
238679 131987
231051 20208
779246 199089
829787 263898
673168 502703
901233 8788
705475 400206
849461 192285
2111 47663
433283 516378
3338 239205
339779 862819
564594 937199
452653 619164
822916 891358
807295 627496
928689 622159
85299 299357
856308 173923
271334 189296
608670 235352
676871 892377
966020 145356
697639 432672
935798 472078
811496 238800
908565 856511
258815 864178
581855 942723
472434 491896
612573 941120
302741 168464
914632 562682
812585 201097
33367 652479
576762 449731
832868 831601
777098 836569
449199 189886
8102 18709
15219 645802
541643 876768
75411 908583
719132 170522
127023 895298
376066 544299
27025 408947
558638 736763
445074 471112
628795 162432
811215 710911
401913 438767
357262 771829
582367 465828
885156 51660
878542 562914
549737 370379
248917 5306
41086 435574
284162 812389
524172 762776
486293 918174
448247 331221
749906 899686
808472 814276
84017 564020
144793 48703
455439 509445
647448 634108
478834 874669
856702 812628
492807 890985
655297 58702
454392 184464
977843 354061
996054 50837
848681 419757
948888 117971
219627 785412
221683 63833
767897 362070
995542 930658
412272 908983
514170 44627
85289 785469
293345 895555
434010 332278
849163 18146
659545 168413
247799 887548
619517 561957
112269 65925
335275 414577
121836 472134
80998 94387
900093 756459
783764 550055
17550 934487
430115 82897
567534 326459
930326 86804
523850 92850
890542 596572
31950 912814
707888 730255
307243 329668
566133 733582
699426 995109
112771 818787
962008 268096
455422 703083
876703 94951
185632 747465
750494 950080
636141 995834
601958 976218
578903 375363
411373 446950
408901 855503
368058 61847
814029 106582
649091 273573
439650 378643
234174 975344
349544 844418
394188 564775
86416 500051
202914 511198
863399 37732
547842 976466
926517 708113
592058 244753
958480 785486
289418 541777
822300 50862
503753 223616
699423 919507
179757 563718
711665 582250
80573 755577
671866 704500
685304 318491
201334 702420
20734 513395
921212 124844
53539 46729
640664 159515
509971 707268
976072 810067
626517 531444
125725 943037
732074 720763
810590 89729
914269 757765
817014 114984
214196 182862
801465 754992
564143 558672
697598 419768
810185 491556
742368 877887
738893 199102
380505 590204
934296 361590
237658 784758
914441 419614
822684 392903
623424 435760
653143 781856
344700 236376
385582 931244
707332 645685
201635 486863
652221 556531
639025 723338
970145 641540
96967 232739
921236 648524
879796 145786
91229 878708
193668 424283
104216 530165
916790 236607
57852 560854
894664 348797
805016 523786
36948 508753
209054 998459
951347 5217
21046 310348
274260 20546
472959 14419
932740 842869
131296 845500
340086 929926
936827 500615
575439 761490
437301 35754
215375 241622
365102 698020
585648 475000
107462 928922
52943 584093
282978 753182
654050 538786
147076 791136
520445 523282
848645 510100
360509 484696
191093 386235
43999 826368
777322 196103
616305 131916
599249 945313
258979 944084
386344 337509
720858 520841
87266 933390
327306 522659
989919 909306
644810 819709
396370 272752
604825 329557
763011 918707
446982 549378
756878 942835
950165 574768
956798 120107
975396 677414
918365 943874
389221 807489
808814 413895
500134 384734
284818 451844
380961 345376
179319 929135
126223 36
442639 736912
301582 882875
56052 926574
442774 250632
789114 591526
768278 685621
143758 609954
822015 750529
142177 47674
669570 325490
478863 31531
625509 387432
13971 577146
572881 379917
556741 24042
91997 449116
146952 803642
414856 498216
261255 954829
269137 967987
934631 508638
677542 66667
349479 700896
181178 160484
949753 793142
446852 867381
684301 276550
681863 89129
52333 909476
235543 752909
663328 954265
323588 370356
449021 354169
364418 501800
645828 565742
28811 34695
767488 576454
486626 359780
642075 317123
143000 55185
683938 131975
273270 677808
554668 325345
705089 715703
302729 346529
193817 990045
371541 470075
117661 524935
791263 930242
102774 705524
299636 656419
873703 757274
570654 265335
943457 39575
46680 35360
814995 345543
679901 259787
314622 448447
234477 137198
543262 713343
887061 819387
483755 478847
359660 305391
744794 192466
640921 722247
548305 155282
189184 230714
344196 228097
810923 604738
421202 212197
55281 550696
410584 761201
340460 791712
34422 353202
871082 86943
227272 832942
142166 327742
615045 399164
239431 350053
794064 620299
933392 919496
828715 129910
356487 500495
676988 85658
212252 657063
334119 77964
892737 634975
22021 262306
391580 464778
8714 240149
687295 700329
133679 22257
659347 380130
731909 303208
157939 645108
583088 124899
818847 938793
846704 23490
733664 457486
550176 889983
689527 523736
329699 266602
569366 479479
942344 49222
979448 633512
389618 261861
832921 631812
849013 769604
777669 659187
945112 981372
872782 936071
888445 390762
160635 245026
73407 688013
853708 223427
292919 449555
332058 921475
857110 950247
817149 658038
549930 574342
421059 909272
481094 427541
799706 671159
129452 876409
606445 183881
528293 130830
444385 725471
858990 277617
378205 622616
159172 866029
220375 254087
469890 319146
526960 75354
468943 649847
970381 423011
562822 573447
430030 444607
281221 419496
773361 219092
645755 904764
20255 291415
570145 54691
672569 240397
944778 260919
200025 459703
15115 996760
697112 581506
928656 188711
885544 746121
291663 717534
990712 859
639603 191802
552356 299891
695518 355941
236752 717243
166284 535823
502066 984331
664411 257790
436670 762823
149247 426792
926976 300767
426754 917707
509858 915035
405671 33119
119889 354817
716113 656218
67676 984269
805687 313301
907084 257594
352786 61932
954454 515728
970361 448074
524479 182610
970678 212841
207144 347215
447226 596554
318808 812665
761790 693058
517228 164507
605805 931457
106956 165279
148254 7799
919995 454818
617749 688451
197081 613916
752293 929080
985730 688384
1521 158320
767146 896825
259209 279215
99767 672214
430291 876324
2844 160665
890024 644586
372296 134878
871046 61496
1556 223433
262564 433992
63979 756719
359075 444749
884890 303017
298167 632549
172887 182410
879007 23075
874713 298618
177644 47504
990177 48918
656575 934415
851036 413928
167376 289329
231051 354778
225965 684697
690832 539582
619565 198406
560864 690002
922207 431583
799175 529151
563521 516386
188805 427023
908731 688599
456146 134185
665477 925340
927715 195187
939784 87140
913153 116987
364505 72191
288605 588384
175519 201380
647429 399110
635367 639076
58096 99364
421755 98607
448949 756625
913616 429546
503548 360492
858267 898094
611132 818947
704709 655238
176811 607234
887475 962476
218911 511129
641359 11284
134957 486385
423269 300528
582058 479329
324993 412777
196223 242575
742461 375856
86969 950111
913013 734007
329739 656788
531652 787909
189027 258872
328667 491811
648671 533425
654934 352872
767668 582207
118557 796236
19006 21077
955602 964566
928242 514973
223180 775440
830191 333595
556634 22598
358103 929640
931211 439912
652622 395779
873188 428621
62908 378209
232041 600706
286118 381816
148900 993394
795593 594587
941428 876741
837558 923414
934604 988450
291371 300750
808221 436989
412105 779119
249994 173066
435394 571795
222405 654932
658948 103953
939781 470165
333982 388508
291334 309853
786609 722912
758057 100120
35378 395889
730312 568679
580371 980029
660237 1255
451768 141038
825542 449031
218480 845417
899166 142611
138997 731580
227692 264296
89885 879620
494104 808891
909691 937224
316118 866141
12105 400202
161605 318710
972309 152605
4434 473776
750883 285466
713329 257548
3536 755641
813039 520348
776816 348590
683152 407804
816623 435544
412690 978522
170163 506732
50425 955176
306826 640175
126035 959916
594177 868302
859518 572970
728760 447333
162467 844263
361951 665828
640267 355019
150557 892046
263985 257523
23476 932035
939771 856380
235114 468030
426484 455906
439000 882667
446513 381937
423225 171950
996804 438205
101299 815336
141894 328290
711483 108444
805247 458222
36829 224085
401332 104274
245629 612800
469992 828033
797472 78558
174417 673179
608442 191391
228422 123882
118008 146914
155322 656135
942617 748072
33763 541416
217200 835217
6219 665782
913868 526918
741012 241592
781872 174045
208864 719309
587061 221972
383771 230893
835377 782142
651654 204155
564551 966559
194357 838692
314718 746345
214172 42588
205242 87902
275915 594707
942589 854128
168951 479107
515338 460288
27049 802735
840023 639223
881399 184882
645660 650324
912899 497031
259731 675611
550392 276768
346337 260845
469445 139081
217837 156296
731241 234067
139244 251576
383938 844634
724329 813043
835500 597307
471337 346230
507110 464961
188019 35212
483735 807660
521550 370224
927072 113371
141657 601635
792626 546823
544884 643403
753678 272987
987225 860588
588942 216258
709770 34093
359131 574196
510063 757508
495047 388644
462193 326393
775411 255631
52920 537433
749554 422687
71696 831632
805094 181750
189167 301443
563094 721570
808959 238845
96547 325220
699510 54476
760914 441566
302225 260810
313165 645598
533756 14924
357396 681146
1667 635468
915989 901768
711861 439145
995938 194324
2549 934737
55743 375455
243126 258412
942363 421630
92694 756096
406202 188257
628132 454073
170917 264065
645359 359599
190667 847534
422950 44169
281639 579170
302387 128052
715516 635283
949218 843354
761899 124949
290593 80332
395555 331655
24628 452533
581379 40326
21996 206953
28260 562998
219815 51946
948597 79596
19271 950513
530267 80998
460778 79230
429103 901902
572418 639874
49586 117156
751580 409571
677501 524385
478282 431199
916432 707549
275714 77254
15301 585727
186464 392432
114639 860103
117758 499576
414997 462285
216837 569718
294371 703774
2773 706123
765862 867765
160473 152018
780678 910465
18863 933723
302474 54079
140486 827704
131009 388749
664451 752002
628237 412852
152740 409918
367249 65841
518079 599945
671369 823481
130811 261436
911341 877817
200453 197465
297523 137437
214974 72698
324059 90211
256030 933550
111619 722408
373002 758257
817006 899867
865433 503518
909822 365108
345997 44638
515293 464958
106121 629049
802412 498922
221390 699499
420173 913849
268106 190774
869612 344586
91013 831713
394375 297731
794795 211453
813047 442936
800030 311480
732081 202607
863309 348315
925035 73693
514193 558094
518788 86674
573065 638346
872732 144973
370282 127501
242162 490648
205117 124910
447214 744752
557401 559787
853751 322301
911910 307685
884704 429252
328805 530751
27602 364784
537712 148770
158970 609395
961560 849718
134057 961328
622734 720616
289305 898524
996090 822599
513024 497924
32855 978889
692869 63132
55600 939687
19204 312730
547359 418459
608699 805977
376340 908036
269721 429130
46539 247201
357847 766713
767500 745119
314035 508156
276909 170592
20079 384779
435575 585167
804391 994125
955156 465876
266927 947693
990443 313154
369360 829309
849722 895100
161393 101219
799647 59646
161884 186668
905913 3396
34091 270778
688887 504844
185506 1176
813867 832737
620066 274389
195949 984592
513156 555135
812077 23479
885918 433954
175282 388879
709176 861989
691441 376577
690517 748942
446230 623733
303088 927873
165234 873019
969700 243397
489755 982896
705064 174731
826012 179777
763549 567140
741533 405366
481364 957823
247046 519956
148475 455943
906034 79078
378776 797371
844104 731689
953238 549683
579971 271183
494582 827291
733288 574456
768429 280686
274717 397501
615466 889437
979356 385569
306896 131328
500522 856751
59033 391868
362502 762332
639138 389011
999481 440112
71696 233095
581114 723025
828771 202190
369439 824974
821964 430134
474825 985364
16789 825077
271837 127357
820955 113097
543994 90801
416400 165222
223077 501255
424210 700566
526489 495537
322290 434770
69364 831929
876548 404785
420158 700982
261779 265635
484521 701566
589436 222353
756772 611840
329184 333459
642793 367064
273436 90876
248881 273348
962955 743797
705981 148918
654730 381032
706420 263095
678526 913044
858001 385980
276182 752643
454314 648345
780518 442837
444715 343924
140388 945496
682407 101270
998127 866742
149738 591537
48948 911396
604364 227070
754941 248687
544371 759431
89256 584426
798448 600231
733594 281216
337622 681726
849388 198197
495294 11328
159119 257981
19736 39029
532588 532522
824936 65428
525485 600452
186126 425095
868958 275639
646727 569004
562937 413266
771888 154191
250374 228973
496460 178706
927772 705256
539024 825654
765641 444930
511128 25302
498726 667629
584981 461757
148049 923099
511722 426689
911012 903121
539631 944272
868287 468844
152886 262702
665306 389577
583111 476777
921596 112700
506379 102222
67724 625187
173268 213249
927811 696602
203664 374211
120476 643146
429431 837306
467810 696511
223581 22638
788550 909603
920323 741805
944151 369348
298837 125175
566429 367801
489837 977615
847658 108357
226752 763137
989304 856293
917934 227690
820 550903
933618 533567
712116 258598
399182 742441
480337 875767
188514 415562
995884 612731
901012 285795
278898 55820
78595 32582
694369 75026
210569 455494
480629 941071
191931 312780
890992 478678
496298 900071
167980 384839
971243 868433
831980 315394
900181 999240
980584 494989
418207 488736
211091 207524
871643 568864
656161 855928
154545 52168
194682 609649
604299 49853
973617 702879
686631 183498
555220 162705
756440 999087
823911 941927
764398 952431
36683 25602
437327 808408
549183 590587
22733 319271
37613 352396
458054 498465
559878 64479
746475 490427
650279 124995
21126 610776
849237 432715
415915 422432
362395 34377
272222 707534
70612 737457
543424 751746
841728 732465
331123 352605
884025 516778
300538 192156
680462 709839
140814 522007
458996 138142
327168 437814
284878 755000
513815 945090
159847 385781
803991 558572
467588 46392
441674 166167
461351 745505
936093 191037
389323 459253
489731 385212
227609 990505
349710 946044
558147 433765
868495 352181
415330 871194
154121 831804
833238 558130
443598 510778
787355 241025
759977 346518
274274 223919
88783 128782
146416 145817
135381 836852
485738 496882
742607 176842
869009 887964
414792 124811
96747 166269
582902 130577
803437 986998
736688 177709
126657 816502
199794 537307
851033 526642
452371 429475
243433 635702
167775 613344
400538 509728
917812 101665
594151 281562
226803 122049
486169 132838
243630 185796
139272 240530
22479 661982
859309 457659
891447 52105
848812 915353
495101 257403
269032 525030
280199 825272
291021 837664
236862 129071
617142 215847
432399 707698
303528 701789
904820 925749
562783 117788
184278 320662
287299 580661
150546 129532
807405 851705
246130 479545
238714 1284
34594 308520
957995 169424
485801 26952
557218 114884
35232 29011
97422 908375
738599 262440
498598 755537
565679 602879
817525 911982
314108 383216
131469 387335
599211 852512
202859 203122
182240 353031
473046 805931
670586 198300
455614 443382
918066 525332
101683 888838
72965 44934
247107 133315
386812 143565
525415 728703
941160 671557
597457 245515
226216 875506
308065 502097
472056 20686
158839 837096
737121 657088
751920 966874
157735 124607
934848 352962
216162 368648
956940 618320
225403 966479
428930 226680
512848 323238
613818 864908
282311 777048
352932 381855
775708 952646
90723 630455
380493 469795
376053 426196
298747 238911
46463 951006
388407 959694
643195 564839
220070 925899
909621 94150
704565 405292
232381 248253
350016 349477
404200 586319
889672 679982
104440 598146
565139 469511
755863 671896
444613 674321
244972 861791
923849 598370
458681 387401
324703 192176
295545 850351
243972 62806
502461 689960
946625 511357
784941 124034
863549 670110
434178 818525
167439 264485
604801 56249
646795 330642
567820 920398
270361 198041
689442 853633
483358 847979
569087 656358
756837 445317
889722 87256
225237 68197
568965 990047
532891 992812
807499 587697
828105 272669
443084 802996
722048 198480
457934 656532
871379 874619
709327 644036
611002 950772
182401 198570
144593 531486
916549 541965
628663 17128
711685 786207
553432 591080
214277 698474
121200 314534
740799 661850
195477 555514
657988 181170
822608 692800
119921 270372
281601 924396
382315 307444
430877 630120
862173 661728
329678 53851
829003 50370
530932 582269
180496 870887
582448 533747
979891 748127
390815 814000
44368 474084
914741 271091
693407 376386
474497 403412
865597 998228
46778 483245
137940 559998
877137 807636
132954 125865
946625 434529
839736 589481
933831 231468
616506 54890
763618 652990
172483 452065
494235 106134
752302 177015
715497 437295
130643 590051
370573 476594
480308 528776
832383 196531
352125 847663
224946 146283
199518 596847
255728 624937
25863 711145
493299 154492
296259 54869
159001 303718
280033 492533
304067 860245
799680 271141
872010 876919
682595 278174
58834 720550
745861 132519
523680 324423
479633 472952
389325 395304
681684 216627
159677 618026
158429 545356
966507 449507
69199 428387
712218 703854
720515 546609
673112 579766
210020 493234
856524 752376
301461 309528
15458 946342
535698 112062
320932 49707
553636 696591
710723 94758
897726 852318
642487 431459
37696 419140
600618 20939
287712 736866
842516 503165
915475 79429
191803 440160
429206 704446
176179 954366
466090 320014
77275 898204
247941 409446
310890 822355
29164 28317
715481 174671
585669 338848
941215 739109
422740 127487
880230 288582
11752 994891
673410 671736
235551 382973
879903 319827
209669 77807
774622 387955
644000 69661
502060 533108
56691 29962
750118 233113
430685 18483
315094 554089
980114 938905
200436 583737
291020 983244
112981 526165
876809 189574
56961 66403
269165 279347
500136 948267
29747 559463
126669 719521
164075 799425
754415 26181
845030 442523
77370 432990
91860 290594
303360 107656
938530 188882
854049 827567
527632 556216
852561 164770
928007 797284
85174 706267
99473 691999
992249 939279
109213 855744
825506 376757
171943 425811
961298 252475
643559 162173
505102 799955
809762 807383
965272 282627
733586 699635
707186 886839
70806 120792
735891 429388
913837 240980
837087 66784
344219 65173
352804 558626
436545 522975
788609 519995
855301 132334
602999 419542
659421 143442
512084 154777
358125 895582
11168 95094
515681 526771
118722 985957
636236 788912
770439 430779
372960 919942
628095 519824
453622 810151
543975 490662
588038 535179
424534 293758
308130 401942
455872 179637
86090 380878
223164 108157
15555 429083
479894 802518
443937 610346
926117 29800
238347 397114
280067 542609
235183 909647
743423 414546
319070 421206
143238 285285
87483 535393
229446 66573
50717 633687
581269 307016
41355 698282
798590 726045
146630 567511
530723 740662
18007 390060
376449 122150
922732 668029
870238 553920
677967 650948
940456 145316
875604 336462
914112 536711
680128 792419
277295 970284
328562 513545
226072 88617
774127 47061
747039 515900
344896 242253
97648 754448
273277 935407
326286 457703
807138 451825
579042 881067
980603 190741
601581 635001
702111 252130
303133 830186
985018 108600
465940 141664
244959 341895
204656 903769
200738 142808
959185 842471
627339 329486
759630 438224
166748 190830
679065 765375
658337 844393
896950 646007
772417 666913
507581 606469
674205 943822
728672 153879
618004 551324
695806 767135
801243 144596
