995870 192557
339839 37801
857676 350023
291497 862675
729024 243866
511641 33233
840733 669429
671448 288509
362913 436294
967138 248292
881733 872648
428625 214068
260329 63137
182491 681409
877025 704768
506910 617330
996046 435909
969544 943816
852553 765379
987631 818796
990916 843227
241829 299506
950315 161946
9722 267650
695171 190397
449548 516462
824829 323064
887546 758447
487677 987849
574099 11689
923462 634917
340887 654538
907060 605716
364940 362900
926662 819282
489448 995341
855509 696522
708625 82830
721603 751226
660607 965826
504157 542216
863324 311762
433597 754104
332677 507255
872364 428388
345178 337
500623 519887
210671 831042
743020 450789
29677 690324
435603 313407
686400 514803
278287 688353
467634 77841
110000 331517
382803 114730
234380 852904
901960 852264
408660 408830
81645 344265
262859 369906
54355 611787
450711 607952
177295 581397
531418 684844
226056 958372
6651 900855
919308 160967
118803 566621
939234 399448
553179 716230
46652 234175
474808 928830
773259 840667
187487 352975
181605 313502
228490 217537
71639 864186
134795 30984
348860 501593
838345 269849
538562 112589
207598 628540
374513 772978
483491 218621
311671 973511
712392 878195
257973 507283
6516 191550
100723 530621
558823 569547
560552 515571
720268 200312
379794 698098
891129 710417
455940 874540
615024 275971
861701 748408
232674 68680
722218 238216
782893 35586
16439 562794
705814 112664
307466 778987
771552 471914
919216 158280
175060 172302
159017 636992
68397 769076
376189 940200
572262 2486
67224 973125
887971 790527
226616 332801
36498 475736
375811 924459
132757 67911
320754 757252
53812 672142
760336 514944
488187 611745
577524 305864
682991 683341
462818 884890
897860 107859
658910 140134
514519 522563
912252 960205
655263 826579
665702 478688
920700 665120
269252 875832
404784 785367
824418 941896
569426 613568
523712 616330
908926 253454
787395 922432
374359 47108
217472 580954
469740 94932
346955 880169
417344 351163
378362 399096
417177 578437
167246 637074
132120 224985
732056 809943
691525 726296
833376 332480
527806 721183
164692 578083
71474 752140
383281 637785
618113 667021
558313 151002
440396 116643
824465 127877
137224 566921
793174 450924
538379 95497
627492 463631
268345 488013
688585 175100
51711 190513
281618 940068
913307 386004
143352 140607
299 950541
846291 466812
375489 769771
860332 712407
100493 225017
785955 915370
609050 562933
501733 306335
913369 417686
97301 317581
782735 147346
792409 578523
703543 113484
400843 115488
282273 820035
510646 811911
829875 922735
510347 954222
450320 403219
502756 259014
493338 223793
887119 775130
479794 207857
321974 680599
811586 724660
836660 106120
403842 56201
882286 421721
466124 362962
735520 512599
36308 205172
156686 495314
539839 840666
705102 358604
270342 45018
423187 763078
246078 926561
444027 762784
215610 537977
843048 165878
228718 206745
394722 28810
215198 912946
468994 107270
939777 840200
344185 11525
404989 716260
529259 749496
756609 219417
554351 922691
188852 349817
565498 721121
407867 578314
70158 585970
612558 955116
813013 147265
475061 164027
945011 99802
198345 266346
293057 201720
70039 82476
508615 254521
382366 350545
600870 968430
779212 353290
179390 561375
581131 833325
973168 403329
770660 852642
667632 80553
259346 483608
766832 392946
884676 133064
588720 607454
317876 245875
325060 681139
488663 640590
368383 599468
217934 668728
124064 970257
188205 365549
233751 717941
628337 206321
466994 546786
894788 805599
99396 778345
714391 190691
660210 869298
368238 734003
932391 203098
439506 843697
370266 963469
8083 885391
107335 565988
817664 32255
902441 43998
6683 495034
532841 880194
933094 879720
318473 923743
804032 116113
546206 504719
945807 662649
371335 430534
992998 772358
789154 707208
250071 369757
571607 855368
826547 719856
697053 932534
634289 802590
565377 54913
308309 353533
400160 943998
594952 510939
201675 204154
720423 157648
38118 867484
243760 386239
836277 460686
383525 505513
159509 81751
851775 665801
439375 166946
959695 921559
725017 629679
140032 416196
213133 590543
43712 504473
55141 282651
928370 691365
976130 683357
128735 154680
405344 528826
285088 110287
227034 835810
487785 812397
846092 423065
592465 403100
330636 669882
400998 458925
552221 7032
472256 43187
630876 538967
23724 476688
484735 892922
878083 973439
346586 657555
671010 28678
812167 441035
293008 1103
484846 22996
711975 185052
442812 107064
185637 59752
429270 340531
830894 240103
998614 135310
118686 277409
713161 588176
450506 112659
16133 383309
507286 270222
36313 532325
493001 40006
781550 850703
870146 639579
454146 569054
144322 429560
214951 745085
867668 224569
228810 208812
686159 930965
359972 976611
179622 391067
601426 416426
294277 300038
287998 818593
339428 673131
528887 401490
999113 179777
997728 889807
743121 714630
424693 685753
41093 510200
604989 125589
938497 134570
520618 179583
778525 649275
963803 208322
170289 524891
422837 132100
317816 812498
445195 716433
205749 651909
837891 309917
743797 510738
463347 790411
208635 682617
927250 371642
427053 782895
944825 876522
906952 951547
481202 835668
235307 744636
925696 612599
867948 872817
751582 787570
106785 169550
35734 29953
200138 36956
792119 610368
30759 128996
365717 110558
111170 584065
467729 528458
964203 238761
246209 116936
16548 40834
63198 376678
443076 634554
765008 295010
823761 88428
889012 689017
242783 148299
67075 33885
571481 251544
751812 384146
134425 608219
595865 464722
705207 489014
608632 438210
585005 528735
356648 647840
208386 56874
274984 497731
291635 824580
423260 2620
712512 32776
733162 572763
79945 695674
991470 217535
564924 296417
455636 616186
469740 5237
198966 116742
300714 353996
241606 323359
837496 324443
56876 498212
95485 796214
770761 282830
95738 978157
617785 125776
646031 900496
100796 459133
148014 2758
294872 118542
777087 736225
850602 635943
251066 840631
819008 192626
994986 128591
391433 755537
829996 253490
930728 379296
981091 948913
743918 264952
730418 205999
528143 765968
326117 684543
217827 931682
719391 346435
316758 550430
36170 317688
522058 155940
144483 326274
119567 575374
663495 915690
571071 218175
520971 811197
643688 644508
680592 442565
866154 667093
164624 663437
386403 801941
646323 640556
881008 307124
662149 269100
405742 551600
947522 522409
510553 696249
245118 273612
576645 609159
13594 510018
744887 973628
280641 219914
236399 664901
214081 401150
583879 66073
107681 773978
745665 802079
80425 360192
149341 478974
949473 351748
683299 435689
523257 184626
649687 787141
322473 441499
79086 912464
80766 917982
149462 288273
576643 80081
85887 263391
531461 587653
684578 123231
903411 344563
231003 94770
296029 736836
231070 899961
140077 672923
331320 790549
139906 650613
898588 430126
333872 534101
689106 741887
331643 22385
982336 750355
608373 120959
759769 532121
240701 116132
988376 423349
250757 977282
550964 275943
522118 357175
428115 829758
278644 12811
18470 47817
902269 29901
804269 669349
609625 574219
178333 133214
296633 493699
773660 108207
317884 457038
376452 82173
103808 651063
210328 799427
3446 925182
790975 292526
922245 938058
871462 953153
328499 17742
261169 103723
913 55513
24127 945286
464058 379666
1933 999950
999566 248776
339943 858353
585650 414509
316523 192957
74628 88631
794305 203814
909580 536667
433302 980450
631195 545944
689703 936791
680071 472184
831358 185231
441928 641080
748531 134813
814084 510251
22008 648622
323944 124590
649901 622107
56116 57028
409314 345030
986830 377110
289349 188646
886780 361989
40467 863887
467717 917880
439340 192288
990799 902844
885501 329903
564982 700994
48579 810033
699934 559276
548395 911767
255474 146508
438471 889831
792088 389588
884744 466541
712465 830468
407954 564978
506979 785443
544571 678772
25857 113143
300515 959931
58354 893049
352938 728207
364079 537955
875145 828056
961207 872195
791079 583875
214636 460156
239013 897870
882962 395959
77843 72814
925641 664178
826078 261083
836416 812095
562032 598223
147339 632271
288903 546960
375526 853342
559481 196694
954774 431865
343678 567213
303544 496846
189169 547114
625146 671513
202181 415009
20152 855623
99588 330069
120006 793879
716989 328248
956275 319758
35980 187306
464349 994382
742100 836978
407641 752961
841912 306252
43765 260449
387736 370534
893965 945906
995521 828512
948851 209255
245969 672968
134640 757812
674386 44722
633292 430580
958204 2938
647430 238811
930343 410412
855649 109629
647302 913206
676591 261978
835956 372684
691359 646326
96923 387264
627749 789678
930571 908955
876764 316995
543518 915539
941572 165546
536611 725215
757387 927464
99636 492792
658841 399118
287203 577950
901888 577607
133629 146940
313538 760507
447579 989972
393740 91074
112056 838409
639237 220399
347012 694060
354987 31404
682480 239844
206835 189053
681283 98107
836200 305822
988651 384834
853558 110643
542424 177317
179317 630886
991193 710035
156942 614395
595462 764816
565332 87212
508352 342458
782484 598630
319583 333610
926798 882160
750905 93540
572800 762401
875034 670528
320167 805416
588380 234615
38703 968687
419213 981329
972137 996455
138902 831152
602925 347884
935230 885682
135441 322296
154414 697157
874287 45240
688382 743346
26423 90401
430124 438590
422117 367987
27837 768910
74733 329095
996492 731366
982905 902807
186247 14035
640645 363964
570270 723072
585944 915271
613280 589203
788084 105493
527062 520004
54919 22949
266958 583820
23243 618863
347635 431780
635378 672057
651705 160402
806066 526892
872641 13930
588468 922962
646145 232339
198185 638142
267035 92477
87489 67703
489539 138054
924219 352707
60759 741799
149824 322299
363905 758666
781279 718478
347189 174894
149960 687250
902532 762116
640608 471030
768339 404368
611676 169555
928926 784571
92226 869990
289812 919857
234242 167954
232793 225081
439499 822716
454552 395958
432210 418727
47730 773307
434632 972240
335029 153122
283466 957269
873790 8658
832889 839049
682425 849242
894886 553858
828625 940567
274078 40120
562346 108657
821766 552381
944757 721395
10295 359781
83940 954606
91309 765283
642043 490090
90156 406026
668950 281677
217236 602070
756188 921703
124408 147637
539079 532757
460886 129141
833042 811512
435309 483679
531378 361062
840445 845736
637345 425618
536257 363280
300525 851924
953145 110581
918189 617330
199827 430500
687909 83902
342583 224355
60008 847341
220367 84192
495334 356385
489863 544236
31902 674913
380096 587810
366506 23259
395168 217519
674508 492335
997886 965334
666567 432924
636099 869463
702073 388811
843790 272213
777492 173724
480207 7771
984785 51515
11501 961257
303017 162633
846371 882490
366634 912962
797616 926551
608732 31575
885170 814173
206729 394965
382487 615693
319401 793752
698958 432678
495401 858507
318789 299276
45051 138822
960839 877077
592608 97091
55785 346555
926587 253943
521839 933074
170919 632470
522887 757849
866683 55209
789836 94263
292051 822805
80409 903007
498204 556450
971498 222666
566955 457738
833555 831997
284186 405669
346314 293659
42648 595058
367869 599959
338763 452525
41659 372592
354114 877356
292485 423761
205707 55614
296428 183544
197796 597996
461071 170350
653344 413155
923441 385957
723940 181841
542681 487533
880790 822195
990453 741783
404934 582272
23044 804866
365767 432053
304562 921163
536834 524931
408831 593887
164477 552483
345952 584630
276329 444999
649662 271174
586909 363067
690240 325651
19630 309460
759194 296690
224633 770789
475504 652591
635744 977523
68815 828803
377015 54036
54885 1017
747640 584252
626841 734717
536206 803655
614120 361435
538057 78827
475453 342764
855850 183922
410391 21764
289884 838990
227613 877136
201317 33332
55081 678534
190367 760101
995616 140344
541887 287732
946716 955844
341737 897952
663135 558263
240095 41494
937946 966648
555266 923165
325911 614660
463777 941509
844832 568087
155025 9581
68981 118606
467988 413364
48390 900579
777785 41235
719305 73077
841371 803785
155431 951791
20448 582331
769213 854105
341521 918409
793833 530871
624486 329653
375390 846011
940751 722585
843791 490109
373358 964946
945437 772254
663540 897479
290030 437704
600657 504341
703032 835134
784785 992163
505090 382200
107754 618010
376238 581359
328236 190003
922346 10145
711317 131173
142009 586120
104044 398720
302587 507011
309380 817120
323107 832516
575096 541988
827320 153895
923568 137683
826164 135637
118955 513865
337282 223442
859388 729384
931421 147329
178542 216800
795048 724763
323791 41580
887300 141069
785592 229684
631147 781044
986570 967031
188542 675503
499084 282379
91771 640603
845583 450941
22133 92655
820263 25673
55850 957778
573985 687236
381634 758960
973948 737863
397546 557651
145007 645720
753560 137774
116997 452590
869712 176140
992880 53918
67943 109112
719766 888894
476984 742518
710196 586006
555860 422782
830404 668869
859012 980135
869332 22515
167166 726969
775087 347712
703436 768945
510296 28172
609605 201438
738049 160629
558346 251092
318916 995317
185419 336642
961679 376304
901261 646791
748604 130744
388399 71508
863783 299825
369298 572915
267433 376605
446824 690999
850620 496428
433195 375805
343656 184363
39902 567841
162695 194943
856726 311815
550247 507597
862837 870284
253114 814226
824849 972608
883896 647959
4409 774232
221117 359647
504499 678236
400076 834170
640220 244380
270556 84848
372783 946583
476931 768806
962752 510113
241385 289500
949345 713622
251180 835502
176597 288046
455165 496078
926437 830233
792048 854605
150750 886314
636144 363339
917438 929472
966795 676687
969302 422146
366310 141385
93227 860612
589491 815769
527828 125103
782385 543717
494860 778404
451547 293308
84190 910305
374065 360577
415511 239433
537228 906779
634904 86539
878788 784148
694955 611554
496593 265641
476686 543544
904971 632399
123300 466684
20368 698910
391606 274174
333472 363423
688469 861073
886982 741354
969544 829555
33219 680007
634962 16724
227808 884550
496645 927340
19978 378330
599618 272686
577627 111255
16321 358806
844981 564567
525495 288124
407105 25065
11303 617128
19 816125
217122 958709
316879 247280
178148 346128
791853 315396
726410 231129
472031 138933
944605 354946
255816 66832
604844 758096
384159 732388
766473 897986
183997 834676
243095 268252
675341 656781
954289 628005
24749 511577
57537 106437
527785 457194
16876 224730
909877 110810
483869 487986
188776 43425
908958 849083
534228 45252
278150 375967
759378 313063
518725 538146
836214 758654
819991 611253
240238 668553
28736 798030
14638 799744
624268 809505
368160 774756
521941 572980
717475 164853
29757 403690
282829 333643
361535 830393
145634 670326
260677 323295
382632 656196
831693 540777
504432 795974
185400 267458
989143 856880
922771 172704
243613 933012
165843 378023
6905 613394
617391 628985
699138 236866
771160 656800
242416 875078
115936 981515
269096 915459
488681 754763
450756 829646
782570 681135
621215 891369
667502 15149
74834 995509
937644 357285
308320 407774
893997 227823
721534 160797
271979 443154
926040 993733
475431 445333
791925 238937
707222 642643
605924 336400
594346 789676
514278 139991
132911 925261
660401 776462
336814 965663
321682 874594
670737 477945
674810 615502
213332 45506
749051 189830
226682 763288
492384 793737
843293 501412
14314 833462
600951 942963
474579 313301
208739 634534
920488 688819
847889 889573
724062 356584
199723 466899
454326 475258
564882 95594
940621 621188
456300 962958
759703 372352
127585 865357
82169 852272
109380 707704
644330 219494
716906 566897
82811 339979
391857 822299
784149 547377
102395 806030
528020 903462
934465 895760
466902 875189
252401 788754
799493 550399
542561 95494
205976 678877
709795 637421
216197 832519
230094 274025
506604 390282
597631 417988
231305 285323
440393 827159
976277 482839
230357 609048
401526 810
37617 372697
88301 261464
247180 950564
265010 178822
531677 809714
506263 347953
12808 335182
663867 508488
104614 470532
618078 4455
821020 433815
322785 437813
56630 766395
891481 316558
730269 19160
30999 926105
578698 254452
437923 628099
246842 491160
934592 370038
197240 40763
972364 839945
351665 192021
376423 943476
999872 506706
104674 770973
965443 115769
254902 938149
829617 735813
669715 392255
172308 472323
334713 849034
283580 207589
473173 631526
831434 461085
954432 659317
694709 58253
942832 737288
544731 823753
169025 940835
636832 67566
636928 374423
378369 413028
395212 545119
568160 694345
608486 691168
314202 624977
557530 718698
488906 808317
649414 769767
190627 584346
899851 382036
270450 351097
683613 967588
309551 187054
745113 308548
551175 31399
139669 305265
14518 236727
980229 286570
382631 98896
879443 946165
449362 81290
225440 473145
525396 851801
893022 111046
542955 485296
707531 296023
538297 232614
619837 708364
317402 309524
86779 449677
706774 667767
450208 655164
697646 727189
272888 445449
494928 474056
630911 757823
87822 515443
15289 600696
390415 988998
715761 711141
639344 973234
326989 511158
824284 902845
689644 637815
554740 952557
612422 82210
624637 758923
710874 244727
806742 635663
701663 999752
679097 189026
157475 132545
42242 797510
97095 645428
862203 530801
913683 260479
360807 425759
787230 169836
431970 399316
726353 848182
317241 717960
403797 890890
486260 830977
728925 206259
355311 991311
128792 707157
131841 437742
45416 208799
886500 399734
10407 579738
748935 784639
324393 455338
325112 193407
471299 766379
208916 749595
982606 150023
838333 112425
956825 244686
309889 525544
652931 910134
229846 178540
340792 308153
854913 926422
38566 18917
248369 476198
590699 206720
928625 783042
714758 741776
416757 394530
925492 676895
872767 294401
491484 691794
959133 414126
784328 132565
975467 616639
312218 286112
731729 569539
651153 110838
757643 956420
326950 170245
597229 550290
371212 75065
580411 486059
155875 851232
918865 33704
769588 10722
798480 131942
117988 519561
633218 33080
122742 577726
480449 770769
772751 659574
657561 344541
343043 616625
231759 21926
832536 199886
113991 448237
776929 938837
548875 492307
657520 824087
964345 775943
397008 604431
300619 141826
535683 292402
264214 813333
95994 750821
286212 232598
917420 196948
777512 57231
217934 300375
14760 771433
452054 916356
825634 638506
907065 487238
437830 507814
338072 993155
371361 230410
919580 542946
160666 624387
525133 45327
726450 203370
129678 693678
719890 634012
29048 439352
649441 788773
778698 847329
909191 438644
987976 359767
842364 686320
771718 526408
168970 307071
427588 805148
423265 425850
636007 838802
546941 883531
302846 877018
908386 334402
353963 638032
335239 707143
406072 212665
761960 146981
627735 97092
30421 553015
863229 317333
374393 867663
710312 947658
808482 505799
662186 573834
254647 15987
207917 514292
942336 407215
855818 574501
965414 320804
120644 324047
194748 694051
711750 642912
670448 392846
831291 733390
764109 363345
885653 766828
319529 353169
144192 743387
704142 991675
23503 255657
434383 580946
932234 187134
663637 38942
256526 629045
981001 901791
464417 882471
854632 227958
395865 434362
385419 389633
349546 417618
972411 990023
282519 874309
694729 746800
702142 655646
872385 167259
902897 606349
332849 319207
518292 464373
483288 431268
845146 589968
917496 847354
173674 433859
261458 25209
4382 256956
423234 76913
265609 634677
922267 462476
331370 885575
270716 454390
414019 279877
321261 554203
770517 259593
525555 722519
995349 4615
457737 548899
796583 326034
815191 995328
73763 617730
128684 461262
466744 155009
677334 452121
623389 764546
655766 713666
847535 772637
755600 183769
283647 409522
887000 86294
517774 966563
273447 730784
507024 322231
904767 596106
96159 685073
84711 781630
994217 67189
614894 112907
267933 74045
204362 95309
777578 109233
849370 967571
866528 296203
962899 338926
379602 348043
72194 170800
525208 399948
391968 245545
581673 592340
642528 290
459651 580738
444369 542056
867746 636339
43155 123417
885158 37641
79239 782797
272409 744720
589434 914668
606139 639732
932652 973585
688940 878280
877617 575211
805259 790437
417544 398686
637033 527445
745812 463193
953865 758797
999813 147076
990380 133877
363007 837830
279322 515898
987730 527415
48835 630741
7039 333965
325833 775552
566425 161029
763803 16248
791977 941436
169731 24949
92919 534851
620121 443788
930055 394791
162568 450268
584146 979027
448738 116411
55464 230569
95628 12280
573064 690022
549638 103394
391632 61821
832839 240288
92057 343868
392796 848078
276718 127427
634083 748378
539151 124449
165123 443481
550163 552866
38170 370468
41939 351126
569062 214746
416343 636255
268111 384769
440339 947236
14032 161439
260297 471955
790219 4469
879043 929798
869286 35457
932340 823308
471930 881881
875693 895932
137318 685571
710031 586747
52672 53733
845342 237679
399325 914155
536258 45549
556418 719223
246427 968596
707794 579963
362592 128127
473590 314480
865292 254708
95228 230751
862546 460499
23940 2962
211763 699807
572583 60193
5505 925211
631576 623411
189813 764792
770067 68980
365981 227157
217736 583879
361070 259802
534712 439729
238770 212945
895937 452182
557667 807599
710737 368392
11883 486979
721435 577916
815423 789195
836840 676496
565692 125893
163649 759704
920872 531842
720500 522671
266992 510413
713867 138255
502152 991080
465211 478777
108318 940541
496441 506019
35913 103714
52040 520141
285358 496548
649780 298789
833661 501264
420161 754298
456543 693658
325244 691299
975864 856746
572882 257489
489039 969382
25438 196908
830960 374496
474020 133499
275735 186467
568584 192276
960367 235257
598958 386402
680095 180488
122498 350310
581108 184219
81990 426053
167121 19198
490885 902605
679015 521848
38789 654510
679024 713116
857380 724298
255485 289998
991846 167313
218132 962090
460950 669320
470086 286395
529906 217734
134566 542769
18497 342832
534462 795866
667241 383215
652158 586425
850562 521222
839416 322581
714545 12034
777737 265673
767330 730239
284604 973885
730683 533716
879991 948222
867581 167030
524818 384821
301279 835049
568948 360335
849853 920785
472878 297753
395152 63826
685382 829131
401774 666321
163678 826
256822 408551
688690 976126
731171 321665
345111 109990
358442 981103
949160 320461
190200 333320
984002 462721
588742 905139
72488 388717
722104 48567
269688 187204
931416 837141
532709 701557
622218 101114
778238 409249
541612 974977
38465 881373
400149 65267
18989 696140
165775 805436
238227 739845
345880 897193
362359 902653
879621 564116
327555 605717
393769 755619
377931 256533
985765 882373
308995 629708
886009 567179
983634 686127
258362 147002
743597 402899
1503 657934
27334 281553
808038 345066
907215 477696
870525 683859
682547 897739
564916 877193
703095 275019
541098 137957
555800 60243
558211 44322
995888 468768
416192 40907
515764 455120
274482 588011
430831 992102
646357 469595
818350 10835
370100 807474
141201 544920
226261 467345
862757 622754
606998 602918
376529 716445
484242 302318
988138 491081
556267 322207
480109 436664
886982 27155
931866 633816
276027 914571
894338 585849
160100 822770
974672 273213
669600 768000
738613 227090
570715 9070
996298 966678
933869 868899
112654 888615
734429 447487
754090 666667
513475 763109
684540 452073
399551 455978
936837 940606
100368 667304
827533 663833
517212 560566
634240 576346
568402 916441
741489 305206
748081 951390
295100 552595
280797 792948
745269 793057
621035 506197
696037 509712
36135 253751
231737 656156
310105 306323
301298 204556
409929 501337
546819 530097
931955 74497
178625 671885
252830 742116
706883 504340
370236 799330
427032 941416
174780 559290
788078 602182
994254 820787
969911 394912
386269 835417
260922 471765
418204 785132
512938 435276
282441 185741
977736 901448
492376 172743
767481 53036
906677 916674
414901 572520
727542 321217
477081 30036
768843 147541
93936 485059
365559 544086
464821 513091
66296 898017
751873 246811
497500 35254
151634 687130
453603 508793
945142 725212
281546 403874
607601 385100
642460 962579
691901 984133
971867 793163
524675 752973
936669 291539
205650 833499
487823 764901
307053 560514
909668 575094
520589 412485
604229 109666
882952 822694
757020 62242
200721 569328
309197 112505
536908 173968
705353 833525
201753 313494
545623 332578
108692 837922
429390 908498
687986 468454
731382 153542
307851 110516
701125 122925
921381 566805
919311 992414
354699 155946
207455 315359
761656 485477
755258 342395
231928 904234
477784 328639
187361 510830
454736 381782
670012 787558
848195 482627
918678 154490
980841 139820
217844 858595
551346 703158
592185 224924
354826 550459
340380 981775
284313 469186
809414 658469
962380 92476
440434 157088
781664 294401
882307 530071
736122 422378
781783 134830
155297 770660
691924 853429
448490 324686
821348 886934
703913 545429
117939 182969
806363 115466
817764 615233
313378 453080
237930 45229
39809 925531
755978 709981
910509 50346
364202 773283
685389 992049
215764 525696
161162 275380
642532 649024
373300 809510
944814 557187
79437 12360
724305 705563
161031 457352
712747 997023
271138 333721
903727 603711
326020 605493
682391 250699
405866 228663
554194 949774
82670 128799
363334 521268
223706 792838
400742 358451
655250 530918
100170 999124
506268 643759
33489 999048
762828 57339
974569 623270
401944 715727
646616 854077
147856 848306
711997 668164
31083 926650
430226 241365
433647 869594
883490 848951
362451 81671
989164 983299
17859 30053
541762 985864
843904 496331
487080 213432
180434 248066
660977 642505
645626 386348
582964 952385
576844 269695
505217 661996
945469 479412
857379 732390
355167 816522
257058 745362
335134 251793
998845 333068
762625 448480
529674 718066
441039 163940
611843 507675
25637 948664
809738 835338
317675 435312
765222 984802
425529 945155
967373 208488
9088 277571
124463 362441
21490 991215
730147 557652
477387 530068
224657 981615
765808 408753
701911 953695
815130 766289
353806 453
905179 502300
859841 508747
285840 789092
931907 309475
471541 10226
866736 224108
604290 651528
210820 561202
452899 5818
564875 109361
581095 330811
752948 636708
905579 279505
517587 787160
625978 647689
98435 496534
285249 235978
452340 185050
630243 361961
638167 508471
23701 461560
878307 202618
753737 673573
174374 488717
909035 661665
844681 228981
39941 331023
184231 614290
864148 772943
178634 343379
585838 919043
979792 483439
33209 473270
978472 263964
752912 47087
912533 617416
45852 927506
604726 646588
900831 928835
912427 97846
243367 360467
162805 409496
908337 408304
118075 58709
52276 122906
432066 961925
911980 168553
773706 304637
98349 792394
872397 658789
561736 99069
664628 511105
106981 49697
377251 226224
463322 492589
933075 397401
596093 694687
635442 191207
176578 742919
861831 710662
161432 93804
95347 794189
598488 714194
475154 280506
178948 128586
999007 151267
858649 999944
852314 581610
840185 846293
28647 687788
806505 498205
771364 384097
247588 390171
67489 579839
38792 343969
477250 35890
145968 532944
482990 185253
206213 31077
676652 562322
862577 844782
383431 588979
795370 889820
324531 266234
167552 623085
712678 133521
147529 715111
837146 688229
797295 640738
832838 336097
614908 575728
857398 894340
57562 394116
687046 453939
51807 947985
302920 683881
13408 802050
828085 63883
970043 519955
909709 815305
370203 414289
221240 834590
421762 190229
733739 42808
908690 606817
803047 153452
873728 729801
996187 285599
981111 223903
100885 889555
468776 703543
129818 618950
226702 489846
880191 879073
460509 467069
830667 980382
11701 503704
868023 64572
286798 321732
261074 973790
774987 802599
264711 855804
289868 128540
147539 793611
442085 571641
501449 424833
83214 197286
370773 933716
79978 993680
404173 857250
82570 729328
916235 804782
313574 328648
317822 528456
548925 168255
115657 937646
828216 796761
414800 848639
406889 693505
623173 189411
416886 263370
500721 139010
656881 977248
485143 394681
938213 406733
868011 111650
189051 509148
446492 598398
894045 94521
811054 720099
814147 861504
877547 147107
49176 315962
389060 414218
85870 520041
583879 906629
356440 161364
231341 831568
185993 353944
532154 666681
422164 169063
56479 733426
222256 996370
658565 170492
892622 775446
487235 317218
320840 867048
100982 874858
861002 740181
321159 537150
749691 916576
966857 571220
612803 589427
673631 799115
288632 755421
634495 524799
641850 823411
599843 657307
995353 119538
761425 83810
467840 64097
568022 618907
531468 223613
369884 571996
742101 90370
521784 536787
425356 639087
854457 235366
421403 731069
981489 59302
930737 899192
334926 465345
264720 918655
623893 290399
469978 132764
217755 162712
535097 664554
586868 561525
704101 999706
900355 247131
948463 545611
348002 721673
641403 371678
901514 102870
645810 133447
895309 965482
885124 426286
600769 134780
226570 674625
108215 688113
579926 821677
63357 623684
38393 155118
10533 241298
489522 784651
473042 473021
629379 743370
682467 215613
853284 696407
110766 822683
207137 737649
217283 176096
612877 844086
613833 308425
419257 121625
950183 815895
725896 52925
926413 108031
55866 339562
923341 564754
857613 829450
237643 14246
598160 74147
132924 138071
4157 492517
961947 62145
757429 77405
59900 506095
464244 971175
640587 742115
86346 197422
480498 719742
594569 928914
487127 66373
189346 462954
338575 981161
411682 219463
954261 630899
39286 469574
976400 346490
933343 68834
529120 839903
568525 914587
176764 351173
569137 769686
711958 206638
602285 115914
936905 113208
539549 341076
585505 935165
940504 500293
521449 769871
889149 523740
610298 498369
158232 834353
550631 501975
352755 50570
81132 431491
600874 224249
381677 89058
966835 993558
564116 443922
424478 992330
463278 237740
595557 169529
177930 914239
99257 76428
980198 302434
735594 438921
899212 237550
844700 528593
165058 56587
148215 170927
557624 833150
692722 857368
16268 732533
909837 743972
18323 384117
497683 75212
320093 915206
820 916071
929862 294175
894555 806944
225843 691206
128033 599150
590251 566059
137790 168895
746799 2797
402034 654910
988950 953787
536061 680836
850431 767136
436180 381963
677946 552595
843587 249518
676775 29960
781152 37094
743800 621801
549520 589493
298463 334307
944288 764284
554879 442687
183113 504291
176561 181960
442535 582002
978661 355605
875493 227269
927276 565889
8382 514858
324276 992222
959313 840603
505515 760653
462455 276956
30106 319287
834908 893080
371938 635844
579868 923349
951499 214487
910308 122129
636492 768837
26113 561218
924566 790469
114216 699910
250124 169126
582734 32142
949464 757230
753478 369688
925894 218158
619421 211929
514788 966639
465285 28507
774004 534576
548988 352176
504618 739882
39803 653144
399567 312351
314649 458471
909340 957500
477384 678208
7571 42291
141582 878190
328574 939218
879293 414151
830031 897895
814325 556590
70724 949375
873988 156794
264975 865870
189372 233638
379207 783713
573265 17132
690172 258229
413790 782875
962474 224479
836803 95080
167758 851975
502999 952411
804651 853892
602970 846110
911657 280681
961683 518729
515961 923318
56925 373751
56002 186089
543991 839311
829225 140568
16253 961687
149808 966483
197557 359948
302884 267427
2774 799638
55101 206019
580082 187348
2944 98127
267604 479995
270467 214729
272779 448022
296449 553802
743062 521723
489706 186386
719138 816386
12964 866860
966609 912606
771819 623381
738247 421367
501306 886071
191007 10889
761598 82250
865255 539757
294426 153665
286832 5966
873437 290692
456669 131007
423363 451577
479631 93303
510706 177123
82491 68326
795010 325225
406481 523665
241805 579801
828694 775252
788834 528776
420646 366634
9438 14058
280445 839079
91860 394385
989421 306964
499664 348078
985073 670239
703540 265368
162263 5178
193982 559787
170386 976626
960718 672853
568398 964377
3276 186564
857074 71656
54753 977452
520323 891789
621873 20376
568375 351379
756967 620911
295929 714251
905130 23163
963587 615858
56287 715806
968079 827527
320597 136888
518434 17858
34691 459860
332792 856185
710083 629462
698028 26804
557080 368103
385032 803417
710180 90622
122617 723740
398142 808205
647195 331799
282314 640221
270248 681404
770733 260755
781400 521186
280597 190524
686795 953403
148826 416879
990465 363093
785609 831412
5654 507560
673348 872496
634952 609963
748056 105538
864624 193259
808476 866002
26878 818327
103890 359472
463438 698457
230677 558653
658393 512757
519268 683401
154001 707315
758443 892366
830530 510439
542780 332520
428424 849934
559659 424801
592170 207032
1069 581494
662511 462402
859655 183825
139556 817290
73334 41187
131889 932982
978058 871400
185565 40596
510039 344199
276923 697733
78304 903653
88194 521901
213663 179675
591531 861891
701973 230463
514490 488882
276253 759833
666455 923236
288100 124631
607525 155304
77394 260066
611255 170011
758325 97782
813887 136957
321592 413660
789344 243986
424447 856202
914277 578534
120842 455733
796103 868627
460352 158799
113301 116494
566721 668864
753954 594151
529911 78090
815498 66658
6132 143023
257004 39087
931358 914506
178895 188462
931170 379463
593591 48773
837262 183539
960684 812321
7067 143177
109355 726961
266369 743550
687013 111577
530900 118821
571523 478956
271064 587542
409156 735080
987283 47659
58619 173464
674305 12090
969724 277753
739131 28071
721606 295221
610682 822870
129702 172682
67797 970880
759539 321854
537757 168306
679505 212785
855631 527468
221037 437441
623323 585637
665005 801611
693590 213664
184041 710612
826426 458073
206426 664677
926878 856639
949051 723323
910733 989309
237769 595067
918929 984457
451149 109814
209399 988789
128928 389753
445848 541161
460650 605006
707699 137940
548652 60905
243453 697803
696517 167546
755190 279147
936665 705173
633098 687250
235271 99414
549769 767831
8739 603746
541341 259667
186255 780919
614189 984954
730520 135690
374771 286648
229035 506591
363572 552007
325645 129433
702212 868158
790582 994604
816452 865852
806660 815173
433621 436264
639947 333540
134826 647971
473477 574325
55880 574251
21118 554310
727634 167225
259556 257114
896638 458090
777410 837285
744818 285427
796080 676077
398912 823547
125950 633126
937570 948481
871290 93166
612700 661009
572777 319574
774512 769295
916854 624405
336254 131211
49123 988741
17293 40339
990167 586967
932153 486419
356028 382379
339548 341509
908180 321993
237370 729931
585317 358306
385248 973987
702493 414120
915567 799356
252507 461059
236485 616004
414192 739627
527240 684980
243320 147285
279933 146535
923311 684206
3141 152917
706876 968241
463821 705966
13393 544213
976134 861378
239734 698768
485432 348530
589572 564070
842865 7049
107550 663304
947860 5655
382560 839388
369416 322560
811145 903570
430664 997887
70652 342310
982521 571130
839369 518033
448172 256655
930726 787008
363194 300422
601336 679362
271294 990086
168435 975729
789292 805682
646150 449888
145803 257210
411816 343030
261508 549309
700888 4192
673071 974984
947971 98957
630629 28332
873316 532717
501192 213032
624781 980787
698242 94743
717023 595487
506511 821566
978787 876767
567441 395613
206338 850449
827195 365970
119078 680833
889317 550558
51616 688596
589452 505885
587610 285305
140795 169989
986500 376962
66113 528086
514691 854119
755134 989271
545239 309214
529890 583356
537013 466730
536828 74817
151114 656730
819725 20494
439048 504345
76067 118931
323173 731157
257020 452420
780896 606750
746014 423891
943668 666409
752669 580248
217847 422328
699835 807989
931291 251441
990550 658806
133754 521901
15051 708888
402518 670983
715038 228080
14863 791013
381444 679540
267074 564394
751861 397973
424302 430051
20424 430460
236177 329570
139507 332748
540203 798345
66646 937995
637310 82778
535436 318802
861712 541392
28411 609904
77612 84946
112911 901012
299424 651689
769201 715644
955304 863209
120226 725200
446442 282384
483804 23457
643613 48517
250886 656538
261209 764412
536337 641562
350315 943446
965930 718266
349754 792960
465073 821993
446145 45557
553213 506494
319285 116802
239523 888575
451994 693563
6677 268048
42777 624546
36156 730184
583901 686713
426646 326305
715907 97387
15653 985388
109215 979673
767941 993344
629298 191265
878167 793744
930739 813589
394483 283413
606813 385337
879147 566909
156657 710796
825296 801175
501653 829001
825479 171999
670722 778886
837220 725535
552715 465676
248949 648068
909025 321144
413304 977495
340330 375898
43560 161004
498943 852342
505178 982008
957201 126377
750121 950496
568250 61822
747239 792705
758067 281865
365769 221783
304952 299044
869465 779179
697617 843662
480194 968316
8090 806976
129767 986045
585829 246585
646787 35855
239279 4353
715545 567541
985404 802662
650906 91118
365068 538350
137385 91070
670178 495137
115866 631045
687291 211579
217868 482582
955368 27329
120090 943122
467197 303268
154706 972058
912372 821913
481514 604742
379772 196107
622008 490673
690716 101102
985849 445869
466773 446431
652600 961229
934362 458927
727156 738911
399698 505331
448403 606690
89256 82723
516498 969209
744511 846991
637638 922349
24291 293180
440782 9275
604574 188360
156378 172873
485315 836920
604426 865025
574118 252933
869804 912325
985359 905915
428487 886286
572187 542168
449202 787895
65016 997370
891654 42982
253120 976657
888776 243803
986705 165231
370374 915320
82791 734565
577578 431291
77187 218800
969424 894392
834146 466766
477208 476065
336898 587993
28477 679464
362980 249002
994507 285526
555788 254718
514948 226471
681462 276554
615197 678651
283553 730318
575927 494570
995585 920992
171754 448982
950960 374869
62731 368873
653451 106846
835968 887522
202891 701283
587834 167337
89669 637181
830445 111635
485173 642088
986987 537805
890357 616470
441401 372837
558080 612009
383979 30848
10906 164682
917222 63637
271090 784000
704452 478088
405670 74354
993711 478563
175930 681916
336309 628230
899851 919651
389038 554833
291665 183120
327935 372691
848635 662614
792256 944440
957416 517792
847959 228685
123552 402534
774120 426130
833798 225992
775057 837355
859379 982242
532404 477974
378538 226594
477175 366945
261827 83695
144013 482076
9228 628865
701903 518882
809451 481168
564123 566304
74989 249602
671537 457451
687336 872011
812768 773277
231271 26464
670250 448507
533817 400740
179849 81663
473093 605326
560315 908869
689711 479542
22622 145735
574358 994813
268761 299200
832825 482265
745116 312958
478202 447498
583001 286894
620160 241737
823569 777515
207961 6894
743244 321037
150053 463711
870847 804080
795064 627231
863864 762560
312638 464135
992562 961553
991129 952893
498362 218226
197310 378430
380554 627498
322495 924826
214650 765514
935763 434102
905088 842581
69415 505062
410426 794954
134530 183195
527076 36590
207220 705014
39214 194479
457052 310390
513995 624592
405174 932953
394927 11202
541044 861964
660361 24069
275807 533854
200433 162834
951948 309510
141489 182368
11572 69005
329734 788499
945251 927991
299588 201820
347323 735731
789728 77981
608751 19681
742761 614810
464862 577113
892818 222120
396093 686882
90235 922088
529438 506636
440783 805876
850897 345731
665885 408557
426610 950923
681938 982646
904558 328553
474833 551345
845154 954258
375560 19978
820928 13096
543828 553884
846947 721082
672063 745055
277433 361658
810515 851463
997635 764939
754430 979703
756546 63846
316529 588607
412683 198135
279905 46610
91840 846296
882861 68467
803775 164544
127241 998113
396278 820923
858549 824441
53877 954846
554261 201659
222903 23639
639660 285884
850813 654132
432886 280273
424496 829762
371151 854781
458041 455670
14526 615893
14433 746399
478143 229333
534040 146728
690631 641308
577452 459808
597950 455316
364835 171526
729975 944560
700765 649650
410579 2775
567081 449262
795603 296660
729417 47761
375327 313672
39700 260390
117312 602347
95296 307300
166401 37058
704450 828467
179617 48033
384492 222834
773154 228625
781560 98924
965721 300152
470278 377468
753508 143983
463295 608507
61204 770769
707242 913032
530275 835474
533532 828568
145029 653570
732988 993293
198856 598992
383438 638404
311526 987492
19902 216083
216895 688456
551887 407527
434233 664805
440231 255674
914306 827060
94792 422268
387721 890537
104182 309515
258421 345784
541239 600445
598352 989510
207237 949851
519569 796656
984029 975939
45069 471603
931083 599291
298759 354114
121975 665571
574535 556691
656245 909778
646595 314577
599169 984476
502521 703110
753848 964486
978399 580512
622662 104415
307841 608946
356277 151932
919003 476546
80672 531675
340417 227034
983678 409627
108635 738092
255653 588106
45262 351726
477408 96862
365243 44970
475646 809682
577261 91991
645910 794607
647073 859503
331073 65667
513216 828865
556511 774284
876850 298130
135061 445857
603816 914128
665239 812029
714586 959750
144108 224158
567433 479142
416380 329391
482397 723752
467677 776046
247438 624713
808559 493051
952462 436211
38868 717254
831679 882654
59364 179246
778875 71077
824505 600435
315947 178774
90247 716248
319115 769094
941106 297676
911837 506258
782651 558709
608713 685603
54444 844371
490618 128453
614524 15240
962926 34122
409086 731671
904588 974226
134679 895798
981458 189625
848265 772023
84006 805746
489815 528101
363744 123746
107414 210815
89105 461040
662930 695779
145806 142004
752787 455395
646742 564393
628240 405341
700143 794620
106692 468274
348783 183823
534228 593082
593824 177555
284692 458251
17820 59690
859597 376469
863821 839306
115486 807107
890337 928335
963087 621766
915550 650544
821813 169468
882913 862961
874055 890069
566535 668438
898006 232518
408861 836645
433561 847808
389864 358645
925061 646569
122276 85533
758207 430550
358942 291092
508510 856524
142145 835019
829709 137227
691064 110725
856574 401177
246714 95344
90892 92880
92929 515918
599983 299251
315257 326836
317664 315238
983170 915859
398012 228076
783836 386965
133766 601220
24866 596027
65444 143548
919079 303221
31464 573060
472794 256602
303147 995666
231578 164559
448813 492795
965028 392785
645515 528994
467305 484561
881971 600969
346773 892895
22909 241324
518184 701678
385015 351741
838757 29465
989229 781893
900990 153847
85027 95737
432047 583636
650438 87108
419861 57152
683088 865840
115902 127438
502753 392721
628088 391692
547991 781599
58237 696818
579397 955003
975249 695645
875842 485961
475061 587533
792000 227546
801347 832830
868298 391163
844009 971448
45696 511045
742472 288904
768311 380119
284469 144545
948439 966655
187782 596870
828953 562029
850652 367441
35916 499178
251522 954802
133376 684623
562637 819495
10503 432090
790957 278841
553909 689148
44245 449617
730750 641380
762639 190829
257860 535522
399334 407385
374132 231000
406294 36274
493093 559847
603202 431608
854695 351476
972079 151068
607720 342593
677398 173542
13148 16220
503617 676880
475913 833408
968097 233650
379428 71179
485813 381546
419606 119297
954733 262644
524880 528002
60260 405836
916482 843885
814439 392379
198921 674170
341924 777393
550043 13599
661876 941953
103460 938212
901845 463709
119668 32871
34072 399421
382891 880296
470845 487662
283979 96474
683833 263059
930739 653125
461704 509612
77037 618338
9800 493500
152309 801642
850198 337003
261437 44083
955356 864492
300133 919045
71142 902310
468901 989988
822834 818216
638740 119603
284954 504197
555317 88187
888269 169767
369564 465078
258239 163154
855537 127000
625885 741755
681158 724203
822827 441506
175626 871868
800648 96039
518127 892357
805558 534155
263520 300371
940958 545020
570871 744081
763523 206574
210179 304136
640191 362545
835932 695607
331218 492184
154933 642692
626961 559573
625851 642190
298207 192314
619937 940547
45204 376319
328849 43594
410036 41201
124125 458576
881428 414392
452338 787025
868085 993900
834064 501380
752276 589238
935306 850168
57234 439457
792774 966032
241947 276190
407392 146016
733734 161423
237833 597674
323201 610522
144541 673270
974059 853731
33162 472776
423259 909661
767650 279259
670345 392842
333240 802014
366638 916726
133670 60406
26579 40831
701996 989771
486156 61754
856447 526467
168486 596536
236522 397956
229369 882897
805638 817473
97407 583780
965343 148354
543269 552210
902745 741306
613730 25304
66605 614137
776161 660603
918560 246601
12212 16318
411186 759385
986864 121165
674087 961112
826495 72851
480871 439741
645144 714576
501234 503452
615731 671506
758930 760474
477219 481166
197640 658996
625378 257742
582182 384540
330496 995593
777405 84114
355336 888990
986287 29929
845819 77245
407452 475397
218350 779325
569940 629436
129792 675987
10042 246427
627022 368818
788146 193513
106874 598417
16763 726898
897147 950769
240651 589976
571107 418137
326598 515618
637400 757574
194976 847502
419668 678239
474104 684505
788614 947867
560769 72052
372419 853383
103013 822915
979568 468652
572815 792753
657250 997873
509655 97032
333995 802732
789243 707876
437223 871259
355772 844824
390197 916887
857836 658457
992532 234679
363308 965269
524904 164454
57759 739840
161551 692530
611688 295704
473615 565240
463858 577789
352723 105057
656137 353455
152401 48556
495405 975983
529114 505811
802169 977074
153963 454472
982768 725343
247720 119830
92031 162333
885781 936174
288277 628582
781375 382145
943780 720710
223962 423058
666307 636001
715987 359515
598671 858296
444154 965585
928134 554748
809476 425387
573185 886659
280936 107621
836817 892825
810041 498233
461521 31186
677109 262055
272725 502318
748354 542821
879173 381045
609718 570672
41406 470791
612424 581428
397310 523303
803775 360291
410760 949520
845348 329205
119830 927223
555318 686174
237967 126550
106860 164897
535029 552629
743864 658951
170838 775459
60552 516113
704425 581993
35371 142933
449804 699742
58910 251439
455611 966482
510626 439971
742066 549957
918167 852383
83698 717086
933736 390222
46903 935937
973149 153423
157526 377525
179989 196831
287231 402386
712055 662506
670672 378387
556961 870195
191996 874327
730506 631874
852033 22740
925058 922231
711224 634934
435083 106346
176310 762176
371544 761509
869214 3103
489214 536560
620674 627052
353616 585926
950640 594967
46295 608894
331756 200
194058 20606
465348 404908
842319 636259
712664 417701
486243 486704
584786 838544
187031 43108
14879 784042
603637 458696
354442 437411
178836 796982
883487 83369
267933 401078
650312 121375
4881 888733
718975 97653
872103 412080
150515 330950
704723 777329
3233 964409
777396 548687
79828 311518
733421 527600
738056 777498
746195 323307
715371 437255
481351 743698
735524 869514
709273 276516
43400 145906
500433 636175
344189 178360
341754 840704
126376 126557
469897 864440
788903 260097
646460 322142
486481 257054
841092 462814
774194 973579
689765 626859
226967 450465
506328 436372
320309 867466
342973 709486
940174 891815
591839 669344
999726 308245
158418 805498
68149 473402
267250 547226
844836 278851
109109 478904
790271 185281
125241 868365
100631 492211
893057 453219
271107 772841
385021 979018
653890 254115
367471 61421
777716 566777
577670 83146
849564 911429
705127 593793
913151 327476
491431 332677
192813 557456
442398 858907
174732 55653
282929 757785
355094 754992
424316 632111
301552 33025
544157 574513
499835 843579
399307 866439
499857 168910
118715 894084
127318 886580
229366 268548
587470 157426
369523 611051
788942 201899
632216 693488
352150 679628
872 890480
420969 851669
863673 657066
847555 281142
978304 564545
2589 897235
924886 993620
368784 155178
699834 569822
23458 493244
124105 903781
998433 866978
325541 376619
840801 782447
697742 393649
774431 686865
321558 360175
946526 293112
768529 367294
328810 340383
234064 774406
121875 959071
417740 595003
904210 50074
91807 869528
172330 63694
813559 806566
119297 384268
169350 686553
381265 325909
688347 918894
571134 981699
280594 283150
281810 172134
816516 42747
442600 279071
204170 397186
821284 569071
571057 874286
488802 935961
992434 255006
829120 185015
621072 616059
685545 468714
782935 767797
539804 130394
425513 302730
165260 649113
186780 605092
674786 901852
969030 875588
34191 192489
929421 912966
635073 198006
993405 504621
258891 421174
674874 215182
159053 314709
96983 727569
85143 880520
504378 926800
917127 555207
257197 372947
108383 164892
967034 3124
65739 712428
478970 328390
168378 475977
247779 220142
785549 125725
203713 773889
327243 976102
561699 449967
832001 240156
799598 379535
174345 826014
498536 29188
630225 930253
887387 269940
435434 757544
213902 252905
15435 341717
650424 904216
638273 248234
672772 206101
521810 565272
24705 729077
390659 32374
724558 839659
947892 268164
361596 209283
162032 885928
769245 691673
526740 277886
387713 587302
507128 918309
560405 887971
50169 443015
987193 202175
428499 322697
657619 357906
891857 325288
564000 551515
346082 339856
925743 752194
223186 178912
231695 594134
286335 39078
611513 545654
848236 566959
177178 32838
284980 890306
761055 6654
14570 927712
746813 849866
6275 373062
186556 101855
333937 635161
721683 653846
964098 450941
398381 644513
823050 951058
388585 562072
561312 548139
295743 701125
9557 547341
622062 502708
649247 693202
849126 392024
479820 405588
708967 265757
437033 736777
151244 356361
521165 981666
56439 663509
199045 58544
334329 370420
481272 935976
129824 382860
919752 302418
732846 828346
274419 342852
417059 115342
304486 661131
779866 769036
618610 11144
58141 241456
785444 441099
910519 603088
749528 649664
775127 320256
550494 611217
626004 578364
762205 598275
251942 252176
345887 413527
542704 416773
199555 346645
644935 526057
750869 291972
124292 20370
43570 728291
448733 341673
639688 140896
925619 713815
373956 619055
603690 773863
775160 402418
760237 244211
894651 831325
177088 335373
354781 110863
727735 615276
621405 976776
527458 792202
182283 449918
244017 584887
258320 866315
26029 998344
694661 868404
47141 155210
171626 463341
804142 446027
51433 151740
448389 7345
264823 197933
571979 859722
197344 197288
685705 723350
608484 35678
378919 93199
173409 424687
516872 855181
917122 185809
822132 849534
897693 120238
431592 173993
647745 563944
473709 531723
917800 373317
765689 978156
266808 18125
509926 653614
796159 648678
936084 463199
87274 986882
602788 718099
110209 118134
937577 830095
401046 561499
311648 422967
333396 214104
374442 932480
241436 369394
164268 443601
731913 563565
685448 18206
764543 779525
582754 249687
430221 530118
566557 687004
845888 939756
881714 423606
995570 877058
64902 668101
166988 475236
386778 472735
723651 456947
272563 148749
286701 541071
976435 171153
892570 993134
380331 484971
24339 655636
30104 961534
651623 449640
418519 21315
485064 566028
513873 819930
703309 522129
133465 897958
823532 644736
799470 206647
980954 768649
800073 493801
500186 426117
325995 858036
212008 852998
48066 352087
560820 273599
798370 914615
79969 7785
253503 487223
614432 685723
949255 353634
382530 419828
34516 929300
335326 588504
64976 933631
309379 928618
482532 292024
706716 394740
173623 31904
182181 369280
116925 538586
871661 253742
227156 223194
797508 613835
788426 173494
32617 850964
876092 195299
3062 549881
556974 981924
920597 398305
590095 49399
502557 965710
560621 769892
767796 284768
999058 979367
841667 718846
138281 914546
303418 164141
946523 592224
871864 337888
145293 664995
530610 845836
895607 595198
483461 630530
298638 833752
287038 347462
505982 202769
134588 678781
50562 572237
661998 572819
755583 713639
755260 564443
188077 449598
803400 128161
131231 81285
539136 332979
302472 820317
876071 299270
665290 580928
335480 546831
328439 269967
435572 715526
355081 362666
537316 737738
829023 986099
974712 552742
216563 194281
186318 415966
194107 184810
342972 342640
758963 824125
562053 183691
731506 115862
54340 688828
99357 9771
327867 455056
290301 53921
596819 198023
514621 548392
945519 532234
534180 626503
310438 856622
252271 549157
362110 84442
975265 156364
186671 724104
762592 753834
199863 300457
880325 529300
259356 665410
667377 209185
60594 400842
374081 935533
136293 727413
116687 287982
605139 352718
540806 105607
5668 606544
510959 570576
924081 988428
885189 77258
969797 549481
949237 991584
255161 96180
719432 556471
879255 656687
514681 748711
156150 784901
766638 141864
11999 593450
664094 371601
748883 23677
517227 64079
920406 206476
983340 766386
875365 535677
128994 299085
788319 38765
337122 814671
530677 745966
476693 964448
986422 16487
389465 15400
344676 114385
593251 327538
908201 201782
68905 192703
310741 3678
952450 280563
354135 525957
672079 617625
93484 213096
550650 542506
852786 825695
550521 76941
469667 601890
581123 661647
178998 99094
383929 157879
967790 454050
246610 281771
367171 5760
658934 32862
608593 877744
699533 582801
466174 805245
560143 317319
54708 525920
424391 410049
621838 986472
464588 769466
942590 381732
385582 491894
884187 209502
11166 850483
501408 272733
120360 885233
437543 890730
842992 149424
371164 475262
609941 738321
846237 155370
423280 297616
378818 613616
339969 651490
693860 738093
216533 113528
701337 901754
247265 148686
685554 797977
941047 561361
597796 572596
394943 428211
707125 244345
51359 807846
852483 182075
668754 320417
731427 667615
913640 957811
569506 519770
858845 381996
193475 374552
986862 28061
265846 217892
948067 389205
390754 485869
574103 918349
253927 231996
135709 868485
650721 286168
924578 419993
319850 355937
880094 329904
60349 376551
862186 837038
578632 70645
879025 916053
14918 723922
608231 934167
851822 138390
862463 741809
853095 992161
494100 806140
40888 592270
801063 336436
314311 750524
541466 492502
398935 670528
339961 4089
845864 309211
266848 379453
857867 32632
784240 24829
993771 951234
196205 824665
667845 332794
692340 388551
738571 241651
567302 645315
114949 695949
236409 952632
703786 250500
770395 743780
494541 885954
557211 1781
536872 69234
710657 898948
777894 150236
159609 139667
9912 568922
753347 563246
631901 39562
597903 364839
670851 643318
751130 827652
799032 517207
152410 47142
929145 13812
581447 357849
775498 604088
838774 191263
895846 360987
274577 236078
674013 235418
205902 702121
839349 667202
615723 182852
711633 624266
320625 908081
539570 632668
344349 936214
41968 386623
554387 65812
313111 998809
222096 368562
209246 205793
303401 629434
252120 522338
421860 782238
144697 768894
63612 555741
524312 760233
782468 350685
476894 495585
592831 555268
357219 118540
196453 816822
539907 396711
132011 285423
933216 295574
247677 98930
635294 260783
62256 698637
778137 975480
912790 673108
869015 499981
152145 344356
168462 357127
272628 509751
326309 556406
469583 809385
303357 289896
231758 489554
336560 8148
804136 222942
131622 975652
437577 501719
198099 351622
25080 651358
402604 406896
351824 203855
61356 504992
406231 131514
33146 106332
102484 662417
631490 265756
304904 427014
802601 73443
711755 531235
97762 520778
26602 22286
987540 550856
477182 754130
626612 167537
562781 898206
11760 708764
109063 155115
473845 532241
659887 975493
437496 190581
9239 837811
737895 532894
295368 165036
539865 116043
610646 340042
992496 211377
775877 254105
660690 875397
345395 59146
880620 843350
555311 494032
768586 592717
185219 451670
316114 741093
983301 407732
380623 193658
91656 586668
3538 757590
302614 566904
770690 357813
878476 146776
845163 802747
877320 85794
515802 832767
852050 830862
800833 724770
432159 455008
618447 369922
837766 573357
148513 540469
826735 383605
746728 468593
10544 484469
335183 802030
