22342 542802
859265 326290
904019 94613
693273 698250
229684 668909
354241 763363
701600 132594
14733 490348
698706 134454
967760 922167
435381 142813
686729 708053
288208 987290
607572 627202
672569 755569
448896 84589
128855 680901
943927 606206
319258 269417
381504 236066
78897 685632
176483 354287
681474 358992
914569 963425
927048 721550
259164 346738
306640 69398
443012 909312
648297 915421
221192 527147
409768 559929
427426 985732
64313 564668
430016 714787
395230 893870
862800 873121
94232 616331
51375 504657
716955 276019
476591 776211
172848 431616
839372 643347
455647 215645
783109 482759
583678 256371
761392 874686
939685 628409
158589 948630
807153 150680
936093 157981
466206 406905
991820 379746
697812 73749
497487 364777
44867 420514
324318 800944
417212 528521
416290 326371
249175 145472
596519 200492
905744 698366
209789 277660
565546 195307
623195 94391
15986 87376
903971 436383
583010 346647
717677 289283
472912 767796
403282 385292
299131 69157
778218 575450
515256 240110
301279 875558
395623 60322
126494 522623
187373 412217
346383 258421
474022 723630
330405 989356
717958 751244
826182 222639
616283 246626
699570 423524
745322 83279
394383 663814
566218 727390
431218 255434
268507 81666
714313 274618
981307 145557
851624 173191
573314 460729
159872 892596
625709 846272
705876 674879
572575 481840
547208 437886
319067 950470
241424 990797
366267 736402
178772 704137
868373 42378
688224 634756
456765 893484
346004 226647
983823 391946
450641 494701
450683 942413
432972 342035
444990 773892
797597 284403
213282 141494
756420 375027
379817 768195
761263 732548
296800 39858
703937 263074
649131 905418
384806 198294
269993 768702
570463 996259
554965 946917
332417 405837
2179 232807
12338 575216
836569 326968
168063 689864
461675 309174
627712 549346
529080 189526
402097 428709
339563 611765
152877 159384
69670 390459
382104 296264
943930 445452
502388 982792
623779 73992
266746 409220
524723 232834
981272 751032
990595 776847
591105 500394
226954 859318
239371 421868
791357 995478
438356 367709
163964 304670
838138 733769
73528 705245
84543 894571
969770 992913
158400 201447
439246 130602
829426 618514
866821 930502
533084 522318
488047 419610
331005 870386
455512 246815
451683 56693
916462 494287
966844 462374
678223 346667
207519 924089
673327 856832
692532 503492
651413 20249
466943 205006
486488 121578
730892 109162
534341 833778
391904 258703
299844 968549
19920 384521
907332 94443
98340 781105
617630 151008
265530 843395
419387 659654
742270 526880
213799 456660
814582 306904
455738 677090
34155 177451
699826 935582
407235 635530
25697 698145
497619 162719
672206 174256
19743 668367
781387 473757
865567 233906
944421 896895
448098 260643
351722 262342
661726 6033
894294 624383
644207 192792
555928 715289
88407 594811
966230 597416
220161 989183
847682 372859
71785 746158
92724 809080
379441 14890
416426 237432
188086 48394
849254 515942
753768 95985
67693 756207
360056 95428
633110 42100
104934 652717
865026 50812
84419 465543
629836 348566
635455 170652
242847 815688
290221 499593
285557 693926
998829 915348
187623 59059
826985 821471
137496 898786
511420 463434
382702 449968
252800 671791
77217 799967
162791 713561
142555 881950
413129 405814
172830 945842
479594 69546
58704 154600
649361 278818
166836 970477
224488 226731
880749 75174
885133 374832
417534 40543
648693 405698
814325 694345
448027 808634
508706 95694
379722 186658
181741 449264
692928 506236
841236 189266
986477 180195
401851 513174
495038 833963
609491 693283
504087 885427
841443 427729
270334 387859
607777 842674
76496 848244
588381 235435
661154 382201
353314 826566
908771 872479
746047 499422
10150 181632
915779 788976
315171 914655
673070 87731
479036 306380
219626 659040
111770 839347
540517 187063
942731 222511
677131 718094
227813 300454
547634 523245
856139 336089
846728 635717
761426 480981
162297 988862
560374 764786
555211 278985
788635 574489
326143 867130
735488 981309
610401 166182
990679 946453
46643 357242
247029 199927
302096 354142
650893 498931
774415 612597
279944 468242
403745 337232
878982 847665
53988 613619
840488 899920
567497 860143
32812 515950
179532 760074
592636 15928
965756 779061
19319 511510
634969 277227
672647 692021
144798 101157
617098 478078
614564 870757
908531 531436
74692 562451
308426 867571
70956 177774
876563 105171
819412 311288
833635 95620
15761 120441
221726 171895
398996 102961
730992 722279
515798 289490
256747 753476
35631 90480
332121 679655
439348 534510
478368 490869
282532 521021
401521 457897
980390 805357
497518 674433
346216 453761
312711 996026
768363 702855
700285 119423
232500 192384
401298 435620
266927 605492
692462 571789
950899 639445
797571 427984
239491 662883
119542 136242
789392 156056
464116 320078
56416 333243
500319 874360
93058 152394
469009 438072
174048 451987
73759 844070
634762 746252
677352 294482
685326 527578
904910 205998
974841 381380
490892 59835
216003 806753
669985 950122
265095 565779
505598 909185
675658 473954
419018 942911
662263 813013
263916 509909
190368 367980
807513 875888
605310 486604
697389 519831
346895 555539
495578 931358
308664 37330
758859 826157
453011 595820
696071 321841
622361 260325
52831 485655
365923 765975
35565 377548
325895 135080
683860 833540
70476 265300
896013 809079
429253 104924
635027 692160
896854 334329
363835 611114
618160 818387
702746 646116
898888 938566
724239 852202
955903 671554
251683 102009
649251 409022
773605 184418
725678 698461
774700 628117
855942 470299
448820 34569
920117 936383
981915 770217
773210 130571
99424 407268
253962 594041
404626 814770
463159 806468
985351 276030
312663 741245
914344 502525
950863 929437
609503 814137
14499 364590
981524 857743
440734 333816
913763 350123
844117 237376
828728 951884
211315 183700
293069 506857
291906 508176
547447 31874
60425 418024
177637 971339
680285 434122
148185 190365
756872 414569
840271 66022
946372 209285
136536 391571
770661 977743
290611 79428
873684 440650
374981 462718
471452 540761
687545 223818
355222 42777
178097 275417
855092 972987
657253 633385
268695 565947
429667 739203
35848 897886
62048 323784
503101 862473
194440 39848
58355 461633
851205 373487
931214 447054
153881 163616
29802 652384
956811 945017
205878 141305
889109 980078
934405 673908
534998 433051
61205 121544
845098 1373
946283 262213
282701 337965
484048 838956
109035 741152
198741 917788
857692 522476
831677 604345
249708 117155
34375 551757
659289 423576
7550 341143
362768 579350
64236 869814
285370 958245
204722 772278
236752 426374
273246 561423
987655 975613
656572 874306
1011 835217
342122 35054
111627 868023
362439 426080
981156 451569
968795 90938
113269 986155
499648 977558
230361 236790
170935 695044
11820 616796
469711 354368
90270 240587
497567 374386
447199 487932
72293 389905
848986 978824
402240 886789
523937 945822
670765 800250
589717 4887
309990 374272
789916 684422
553001 53950
276461 487966
190090 467064
848916 349050
765622 26215
851842 911540
585162 603725
971083 101461
197333 274649
951373 482215
302818 175346
184431 985685
936123 202778
87564 535999
717077 228612
764425 123462
276070 352521
60072 581233
851223 781670
666489 136856
513855 125947
491695 739045
790330 766965
696310 649467
895860 410682
522397 796125
449401 598005
265714 641761
282335 732305
698745 571133
72372 410917
864498 361941
35691 880613
156319 127625
94342 786308
125844 812734
340690 885487
488596 232513
169014 640745
383235 439453
707538 474253
790120 612289
813374 439409
852234 746027
748101 367699
347389 619574
270978 534923
561916 15906
300052 113638
22213 877557
861918 991990
397508 432260
338700 302800
60012 743194
117647 519902
745890 164573
124167 232259
386306 327949
209968 827007
545615 353778
567675 964679
428169 182692
436394 879134
541683 597069
341461 204920
154612 497817
75678 545027
537759 279088
332951 980296
328665 466302
866516 608998
189291 163439
165351 595400
657714 619844
384166 319830
992225 471544
23898 645764
251459 896019
285335 514221
660782 808691
265232 452248
100580 184960
790938 57346
296425 289184
170827 171200
318193 864189
692603 799946
553277 641626
975179 781906
450956 438748
629004 126060
259123 173382
860759 622831
531732 996282
856389 30303
803692 27234
535012 228141
399688 958152
147614 852444
244953 10253
421150 984095
783997 625716
925956 408460
498667 866243
581042 403817
512707 125956
542360 332711
487791 281380
347743 189459
225580 39858
540971 129619
848085 723136
580568 318554
311984 138826
495923 367099
593010 219343
130980 473998
916237 791840
455964 428169
52654 96628
213040 68289
739414 432077
874034 65278
625139 431773
202686 11589
873454 839753
879739 513840
277414 566713
374404 669196
758474 198675
769136 302231
806996 590992
191402 319828
282598 550262
382592 145896
720902 785759
500297 684692
683702 743403
435208 437340
986699 562587
572829 930981
203864 401905
578881 636320
973634 145034
124760 414403
311478 850671
22735 296311
649932 708052
465844 534280
99297 423908
765296 801323
317978 337796
528879 634138
110262 587879
551958 136057
974562 9147
371960 966850
144813 379557
584857 988632
747327 784394
163942 913577
560906 947037
934624 719882
436583 220302
166216 460179
399240 24863
837490 43402
354805 621268
505737 42190
94257 356821
121732 431470
841739 594621
756539 475707
422229 82429
545271 245392
828731 580059
869194 787342
527107 823419
804944 145208
458854 941973
925798 633294
352374 121424
335772 185895
193201 831294
727090 74463
253592 768870
266001 828226
84562 638161
774125 932490
839398 190174
709187 169554
424641 747107
379042 389480
550712 135785
271566 344145
806091 101710
778142 318409
816257 158535
160571 950950
89350 776159
50874 949502
92809 690148
987049 441520
507315 542935
803125 118677
554645 168049
293392 28625
935672 89479
86604 665034
534255 199802
194378 171623
380925 999591
497638 591086
872732 589799
716361 798082
346065 261656
397607 305270
80464 416158
77501 763997
450781 589240
408182 747737
845875 854912
888148 30605
793413 125678
745025 669660
722859 676291
63637 334239
934869 431832
585843 139515
676284 938802
521115 635294
730265 730846
765651 464798
857444 377911
490617 447970
288049 555675
740967 204852
862544 171922
700344 657986
741894 369076
713099 97899
19628 898298
731430 405844
854981 602600
916412 255178
727512 199909
499561 103823
700900 557443
809620 927107
84460 242163
296748 191583
379363 776396
593990 124486
135993 87844
314763 365280
295086 72416
758698 789565
693045 2409
749348 806761
484129 854984
631435 938669
333569 12970
775018 409077
190165 263230
485469 454050
314721 135487
16783 35764
756245 923327
246979 555884
417157 148978
887039 645688
302133 584542
774176 478894
16852 205302
355546 655491
933119 37728
762232 187233
746733 526048
617651 170982
423628 615699
737824 733149
320254 282720
556115 987827
421093 123680
192327 175681
717370 292319
900980 692334
402613 322199
285551 373893
765196 707480
288055 52806
171949 712818
861917 652339
457153 558660
400682 252582
200626 204017
457870 497028
117167 132367
456611 988938
638644 790412
389571 490186
23980 641451
736080 684857
132458 112193
454105 392928
939564 73434
83047 732730
580460 103153
527685 241941
475534 637582
247594 590483
511300 98471
378565 347521
613014 153349
394569 819896
652141 423863
490322 313756
155464 951710
316917 604799
932912 522924
835966 46843
644924 671529
978429 620624
229080 290855
13002 521595
464308 191958
528009 993250
739384 6582
387554 162466
206432 601173
402825 460597
247983 101925
219414 379437
205700 827076
414437 994543
320302 448896
81995 547150
293280 728296
804512 297075
961492 825958
532016 914236
47162 327040
812654 985606
462490 981537
720479 610769
69178 272272
534071 732430
18690 434991
201908 443815
851117 8890
709944 568026
17245 452765
570395 42243
645614 695303
907143 667068
636190 739076
70540 964891
819547 706823
659242 802693
266173 718572
987340 796759
383899 237991
172656 684945
241611 860828
622542 292175
487724 529009
388160 967134
581370 701856
75693 929696
22628 866019
84151 105852
263438 40298
300519 793080
358662 758976
486128 510444
506280 863353
990817 108722
92624 249371
31547 286676
807819 256922
965481 510489
5913 529256
502994 66425
544657 112624
291612 95685
528752 19452
469629 419935
429335 364177
975112 807610
512860 242169
2390 652095
180823 56095
914495 254701
336838 753067
160414 858316
721248 799303
254342 938660
688703 995748
334980 438740
980210 807250
382334 873511
208883 26100
907082 872275
999361 634241
382095 784004
584826 858679
240931 950451
568636 143505
555062 987618
814067 837069
33502 569119
230757 134565
693722 161392
564865 139318
723423 290591
279957 428933
493610 11740
250833 938641
409943 117314
100711 722165
600962 172006
834765 278055
644771 273848
15861 869614
772759 718862
704141 795421
601702 435473
714640 908235
567216 560361
985763 321625
154253 652645
4041 255104
654584 485103
914472 724840
310325 37213
309461 15304
674357 624437
154024 320574
902751 501970
920673 998785
855083 481959
490971 923802
17096 14632
980866 785665
159004 908565
951626 448218
318484 512525
756090 912950
111165 559479
291324 178478
859587 938529
646487 501976
216848 89210
774543 730243
818039 815590
71094 208732
634088 288404
366094 547852
740457 890095
71620 145067
424013 241492
596468 863345
452026 942962
424278 398130
848179 346518
638428 663072
131868 45346
776225 912945
149081 244135
212163 562029
421005 117079
148157 537229
528640 854277
656739 242924
528091 963250
783823 65761
645069 329162
67379 576492
605053 387483
672342 183762
922206 568784
162438 113407
927681 892344
696114 163825
710676 510069
972467 437195
584463 406742
210985 252017
587478 401956
789570 290160
456681 999902
462363 210883
331343 122023
948055 968981
714956 240783
20981 297029
471815 448328
224912 746178
746323 752982
3082 304592
390901 521537
170637 490666
154673 259160
824974 307118
42923 286391
332257 454372
513143 333505
945930 224315
320114 5501
724610 386410
60963 189190
312248 565092
778058 732708
399475 220508
497906 939437
836803 72370
430940 960389
505279 400000
175669 648330
791705 764984
402580 611483
533486 23501
717419 651691
645187 155080
879844 438793
573690 930214
904332 266372
400323 523621
410097 964122
228754 786248
137957 517547
150469 266471
545426 686908
553393 52361
981323 804376
52702 118280
757906 199972
874730 106530
919726 841855
506040 299930
914786 293852
88759 12030
941856 532156
318514 438428
574134 626121
151765 451845
987408 136664
881 395729
288253 456138
757622 112919
993631 256401
508605 650440
122368 898348
823032 899037
815133 375174
233736 64968
922444 234921
286207 735357
291097 968919
158581 723463
165601 56842
369044 750763
610971 919794
182611 749930
750684 541740
356460 811423
615597 494579
71454 552680
198503 56379
425669 746805
305235 342029
504969 304846
57824 201600
42793 584806
313349 680362
760912 670847
490684 509637
34157 431614
412330 898151
516007 437487
881496 98147
25218 240626
275419 330046
289059 787351
154747 908569
570561 270258
384774 331359
765228 725091
475384 413051
290959 801519
856531 670504
14326 518579
435362 671209
789740 665680
366246 658529
781460 293955
15689 252014
307447 371896
663974 250330
724330 386637
142927 71647
918171 862148
856857 895458
744958 362141
872446 885691
554224 513768
91546 873218
335468 441578
780519 755050
989379 487061
998059 441973
433103 559522
933259 22696
988813 357815
187235 554226
299181 319742
867292 716557
752505 491906
139331 373729
717362 292644
567970 599691
294189 417909
779236 17726
392858 16238
610905 49725
516936 776984
110318 135343
950583 990849
851216 380849
39698 584641
64590 506983
829009 71029
164182 632218
848928 913352
903780 709756
168732 468272
808602 258501
954335 808182
766700 342567
273253 32211
639263 503521
177247 799539
411431 931076
134265 713335
970094 376190
12043 888252
876218 165888
212291 802965
264539 132519
262832 204532
173060 37839
680826 897944
892026 204123
691556 617844
816768 786148
186037 436895
414475 195859
202730 319453
132532 646825
880593 628659
488552 52353
257128 954470
700386 406818
601194 819627
759519 169617
805240 626208
114837 889058
195563 983570
242302 76329
348098 740147
661433 640858
996163 750791
55608 204167
54935 670014
812412 790177
527254 647516
120568 151754
993099 910988
288698 450488
178491 833192
56366 904727
59502 839118
984395 162682
754062 650814
610946 453672
929675 473005
791158 971061
253631 41029
40810 404578
137545 770779
801367 639220
688015 799617
598581 21113
676116 368709
970667 504981
116410 543850
497710 976404
549586 364921
325505 729035
769378 708890
5321 674966
50937 907398
319055 751396
936703 138780
985779 846637
969311 947736
59695 645958
867601 287778
919845 818090
685723 90584
314591 830336
510877 178780
617590 854263
176530 534393
584556 643272
851229 298587
232563 871460
567019 532294
954566 684669
9276 516621
37346 948391
774765 831454
847034 371141
522061 159401
820888 938303
538395 29062
373252 260866
933595 449818
959507 4895
695520 741646
419633 685148
737077 578174
366202 932794
765905 528900
374461 875098
674029 344127
298464 744004
783238 672395
681867 584135
872294 507490
108481 796083
961686 197540
774891 316228
274398 264317
833456 573186
423636 811941
897946 631718
759277 848517
936907 158091
65549 400414
548072 500559
523418 190998
853256 863985
990469 365073
196724 688514
766076 847645
94569 707756
539026 610515
397420 365848
271479 240286
170554 682796
437106 78366
465215 638662
200970 622145
689196 246532
190548 943787
187629 568303
673927 373096
241741 417
422855 212674
197729 982985
798732 4460
511444 973529
148746 645152
194265 738277
797218 175103
926694 689504
165653 415368
558910 543267
941972 853599
199048 679769
892681 174714
974656 884720
302455 128730
265260 666608
364029 204686
556312 595030
78387 907958
42833 680570
306140 261135
913488 693143
807101 243274
661962 553017
8780 854381
795209 358098
637819 550013
503182 968902
172456 400601
20320 492603
848757 376862
888749 294482
907128 461249
598779 823055
550630 982368
274578 838387
275705 433873
562797 940660
832698 397650
897269 970183
795110 208939
562947 266971
54429 347333
560452 73545
219033 509141
181983 148034
22944 228346
335942 891081
781564 46263
880138 540053
333689 609013
608684 200020
322441 237175
221983 799558
608970 759818
967418 951320
672081 125973
121263 91024
846709 614036
120022 533945
527062 640473
83168 647945
565668 511602
529546 182155
762604 10459
774374 915118
315221 63668
121864 352791
542313 795600
888177 289210
741584 79158
712407 516888
28767 906876
270521 659146
372753 727181
780661 566295
999220 70104
183049 172635
688620 658104
711058 718151
864432 789363
755824 210055
783583 195168
283170 38569
706465 583690
84285 586805
849605 899747
330630 645203
968524 825092
59298 137919
589399 695240
371061 939602
246549 229657
716042 556472
325926 87829
477250 238206
295775 872233
453279 758657
227831 750504
314020 463827
744210 225368
119795 872935
389374 594167
880370 582082
406910 165424
123503 316975
828122 544242
968917 935254
174894 975334
119720 794703
769899 71540
535346 591413
518216 689274
703737 753188
614704 675999
768360 985040
412868 62774
255593 24578
950237 911200
68932 210573
691328 174372
110138 934625
695512 387731
106760 491222
811650 152780
486508 480747
141001 111447
964269 948300
893448 258850
27051 34969
250042 613688
80373 103715
830452 41930
698105 739067
209802 287009
739189 895829
104905 489631
316101 894564
463074 949890
99255 631554
387146 936056
875063 632720
731161 493408
773994 777120
784995 208550
671300 129810
502795 947924
206809 173369
251394 687653
293666 254713
707136 878537
437252 488160
443576 191369
535357 712741
969712 546619
80153 190097
469916 543388
681369 265699
112391 110061
611867 39170
673160 714767
273756 841901
595315 399008
345983 842198
727753 444609
844658 64956
480934 100679
115963 990229
511720 560935
306236 257966
703299 615120
868422 588884
882321 576807
997515 45154
499527 448816
655609 89970
139741 779082
994797 19741
736045 325129
39196 708304
992489 637173
905737 680925
816187 285562
738653 355426
671249 980157
955313 895250
524612 29922
821774 640282
729197 487774
757457 580985
439772 50096
534184 270622
449286 744700
683740 778927
556764 991133
787750 184520
837529 233885
878784 301540
813313 853169
666768 508461
339961 120673
420528 766072
384098 532330
857077 962776
980061 73642
498262 328670
473609 589446
524469 552443
904144 95370
679299 785023
379551 66243
224401 802258
80712 913525
79211 533473
793286 311708
982472 231248
866077 612103
107104 997594
765562 941938
712813 42517
84807 43387
13918 204830
312131 774611
51866 308575
72310 920250
162052 564518
408057 692211
16456 563873
862255 49510
851129 229246
292939 72955
620585 606731
626649 243991
818802 666461
923487 555987
58959 195550
448607 886886
814354 971394
15292 53351
754233 192668
202109 158182
470828 324659
10394 830659
868399 469072
704419 875076
41480 231670
499677 465791
233277 918965
987006 845605
591044 438745
270301 727924
590942 559960
982568 219564
291119 760782
81998 39447
984644 971323
669989 10613
758158 906003
827483 896697
13831 185515
162646 594567
563569 548567
930944 663043
65581 146554
696859 902994
356615 406979
231507 40710
981528 931628
248177 706465
418782 664882
586925 701180
349156 532580
876180 719275
942527 585120
993979 275527
682688 738583
688341 547496
14791 464477
373300 416601
47438 325759
454231 864628
395710 568063
47357 102129
55271 46906
862917 630569
898486 249832
25908 506943
474903 606
499809 533552
253339 762416
40129 513027
757205 921826
610321 685303
177011 631462
916808 447409
643445 271588
905071 152077
375610 486438
440042 197268
741790 760025
158589 623807
74877 729752
957213 879434
539913 270977
904953 36769
68954 227416
307959 277361
251000 569946
4932 123394
225100 918051
970851 14340
929913 415991
791148 702121
112605 483088
524092 350262
915693 594240
569958 405237
872262 821494
332160 33326
110692 954872
238396 724024
233509 491365
628990 333538
712548 686487
573043 455587
930968 422635
706353 586366
445048 361062
737827 36420
881687 194113
445047 232430
744261 692910
71522 654130
202132 799155
959364 159770
59568 704980
542532 404715
690791 322682
342974 54949
255020 148345
902897 581134
558900 505319
27664 835942
120538 273361
752154 407345
96480 901300
111758 823559
389633 507048
584635 580112
412988 738873
164304 37159
151360 996274
122965 891326
537198 880121
270980 476390
237814 758337
228453 20794
261472 726046
405531 400674
934759 104510
270698 521658
219393 552074
133916 439824
138866 385634
344788 949754
285507 389145
92584 95248
754825 710205
15669 529998
809938 486913
930185 520374
901564 846165
738446 391946
774438 730364
98941 175383
30304 115645
146697 931100
74719 334198
925752 284271
102157 636961
806974 839605
614624 19314
163680 7982
432178 578992
482448 152123
858264 315274
877833 306731
684006 608944
118866 583197
493458 325281
129252 250360
398725 10353
639888 698627
909686 291752
45375 571135
354108 901198
609591 22063
654206 850414
373191 801129
40250 102052
970755 659381
815544 604151
103915 159529
445409 754318
522642 714092
30819 816185
528631 890514
3616 403414
5181 632257
426643 848790
963851 868334
511996 981329
405905 163083
124847 480611
90980 838979
820037 88738
297209 670111
635226 436931
190092 906576
322493 773745
613340 647823
158729 989735
608246 940518
537084 165111
282929 510538
98847 793517
587949 152201
557699 167720
234306 93105
43177 432472
626999 260484
148399 477213
48898 869785
455466 93677
160625 842157
968796 78863
207256 183119
497912 71544
671550 271896
560922 346312
128236 249988
814513 825790
543823 172922
66742 269975
24629 888239
427803 882395
812658 473564
649018 516456
742606 148826
402951 263566
320072 429012
241273 406351
547404 833500
687050 114294
121378 751256
278093 367131
601805 700389
432132 147718
690101 151587
593252 133324
265019 652789
482003 789544
708312 187013
607445 336298
515980 39600
64066 664498
416149 539121
812949 385017
893198 828049
306438 76460
760769 855520
341503 747023
755191 163349
132130 324146
492981 203275
517247 488364
168113 96605
840021 863590
237908 673094
246117 381237
139526 478449
871196 665640
894834 421825
186633 70528
669376 871969
581698 743331
680136 799428
509030 127912
649057 213863
173382 854610
522521 49237
140554 627620
900005 536738
656158 296960
922410 76191
75079 94146
27822 613532
626946 622198
378987 92076
658345 882828
216475 30756
782860 968310
944135 542252
930223 537894
621371 396193
571270 316457
591688 655149
710355 360424
695014 125801
326901 581258
352607 794627
880219 861548
96810 983280
436297 609579
43264 928636
107783 157849
213027 863383
997227 972594
366622 412731
792020 767725
506131 315614
118444 301961
266151 398760
267743 803465
828781 936728
591067 184619
82716 414653
822990 598375
810127 677846
409661 834116
191224 635197
987845 7571
653386 416595
464809 617026
674093 551525
637397 7032
377624 704193
375843 721729
430880 762504
469830 759265
336331 28113
27519 286347
257705 841548
998881 621969
706275 273042
797250 618092
336563 43893
798424 485273
914666 391835
600871 656904
165599 575452
720283 899027
117753 281766
4770 534222
229546 151029
950721 928117
183750 157363
575233 1164
816957 446345
558438 633859
505616 467196
92749 244773
700378 514384
839413 180700
346372 267645
27169 897367
315502 551710
52268 170005
127809 71624
507900 385080
21799 931002
885292 648219
302274 680180
162169 741435
194853 608063
381401 646108
427880 431920
759699 497313
248461 646537
635693 136494
193788 259483
700772 56575
533042 678612
548133 347292
6336 476110
821901 275006
430142 756793
392237 230596
357627 109972
271674 958643
244886 141
571984 653769
135435 41119
374919 915551
454511 298678
885323 602642
606534 507872
987192 930920
559704 295586
834781 246326
75687 737098
321586 318384
661618 496002
495937 926542
67437 624055
45604 937019
366730 253219
736085 252895
902897 170679
655193 718023
976554 314073
70218 975183
654497 989303
37542 534761
102900 703102
174775 799652
393980 198008
254563 747828
948314 487447
311116 533278
965964 787979
340824 848064
665915 610501
292332 584610
944851 201995
557158 639187
375150 808537
812632 73901
139572 344501
878624 746320
877980 487438
735513 222654
429123 1076
553034 448713
414218 268786
282382 471177
510555 68362
252141 140620
941199 20215
925515 101458
260339 933977
169986 131545
936726 385621
514670 767659
784853 778709
957398 876020
694025 522979
620068 641732
221554 252973
650772 515950
778132 67927
227990 252652
791849 60846
405373 499491
417897 60141
453811 442979
296715 258866
116977 750796
422225 964099
79669 294408
601821 361434
834330 533487
373740 244280
191274 99190
851275 171872
755932 173053
786812 306503
389922 979764
443896 71545
649224 470227
683091 485861
983365 289718
44591 226662
441221 507582
20719 464731
95363 908795
415869 17322
2172 29078
20055 869147
513014 873930
501438 492439
849316 622598
659748 682304
18832 952622
150055 333425
236760 799097
584455 851192
485882 364066
147040 261281
704306 457908
870842 804296
601828 581920
207758 779453
282237 55448
420248 485790
784140 61580
915875 412206
179816 350830
100921 249530
967712 366149
309095 61589
104864 399405
237028 943172
135625 828177
824312 370481
660832 246038
783012 722708
832526 483686
355184 697715
560204 714867
572229 811425
788438 777351
401659 750096
515854 115282
478730 196237
168287 308078
169169 38958
851381 264777
763590 83497
201392 104333
854021 929428
767705 369899
308641 867072
354347 747201
305213 637668
954681 436867
99191 217170
186011 350112
832922 716481
270154 369175
719156 396881
723251 837446
627767 309621
349886 768216
230816 711168
782171 433235
925189 995412
606048 957168
936131 684904
903492 165746
659654 587797
337255 229454
368211 18382
517767 753283
41776 452874
156079 743729
100089 249682
276052 386794
41453 552821
770875 660883
850314 575939
10064 963368
10132 143471
329258 808955
402739 698233
268874 280038
21642 816241
3655 643971
630931 364857
808921 417365
941280 805995
594698 807792
72460 863308
571997 506832
832256 467655
711154 861051
277333 750104
474406 44533
172183 50600
347354 253626
684381 830040
42244 10053
104380 25549
892688 774489
428501 618798
881300 821391
713393 1041
212092 751541
553847 10872
779919 555263
309099 530843
90403 217826
198700 200446
176791 716321
91122 192344
701065 827357
489366 548341
530102 600603
733798 726288
306641 574280
274361 206952
832487 439224
89368 160406
100 536027
504042 471023
899581 172617
417516 847613
465886 403060
372185 353949
6307 217185
889302 354069
771395 632569
216531 412238
383559 682368
65037 863406
346125 538512
436403 599595
791035 866583
976677 212771
516564 581502
674514 367705
66514 390241
801009 57987
39459 407247
455290 125160
735918 391400
666533 653707
427332 136975
199569 828191
528014 635597
267539 56370
622485 175232
634151 40104
718635 322813
951152 769765
959159 152831
636873 148126
671357 792231
579765 808789
881380 782479
347402 740848
684639 815908
676920 132663
306615 766331
579482 5760
437632 208263
326698 57525
163284 589870
458264 501087
883653 654763
597263 772807
395153 31989
998860 353427
132518 229059
900843 312512
697650 198673
514739 877108
212717 302324
734662 981742
857903 318582
526178 635554
225205 16086
286621 805892
917041 796009
646806 856965
92202 388198
53300 984696
104923 367193
137663 242965
824209 604095
49910 475754
449218 882263
176147 697554
776475 635039
165546 764804
258072 781775
981253 750716
816004 823465
496033 134051
198400 423406
549273 183601
714128 818138
121185 950804
845328 485320
396011 53290
411754 805629
584573 353936
757514 334846
608271 290471
693494 957131
519905 422673
578964 544804
732246 8503
636252 941825
780907 219014
975960 109216
273832 615258
237274 441277
918860 130759
9038 256696
523279 918001
495698 53470
250353 737408
664466 229160
2711 833830
408507 685516
70896 972745
607568 65705
150314 412580
608047 687644
971670 489539
420870 925078
400843 457553
977816 818425
863968 81422
373161 883213
886289 346206
413130 387443
425913 979131
942918 575248
618025 692284
447352 622658
415787 807230
421762 837846
355195 446948
395526 442489
947126 513151
772709 398639
349987 612707
266391 971787
426086 642040
916453 178958
334931 299903
482950 832533
907957 419141
195738 169491
719831 58850
987293 237667
581605 168308
188626 910545
871671 45323
259506 873187
628704 563314
213805 475173
452581 596066
315903 309692
922201 627690
702081 55605
517627 902862
545311 390314
174660 208121
940610 85522
407886 326731
778810 181628
700650 259544
104721 30253
434435 655546
246486 875580
22492 860515
250805 929575
190926 836698
222991 538761
321718 524087
111968 407080
231990 156984
620874 166030
53757 447110
765871 569166
894021 394430
390647 867232
629517 874988
724444 338825
575772 64311
298653 901838
400600 387566
673039 420356
969314 441245
891826 764898
729973 777098
302943 529444
820723 913227
595188 153783
101753 307230
240683 225626
764931 92371
205017 7488
22980 378295
126404 174311
386840 790121
960053 694595
161995 622100
713888 131568
46990 938277
227500 482154
186113 988073
190229 475716
538738 810562
915863 75702
215213 760279
286451 569331
701261 659755
17430 329148
468094 566573
803662 364654
468298 917744
388568 760061
817203 994821
179370 620065
351695 196851
311652 59949
923644 964833
18664 321403
961742 569970
498294 914759
468435 281019
757703 791306
151467 503300
860062 229930
798575 130045
796020 518506
802179 288946
17064 446887
34513 996542
199296 197275
997180 266215
566187 62929
723831 338212
491823 184439
409121 533538
87083 969127
761437 665692
436578 188674
890932 709252
674043 324342
133773 217011
259162 943971
134160 156252
152748 544352
40539 479287
751099 203735
572193 184324
781318 679804
432816 422545
213484 966240
306100 796029
110675 489313
863393 473136
371414 445470
885665 751710
164341 143088
387313 77172
205640 373316
887842 553950
665594 256777
661562 698658
297854 435876
370717 468731
626009 237174
513895 720348
577308 647085
960377 18029
407744 455524
655522 5158
618941 925934
748346 353163
507263 553603
254631 60538
578554 739426
389248 204300
295964 984187
799573 496936
81877 718067
709201 332457
264451 313883
102150 281852
700453 493468
399374 694673
158332 495611
157709 33857
438342 656267
67487 263951
352469 299155
745725 733647
634639 335030
410535 418746
173481 769794
580969 951031
480440 419993
35142 480868
348706 474476
341083 967493
900589 797718
771991 772690
170480 116438
395845 560628
888804 797411
286841 33937
487233 711727
18758 53645
233224 25267
704779 186714
862134 690788
981463 562520
341252 882860
880750 291638
346645 185566
828186 544722
349550 642172
957720 49733
209031 554937
516425 179919
934679 616371
603657 963829
893551 54945
322051 59715
50402 277848
280478 537195
668823 250593
93789 686515
6913 190036
644651 274612
669227 526711
136954 335591
429661 904789
982062 36548
442165 818708
361469 201117
346054 833467
186694 988055
53573 316867
806966 631535
832743 611589
194250 989363
406602 460307
593377 579471
251670 13435
658271 580022
949626 505878
959579 526613
942102 779185
317643 948979
62916 697650
637258 951504
234679 154072
21731 893571
665893 1638
984469 319459
190914 23946
464302 341942
110064 838867
804936 465438
439369 564539
84637 46831
9987 984479
738310 811070
947189 964845
737128 375189
541926 684526
209 300847
62872 397810
467603 713210
745493 259170
69816 439292
41042 35928
239790 267475
258805 235338
818383 903679
485277 982726
990462 815810
960085 269722
638925 932783
20919 381718
448881 408438
401829 259493
643742 856090
307511 568472
503992 323872
716096 712241
475871 731415
921328 998109
716118 172002
343770 855149
661013 119870
991743 509761
408056 264031
441646 153760
271733 671422
622675 836942
306058 767733
498827 720211
402429 580289
530811 716812
126707 354481
379927 199995
249638 142857
456884 422695
690069 644926
785830 441796
910496 796586
353774 915523
894161 321045
397561 734256
231521 247376
435431 627555
149409 35685
907525 887541
748198 619594
672139 946075
331206 187673
329779 245311
367430 389036
288468 439533
104728 838072
41437 626998
975562 448933
85622 675259
276746 126618
675454 423873
566623 338073
61884 468610
757442 725338
937021 49362
469870 641821
771561 9839
225725 566809
73730 115577
116486 713841
830202 989845
361785 749174
748655 444931
227068 671376
985247 727921
430577 560008
881965 865382
39362 316691
583155 117877
264815 875617
220598 672885
176114 240696
897788 190094
709948 212541
797049 774539
275175 616305
291970 210940
507792 677702
676738 873305
746732 262471
404432 778245
159481 890622
911961 81329
994878 607618
764461 206323
355301 468919
994854 35627
162679 134630
223991 843453
569922 586560
143074 350756
775570 879033
234822 84511
803262 20885
887373 8420
117640 843213
900489 756818
545577 653148
91534 560699
261125 22200
691676 761537
852204 424816
510508 64594
64936 541850
705376 383260
901996 353070
340394 355781
316237 913119
431036 171406
162619 16026
496476 694091
623236 857284
396484 907346
961638 908419
919920 162155
952351 416012
970164 417797
273375 770006
975667 261061
168770 468223
112326 637429
676668 586870
599217 689965
592877 70154
219973 951675
607300 876983
406386 614046
651217 386999
935796 795890
156503 258594
84193 9582
22452 413865
917550 661404
443999 803589
544597 910278
92672 434213
920174 527303
519762 553002
322373 141429
263578 359137
658880 21799
408128 337916
873563 699751
359630 39351
578046 416307
296383 987967
258763 962450
578881 409404
186848 161071
616944 743478
377004 726694
648351 190505
485449 542262
898394 766395
728112 740164
577095 799818
155940 706598
831332 505532
318939 603388
906313 285678
7504 783270
80888 192642
757780 96291
373487 777470
133766 210275
358646 319304
271198 607818
338894 942423
827724 368390
579878 735326
769312 959203
362672 362776
164263 331010
786194 854650
496168 569714
330717 661005
256776 561969
714248 191374
236759 198384
568754 826535
374867 7308
195255 447387
38339 997103
521148 908267
644764 772800
573693 875046
941699 400295
143348 863129
703658 671065
268382 680772
227512 392743
489995 444845
383748 907643
112829 155581
898132 317942
765719 208170
261242 812683
536850 991763
423810 357536
600684 785397
593862 908211
126950 932228
175499 19057
30826 177610
230216 237465
808832 600614
18289 642298
816028 577775
208133 65476
340462 726186
497582 912856
464478 857605
897477 499863
525117 791377
45511 575591
555829 127689
797889 625431
981167 363018
763039 764102
284837 110121
565981 696992
563934 601141
560900 181297
829091 265619
560223 175198
907928 738881
335063 953819
373105 114774
119021 274565
694638 464629
287757 463618
780751 166977
380518 377233
553814 472887
12289 674610
568335 954424
605759 637025
301826 836146
34243 245170
857331 402
687129 506715
919021 638068
144529 637583
24840 26329
536625 101222
357659 271510
474268 947010
699729 501620
817186 987838
395639 220843
985211 772832
263268 480687
717923 885006
201411 508198
943823 179531
368538 813521
713577 322072
659080 190671
486101 144232
250917 352185
705980 166501
564827 842779
425999 658478
928208 131328
184390 797919
578710 514889
246050 80779
838042 703597
164703 149106
631677 749844
677860 652344
742538 370860
134485 220905
767730 863336
15279 229505
685767 681992
503472 758848
667403 483323
213264 111955
423041 917095
896636 38101
769806 486016
199238 165508
195582 823063
551283 764407
986729 424350
137260 161184
286603 75913
499954 63886
405594 260129
182214 692711
472910 267561
738088 13615
795585 339250
558582 904596
689632 110319
115283 287559
808590 193716
306198 179189
370832 158875
287103 68853
564788 499193
90069 621808
68809 408148
982736 955622
128689 730140
307657 76155
63864 275143
813637 721662
967696 292420
575244 239696
505983 613525
857159 873007
886895 240059
516212 624628
798616 788949
229598 939396
266660 226155
961040 742088
971498 164983
934211 546295
149622 798557
851969 613470
846632 972053
470852 57358
27545 393523
211253 499474
16271 702727
346913 938884
943939 340234
406517 573150
940242 446306
107876 493358
389547 504413
397865 880044
717993 443899
166971 748280
195393 707651
275256 727495
618988 328197
436271 251185
753112 212503
888334 914851
760978 809848
265957 217090
177791 950785
191085 562416
763940 479847
783159 95444
155265 777122
303639 805810
974991 845336
202197 342607
668152 637126
521043 769254
258035 321659
749627 374597
114431 88142
182195 293674
635743 613423
507542 72473
765794 330983
969373 523855
841969 481235
326116 118368
598077 711507
308380 326335
671481 407804
66700 531738
669916 615907
547149 684898
351229 247668
533603 92060
659685 170903
875622 714415
222692 258810
932609 75853
619826 417898
898517 61160
200442 188346
311830 471988
575618 407380
477872 507044
717155 811638
314807 631067
211976 687413
78721 636542
915432 161521
100469 94421
765574 210849
446484 845873
632085 55537
463124 702566
16345 885906
247536 230125
161780 443525
753504 441515
649276 835280
796501 360830
716610 201608
588092 905297
989127 85876
101257 903380
227058 110853
874425 25269
818315 115542
623656 648915
193395 4615
944694 474636
226122 226132
515003 88645
573284 768041
528463 998088
382935 144001
941041 950738
929025 612000
863814 269008
771437 743201
923012 456787
162281 804362
70076 761260
224503 216672
83459 273004
942254 154670
308368 30227
122672 264782
542913 896988
268697 340750
148607 654964
912612 650807
674506 339377
370357 544833
821699 475278
272874 123833
130521 628473
911535 397018
831450 428597
93264 312544
466064 214488
972807 647576
738727 236128
993311 101080
19374 207905
381395 208364
901916 697274
436265 778573
188568 556573
381172 247660
306064 187597
910893 115568
802518 165926
461866 832634
883408 533185
844956 587904
79442 810317
513475 972317
659468 566184
208362 498251
88439 727948
331182 883473
12625 434893
690410 526240
292756 127819
679194 323630
285079 198862
898985 617989
498804 701280
253998 714371
7536 450155
397347 809359
226548 59754
685535 84188
446949 831007
360109 973212
20638 473369
680049 639948
215873 420699
691747 589147
33753 372925
498602 867138
799402 241892
65192 74666
567094 556915
232564 52122
386499 237667
631481 112650
152343 826037
970580 288985
729266 606915
900403 971696
944366 995612
228936 998144
811748 298211
599721 918543
887690 222642
155137 769445
951484 556735
319055 113119
58694 762974
431237 990383
327180 902668
289160 915364
646185 47262
371220 437257
299828 292575
701846 698914
242687 362390
336407 765914
935451 221492
518916 582471
555030 510095
722510 738459
848693 210326
96784 96637
217373 660364
231756 679267
38832 629905
536153 38963
55583 103729
543548 591935
378599 578448
424039 371116
463965 818737
178563 236615
480816 837508
961599 370777
835812 96286
828561 204255
482620 530335
53472 366159
626086 211340
725503 690173
143658 950843
892056 529229
398323 792916
641649 684851
514137 871978
109057 430237
500010 522434
408105 754712
623747 694969
998957 314692
185522 127149
760776 627958
896306 983789
306618 989427
10194 162641
671705 550227
362773 893418
851615 701488
404028 225711
352391 283874
429653 710672
778501 297937
761541 444892
683383 1333
190838 260803
185366 901572
28416 919475
877134 131454
123523 226277
449450 124410
935682 715029
447988 864217
645869 95353
620195 362947
276818 607304
594339 969929
94718 333439
985888 111798
925538 216144
804445 565565
192943 636123
890101 220998
576578 355939
16286 49218
586203 779100
506412 303889
816348 247916
403642 282009
106255 606598
410072 206203
344702 736131
103315 962361
410156 56523
585447 102096
972678 960221
652575 151327
247702 592601
907545 761928
614489 23553
980386 570210
247102 928731
676303 267160
931284 501043
908421 317314
106321 370292
932929 507684
156172 404132
762336 591071
826119 222986
330323 27537
728309 937404
644920 607939
729806 384510
877630 37857
143154 743172
698711 291298
491069 426282
55113 558823
238021 813900
32505 403594
416491 667998
289840 833895
336595 492277
381849 179151
623973 502184
893231 339705
465007 290838
620761 640473
616425 293505
180386 173038
723203 236302
860942 302457
305635 339982
228671 65377
293185 940358
696931 558186
529600 14689
907881 33147
22934 787680
3751 748851
592519 163393
834101 234017
254183 737631
617711 132480
260335 204373
885235 985071
980679 441815
322481 794843
505654 322999
209427 782177
861707 244785
639560 732854
32851 799959
302514 20226
332999 53299
974021 903205
897911 629364
622535 636872
661065 401510
248056 397467
457452 553698
384805 416674
849657 67507
208548 126706
514007 175147
403438 352962
853377 549539
813464 708280
849341 411604
415751 410513
68805 907673
619266 798328
98147 32656
791308 767107
3572 673999
308433 255569
700506 342249
513970 51982
885304 729074
288463 162167
615295 684122
393048 715888
382326 226402
807574 846518
700937 722702
572684 396766
150127 428191
322589 747112
331996 918977
482802 832843
793682 798164
929582 108981
192695 129270
285479 858307
437971 377181
853025 17696
641184 804562
484308 122999
457581 159015
751965 752578
819124 431947
349032 11126
609735 176900
182743 495065
839500 820423
53401 340011
148101 392355
401505 839542
717427 921880
724247 263573
2633 458028
388104 733696
387658 614260
74340 569257
431753 924053
466328 405468
241930 353200
591971 185380
438845 882654
882526 241753
499395 908948
271883 611599
173369 176151
589462 618669
787338 939556
940140 435206
245143 646477
345711 716965
66178 998577
57440 951827
299498 318024
73409 677925
513816 326578
616292 573440
316691 505979
901462 271920
144827 827262
472440 110705
825389 254073
6459 912975
21543 463411
34014 393124
34737 41870
479408 890101
747124 170384
219652 968727
53351 106384
104565 385687
130016 421747
181459 539107
319023 367104
549891 764735
211299 392030
763502 467454
288543 110059
230169 522503
587728 322021
446948 178490
625446 911089
635914 693955
862638 409350
857239 795038
125201 467664
45824 75359
713925 748132
472840 561216
586450 432045
415161 606043
646295 456098
551453 101573
595436 922129
725013 534927
139159 978807
481709 817913
890659 406591
526060 298889
449824 710626
105604 653053
590947 890853
541935 32949
128176 39762
879338 135290
101674 869630
52324 286879
832387 186080
424675 153880
653240 561116
545056 895047
176229 122943
554404 186982
674883 722682
392492 729838
999644 478793
200953 674501
888386 771992
824587 39065
631579 930090
691906 99536
733076 39691
666839 166051
966261 857936
933454 514113
614801 318592
558657 756263
588692 320893
583565 312856
699286 742244
840006 182241
750506 172752
861602 752268
563590 748315
11492 299647
609939 577244
177933 418798
342307 909606
588144 473387
526727 577400
261295 676659
22575 454078
410458 271412
505454 659713
290502 527564
612480 690777
57557 674421
953031 389912
196873 518024
170621 589885
493038 46135
252624 630509
864030 314479
263102 201805
225369 894544
767336 31404
787645 652204
983354 996413
922983 661575
497187 289853
331603 822664
96740 762609
38010 72594
306602 21398
260607 590164
976868 757616
238354 382314
475771 921163
115463 526343
121436 583600
286091 69377
207816 771447
11647 648330
663537 942449
866601 360924
537984 36729
773014 142813
275607 586362
322603 571040
536798 672959
904750 640549
34111 259317
537196 485424
457392 47347
587945 933917
492256 570995
650469 552291
446637 663911
111499 674654
910835 992571
451665 852379
662841 573212
570845 659668
569654 898004
91394 460445
616216 141172
19209 712382
824218 974732
30627 76574
937818 557949
190130 887514
416049 327468
554362 474543
380796 379636
4662 852257
405373 318711
211803 728388
698791 649863
285478 613009
875318 507293
522213 579559
754109 238617
564853 813631
371248 18919
889203 384751
779302 158424
596754 974911
3116 476918
781096 521050
984506 453456
627684 278546
518768 923528
622101 84307
57670 12624
244584 237209
405916 653279
138351 895968
651686 201570
207332 332008
32391 725429
692264 290270
591679 123010
717044 307416
39768 30610
775655 716890
17003 767678
807212 312495
251632 618378
50412 523973
301508 83384
392028 272048
754475 792918
173856 727636
747943 20957
354513 431513
468399 859437
581360 499846
600391 344329
909181 444469
553078 928880
697933 934990
982422 949678
545526 605423
22909 591770
45746 39976
243617 413015
720360 155941
751408 807332
115695 583628
763368 370432
255337 294893
509927 905158
942801 97452
599127 706018
946523 352360
101419 869578
779289 531030
11991 607801
862198 706572
140502 716383
815662 343491
731147 480190
878522 610961
690264 433017
306608 949460
7105 148174
619059 281285
792579 441708
386986 354595
867922 728842
260549 708531
374610 525433
893293 350269
224009 442524
513230 135877
677284 456166
702004 559801
842423 17337
831641 351287
268022 423881
78182 794695
891772 825977
147122 127009
98984 594307
204506 483855
454329 787825
896958 42753
625746 343822
766395 331618
641068 689256
799385 646805
638543 93894
528372 484063
895832 282027
468004 642195
217571 712708
42262 619897
619951 366981
690385 439469
891728 796740
476161 997199
797354 649198
708031 618461
413239 543560
265945 302390
199277 986391
178811 349776
442955 855420
365538 539214
397697 113070
257015 605495
516559 931678
337519 387596
168996 925547
694938 847754
642894 606738
885772 698639
405911 859773
879214 669885
214137 568484
663821 590715
418866 412553
89479 124069
961787 46976
861523 374404
365823 508076
343932 2324
944144 976068
970285 740297
52731 66340
901106 183111
308399 666563
770443 993645
651653 533877
257259 862235
134867 456557
201469 515380
464186 247382
413717 518565
897690 931235
927698 370396
931331 915299
445454 97442
974855 540028
732612 444344
744376 709114
274922 413371
868903 362815
320929 220027
76804 692803
872560 577330
71861 970611
429371 161427
634480 281778
895669 988966
643142 30505
493266 744605
995106 728213
909740 635901
843558 367395
12041 719736
659587 708755
232315 634303
895314 504371
649488 444982
574978 125741
918322 658631
888286 52043
338881 984611
77906 410987
893257 758401
666496 651052
840836 427301
836600 906923
247589 864561
788083 525110
135652 792649
541073 998071
935102 833163
140133 700206
234209 769687
199722 842687
413999 895057
823042 32556
262204 90206
116921 366734
384984 784840
338458 111926
516312 729399
593560 377751
185587 561404
936245 379235
445291 117566
364593 961713
406429 180505
659928 268120
577224 469086
