659337 953793
985794 256407
609941 416192
306392 759892
56006 203877
973319 461815
509464 559451
744352 295405
164473 797782
883341 413845
801901 237408
455366 500799
214474 789505
183679 160202
290550 803652
56060 655426
360802 918194
711922 658807
960482 701389
556090 730793
594909 10262
658082 706482
680642 297545
798495 597866
783464 218598
937835 970792
210311 785747
855784 460144
369921 172958
543675 864225
834550 548581
626160 985608
669062 914940
947838 274137
205560 778494
191752 955039
503459 532486
297060 32187
395863 790268
30895 374632
487457 929718
680933 406629
806094 205079
227870 663274
232574 770274
874468 392653
252042 57669
591896 650140
19734 339845
745882 728707
771340 421914
403343 869880
687205 713391
634932 228869
385409 52740
614917 709729
661045 309675
25877 290350
950617 677827
592691 393861
931173 879088
352591 966343
256164 500597
127613 779687
711385 39907
681629 879418
17646 384738
765329 844196
120419 714328
126814 115207
480852 101517
487026 816882
159313 50868
437207 531685
72156 420692
303093 625684
385201 118939
690783 150344
617438 204327
335394 255941
161584 737064
561184 621343
33753 153021
383297 768734
630770 986424
214131 955151
366515 71673
416142 184471
879311 469260
287631 390820
227264 140813
583880 829060
456048 349049
44206 360363
332652 411374
156472 406735
249750 405225
262961 550805
822215 621437
544897 710389
601354 63471
36748 597477
901584 684200
273143 198719
787842 416217
471147 973585
864364 40757
321784 13942
868667 956528
915523 293725
453849 626029
879231 609695
563577 856746
330395 95071
72515 587524
130724 577162
267224 81207
9080 524514
770191 782635
947412 763446
628570 911497
32969 94176
566914 998579
723741 185026
519292 952598
366061 926591
627595 970547
556863 860295
931747 662923
101566 319084
246319 715388
283979 239304
59647 375255
539578 720231
281357 136760
33109 905191
914692 891015
9604 747325
991902 331245
456657 578702
857784 497009
567418 287413
554453 561022
453768 45319
809110 364325
409365 506204
792301 682522
217680 606785
758371 841985
774400 238693
573755 842838
106287 956806
287395 121600
934359 65964
410210 461677
802275 712043
58827 581277
844626 326721
432070 222087
237728 618353
427672 829194
478059 868316
775232 72548
380722 824839
246612 2284
160892 946519
735083 97548
713142 753603
22485 549900
392660 60961
410426 115200
766526 960034
113910 63298
792739 374624
97518 349974
323689 974501
144408 173761
328134 728296
529617 832730
150845 176068
450072 731542
239524 132863
493881 375283
661723 938584
108468 321875
678760 82983
223759 961196
361712 170910
69212 784476
887205 901717
106662 626055
748734 692457
389087 834462
457373 771115
750407 932881
988459 113350
152829 15574
930826 618657
512798 855712
85936 414977
716342 181410
829638 417427
181006 320798
516403 4721
794398 998101
129069 767184
158818 858130
338978 813103
60823 531229
181961 23801
379894 234993
836140 842528
151673 175134
345995 289633
844460 220901
140821 986046
249725 300988
114688 519134
860041 267348
719369 184789
843448 811975
570606 800011
456775 202514
799636 948536
979145 841610
868743 200820
904489 479304
700321 680928
825364 396129
937465 632057
56600 214304
742168 523116
653905 79200
278240 294787
69647 756298
198492 725787
115480 130548
457565 474025
195396 709955
604781 244739
170769 925740
160806 324922
813179 699190
193760 357626
40217 645518
494758 94608
768398 828895
166870 870770
900304 426899
777616 346148
818154 11556
945643 788951
805317 702417
396051 410741
152013 729328
772418 553518
43381 941592
554580 49589
304414 959644
515486 814211
174512 915641
349106 890186
707280 260232
435613 565649
660149 494558
398878 317771
783965 739673
770956 414890
379998 317466
44593 657909
45212 400029
217468 740456
346996 478118
70112 242536
945273 613354
808471 10142
976452 319259
306101 695818
256756 547645
557882 136291
574847 418477
415428 218881
389554 618213
895942 407031
201610 502460
723392 801048
120739 808013
780194 143514
401518 810333
403067 569171
279150 69267
192317 429060
906314 880103
822502 5462
838878 971123
10262 399548
346816 951812
687701 723188
724121 71644
278165 271401
490910 306409
76098 370925
712874 330911
271404 6223
48867 390800
449988 881899
478971 648873
851562 831630
662710 4658
741167 206042
130804 350102
89479 110187
411706 337712
371916 4210
470094 419781
305555 314702
673982 265039
483080 22872
644124 313937
628392 637833
56990 466727
611786 263685
469139 209266
832018 274131
563653 177421
539115 521311
853728 196605
375964 725003
327202 229434
269326 306130
786726 469040
555126 705106
688014 66131
684545 809646
28021 391289
12404 936205
327048 976748
383971 202405
633355 177754
861926 724466
795865 674785
332553 744575
380496 316582
17346 718070
578377 622586
395046 535523
267463 613236
532122 511389
685553 941462
304649 792752
29091 730878
939056 607815
875881 587286
22605 581008
962492 849291
816926 967301
167420 906208
758954 582639
924324 328260
886393 322941
82325 528850
899365 685887
484264 227304
651806 694403
974398 275557
613600 738117
149009 827052
743381 555918
233320 190457
374846 903630
82132 752473
813228 478326
880226 31055
77981 910942
310026 894804
559684 213263
813988 23512
83479 118590
790840 637370
639629 918800
437718 2553
163469 358340
89648 327686
492290 122650
310486 641896
122292 392657
697351 875767
597964 756566
22514 864739
322969 505116
897982 369373
853405 780235
725512 519091
869947 19474
318784 52878
763902 485995
230982 411402
582679 137592
657827 638932
698212 313631
234987 405983
546681 24640
315846 393315
114233 57424
286153 310715
642066 751336
36123 596553
128233 230188
517704 273746
128937 796370
913135 289981
606508 954971
279288 281993
855218 75832
501796 747127
486122 765459
719655 175723
334610 620577
63567 503531
576189 396296
953841 680196
117653 571988
232238 623766
551046 132561
5829 713576
849739 96676
357471 658577
978608 41539
499531 782683
454002 668079
326442 173008
331927 570143
460461 455227
819096 643661
8399 341317
153782 844579
649357 164532
530734 538676
471191 56769
195948 304823
162009 12037
280640 290583
502588 81913
698765 297052
4618 175935
175980 729962
820965 843284
330882 354422
927720 240610
959210 360295
12932 232244
991587 578404
378319 56651
607696 70014
826626 504124
919583 726606
391409 60561
74782 916044
363417 235287
973959 167357
434840 792988
198903 820774
34093 811649
250307 118911
9647 989295
160629 561270
120247 922456
759734 609576
207627 384224
956950 509064
618195 522828
316434 136120
828259 926791
980341 991590
806765 774108
139320 366556
429041 925138
225332 389812
36321 610509
464668 399265
516341 450876
768502 110458
191320 469217
943614 971849
567313 320102
974550 749283
510820 897421
347916 744742
381365 994903
207300 684795
608523 257738
105942 967737
40168 562194
504665 189694
53305 606113
570386 52585
714855 350226
498884 339101
386971 211595
860267 612189
864230 982856
814664 853536
469969 454977
6682 58929
467551 250719
570547 255602
331468 264272
131076 363137
868697 37268
791037 478774
103526 279944
91345 756119
230309 982319
881061 543591
96168 944300
574009 42828
12184 378829
408043 986783
671066 485608
659975 75527
768285 962767
694734 862482
58501 745098
572086 816312
61495 942834
263109 443311
5852 31098
243295 559227
758374 737316
987999 126047
924148 659545
864773 5703
511463 416742
525240 85775
508064 439329
959855 896768
421819 388292
593787 98536
648415 853456
855621 851248
388998 651489
142088 610369
615117 587734
956877 243687
561697 115210
153448 859624
412684 41020
224462 351018
644819 439872
452288 450622
460709 338362
188054 390278
15406 463962
888263 548973
886710 745393
675086 78309
57687 776514
148848 834086
408818 907871
842321 285915
665152 857548
859919 752673
995071 620553
138839 866689
124935 760911
10575 608292
467240 988555
270276 206519
379484 844158
290951 965079
15484 546810
317274 442003
227109 557604
758124 700234
372587 821935
562963 274432
266107 267975
972689 251201
917377 867118
691407 75470
817880 341459
58114 505747
929460 286318
105139 108452
577564 831824
577629 209862
961866 498979
534698 936183
982569 295237
97193 564932
637515 164454
506457 152849
551974 465355
376746 460730
969877 90191
383781 567394
129962 401374
684412 662405
576212 217580
767562 247271
970160 961988
712686 693779
838625 432587
841602 781664
35430 435248
891149 743401
544534 904031
372839 729777
281510 751629
925701 475724
96126 441811
978685 846122
542376 76263
171614 717801
56865 90638
477701 19773
693608 902505
19115 870918
503298 559672
366742 257479
786731 372243
710027 657890
121971 456852
807138 246223
701058 775771
320431 735841
729848 154374
389787 236510
805355 609373
819290 140442
453074 204501
25644 177165
575796 357082
375758 147720
737557 253968
860471 777090
680938 593448
199109 619966
338622 631310
303735 882331
809493 508619
107793 730838
397164 667512
439341 905817
860148 159637
165616 171304
185397 186438
204286 312547
507538 778645
211394 360159
159814 822542
123801 699990
729569 972449
600667 762156
779074 702404
394661 460440
207514 275478
4468 750305
865533 522530
563183 385905
779863 572506
452128 992016
400988 673430
698813 528896
89886 83315
344957 452583
693106 527707
583738 365441
523294 641529
244982 13407
489060 401750
407091 698407
146848 281657
444511 908591
354432 700223
314625 924093
414151 478565
38256 396486
404518 57965
417181 317759
989486 889210
187116 395867
907038 353786
477141 914282
957134 565290
452897 808781
713716 68958
99425 401926
112183 920896
697937 959456
564453 771597
395816 557874
73743 116397
915086 446026
469582 777082
449657 348425
896965 351436
341482 161855
76123 510610
573767 37049
819357 381108
344055 56539
861476 898083
30846 870657
572413 880717
331974 129119
950537 125594
866883 896798
91341 727972
228257 338466
998150 908641
559281 975163
123640 283922
446286 281018
148165 222006
494513 766278
532053 106676
350031 16837
50179 58646
889875 697151
228447 94432
382087 118713
296637 235375
593109 51687
123894 510801
33001 844812
183928 109406
201000 651070
196091 268559
479860 332912
303118 804734
244441 196265
170989 848285
994359 270014
975046 877347
643317 896483
726798 767038
185104 938283
794365 426595
233711 376838
215915 501308
412972 599233
888700 175189
188655 34727
83122 432880
868741 53878
598650 658768
33527 442690
585873 218113
897382 949787
814796 139286
912694 911837
855793 204320
7068 688369
990842 628359
358885 903638
851171 692287
495816 169378
556094 984903
34822 237429
664328 338795
538065 728282
230236 56127
240374 457565
141208 659527
544675 653171
218485 987845
308850 92446
810318 58470
202998 949888
824076 626820
826754 634817
651754 596293
436794 258806
695597 430993
645564 528814
188272 349807
856257 914693
367229 472821
866968 168985
576410 974546
219029 92198
429725 355935
906460 607013
955578 839036
792330 51555
718372 726313
703130 256415
452825 811389
958629 928794
759041 614497
701883 906387
521693 192431
374144 59425
809710 313032
640607 411998
199126 291136
185263 706592
358772 900656
944524 920799
684248 688056
526985 443315
704326 138587
822261 412776
676895 294686
72419 112071
443314 880461
932336 273305
492396 29978
68779 122813
919710 55082
856110 897527
472942 210803
568893 676442
800700 463819
305016 432239
389464 329391
73545 75555
14872 426336
442438 261345
763949 84681
507545 347567
210793 570587
868808 836412
320769 274114
248539 680558
886773 786200
805264 485221
290880 568740
208613 862302
151133 598290
924510 540184
611693 691446
165137 547226
674798 808018
727095 542248
994797 467175
442888 274333
422247 496452
290679 39595
825769 138709
431240 239003
172910 81955
309965 251961
989993 210489
739819 91882
183038 27980
890232 106290
345110 408198
333714 791208
233634 6860
98709 247639
904733 554615
869747 832995
337309 813296
784604 422921
95899 791804
472916 672367
208040 825293
13812 377126
577346 544773
893136 720570
948671 836133
138690 526993
22725 824377
264117 39635
799270 416750
938301 821216
698166 929752
258830 957337
321019 687715
584719 993335
412785 892677
867487 235616
108876 272096
272717 250957
279561 837817
542674 356908
572075 403489
647729 174343
732119 29307
977193 112412
570987 805911
837953 941961
613714 713502
870762 782788
605904 338655
982722 515451
309409 893603
118251 922960
968445 929982
231468 255086
806262 958567
693227 258752
669776 316991
690952 833495
999131 117857
778362 859740
822319 271364
509163 797444
823044 680338
777982 396167
178464 371705
619716 32797
420360 231801
679593 416374
526478 449078
661548 35872
988401 559476
794530 395246
636660 953889
471961 154506
722085 592662
186423 866382
11802 69854
915984 702672
322156 652811
869996 799749
13314 14413
795459 702116
371186 200076
591519 604632
779088 102455
136180 130761
562145 204612
417633 201294
772265 859410
473624 584839
691598 101904
530170 424013
288593 489209
985581 519694
968745 209524
786269 571852
615560 281617
802935 454304
374077 922796
95658 75000
607602 216839
260547 744031
79926 904011
416151 507682
163340 496741
925225 313976
383192 564232
679812 900412
163664 67399
821637 47843
260161 598916
824155 748845
732765 963958
961842 557785
490839 800943
637509 255111
300381 930918
956475 625714
898529 408292
567914 736679
962348 234011
836525 867526
885205 737417
534055 490494
941903 943774
943488 457193
550035 995174
349032 212358
843145 568339
265481 765351
745158 691786
634905 273707
497122 980224
740985 248101
789616 74337
312009 277150
107474 199469
550166 612088
244930 142206
342420 567775
311911 629620
749585 87256
574594 148607
875779 749874
411467 106188
313317 335565
426599 505366
182723 528459
416260 26476
836049 623428
741930 294265
944111 291007
818318 240335
186232 120691
647920 636340
58949 744576
879159 56769
665176 846868
879027 929015
713728 362259
749041 888762
698793 448663
484593 328484
852119 803391
771038 573306
401220 247556
560291 381018
504310 295595
234909 745502
507693 301160
192933 298109
515604 935335
627541 367633
891391 199886
530952 186979
314601 515874
752587 21505
132615 697948
776809 894632
129050 496104
953073 241960
70762 36001
659684 683369
731571 634861
375625 549525
660045 39106
490559 396111
301496 310819
680881 721904
679069 417938
819861 818904
201584 317902
521244 825837
989139 752952
845448 445068
357292 427009
533926 936872
597596 228360
615338 518757
816243 783047
242035 7828
437951 143012
301084 123740
677846 681432
220166 288767
323544 161281
625972 82420
66656 321109
584621 26563
545171 557370
918915 405418
324705 731429
129232 688018
903181 774989
134649 101626
423409 222782
433366 470640
448161 516574
74693 283415
532025 588866
83049 269524
994978 841114
765599 809339
926234 867270
551360 813316
407423 717819
335960 889146
461788 11951
823995 440447
56064 330972
958820 286314
241255 626078
721227 539952
179843 585778
877327 231244
823618 851782
702157 720295
346599 676498
347548 955306
158963 580784
874982 463260
666433 955246
514469 450635
346804 754040
482233 188479
141861 192760
332042 527310
565009 488602
769907 544469
773233 853389
447559 264563
227780 665392
230667 573109
15618 784763
984932 399047
566981 550595
924881 745959
607912 267957
533115 540412
563635 647110
784400 1954
109561 881880
115218 604944
816747 882457
12454 762489
107961 733840
379044 494628
548412 639771
752839 25409
845114 270418
606335 605451
168764 710340
876736 984386
262483 736494
281324 75579
613395 335991
894959 808595
798976 506575
639553 716638
33807 150891
749143 831466
777662 749423
166845 725337
413191 18057
64584 468005
235596 947098
788683 723081
532527 190532
999821 510879
109854 77212
608104 886902
5156 125059
571257 421258
332990 114909
417207 698777
832821 263202
791340 997289
930047 627200
416545 86210
193744 499471
383658 744970
344939 531432
823785 414538
266057 819262
248836 93489
638637 641908
573254 538178
793203 989061
63106 996680
457434 396622
624276 702025
836203 51835
896630 620878
784625 878702
213385 810159
408482 915189
277247 461644
640994 72949
161280 297983
720251 999298
473594 203595
512347 315500
184069 215596
213775 948199
555021 488888
401831 794173
141579 203895
496213 739535
814694 254456
466221 245456
294721 213005
329894 853114
671587 326451
60948 987339
977594 317057
566281 668093
149951 786480
436874 752266
587038 904241
849568 233832
650866 798932
650020 149712
843102 24772
240797 690948
14712 492555
456664 799948
381316 4741
3726 436041
92954 505057
61868 14933
776082 765973
987124 168185
614631 946526
517252 516960
359785 694028
204628 183309
690801 818736
85537 799100
115896 874029
808672 734868
800171 726384
322175 418855
550969 602579
217499 621110
413435 203040
208854 404736
404021 604087
814443 617448
615652 834571
933477 747223
965688 574058
11762 215897
705542 437952
87721 645720
859683 414424
2012 537251
356760 753966
567579 388754
538927 933556
29151 465183
772938 824226
691787 959752
416736 791303
134356 616284
196869 222669
733571 160053
871457 892214
59104 591109
462648 336329
561967 734427
497013 269258
208476 912504
351619 620536
847296 639519
480341 187950
162931 570007
10642 169666
364457 812220
116190 751105
582082 359380
286277 499120
446132 629820
435746 895801
323783 223405
400163 69387
293261 21729
542179 717432
392558 915303
978148 530052
634236 860772
370740 3685
801434 952729
751558 114259
869876 643758
155693 157566
967533 541863
539119 719198
223529 701132
738308 311542
336055 706488
801861 595302
723587 270189
552375 484156
395337 893445
200228 954540
994582 615239
219512 699138
219820 209356
297765 645163
22353 444029
608875 247899
993901 688613
231120 630623
494611 73993
991027 363751
134760 970985
600299 893097
839142 496545
538679 645367
111477 555422
574314 715837
798318 201730
681396 517127
631552 260377
718872 795804
664649 770112
541395 407850
694503 567836
632901 824585
955906 523561
896095 699115
593157 438561
769022 170097
831241 916721
690276 981562
710591 839501
224146 391238
780796 11842
238453 846224
740796 159560
276337 897849
312392 220614
673137 902989
375590 605880
63462 178604
359858 902831
623370 904851
282928 876766
848749 849744
325809 615869
21955 72511
184605 654554
644301 602844
345975 791257
717044 888003
481233 941161
635940 728365
185614 955598
120062 731803
602916 394838
984872 754065
724926 290586
247653 324187
680858 465693
653 414930
302756 745740
458530 194372
925299 805016
550247 271179
50675 914820
50572 923278
72294 628449
135837 996987
904274 760866
622201 804358
494573 570102
174594 666132
491101 140391
243952 354402
59833 757261
374304 316187
994784 8665
550578 19211
762717 81824
242498 363053
110338 971795
962919 37609
824540 824348
982561 865254
901233 150355
153928 254460
693377 435155
902871 317499
340420 1832
996279 408980
637433 125079
791123 42473
474472 309139
309077 893865
756755 816194
140486 480251
393551 873862
970865 586176
396045 880247
865850 634224
861468 727309
125874 979772
552734 980018
287328 699470
710578 732208
361751 417828
842865 340373
66194 244059
885259 175783
689315 321933
151595 439062
499798 685852
676325 329312
346224 63855
969464 212969
718818 736544
480549 152257
643382 534018
447054 168696
934768 361782
880778 854555
725297 808605
546856 370239
324219 598071
335430 223266
790702 179171
679073 299526
110598 936758
847230 43089
266214 992614
744929 832370
678850 502945
909665 557618
619156 878589
3359 30315
337677 960339
32773 792978
155388 713857
366468 917679
44860 756385
41791 471787
744849 520411
583084 929513
664366 488100
11023 559628
364167 821290
415111 344152
326235 373757
347656 66522
471508 805748
511449 830428
435592 220398
899607 894454
533044 502447
630775 396978
569130 152023
730544 982662
295142 77677
206592 58838
157082 639661
282429 108470
465797 930242
779120 699008
475754 620532
769556 569974
380167 20574
744905 622010
673663 443979
406835 321708
549043 253543
755797 518026
365914 153976
119718 644842
222355 960111
303499 342461
305889 228435
443667 705976
534251 957105
779368 692087
575740 291824
829423 206820
152204 583850
974951 80732
289234 416490
254945 276405
91344 995664
161141 149906
946088 754538
722832 168229
642855 319739
206750 614928
866364 362856
899270 396163
694049 715174
658213 41011
630040 972730
654381 309463
223446 685771
755502 609075
762672 884093
197376 363902
282559 107387
293243 754001
1053 891365
284995 6139
949586 256725
570353 982012
158835 190810
168494 310495
214045 135001
627825 287282
623716 300964
408395 708895
892660 268454
189294 322225
345748 840610
885099 12585
146442 642156
720666 599207
423658 897418
265495 422212
252641 290199
198068 184281
250945 897606
525849 914846
464123 321551
643038 758146
713771 74171
379919 92549
563059 936118
122486 125727
837125 492949
227431 936599
870324 925547
412993 614401
832936 636783
602759 165093
974946 452061
536494 236680
303913 19699
251058 272926
666704 141276
973408 256263
690366 879803
222051 969383
325337 372254
486958 449149
294694 613053
407047 812797
866014 700175
682543 507294
33043 988545
910357 504844
876013 237433
401777 277669
937856 172402
186918 420527
182117 897533
372672 469274
284187 579682
376603 23701
666047 466051
182406 147509
361547 306593
390771 510322
42909 37391
298264 375229
230644 506941
125509 865076
23468 840966
245136 184994
388703 326180
697680 285617
61744 540067
677193 619578
832851 43556
869034 277350
653380 855265
643149 204698
961925 67209
85521 247475
681835 828559
760531 29480
79324 990606
595622 990837
860237 182617
605772 612530
17851 224107
993180 265356
206836 347898
337012 155586
683399 182
830250 839071
168561 558758
292421 619744
254161 963863
762668 622991
999119 459985
597111 684395
380382 428893
994829 320352
903223 609688
484494 663152
420105 2846
572320 846913
293357 545115
141383 955186
563396 413293
950235 55902
361223 65440
755290 485199
389491 268491
703348 16117
169550 347240
951034 789418
140144 329579
287252 85273
638305 12691
892555 280386
555584 391285
169719 780561
472098 268219
229394 405437
365010 119869
40297 224251
784249 562320
198283 293181
962514 751075
370944 49166
468258 67366
575293 344017
991492 723959
43019 648331
337586 815854
244463 813838
675627 593014
188944 509769
860765 142404
793924 470379
764899 109417
20439 882291
923465 97814
104183 850822
790191 797140
890207 149266
370784 140514
548077 999110
204432 206533
140371 931750
813093 5794
769338 97781
177322 983605
119731 218293
765569 60538
409630 669590
693701 791598
201856 110258
746704 745587
299870 220947
588450 248123
977945 370005
346991 70526
26059 319488
311630 545018
898628 722495
222430 725875
448938 456092
338975 969941
502476 220026
597439 911365
395301 82807
98946 597214
262675 138798
772156 192333
749554 180181
134711 512383
987445 977654
205755 677541
180301 906522
704688 462274
864533 842153
712311 272698
190063 553937
568006 23792
564068 118952
761614 493379
394870 599045
195547 525995
268798 536497
901700 114004
197855 278447
423942 371592
92833 49027
703354 38302
566592 836642
22127 31170
187913 185374
472516 735611
311351 183973
77086 862104
723359 265971
454937 267627
571735 430125
227660 403968
194480 793110
692850 11463
563820 857432
276864 667311
154809 365438
381665 898102
439458 854059
996339 555177
850571 658766
258321 983977
350200 451939
627261 320483
692618 85637
760213 199796
238454 168071
339355 777129
80681 463531
143540 537341
276627 992191
72341 182947
858934 438686
354654 372299
433114 569201
429963 217831
666348 464836
806774 55292
677789 888746
775597 661571
330153 283228
307619 463324
418559 134734
213029 748792
128329 451951
575971 88048
77349 377330
758192 658210
551272 409079
700596 612073
976244 932594
726060 240233
405526 952310
718209 298915
170657 925032
561318 837847
167696 946032
802676 381540
969753 622364
809012 39717
563640 200807
964630 342945
584765 634074
630356 641688
858878 262575
143510 963149
917141 372201
512839 69461
950295 11658
198020 692046
512648 63625
63785 547251
195414 32227
535910 632509
528526 239981
891280 810664
106064 99226
813441 925488
294462 484690
292326 966500
540897 794459
463038 123154
562081 457150
791542 934826
153913 187861
349545 499010
213639 73071
613585 709072
315957 426044
827674 429255
298567 251451
454252 305621
822813 609089
27651 207672
654381 200330
327530 711858
918245 539509
872885 270361
510208 694132
117491 588719
17141 35954
871749 836817
492752 43348
310169 645737
708786 910723
841440 431129
544845 987620
171291 477784
767261 296505
355347 331426
98710 417749
686117 868242
905058 80000
990491 403455
309911 507652
839741 199505
554090 727460
637446 892929
972769 737927
323465 463437
27336 306542
240312 641818
718597 554115
255156 345104
334287 840671
750572 652923
677165 202165
344358 177144
361081 480765
143289 478397
639212 269162
110115 308455
802885 255404
944176 517486
658305 435253
638509 845270
273162 404990
800335 342462
782592 728259
366977 804940
632536 679348
20180 270794
883904 221411
475473 247888
175405 956114
66221 630289
530503 380858
22799 20921
375987 786111
535485 680616
143303 509668
190009 262592
693245 49995
642563 366528
527497 600930
453255 346660
275480 621446
182828 290343
791982 206702
760869 383146
981993 452379
668788 296425
81111 229190
768028 856438
396203 996504
940898 957497
965992 179203
710059 340422
733640 943023
446590 24255
538573 183485
343629 939630
575249 683206
520452 58845
10592 774341
285289 467824
682128 457069
898323 417874
870477 25866
204995 398756
562776 484133
729285 702757
563971 359464
437257 687228
621516 733939
470983 352768
14468 63529
685445 119729
778459 754974
293337 27356
704832 700987
336493 732068
730621 952760
47320 439788
212397 976816
619258 764120
213874 417193
33006 809962
950967 342086
515549 879003
174330 268950
848289 102738
152446 716536
815062 956808
162481 204974
838033 705303
574748 658077
526494 729700
125437 483958
524506 541898
478185 459631
222416 325865
353216 321646
205715 782720
715053 989918
208233 744439
574738 414088
853176 287766
159822 783519
918244 780462
191881 298825
642863 633593
866420 55704
291424 873425
431519 256901
595430 420890
755776 602190
928222 251168
693627 137343
275924 535076
394288 850798
911715 16181
209849 180711
445465 176565
342793 351744
373753 92098
813829 215916
231859 321565
493125 848400
887785 426605
993781 153828
589873 428237
42522 280118
540325 851531
487706 869334
671330 145638
469594 632775
405010 308664
676216 237387
411585 928743
486026 32748
498882 394981
325792 999463
407061 599115
802151 946165
840355 996336
394540 410456
972666 283339
203618 387233
734097 327365
906149 718007
770687 243855
678844 233647
179766 622819
17932 19729
622293 320753
472110 739833
591201 815518
706084 156511
393335 781084
397363 717277
959601 177997
821839 995754
218890 593475
63478 112757
435540 670086
998668 36569
359476 242899
230974 975824
18614 187231
246732 814408
861175 750477
152015 59236
552996 881946
731702 19180
443751 954611
390027 394603
262901 989946
966986 966596
990068 165636
350402 939503
829961 236650
953454 262499
379308 834445
285016 471035
117136 398491
96271 620904
648462 183313
755478 677707
817380 231965
652505 622226
31277 547247
889938 202091
775397 410384
282577 811299
632917 553234
630561 489033
343576 502526
876998 629492
68692 958545
718263 139735
895743 406691
686677 400724
404186 434952
351573 236335
129137 829249
591327 906656
390664 479050
287866 946565
907320 197446
213382 968236
695088 998502
271193 383238
501321 182667
652107 164432
440460 212507
296066 201316
267102 54970
568598 473626
61343 937242
991533 29266
284226 229062
389537 957847
912416 912350
618998 482334
853902 642678
172980 323311
483044 386553
878629 262749
261342 249162
558250 935484
342719 337236
977972 455038
20490 694607
207198 169714
142585 768645
518279 672852
102844 302172
463377 905855
45181 820151
286877 683929
825651 304389
257288 137827
60890 409404
55054 787755
632807 761571
126808 16285
580854 154766
984643 967852
895401 257374
821410 849309
605763 96421
272058 349906
866079 151550
615876 762489
520154 143352
308176 295324
194560 93077
785985 750231
665223 182999
491628 789499
158692 503139
376429 356652
425846 795656
127887 988249
11751 580736
304638 441671
168544 906195
642203 391458
791596 219590
370173 616782
729193 929180
934747 283387
885471 117134
900163 483623
535402 752918
44674 537036
923669 754819
469369 359056
594008 366497
126145 780938
639391 730331
757454 320303
412008 602518
430221 925937
342541 284916
998988 496278
853982 188133
941404 517278
557130 450273
90200 68702
427652 777316
330488 544813
615518 792626
294428 94061
830074 115346
503532 606818
551761 996089
796651 363370
149516 538030
106118 883549
721758 673220
909075 546410
186998 550255
55515 450236
212898 147615
527372 201188
919274 515655
199937 474952
904478 232751
334478 700860
69209 120989
666351 378094
674013 782996
811242 920259
891559 238388
520251 645048
828734 478070
219560 638919
366101 811692
83735 757699
665414 376214
142155 316722
424103 538548
395741 667799
503230 298285
25080 688326
861214 53681
73082 40821
912361 768131
592008 625695
665852 165102
253901 524441
97558 695996
391021 390986
906196 492854
817493 894158
158704 968817
475010 400901
477142 389339
817196 799469
927052 232841
423805 190242
444479 170760
546302 64982
799432 388351
387670 428688
785170 58823
255187 423622
686680 723648
11090 220688
744456 691993
484656 613110
163507 99974
179056 111980
317584 45523
551613 309204
42074 80417
964338 291472
876358 272149
516895 845097
2966 26917
86152 349349
663459 549782
196803 148210
751353 234349
220572 512516
129230 945542
657906 961048
982363 907414
809340 907311
706837 66313
338603 16689
982826 419857
852091 88108
717000 806676
728116 195184
677979 660889
768379 329628
708733 943443
14864 775294
82410 516000
929186 907653
531175 874364
940894 61625
14607 402249
580197 792928
923026 870697
780465 151873
616044 163555
853771 450093
118476 686871
396639 233644
444234 454425
370331 33243
522893 851938
327101 488511
234739 42340
652034 262353
218114 189629
813578 453494
627745 752550
839715 436403
42375 519552
187071 518707
940101 387544
13534 760051
605670 350676
353253 567654
220938 178195
811549 200532
460318 468779
821966 301638
924053 814939
721655 706089
14949 303947
343133 665148
808464 553548
654488 330614
760856 858682
315100 985808
634308 937977
494695 58511
701918 943728
703605 55985
696943 657044
429902 212658
881963 31284
283497 639949
781812 942226
940577 389575
821818 210082
978128 451803
530857 644644
720745 631955
485767 821691
644648 261935
620757 343497
456224 40085
966465 973227
659215 471049
996981 528413
959243 283942
484824 81536
858254 182541
849088 500330
995922 304888
158593 49330
480218 467060
222860 873283
292005 465579
338144 24297
487578 920641
647500 717573
651504 368357
136702 5628
833956 954616
395691 581954
900040 61640
844143 42051
164367 207226
324188 915397
932934 248761
418275 955360
767660 689776
925115 105268
127527 520127
241884 582481
765147 835791
344528 71542
30037 333901
544421 190444
350318 941566
799049 907411
917079 331924
958050 70649
296096 587576
867935 233185
726479 898679
424179 518838
541824 973134
464194 820441
306611 395785
803166 312945
228026 428006
992527 17839
665977 265675
218574 913691
842715 862992
395032 55926
537226 984047
673715 966512
640400 906913
206153 876578
678763 948578
771111 214530
438063 586616
305382 495563
821586 20056
418597 380299
710836 741906
519693 569097
32084 994492
803350 431539
555240 364563
459984 109052
858998 653920
30927 566362
904403 218598
498443 209446
659640 15846
713846 270939
723643 711442
169201 513803
926425 859851
809417 749376
199818 717904
797883 501200
803536 687605
879353 64676
543313 387286
269348 108104
920661 223795
167395 785015
488416 213868
389977 276578
992103 971302
296079 757827
31675 226629
860956 852245
345435 639088
657197 114043
842349 157348
567863 862274
262310 440258
985754 40341
14333 555025
234327 370255
541823 883017
31827 979874
220797 484169
430615 104250
500927 134517
1819 827332
286182 470359
838395 223833
78862 352374
389812 874657
613365 903006
78217 731842
463352 516666
727794 229523
886725 375875
375586 658509
786947 921712
600640 464987
96520 305856
961286 704448
868693 149015
929971 763415
824892 931719
577414 391287
2746 601999
675276 982363
307614 815873
983018 284781
858310 882319
297927 181150
255564 490990
898641 814374
376459 601525
30524 475058
751418 96627
602183 948084
583604 733509
305681 116852
893443 297103
832376 128181
396028 515562
852784 372594
18038 843312
694589 212851
228191 197379
984145 270421
264870 166070
790140 42860
271640 516132
513793 534462
777452 654031
727544 648715
870495 834677
196280 49533
680595 796616
26900 118243
665426 827136
500838 286516
721 712431
801060 477349
47336 660338
872856 575831
311735 792431
729145 577127
232700 818803
346462 502238
307964 941552
757041 410709
539027 605282
895112 193508
638560 367557
833535 502813
390456 241669
633874 500382
52761 161987
613619 659897
633063 240358
105482 830787
612395 123059
275759 330283
474333 999779
12937 84031
771367 330800
307043 108815
402220 657190
424197 715789
871602 489407
560082 79814
539330 695183
409008 895876
32665 106379
28023 960631
38213 290707
778627 903624
85523 952588
248848 908808
682718 476332
