631267 552362
756856 414815
534862 436076
252184 52992
442972 933504
885014 27136
963927 773465
89386 363723
545276 872675
180996 520981
48493 642891
40507 146747
247377 521402
310854 639438
774008 944737
717480 857232
693193 675108
808648 691473
757593 121170
567969 427757
442085 578862
675224 238589
362171 431841
909621 144621
421634 941241
205623 159376
769452 499413
257618 9873
40880 380334
258956 682810
342001 494942
565518 439679
256259 178326
511176 281141
315002 43035
450116 402254
950263 425943
805829 99182
219039 988343
125728 378376
856839 55243
208434 65028
752413 234237
168945 289317
75478 549502
124585 299807
803247 527871
726874 358035
296535 733389
613676 599132
588562 834534
892013 872061
24398 557653
915119 872254
590067 592589
766333 669906
291265 125060
228842 962679
594054 731297
725214 709237
868537 54361
781455 451990
358140 403586
367638 52005
379660 787676
276404 103667
624647 83418
121902 919283
712326 808256
599430 865884
406939 711568
620946 404167
540764 28066
691407 33029
125287 831371
645100 480109
360290 331133
410553 839589
321969 26130
524119 71783
261565 488281
625287 345283
298354 450647
658481 344235
758553 340371
596190 925402
373371 557383
113338 415243
967391 523748
954013 472605
772357 563756
482671 963416
679870 723527
544552 943088
544646 845682
351394 472977
571617 83915
674336 293285
784435 281873
726585 659198
469478 561132
581034 31256
578340 874955
329909 114502
803982 457555
488590 733574
495534 689893
275533 423104
55138 82613
556849 617658
748538 68032
488765 365681
708685 757389
518069 257422
18285 606603
97642 388044
731708 63569
947221 431976
713469 813410
24828 621115
362902 784013
614659 548541
341338 400286
293213 60876
267595 587907
90549 194873
535971 483478
268644 875819
819843 692915
906708 552384
515530 679747
995976 435975
27526 600430
987938 736820
179521 743143
372539 830507
68009 108086
952865 898024
635553 653600
621028 533308
486639 205428
57789 79549
199867 525562
42753 429507
486058 466191
408108 609080
768712 916767
166649 834144
263729 719448
953538 205387
211426 497853
1018 278472
999527 498143
387915 424570
776504 361219
97345 465159
153028 242376
667065 38422
664571 120895
282007 161811
384166 225702
413726 96800
31585 20243
496603 729999
197237 231083
50865 672394
550894 94338
795792 929791
410852 270904
670836 823275
9604 446188
587111 840009
780461 777764
344380 923723
205199 767034
96920 652867
152814 88496
46868 570838
445955 415402
932590 654723
430232 20284
763098 395288
657586 13480
612692 398395
923154 557786
865211 985136
968737 194078
486633 702618
276231 376006
878539 513090
166709 234909
280737 959586
129772 455112
755725 827458
975154 469657
905219 592858
181185 842252
755306 175361
501065 28525
815230 315865
809654 389445
808342 383295
518419 348687
531179 783850
881868 618638
422393 86767
533760 998458
400191 716236
556597 887303
584554 39923
798276 710643
461059 501167
124048 529968
251524 335301
260687 546413
429579 387649
791435 579631
733488 232688
106895 911794
350565 404331
71582 178356
792439 590354
140585 452661
447576 546236
4050 842866
642138 10904
858801 678932
871954 609592
254829 604093
756876 825962
910498 94247
963316 552319
767649 842029
890119 363514
941072 141760
632542 770217
886179 263980
428144 962455
513017 742289
501790 531703
642092 102777
71627 771127
705479 124397
784065 508471
902282 817301
186314 454099
206897 97659
474330 438674
842052 636904
424783 318589
882946 161107
133142 598335
571396 904160
699980 685036
990648 128316
378504 67356
812892 673910
353829 773409
812998 468300
176015 522771
508760 420380
556173 808062
412279 176095
678494 159524
439511 299680
602271 217461
74748 498929
470379 925823
107986 78334
484745 931665
454343 192439
400723 553166
470343 538405
54145 389460
328533 538410
709609 337218
869674 580912
151659 451225
661119 492746
434857 118279
693497 118320
408883 705805
97461 14837
605695 19251
167111 514646
817788 259248
280510 626241
322113 514419
813265 778535
628351 138682
69193 675308
519517 404335
897467 462355
713199 960907
980507 799441
968991 564585
743357 785050
975248 748863
557531 991401
224972 618497
234209 414840
700711 737657
725668 868371
680911 536980
77129 36275
851915 664116
327833 445860
896032 160669
541025 190149
105184 929423
466653 587026
870233 870957
942012 328646
17092 387676
591442 388027
495265 631305
306445 568369
933172 764226
37998 323886
663892 951243
72662 887949
251779 210605
342678 57467
981718 438788
470365 229605
499584 513771
649529 536855
143912 800162
146819 609682
668258 548386
970488 365121
459676 375571
138286 840576
410463 985867
497057 400729
902807 517289
359053 805958
388841 592852
951592 827046
357456 304909
826978 227842
291640 132216
266565 228172
68758 376903
164989 635829
512442 300109
833488 996654
438072 33358
647000 219421
716355 190430
273931 834290
936932 925484
314701 450967
519063 131543
635687 335014
870913 39511
929812 493228
389726 304323
244649 315088
187177 409735
609533 193929
203248 826658
938706 605744
163143 209849
819235 362339
852270 980436
299554 538678
814375 424205
925955 496556
781135 736227
467976 11823
850339 448099
845486 910512
671729 973439
898067 422784
949827 694003
741041 880230
337595 350757
829211 222765
634060 802524
672704 378059
976155 302656
494287 134606
334295 176534
369216 237016
977759 793823
885617 573207
671282 649445
121960 357380
109473 671941
184842 938523
62425 360591
363713 604216
454957 708604
62330 496659
47526 459258
328062 708880
130297 955297
691889 863477
688865 304644
373917 20922
773574 253168
386710 43566
317394 21298
534185 689606
865764 128104
317195 189949
512285 418427
773742 913833
671744 232489
583018 460017
115940 476945
722865 999809
387237 995556
399704 563948
854167 808587
429400 377407
649227 748505
809925 621024
85525 437523
834155 583251
396811 864084
220881 485031
124973 416984
471766 730305
567105 788349
630361 197847
467303 441716
361470 57833
366139 812614
373625 270329
167595 19644
680358 314790
205483 137689
813284 764916
620136 449307
479186 508920
793379 540434
93029 152779
519440 819257
694002 98728
665364 47649
769120 182168
148707 593876
712153 639906
802532 48999
544565 773838
846744 450902
230157 283851
503718 686617
948742 775541
788200 519339
25215 823230
927740 308113
448705 373231
494889 159551
903930 204134
568911 191565
23359 508520
189047 859746
978363 514407
405854 138140
530231 799784
135422 180835
148449 533328
620930 188021
902726 226610
762034 254634
469833 673651
126673 520902
478338 501976
133536 230469
247536 132772
560379 118997
339079 863794
167927 191440
507691 195482
553400 706902
640677 643739
626125 471304
113958 461345
563968 204271
968717 390394
354534 626476
82162 237992
479823 759711
196475 175239
938131 891728
637033 122420
723973 799929
171978 66804
251320 645574
184346 530396
463555 268201
288907 339436
745212 722830
880962 731821
37757 97203
860347 806782
781982 657322
506236 78144
551973 556335
819679 705722
32368 760283
391068 307185
957894 550246
669662 86778
391816 581431
957129 176523
374858 568188
7431 830989
730755 884882
740883 617967
403301 793104
903084 387596
566967 775161
483236 217551
277664 113158
26207 595797
632967 849041
552648 123103
894384 59252
216427 171666
841324 473878
384658 39779
360179 432891
756867 58443
217120 697604
225582 504198
817249 707586
734485 601253
644723 152421
484925 29729
68504 617429
563348 783769
27416 533006
470450 98842
998726 554583
296785 749389
469480 358122
708802 935322
322158 720354
544897 262387
255855 939467
741741 392125
198584 552530
95295 239211
666728 266514
690979 500215
30586 494141
534263 686699
11210 177013
655988 517193
468904 610971
765963 43029
153653 541608
117370 574620
28584 459762
924389 135356
671990 139474
897962 307827
25210 433059
74451 590829
519067 669037
360144 959747
15381 214834
929883 98281
191700 313904
590952 127046
766389 523004
618338 926207
587148 849270
37078 271957
696872 601707
805896 982864
783914 665604
42717 358920
537800 436247
648499 339561
530305 464639
271496 274879
79808 481838
706520 597465
379636 187176
500932 583047
640867 249437
662510 432841
368111 33774
505221 314405
867219 824773
717438 171197
535706 606354
627549 859764
518195 543625
24892 407847
885252 449659
903404 942113
911746 234951
252271 622679
464293 418657
86063 14185
273274 538924
129873 920170
962290 77312
164160 10844
97221 968330
150751 648037
954586 664471
884099 2356
91725 389761
591916 471823
589140 965556
955720 808540
263560 944409
853190 636385
426388 692996
315152 726535
606147 989080
408183 990950
649707 803746
534436 254742
732990 357606
704138 627961
253692 512708
693150 76537
364658 873769
151532 880233
572711 750164
178899 457435
565255 949433
724903 672787
261560 665561
888153 787761
971209 524924
728346 854598
421976 492464
537390 809594
163669 502994
869158 519338
379187 660383
943026 627152
528285 83259
465058 325801
591121 386073
221709 967871
826488 293483
37244 628486
494990 686249
593223 379114
827720 778417
739757 447287
100773 17318
325438 637794
256694 295041
453422 9260
187588 131687
686749 678180
757655 823593
14023 437484
150389 916556
476323 442835
720732 754849
248978 808977
872940 378064
397037 767742
417693 208034
452450 633661
882890 992517
586757 986183
761757 791130
270421 719364
933491 217243
354546 81321
382033 87740
845629 366375
909457 949151
174026 716870
608259 349445
104006 908690
265532 856990
56374 194339
837580 903481
966603 527873
452347 707056
402844 377433
81442 809735
79216 9514
173997 6277
604102 573433
307631 659563
136243 394810
460831 500377
797133 345847
831108 119620
625484 870077
314697 777391
894862 653108
824206 666916
711198 564603
797845 526798
340029 247045
611004 93190
42906 629119
706534 107950
256551 974552
440289 639875
710542 316670
315139 386716
340700 195036
815986 457028
820461 160685
424424 807171
76494 959213
191590 287773
238938 877463
708688 409812
569729 991067
900328 591612
207244 897704
11825 44803
908584 570020
73074 349408
110241 348704
350223 945825
7758 876438
631388 178376
978883 995340
135040 419407
241807 953401
314996 329495
963104 927299
850301 361568
205435 518593
31660 684856
379990 234623
618569 941266
254559 337380
839483 629208
295548 166269
939275 19260
463180 480803
384682 343429
662207 308156
684914 961079
519119 961197
315198 421958
393304 406275
182896 176780
124152 74915
875886 658889
535690 8998
508557 874255
804199 625039
863384 145050
310214 337266
732648 493072
201367 314067
253449 593778
389779 533691
496334 935393
502573 231407
897803 963643
84466 131500
591201 604515
311175 721533
694445 950508
975514 156010
762926 485546
284343 75313
327741 12185
143917 560047
600132 558307
320774 661780
430420 476174
604 485454
480693 576758
927253 392985
946883 795698
75079 768527
990885 615216
417202 397873
962152 52910
521283 76474
236189 355926
807949 415001
333854 260095
92783 331592
777671 989931
90435 819047
797961 645920
474733 378519
369929 329244
277198 858637
647135 323605
372029 297301
154093 853047
789927 411570
773627 385733
380296 924337
579354 348095
315603 646291
147488 106758
141475 335294
415354 864853
885620 794580
11485 114435
614006 485722
664517 387569
662605 676499
394738 325658
439326 829018
76865 289931
215441 479106
247712 739027
120364 434744
49350 44988
348534 565995
411374 231541
473341 698179
912660 480257
991614 421452
916063 114284
975557 143662
606803 433433
212190 73500
422437 557790
273936 33920
943452 958071
23096 116249
135929 36184
851369 262284
463939 679563
377523 622457
210205 382061
316577 852945
275169 40069
73857 769467
525618 970764
893432 950589
304510 560026
245817 715530
515259 820720
77331 164101
978180 897474
145632 966993
74156 54745
583298 999762
75910 165966
789694 454983
322396 524226
30538 544440
150430 378991
6033 897733
654934 12758
973662 856478
98295 902076
226552 549022
782016 900279
385306 81776
437378 570047
699368 519660
473064 738498
72217 860984
617856 936668
895682 866342
521323 62249
659333 717229
117823 150333
190890 946326
862684 547118
899805 442459
991884 874936
136236 780273
400905 341651
378528 414672
688126 494700
282820 182120
903791 613880
854142 371649
512295 841040
236534 177005
331801 329966
843660 749153
217411 285282
264852 327238
568890 160954
974052 283954
761841 288259
963730 917931
319484 249047
829524 534189
208167 164503
638002 500689
391110 701822
267265 425379
225156 233324
945059 203849
525403 260834
440112 189563
541785 799471
624981 693196
631842 578671
578887 13982
530482 74423
928213 496538
223607 614077
455251 28594
645702 672310
945523 149999
179998 497588
8628 478899
972751 497898
28464 113720
836960 309996
173651 934265
99655 792967
686995 500734
743990 500265
955432 503655
901367 149134
113812 83350
726295 119892
79198 575204
818638 505017
428687 181732
301581 404115
8239 872523
869021 894831
856119 424733
138875 997505
235450 648102
109732 229381
198945 983388
470454 83912
301605 113790
25194 63507
621764 319720
215228 556699
555660 972043
379832 627282
387379 315625
563352 43587
190214 451330
337566 190333
755105 59930
437193 770790
191740 177478
460809 799825
957153 625050
599821 237833
61128 434734
224050 995413
555213 178616
627031 957294
762566 283087
143290 156534
305327 706835
404741 971526
10045 598341
760183 201003
410688 593906
497295 229983
779000 521139
59382 757917
460854 796709
34449 479760
717636 955691
685467 81075
667967 414749
635265 495978
260269 908078
456209 501210
123988 108263
554456 147300
410381 984565
627111 174729
55454 401575
800879 673002
557830 910349
549963 422510
426743 460656
91960 569352
34141 800296
207556 720420
398790 837595
212561 187902
416997 391073
69730 141503
974441 658097
165382 864734
438880 460272
597447 306024
514260 476531
399705 432613
311167 885084
924848 319192
653038 547511
57402 17243
915816 12850
551321 985378
771543 333046
71136 640635
620060 838626
908992 144341
997269 64161
973687 326063
547567 512934
887974 786136
521231 957162
345765 287930
68924 421486
470695 933827
50037 153440
369632 301836
409001 10369
9242 497993
302713 427029
313233 140880
851191 55675
441165 311669
796162 286550
654065 150082
935429 555691
200327 855961
993158 515446
739122 175575
368016 811169
318614 373967
82650 607998
829601 686040
619102 418588
769165 869707
276305 211286
939341 476859
227682 524565
297186 848303
821367 957490
303499 590750
344045 851764
321195 557709
533546 415316
460205 343982
625110 125475
508550 988522
345146 414295
730290 103407
215082 950721
640235 524359
806704 285942
730147 313698
322066 936459
958978 978609
786340 611412
142207 661908
194053 721193
69444 297165
22589 77187
821900 431506
931621 685068
190240 335742
952222 895590
509474 204679
881331 585827
569666 791829
972747 291653
697473 760841
441909 622193
338311 381369
498832 880740
451565 974171
580664 438291
107295 182207
815649 351290
471444 672197
895343 824173
498597 781250
240148 218533
307307 875538
242032 242886
764831 731375
903759 748222
806401 208061
222941 118400
346085 483452
812614 419194
581904 679977
844154 701983
238471 321080
697964 168199
591076 540488
650708 774792
6410 465402
462262 693089
646861 532597
790192 443891
629600 813938
877249 878250
790460 246106
778283 997295
381905 265237
947910 666816
898035 50833
978632 673519
635132 309941
796171 910149
785382 53623
643489 621419
186521 227796
836148 426022
546769 546849
912731 4593
590250 470722
786665 115258
785767 760818
329551 509727
126986 533625
937735 722242
622649 36951
599228 923597
558076 41173
679609 32427
428861 609989
253433 759742
471896 495463
414008 316427
760492 941715
851145 103014
927273 369779
991946 555259
646958 143700
930728 464088
508577 126075
54708 634462
581057 25848
252966 448442
635689 939867
472626 12729
471063 658840
833851 763077
717849 153801
400497 891514
678180 125573
58592 500116
63597 876020
55318 746936
666500 980050
852133 176663
640941 929356
936904 220620
141813 379304
810230 21608
746301 339006
314185 950961
754815 510461
763723 689752
409054 648778
243895 171052
290954 861202
313894 13018
878613 97310
954149 678213
87892 101174
676078 25600
475238 357654
250087 813990
951120 749303
465424 936457
223437 845226
984752 127489
587215 506531
602916 283253
484621 417257
363344 588097
191147 576720
982036 532384
820190 289169
86156 843687
879247 540226
127404 813580
335890 62295
411624 965144
268260 951657
402444 912414
908999 38904
191372 66777
108856 260906
167112 250222
462892 720922
613200 104397
857338 627918
788692 341017
667999 524153
451980 321707
386162 364867
900070 91942
16816 122862
949318 914866
686934 165924
146379 679421
654640 666774
85213 990980
258868 622499
679698 422485
67509 32654
612278 707386
716231 103445
882570 530834
170392 484980
562306 217321
905887 222850
650426 411082
179635 133176
568238 369832
126196 850545
629530 450639
819663 776607
282752 924229
815451 449378
47803 184676
958441 982332
247680 502973
351088 666108
899061 521508
846927 190165
691853 180102
137268 621858
94691 181184
211466 509691
658218 270617
949671 93586
645912 387687
983749 526183
216787 721600
393006 855730
53480 693040
557866 421579
516484 271085
105901 232856
319926 553613
909775 760796
318243 446711
8812 794431
78728 161838
631817 931349
577012 908969
592565 77325
243090 926694
374709 448284
569726 976356
554240 804735
196911 696067
925423 779053
767943 574286
700042 915726
273973 597648
612226 770628
569004 975884
157899 218258
739671 247929
28109 329457
713133 958616
728012 985138
536736 434854
759885 558368
449012 284421
213691 79403
326059 415479
875317 808725
6303 984088
777172 807380
391072 47254
984961 193704
943898 217141
944538 764126
597478 727411
473253 273058
774249 658572
427546 600552
84127 529824
976837 245579
295909 433382
929781 623217
423932 243002
722153 988986
814081 113281
792805 134715
82156 42665
45389 421436
905688 851324
265320 840039
209463 575236
35839 56319
792677 914747
330662 910589
337765 294006
54961 714779
68440 927060
234812 870418
705787 743581
1248 340859
208818 487178
751106 920652
850206 845902
998220 344680
594657 418351
925730 73361
498479 256839
534743 332522
263547 432292
587154 564762
816746 401973
260409 894063
917645 350307
2391 97580
527346 414036
347669 160693
684243 75952
243840 824377
225606 569729
767251 534219
594187 200024
403725 805187
364253 22183
360464 276777
971729 1711
848622 868396
402259 142977
855961 54834
466268 150321
804739 929559
511140 424406
457823 662587
74132 382803
749383 894374
390385 685756
494471 492457
213871 797674
444541 638525
753312 811298
23684 759542
408648 5284
106926 555424
196132 228252
991897 534245
420452 767116
648809 290402
548269 922639
846714 613346
58528 504060
504830 592093
124416 992714
303903 78286
911901 729351
50950 838209
416877 163921
500782 237276
595574 709330
578670 523572
309633 905503
733790 62285
494867 34540
755904 45047
844767 811263
974159 218490
953906 91276
35477 705956
923571 33098
657279 152067
94597 962695
614573 335014
977457 910014
918711 95481
491685 540639
668878 989327
299758 120689
358884 968408
122042 392401
339699 204274
632935 737881
786340 325578
603667 727164
972958 756506
777485 577056
915892 727515
363774 123688
255721 274403
751556 508219
124248 850900
146067 464108
54555 11954
318244 388580
551327 145663
803241 575239
608412 627289
720446 635753
895169 571382
458356 52018
209908 126272
79802 884830
855813 661432
881478 278409
921700 826335
485704 499397
80164 880875
460783 720360
267897 864432
99370 122944
633598 863635
301024 80132
56439 80839
653917 344354
391135 102756
656937 306362
1910 520451
301979 709007
268174 214112
889047 37347
776477 967709
436131 945452
485227 799160
192178 136589
237607 678663
101146 679584
790267 821818
68286 603166
579927 629700
78800 448909
82372 257573
97631 940552
397007 635571
47483 13713
386707 486501
538888 802140
150224 412924
79752 671902
27169 701327
432446 445983
911089 976695
226813 996677
472227 823777
408152 366500
811948 787962
257217 337794
102390 463605
125900 694811
402504 961679
767435 557283
649779 459804
642343 683440
72886 846376
855353 482626
766679 694821
556211 501642
270988 426345
221025 260495
850867 604332
285084 928818
464941 699622
538990 360877
966717 103739
41494 62583
933506 434577
551022 280108
727223 955198
868256 857975
934205 503731
268844 927169
335480 476418
436157 561391
690761 116231
320431 296241
579465 433754
238451 492461
171998 206047
780582 545809
396250 779878
363153 707759
774154 977576
120674 609156
362709 428620
719177 393447
953154 501863
60338 293354
758455 258730
939579 204918
866214 384584
935618 443790
630271 773412
590848 277999
18063 662427
242697 489368
871344 481193
436129 148494
985737 51282
232135 707581
813645 6991
748376 867107
556614 137119
798307 813986
391918 841349
225452 221409
22970 46402
147762 550706
860348 804030
825584 615046
874476 918798
121763 216657
309014 487032
660187 140148
148646 564619
288064 518132
608915 574934
32276 412579
84572 944506
436131 131542
115475 296472
249947 468196
56364 854638
458094 635895
709967 339353
529470 756361
994223 969440
171706 17506
529761 253253
31733 711448
374905 137302
999108 850408
882585 134359
698237 633773
168083 234847
434935 430503
578856 738321
716254 399153
73209 235073
618668 420761
133453 154982
658620 597179
9658 844652
417615 692144
963495 545047
453999 823051
769994 27576
727953 159161
885106 587642
222889 761497
711548 115316
882211 821161
145027 826305
759866 239976
248951 288996
215325 572022
351218 407860
306866 659489
803429 755198
406482 265264
565173 843858
273429 11524
78279 485564
325074 356753
556435 625214
643539 616019
675043 827422
840352 452356
68403 822838
541168 478195
220524 164840
122381 756919
953914 250738
408427 572007
931313 367418
512166 788219
133651 344264
420031 536561
919529 679984
809729 112237
977591 523050
587863 677198
571667 695001
378551 882378
68922 665008
488578 943254
443190 125568
897879 164682
981040 367683
274449 962259
181564 840957
952791 974969
540058 217851
402591 483049
601127 690792
72023 734438
201431 823277
158560 212224
246007 334840
418083 37347
252967 458272
533531 422066
581649 993503
870541 606021
647695 73079
401017 841258
906804 424564
337306 919148
270596 665846
162446 730215
215160 273402
392792 20192
686118 439808
273246 69256
1494 331353
46257 548346
955814 96957
63448 426942
707648 358169
53319 809625
475178 491969
48917 513172
455647 662235
588928 464238
110801 630436
338456 100863
366685 416490
660353 60619
357941 212160
943752 961119
123489 854695
961918 13804
671663 584892
302550 34900
736985 562902
70025 367117
335830 242632
937509 156168
664656 302409
711679 768432
397364 720328
604464 691404
408907 775364
64568 997763
858671 148515
900811 462318
146400 9102
815674 93458
715649 649538
225527 666868
909037 626691
716287 400221
623987 766674
73977 733812
587961 330765
144957 611662
527414 388505
666989 275635
160149 839892
408620 660850
120141 762583
84528 835056
498327 427856
214665 954855
452426 256732
860120 733370
278952 894770
856971 128417
251421 54083
223693 464291
430810 189477
195863 213120
658434 976395
340300 904351
121604 881269
49575 228914
936079 829785
824742 407289
154922 72577
329558 236914
103241 884184
816660 86602
235242 474656
569217 978699
246577 836357
286420 98353
801228 347493
117695 197406
916038 165652
841779 9173
796738 625475
757948 488182
988483 409404
463245 620709
784765 212635
387849 604761
988003 588079
204247 40992
710747 713518
544341 672908
16949 352097
233593 124230
909614 119196
594769 483210
382032 695905
567177 154768
852799 764066
809473 360540
459990 569239
508355 676629
901875 705678
67861 840509
15303 271420
102996 62603
244092 392435
412838 102104
592836 318218
184553 802959
347683 808218
850299 453377
198890 688486
107491 551050
789279 343387
107804 135510
723582 885507
539282 612388
898056 602121
995092 606372
414755 10160
960461 706639
911959 107796
354518 822417
70247 791192
130535 907714
868168 182894
704041 864101
802158 839476
593171 529456
300219 864640
760460 712046
584926 71236
526082 243868
200513 526840
569116 547511
361151 769493
118041 683332
212114 29756
293914 79627
367898 908822
513984 114965
165154 84524
404013 103920
369585 453837
430378 537558
397013 416517
974530 569398
910657 292040
141967 6074
136007 669139
382061 240172
934429 687693
67842 578196
826141 102931
204284 506038
506152 364208
82232 523683
577839 276977
937364 478631
633894 969876
715275 142039
173170 31783
975169 978277
42706 53262
269420 4119
125165 461436
761880 436582
881945 335779
681722 583989
492974 934692
422581 907467
306385 892144
529996 562196
282043 984564
905576 51822
531407 166346
642104 147070
422266 541242
73122 187204
715526 648628
254723 8639
963727 877333
836429 983811
405918 193418
198593 792727
246386 209203
2595 125967
872971 679025
454711 845083
886581 718424
713752 228970
680453 698724
719136 336528
736676 980186
408679 171186
886519 580594
99198 423511
126211 434615
745153 370204
419806 715952
112001 478245
360738 777513
537533 966339
544520 890900
325478 832223
878397 214064
840707 719377
31315 47315
463073 503857
685977 747306
443325 779346
565701 999336
487639 313693
914087 993917
780236 502020
131604 484748
377810 682789
539963 674347
667121 537956
812571 854945
848278 80458
192189 112035
858762 668829
854015 533265
303864 243131
141165 523043
532850 786972
96742 935298
913212 182607
65294 161035
79797 306263
787984 746410
695030 951709
365092 553346
347799 24039
216594 876319
856757 970390
747282 435291
189949 343079
825274 676083
576755 557850
421549 795164
988441 819199
917013 409637
459186 449327
979126 266678
615750 88566
211430 302441
926020 4096
520100 34693
619423 241689
597767 237475
479124 534623
23166 702567
581769 203340
705516 983007
923750 899382
224397 410187
363268 14720
165965 453660
876103 259240
258094 373046
392521 867139
440355 864073
16753 619644
958372 974041
722877 381782
789858 236048
836285 481862
399507 947666
337597 866706
346719 374613
355267 460228
318533 923263
583754 118819
779607 599821
210256 418362
828724 932035
907088 717060
729518 287033
495055 71776
328414 748766
133637 336048
975343 114211
753181 754938
596325 657904
775317 262633
952027 351550
926248 434061
314497 488721
163186 847342
636673 852512
50726 80459
524104 955679
428632 900191
68762 334120
688930 551742
243057 845242
113728 220791
341942 222051
902872 354208
715029 411085
570098 57312
910542 185900
323953 533183
125638 144815
783734 638331
437438 930680
620282 219972
298664 641698
740904 349752
327895 887701
899295 829594
295733 486945
173420 249771
64820 836057
174460 144342
302729 931162
228899 566139
694623 571216
433405 636679
460616 496788
845237 136799
635758 440428
844580 448934
692566 122538
554860 250103
604622 332014
820129 236705
507109 503096
716742 352257
677718 34474
793775 223932
796765 73672
574106 920843
308238 879220
757776 655010
123318 934171
69412 475270
196793 462021
350357 696050
461619 856254
270642 805514
639205 496667
902185 130194
425701 920914
700889 427237
88702 168568
901035 161282
143519 225745
863886 803152
897371 314216
383525 30589
703609 187369
144425 784578
886843 912483
638685 519045
484480 748867
344892 817909
666737 591661
828655 537995
188010 558975
23617 127105
546307 839576
307587 977001
556169 670372
127305 330986
776112 454137
783494 363326
688836 324456
154194 613955
74371 97888
970066 393361
681073 494977
969166 830896
673530 725455
741696 727609
34530 195358
504012 920555
246868 325274
362990 683762
867265 138509
310250 942106
627569 379855
295510 124253
922937 861080
574519 222240
838555 19765
957532 821617
627177 31109
500906 689676
433600 121000
327637 210589
982903 91226
291138 230337
373233 806955
548325 39732
765853 249254
941559 698524
758219 708747
318543 639823
253995 66668
584240 666560
486472 67107
523324 301903
116014 193924
488042 598434
867552 694413
396461 302997
339060 405483
902853 167292
598093 401168
77289 368242
633628 364156
530824 996549
571287 325373
977439 274855
446852 94073
17557 589399
616930 766449
164573 163226
18945 429432
824550 649802
871618 889170
653869 529713
798594 256240
476985 618257
673333 214308
723148 246774
154597 212962
617429 837242
710185 864898
721455 464381
179791 432513
643101 611341
795126 186373
407113 865460
406612 830931
306699 162117
311215 405121
964679 244507
901548 53627
221320 381891
400668 834076
354400 533865
674781 229307
612757 200447
880 335168
260892 213567
987737 194170
652924 865201
514352 501414
598250 973696
450875 808279
947188 665591
284009 369065
410604 333207
39968 592043
729949 924484
747206 200465
300144 785178
306145 665221
232659 214002
698020 45208
300703 61782
945937 540505
776425 516612
81864 268362
319981 129577
231190 831696
721441 665898
241667 896756
759502 106640
479005 403853
626595 32408
328085 925940
887793 315377
952703 135435
349743 603031
955332 943755
328094 504921
687537 478677
486292 810523
388778 581290
665629 391641
250168 189553
938589 527606
746293 407864
902709 785089
164539 345034
970379 704444
828711 234576
751495 29274
306794 443295
436779 654745
434742 709059
34720 913560
146382 10933
406505 976818
738661 176591
955082 902058
775380 109175
33497 398383
82580 307361
965080 82739
321575 239757
665231 78669
947582 8105
126257 67532
594815 323586
604588 838435
412754 871079
703348 791836
978220 730041
459946 176356
474640 785648
275048 132444
8509 306801
214984 297859
629192 48379
350957 635722
395375 204854
690050 237494
703555 45092
770739 575980
622641 8484
507037 380907
478282 238894
566209 157741
290593 529940
837902 376676
331954 234244
656314 126341
24019 918702
205731 762363
79701 853231
473992 173766
881942 818641
609757 683017
433284 771356
604915 354697
288692 403269
878966 957111
678898 199802
678793 513675
70387 769627
478638 415778
842749 282628
807487 807427
829711 132013
262447 181386
167238 505465
158195 135442
609468 525829
37176 614974
578038 997020
83876 9729
337385 90855
659198 268878
775484 618309
535040 888287
478023 694689
110983 856303
589991 654243
593999 288463
895295 513073
100010 877887
341598 688600
297305 45027
202605 680502
355333 654269
871913 158752
27471 362816
305070 939227
210541 324930
379676 198258
271903 858189
111094 950121
748705 345794
326075 162650
403082 565368
559239 64187
979516 456407
552005 60590
527213 482812
329515 58418
626760 797503
600892 777568
996705 478948
966361 210435
459347 138299
280081 760967
601733 785063
60698 281200
95884 500653
78918 25205
29820 406688
223137 893047
210288 779977
100899 237543
160313 564488
515036 813993
92898 367467
974466 400139
215595 179960
483574 26557
62572 452096
834257 568211
125099 239586
343139 540755
242178 252884
989450 437559
260434 388002
789064 945716
871184 311739
160361 302609
843582 261947
196677 701377
48198 18286
285522 716105
697517 239368
671345 10579
713272 701285
606069 864705
726958 799491
727702 644725
203087 587399
72900 973388
692584 504141
69993 949170
574634 214959
421343 670800
946273 983191
250817 194725
808905 59617
476044 248702
247462 305147
447426 521357
614145 846541
65158 773012
143282 89349
177499 629172
935846 362951
253006 682954
319472 93841
202527 439893
766154 258758
579397 884327
879831 278976
941556 852553
528891 570442
223800 131196
687371 177395
37201 642603
176501 378070
950537 294602
940836 420260
786270 239738
207261 665147
508750 779580
355740 657729
236760 709483
596987 912549
311069 327380
362200 548778
539095 866378
394468 508098
49201 687179
813474 225858
168163 728328
418855 850046
44594 305823
433872 552497
568472 406857
470613 187979
957545 440299
122976 480452
653568 801622
847480 791664
850362 863871
416705 200103
850301 124161
894751 646452
381180 822935
955659 358797
808092 880172
139632 406601
708691 737355
279507 841115
704217 718794
161707 894562
181548 664336
463659 513518
175340 77129
586440 941954
354144 912734
318497 605063
442405 576289
210857 907986
130052 222525
234445 3402
317238 915678
66593 33718
489115 689548
370995 790796
569906 424268
665944 358564
933171 443294
829455 410154
808252 792766
536866 215324
38842 730243
349018 321348
655072 881057
425551 263981
559893 639221
385150 44138
676703 425891
975749 770969
542122 99430
631998 28825
874820 76608
182031 428143
361018 460108
885837 780146
836742 760904
266766 911327
860433 467377
600566 609144
428766 405829
175374 42559
954652 268143
854941 443092
103177 95783
70914 974992
853521 988542
441051 298982
786499 175436
261409 596700
499294 51815
92739 601686
638625 317679
309145 154915
62477 24334
196728 611493
212808 323738
788633 2830
588460 241039
422117 342646
76637 427335
851339 310398
919656 349808
123063 8829
525358 67633
996263 22403
21826 678718
274109 665826
769898 58997
650090 241713
854663 701937
537058 212412
326258 716846
731256 287853
62005 480764
219777 975918
624329 596441
189593 117061
479628 90772
927747 957602
430821 67646
261629 801836
945337 82450
938053 598889
900642 802526
797068 24756
322471 511743
852525 767889
868985 978482
531322 443665
662654 932020
731714 592624
467779 552580
113568 576621
303018 651402
502525 640960
894974 102321
222169 526082
8899 483805
677802 792545
369610 9065
643173 723737
951720 735332
21631 685875
971222 472258
207940 489282
793744 25562
369269 394292
727137 270890
802956 627237
372941 39375
179179 520641
17622 931490
622662 599081
300449 327036
281386 917587
833852 985868
956761 721905
561010 289388
481192 848150
973880 108583
948294 981465
70025 832551
703993 474093
33155 9931
973942 927848
709337 105884
497197 912672
474118 426786
875432 353291
786227 19584
528281 954339
760608 53569
705333 693989
140850 211858
252171 59111
590981 910007
228947 96786
199219 261993
60871 866789
766902 843289
636048 471978
456059 928847
8593 74794
345499 160610
261697 410337
641931 653290
986753 834912
570212 213515
52844 479430
665379 11147
815898 259417
282150 363510
340557 997373
909856 432065
714408 369565
228506 256892
845759 876846
960590 72054
808591 217983
881448 522603
209571 5432
401430 124572
704712 669288
712259 51687
197078 883387
953187 687145
401664 891907
739673 799758
336253 143396
161502 357558
755245 713575
778421 45560
956668 287310
451134 857999
54591 149734
210398 638810
506880 200124
685839 955390
175475 417045
397540 880649
614754 825399
959121 243824
893230 191469
907772 262235
32665 25636
961771 884531
414036 797587
954490 709583
261275 673102
583969 994163
557247 876470
723934 522171
134279 561140
725458 269275
162999 891685
711095 902179
638193 108973
26989 369009
742050 957344
621927 644640
552677 886415
913836 785715
40348 399967
446407 277653
220566 89502
376671 605891
332496 699891
560473 219676
504577 207021
144384 762854
353032 674837
850131 410603
70441 782998
128199 783418
432827 314292
460445 724481
878380 703415
259273 460659
681586 713701
796919 533831
291608 65118
937087 342561
221179 6974
604511 477111
504751 489
249480 769734
272486 919102
766986 271655
975919 424773
837214 438824
564385 404524
816227 931725
400233 97178
358650 197101
274654 137695
736207 449587
529976 650561
866649 279054
447473 726172
571069 311760
284367 847964
478401 475729
80647 477021
820403 309739
96509 104799
117473 723584
372262 487136
547258 860455
770067 633500
98377 148379
256475 158396
446781 801095
700101 294198
96358 222125
750531 396737
178920 369718
527618 562757
450706 137093
356984 498728
490078 277828
265944 392500
843770 287271
445697 693689
243511 902036
769334 166949
317872 242046
700136 450050
567715 578216
193163 464622
973569 959056
772551 594101
564149 737534
967389 541648
62952 193829
347573 184902
724296 873608
736022 84779
108005 182319
186415 154095
62537 552038
987214 795617
561269 722552
925881 677351
958577 777239
386904 125963
743963 860801
341582 263797
444268 376778
410372 314400
654189 946339
468227 217457
110973 34703
872218 347656
371399 975363
198436 67347
124462 941803
981792 251849
926541 49125
221690 801965
187001 152795
663626 252755
531488 817898
611163 853078
129611 463228
555355 20165
123089 837075
870683 860219
454679 115520
338928 451579
237833 615556
126949 784654
898423 265608
344013 828450
340761 58705
924616 215879
475353 879731
271177 527237
625786 864506
922314 610192
506564 751086
253109 527040
9452 347666
72210 838519
673728 407903
416817 215696
635541 451566
171181 638825
213273 304640
366414 936558
994198 147071
972152 513744
530811 536080
127707 545091
582069 831181
987317 384920
303347 592272
112300 438514
386992 453376
184688 752278
791838 917302
326301 352513
801675 122651
565566 959286
722629 74200
899380 355840
776134 663823
647912 445037
646925 603743
687531 728329
977971 198692
296976 355811
359606 551987
543131 580554
299117 870240
317327 156110
376506 754901
22758 471858
898192 86642
277235 951751
822958 7640
107038 638560
832765 616238
755365 380066
503933 22012
31550 86172
706017 726194
893188 221780
140543 988356
491015 212601
887732 673525
43720 767364
262819 852746
477616 181232
139857 965654
663643 388891
560858 619740
568997 135990
923408 291089
965986 777324
556204 986289
751834 813232
621358 404751
307485 555515
969885 177072
628295 126795
853095 425525
318027 655146
656343 957600
784055 634512
948647 783152
109658 447410
876328 5870
204437 379864
497326 707855
491683 509992
833979 605198
535898 777890
204091 820611
878270 870649
13776 209382
372536 831947
317988 693048
284863 801805
299831 289261
615746 792801
977963 140473
203593 356339
500894 432472
272456 411356
50818 51203
342825 800
307721 372464
640960 164793
25370 986819
774368 803111
934568 158665
814279 449436
684218 90427
606839 140483
295327 884297
783495 436832
819834 841266
554326 84040
368996 9369
831171 472358
859233 368818
576894 751117
761952 96102
690575 777201
206217 214189
452276 934020
176786 457010
679959 827725
89297 183269
22210 926774
851397 66501
560208 440580
750330 334422
905069 852088
959034 631093
701178 709583
189829 643393
250780 729061
709125 299963
715043 891866
613894 770642
169986 152480
55320 374837
961187 898022
953211 693499
537862 525131
389048 66929
736825 315346
948097 686560
642640 238147
40685 509964
967563 857332
239862 572316
209564 576349
211114 495840
121428 581114
373005 826953
12008 503216
821150 601537
789870 773182
671149 612637
455423 369295
985844 629001
193546 556091
949259 458741
517822 54533
24092 301898
872547 791608
643235 465394
863239 510499
481351 224547
610538 842403
711065 795056
402962 599050
744463 970535
545034 760920
275022 98341
362030 662207
206288 495545
979287 49868
539751 599077
356285 584532
958360 499263
148647 792121
5688 73014
823561 322681
977629 612680
164260 421494
177470 30824
742596 980417
321030 284738
837534 377793
815697 517863
671892 46262
258763 423551
752962 801668
77721 150577
976635 197205
621069 175126
856449 943517
493390 588109
627435 405837
532548 7987
262194 948319
265967 825946
520503 995307
475784 945485
454742 230767
635842 327237
870939 87527
547294 781323
713949 202171
610007 57368
289253 419894
243827 888332
286746 611170
87312 360878
146891 912580
55240 294941
264549 798316
926590 248189
648043 598183
172046 236512
109575 513462
381259 703804
482507 753915
207677 734961
715656 61360
534944 838239
755453 941885
107423 640044
820518 774857
301144 384164
550313 30938
953732 894129
412096 604456
214292 868463
894047 866182
513547 541777
10923 139938
795953 211486
807261 600738
128131 328249
593736 737156
734940 547540
179566 489503
548150 814536
676433 506104
632350 167595
911651 381883
247215 62017
277407 652557
716846 264002
948661 619525
612386 611141
461774 989577
144594 179733
599327 827696
427544 93497
204812 831770
92574 700078
473644 795049
974887 328047
439135 844259
950882 894530
204982 454292
513002 611354
232661 277373
567355 748609
681989 457568
892365 809086
239403 211598
130755 779196
151198 696330
305270 955129
205568 160638
943285 372590
170014 854394
388082 501582
611475 333569
515822 467664
84798 357024
730085 659254
478923 708325
339986 95136
966600 767211
473835 456448
217135 402112
254302 665546
432523 169187
414895 947038
314868 317456
321622 996231
600907 690607
741827 197431
407577 603371
20228 907107
297089 420913
18659 206818
582861 452886
958290 996247
119451 324127
768000 932340
250968 831923
114673 192457
82985 662594
192219 895186
605344 401872
8897 739210
51359 262458
631278 108330
186954 9624
624828 612617
697351 441594
992606 777522
93555 996415
841343 933494
415449 834492
905224 150126
774557 252122
598665 675248
807765 272918
123649 921605
600157 627695
937958 244028
415667 952400
393371 514692
446327 8455
89272 676788
907829 724798
119961 749765
192931 958114
57048 323247
496145 503126
284551 954321
454679 812774
546038 82373
655973 117250
168932 615312
46675 632596
491103 427425
649034 435519
550523 731
678269 855382
258495 452462
87451 515187
542637 605758
634168 636310
494397 58369
122530 703034
606565 162377
669070 367060
94010 423882
164632 647291
49612 887221
860109 699240
90295 926528
191497 68898
17328 75418
628469 392350
743907 708960
139357 284827
232560 717171
394627 276095
307667 600606
677668 326346
354377 930402
63363 679234
618224 80870
48175 13600
555631 962660
761919 331689
37347 385152
366109 344804
401463 105947
585673 281526
38179 920361
147178 845313
760879 609452
494394 383163
346098 699677
389009 934658
795726 395286
933383 461450
309159 721883
684076 128265
444959 904598
134376 846081
116862 269721
870282 542054
12241 39113
971180 414421
661012 951256
61111 803004
137118 281859
124982 633437
625524 828738
763561 841210
443728 816307
421102 59672
258813 121777
