411995 27819
897063 391002
312164 231060
78181 127585
767384 860985
819162 471665
410358 666367
137117 578728
506370 960479
650470 387525
659984 19144
571778 412619
62087 981889
15896 15566
236436 317087
886816 643594
153731 524075
361734 379416
769911 847612
533189 610012
932753 606465
237814 755136
547781 141205
81485 956683
831630 13456
854182 912694
821968 140419
117475 957284
198075 639322
227658 962855
816019 393899
610020 512522
352399 251719
447524 88814
786065 599504
518637 81986
115707 747924
530042 733654
996855 439329
63543 793225
160053 205380
114400 458969
368151 966569
727276 891410
534317 702111
607003 150175
609696 442904
421451 610848
764637 887071
601621 957290
214162 255863
785196 222317
651088 692692
568872 500057
930188 477275
17852 703036
304476 857800
497921 508169
52753 389626
7502 611838
59051 118142
713703 861246
790850 338804
890080 101113
497896 252496
304071 320148
888088 761945
615499 929540
376639 21397
625046 93507
996217 665547
10203 463358
482516 439680
326390 597803
334195 352271
158295 26302
492665 458861
567374 359779
437516 40621
862610 435315
95788 166305
468850 765628
897778 641312
554303 243702
294744 761697
919811 752476
643690 16592
721295 917233
837012 482390
164391 725358
161740 915350
110359 830080
128400 514560
256752 512308
32698 166969
158549 940112
48671 840264
138158 849993
103554 738388
585377 191026
893059 912942
875816 612397
268163 796391
611646 736809
789844 671442
262 188270
826651 979874
204166 382537
402418 305866
570589 256369
611913 586234
89560 961286
317119 775835
307029 354948
450477 839780
280595 841812
986523 831195
460867 598786
577660 191525
551598 993137
950662 12345
352105 788742
682736 282698
624417 123842
33528 948575
307417 403708
645373 340390
765803 21612
621741 976159
347223 938052
767486 73316
238552 219509
730404 309961
92782 155378
910575 129688
436413 805695
448355 770641
158329 124390
258484 448355
166219 219697
128923 876864
933327 153903
742732 442051
993163 45371
726319 364744
474149 403306
590491 784638
154543 174040
584469 267616
560267 398464
763578 910832
456754 728208
960099 570245
95824 566569
275961 246593
915579 629493
460353 637570
989276 765569
538283 391220
713279 543061
426117 906137
879332 511965
197381 771891
262492 933835
734380 663420
487830 700801
539323 6091
242150 22074
182837 3144
294033 64426
238355 891168
534529 688624
825343 414374
138042 257092
664552 705305
416356 418982
805949 649009
19338 91304
647475 435023
389011 358600
331964 44580
716106 619650
88043 594406
865123 715324
303877 376727
566819 117908
18332 705106
742818 823640
78996 611131
430252 928370
788473 681134
58452 460957
807897 559807
836911 736533
714248 827592
919050 434277
353792 174562
930059 276876
10605 471845
95380 127553
613893 921257
195871 320960
130055 340364
440422 862303
65741 765948
226176 466300
740985 589522
204306 585317
998851 297584
876502 161069
829951 78176
492813 634502
870158 349653
730941 567434
10556 628584
920956 193071
795425 770976
45094 248759
176261 808795
6504 252422
548979 31467
326128 102024
298592 631257
318016 423187
645453 402351
96218 603967
572173 659652
896096 258060
893509 984327
622070 858531
390963 394192
434543 128018
375166 427342
181086 354029
953073 8913
890028 212362
309857 65494
692827 72716
178959 477920
45315 609423
674820 474257
770579 125178
4644 50344
739906 690748
367758 79948
202181 174418
657162 906482
992697 17967
955612 130436
488971 853924
653424 676962
895616 303460
249530 746628
521988 138607
60813 832909
766487 461091
367063 223162
534906 475947
237207 395059
918156 725504
553489 860252
415691 385287
505238 631126
250161 516533
228127 72776
993342 550622
271109 716404
442370 130278
167045 636412
965008 277022
311565 952993
665177 359891
653779 608787
640244 791767
589694 824970
408272 444163
22807 235334
7188 406893
427498 925868
59355 677994
670064 745615
144147 853161
39796 391391
473691 886660
124659 989557
19701 892432
648369 962525
803673 45194
114663 190742
191899 485721
567895 680924
762405 703043
36307 567536
380433 990595
669382 846580
46480 722834
649875 955935
378542 667133
646944 233476
146194 373673
402871 161418
707828 298989
651366 407757
832468 37677
786861 340037
699075 692045
832215 969396
490137 994275
741515 334916
519193 894649
669507 385016
960471 180767
890174 772854
522706 861026
904514 894827
231617 553560
646373 676670
923444 225942
507627 58655
939337 417875
81454 432324
755036 351409
401035 253870
756711 800833
314532 913166
3345 557235
128931 102146
697760 142449
525170 74371
160171 504319
182254 176500
194887 742673
710178 726090
8935 921625
361288 458245
325824 691779
59062 510450
166914 49861
648138 844879
915054 156430
338584 985868
558285 528556
66286 17095
192610 420839
943727 315039
623030 118748
921039 771788
260888 864455
569846 794943
115467 770581
522889 281039
481319 281474
588366 201103
446046 786386
298186 138886
94476 575187
11224 598734
397396 382169
766645 751599
183142 430155
819252 309184
161200 562207
814288 345895
885416 181609
707424 769591
301869 574384
944168 681700
156321 832618
768473 535873
725399 752239
747319 636164
184290 16253
399364 918107
781699 827698
152871 297083
25093 877593
42444 880701
874880 234122
690210 575816
19112 151599
742669 56996
63476 405669
491502 242579
659825 886462
110534 601310
876348 589164
788714 593309
273112 975311
669413 408098
785631 258889
433393 685551
646041 837197
591133 950687
694005 37233
71001 53814
351067 423491
568794 234911
333359 893990
673160 659578
938581 860977
241013 401118
423585 60759
80685 401794
237968 922802
626120 386970
36066 696161
328663 131894
502720 698135
727508 273470
340541 547899
248500 468857
460804 602797
506567 11719
750610 980712
769597 926827
160076 639854
375089 651852
461104 352139
321678 860231
609243 284459
222474 138408
537499 575343
319532 310964
536060 117102
543224 7999
107377 370855
674928 121468
314942 802018
628495 636594
145602 253982
819462 103564
573326 42034
180377 503355
773922 476579
724963 558970
324270 430358
205009 619172
466083 30003
46683 802654
804911 295843
676313 926836
819530 909074
76910 645640
78092 848890
120074 24224
982580 568291
8691 129421
17577 221241
459772 62254
64764 321093
771861 26302
368481 94506
325641 390959
277805 435358
377322 743459
540574 808286
34195 774365
202956 228518
797814 862016
860664 489122
821254 629030
93406 519824
954466 638238
50884 976070
332990 889425
5779 228733
24796 248853
346894 100098
159266 646959
757666 358806
523278 605217
574832 668219
810020 69517
989085 968686
77620 575793
922388 555369
619985 729966
590886 81437
299842 736073
927825 706744
247507 13215
54754 861056
957808 449325
102432 236069
716574 27308
803553 578812
314003 138541
682915 934252
806990 238430
35694 128394
350983 664507
176298 720878
354114 676482
443816 484781
373149 61942
336005 246381
617521 379315
664749 584915
993391 509487
635529 198934
987503 483960
401498 382256
648183 504416
834938 378635
763368 962199
317265 196326
84385 979314
882039 908855
223437 424414
435646 569800
154464 640580
287365 94217
384210 316751
79269 675192
707646 768405
526596 350980
2611 628258
836796 965912
424029 656793
420189 571576
976686 396356
246773 180351
360753 996002
699413 440914
202492 459912
223606 998931
311664 425228
966418 164925
759317 737340
861127 454305
717156 203700
268103 242306
403609 499276
376346 200942
936067 937409
821830 921713
57780 310548
766131 878050
283287 494987
89805 561321
879631 637351
636024 706483
287675 969310
787907 983371
853486 623392
917901 751470
847800 868523
189293 379071
517978 134336
285143 383718
826660 47535
953233 430995
718899 844028
420579 769870
724613 835687
844308 508580
988361 353592
233305 283132
814601 991376
353172 488619
900294 151447
971731 999655
323355 681060
334481 696049
953824 729888
689527 247363
365114 505536
384556 242335
124285 628565
203684 338120
62959 657390
288577 551709
751824 248239
707328 277792
571858 530679
644873 175357
438254 650376
400214 166256
197080 996560
512106 689799
373792 672040
388178 417611
539128 93753
684192 902150
378466 372449
102476 531019
746200 743405
108759 981382
694498 933857
481973 270556
940333 9479
569191 118337
178157 320424
985807 729041
576653 725848
504214 847779
352851 258190
321431 392071
895593 568813
12867 957686
129570 639206
288639 515330
278287 491413
932019 140303
428002 677893
253456 928282
517974 211398
573002 771060
98957 47484
645464 19764
726787 574523
362748 44970
654825 22989
597190 123606
712675 977670
582252 360250
864278 862424
984845 725830
708353 719558
324341 821716
172592 380451
851154 8810
183892 95031
493153 7613
651697 798555
557917 83991
716581 47838
462536 892968
383839 359178
176030 583044
652610 413053
688988 489384
71113 315546
637303 978223
269411 208163
348068 23814
550321 878782
424442 118826
82678 239033
226415 198043
48138 123908
585523 822197
883607 360138
44164 721500
519239 363697
798312 716273
552223 142981
353518 711557
851228 87936
970015 15580
853690 740863
415062 393746
523446 876955
582080 871052
926424 536389
320124 366515
725887 377187
432116 461673
278525 740916
255493 58741
985077 332656
911622 445549
58836 672372
168901 14665
327510 488449
789705 479857
536425 742888
810308 209059
553847 407201
775164 614389
214564 508075
295772 595023
135340 514519
679387 645507
33877 590640
865717 829721
669129 572135
207973 115297
250623 234173
596230 44869
307838 918615
881749 126703
933874 808891
243263 595204
232425 508632
153228 632966
326865 88188
409403 673465
452382 272040
987935 931061
907276 271076
236657 544333
155058 985895
912225 228527
94734 697412
506553 794818
743754 994674
865831 915707
822582 638904
399245 95967
468265 197702
736609 596887
265744 354077
126318 632471
696683 730120
759594 690404
986970 960389
805645 506289
833714 26
195277 197565
73916 127155
427511 848782
562390 804457
319289 702118
870979 104407
259541 731654
111460 156919
48986 105199
783364 498761
265805 21080
279914 4683
241583 392160
156627 40324
770486 108795
121663 759822
497420 200460
669015 603505
802279 870824
450182 10469
202852 93514
235456 35084
986294 595427
134666 366969
828096 495514
537687 317734
48164 626070
890259 621666
43723 925998
538658 520073
170350 974869
314943 793119
234341 918771
372864 518591
736296 146548
959575 308727
37085 150560
434381 482559
929077 497478
215564 679843
80428 192898
151598 853596
928523 56192
321859 406315
847896 153695
619504 735916
600416 484272
907673 138278
565588 992546
604052 537350
884791 521425
524566 740651
469304 721889
601726 109660
280170 315137
109560 888414
726457 804568
707610 296119
152091 920261
117096 994372
629087 539343
789531 947842
108031 326847
181420 728633
702517 585598
643266 890896
267656 139456
237319 633510
596742 688839
51255 635811
789099 434653
186054 956547
386053 218795
229469 885904
771568 894018
964126 516229
680854 724329
251540 133754
981184 893940
69189 853867
418510 45201
462049 842914
996745 947174
981298 47567
999686 204640
840147 980597
403758 778237
702998 997761
291973 508828
273060 408659
985198 138034
105230 839185
112817 333954
297545 111601
161126 373897
316951 811585
285086 283533
304426 257257
942821 890769
810622 439433
189272 398448
276141 255077
790291 537347
93132 882268
246174 754936
735418 759996
508829 570188
395366 816763
271171 950463
189287 76194
811726 280589
50416 980141
719641 666371
871509 593582
831787 435118
528328 440700
860090 840903
442092 899940
360938 12892
648726 78246
34910 595318
178320 71321
744978 691077
461946 111670
350398 134022
387991 941655
52636 391292
109262 128695
232731 582715
417154 23898
568798 171292
700614 181163
751342 607248
164243 683835
196427 952465
38053 426222
133733 75701
642514 724768
644704 958025
621496 894226
844118 670886
778654 767217
960338 961378
41429 653625
332481 733098
782622 179222
819896 892725
112898 221158
505645 282377
853967 445075
683882 115207
693109 120647
782751 965104
350714 610789
165557 299473
326916 496862
532033 113628
787155 456133
487904 33431
994922 370193
328216 642360
138470 649357
710529 157280
415172 643821
84856 47430
766327 604275
984046 53362
403937 544337
585691 389509
687767 647899
922972 238632
420954 950155
48158 984161
171204 131682
969118 962167
874672 957166
782517 499576
307004 465814
2823 219756
971547 23976
215583 143135
94160 161117
245957 266871
284857 621200
49656 40115
944772 236507
682104 308412
685513 660023
325102 428194
905846 765324
142977 803947
630196 133925
194479 921403
508307 156764
233820 758637
26514 943537
947497 707573
481629 92390
810083 582684
114220 786131
991991 67582
509647 781384
342950 136503
233871 228027
590983 352848
591257 977250
825941 49175
935155 732805
964091 418903
204913 420155
454064 662369
779397 198385
180730 402348
988364 749726
339224 667813
924668 54439
364272 885291
556161 549895
701895 235211
951479 330978
344124 391853
393883 634337
38138 85825
247660 48489
423612 314739
804342 275836
900471 875186
772158 29259
676396 591056
694183 969342
136987 210768
114396 361501
61094 658714
205145 669238
239470 738549
321218 28871
349660 935980
872152 990554
273007 838444
965152 53110
46629 80015
931507 218140
116438 235768
561274 152530
287586 805179
781212 873670
351434 470542
903038 92670
382422 808329
176609 454467
879087 800780
818129 362790
641898 786893
53813 162199
811990 953386
158240 443183
911854 385107
287885 600253
463843 401106
910667 975239
160210 556433
423131 105888
187857 519334
748081 701792
44544 805886
586133 464834
350945 421795
339658 193397
509806 597785
974039 502749
921441 527166
978944 844995
167080 470363
445103 966285
530383 143754
69797 807827
727312 870560
761593 830008
975172 312873
500865 750795
200731 516653
386295 5804
788971 61421
467850 968362
553491 713205
882413 680648
80678 494470
371457 264135
103018 281457
245738 688710
31690 617184
393674 53787
772617 661068
36403 704744
958765 436372
333259 256855
404345 725970
8553 478730
947277 870169
700575 71475
444397 325541
668035 168379
626567 196791
863394 701441
236917 953102
117802 41774
429163 905693
273316 611637
427191 74303
745266 97263
16454 705628
188327 659712
593152 226649
430454 755673
59692 699956
775636 523561
273604 614066
752327 10536
781962 492315
797199 699480
452450 528116
619962 361182
861912 188676
239631 930775
809453 340314
656829 744586
811493 222325
485555 24348
592604 724057
357904 621031
851109 928307
722133 885855
310076 62319
918807 615596
647186 986459
744897 978701
286412 49720
29400 598118
109520 182194
88156 663733
195033 902445
232392 423630
773041 657670
637991 170827
967219 367805
937699 315094
598195 842419
47663 583371
191629 599904
784984 606183
992206 20423
972036 457131
661250 103313
733155 243972
561313 363099
189993 303037
930927 846504
932449 537090
427130 558782
353693 584133
755263 660977
683249 930414
864126 419360
854175 650698
196970 56756
125712 275527
926782 266749
549710 779798
199295 548057
445510 188389
822044 924837
830072 733032
336428 211561
306770 817930
750945 397140
916502 74271
624548 682184
546511 89736
371088 652266
340421 184099
708808 4340
930229 868026
732725 810141
82390 365864
557544 26605
340872 512026
777808 633405
61348 923396
685807 529632
440784 505395
432749 368085
