308882 685714
23807 858614
249711 734592
545816 888834
6779 759919
271083 88576
600410 195352
6915 617877
193664 59019
885744 415268
4075 176883
481121 347605
337314 229252
894987 849300
541949 924866
760638 756483
527359 858556
702216 480179
330021 695975
149320 346250
260332 972362
792541 178550
357757 881823
813995 98980
561838 877027
795444 348179
689067 240846
131198 954520
185776 552445
102750 865999
159805 126053
964924 401473
367341 928162
757019 105103
726230 380290
413737 389073
399197 524751
390358 916701
842955 309020
52932 606845
757764 561418
238777 258412
46081 27335
284928 792279
606588 73064
167040 341761
226822 641524
458138 396907
600568 556879
104853 659546
311280 618122
233846 540617
723854 22279
383072 784720
563798 457499
9171 328068
690701 270696
370243 316508
573499 391528
658535 453774
428668 494511
752706 394526
948458 444689
625406 536198
783973 736980
621971 224685
339374 708731
744222 321866
543209 838572
353917 581952
211663 365854
389237 505118
773495 1033
351192 434832
595443 376058
867870 36756
646368 695977
772049 691686
797158 887296
205569 450354
11507 923941
835223 689130
112774 473831
169809 305451
54215 214137
794609 312437
555478 303342
778486 247170
601014 115033
213637 74600
397842 836530
454893 145627
153139 86823
992033 730193
535562 829558
15983 399882
324389 104418
715225 958951
619300 290723
865033 926437
618801 204681
644693 955259
692113 563244
917358 552048
75602 261217
183419 326987
623582 605730
388279 291931
147329 438752
734776 645552
627748 210923
712339 997204
289766 570935
144771 304575
378648 991251
898034 41105
921453 396889
621982 232444
830355 814120
403275 36705
488191 997968
419692 580749
690782 752825
918369 699640
468274 514968
303492 502118
603226 578048
233886 841102
720098 507940
503275 683751
451740 595870
318573 563742
498020 116866
605975 782843
788053 670073
139011 7190
818423 385806
340367 762065
624100 720665
902043 932207
456208 265950
328853 710561
333274 616541
527626 751642
566768 894350
364449 385181
793396 183027
804139 915305
103280 5864
488111 419504
610922 48320
438147 289552
245852 747342
977780 64881
88975 732172
878843 571841
259424 628363
193404 347054
286613 161536
492928 476245
721064 289869
16397 822124
111398 735437
802505 535916
931399 988974
483508 819557
718526 550076
173232 738752
985161 533179
293724 927687
104877 816288
260038 985992
433667 858746
80719 150708
919955 41099
224897 56948
69055 175561
476046 182017
979323 45930
358261 6325
946034 586792
548783 213536
3034 455898
581749 978971
170179 40208
455360 650269
634988 962717
578791 907954
555443 933477
587997 585897
447120 986849
175031 247836
232844 179678
136015 704763
796694 88861
835898 584134
325771 941910
357566 922372
532531 118991
262083 116205
973074 640786
707524 748049
102605 361857
566458 143404
8324 728352
985866 419313
399365 950613
465604 755200
140992 25900
310972 375440
631381 888653
39004 840076
316725 832929
791003 67864
209906 758689
804991 564113
821130 375998
646291 41716
110365 942724
950389 266191
855816 383139
233804 183025
583463 728771
233163 753198
553835 40485
45167 470179
69406 340916
987111 471435
289184 915299
716270 128735
549044 26184
334864 188502
260743 912118
941254 124987
456454 810368
616735 150403
320523 312628
246348 878029
928343 932375
392641 804634
159032 983170
286629 638167
210726 422350
727765 750333
704367 286180
533821 475353
115110 887777
324621 909970
5420 286023
94059 415015
15483 112623
398128 327530
399753 528705
734382 320816
482837 844825
573184 444099
453796 458947
171748 991678
483193 611531
462129 164742
747950 912294
311911 754738
502886 162223
561533 987978
349875 395515
78502 707730
68586 178073
927239 131648
526297 583798
883192 216904
922795 513122
7850 82374
773142 599659
689606 264156
900675 888546
653060 684953
410907 906665
741347 460197
915563 786924
55039 841315
241781 569664
310798 191475
998236 987103
239287 711166
780446 12283
962555 602711
351034 132108
616455 884779
929650 255750
624580 794414
603424 506996
424847 740125
618222 641596
692455 466319
23003 991279
118570 511752
173214 167470
926473 362910
491770 240097
563233 846935
557584 2715
686780 819296
485435 329989
32461 914154
402445 148877
52577 214177
24710 861669
60509 799985
150139 332753
599999 514914
684268 837569
849140 639169
341058 318631
485563 958342
967618 113875
655260 399888
842196 746307
789510 954025
338797 624880
628416 508832
583192 640332
42832 698999
193496 498197
270289 157842
384820 493612
392255 758559
991256 120638
500271 632076
162918 346051
117392 932380
73076 721205
848400 509040
754571 195221
642304 783216
699213 994047
120493 265
376428 391232
481239 951237
93351 499645
309275 919011
534410 204681
588511 710705
950522 938654
365932 875623
417343 350290
270893 835373
692459 302501
843342 475808
935165 592577
497420 354173
984684 391357
676831 962329
559574 771179
291186 448434
926729 72393
311337 378136
538198 191640
314742 932014
876972 612215
856106 374104
288867 578313
634056 65658
707664 562122
63726 377830
187043 939055
5260 50015
788933 208865
72229 471827
377843 949238
273156 433929
689939 829467
662512 756938
898235 899001
478299 152183
667396 85099
288868 911271
452876 897090
233456 788876
700773 400643
192550 432352
541037 547235
995044 105691
972496 793125
213616 786003
321199 458473
756468 162610
719578 560643
203404 853832
665137 565510
281919 772188
376831 964759
36771 378143
962768 202413
596021 264104
945612 567433
288416 547536
114987 187963
368952 919805
854095 358724
232670 269334
465177 110189
58763 279229
336122 632176
622555 240561
286134 100679
327601 231920
392697 943931
48589 394256
215829 472198
814416 579550
903518 203355
457665 199635
884213 830380
319763 856443
520971 56454
904729 800687
320204 586522
993616 55896
917727 886541
484917 245599
799116 295271
401294 483733
775107 249601
103031 548133
42043 485138
247799 88824
415201 808132
539746 194395
717819 77580
245582 422063
660852 36052
761460 373070
916617 666826
272283 57140
55511 100545
460164 158611
102477 135162
938342 448626
421396 479681
838276 635937
311556 461637
153985 156360
688740 932984
163094 473366
904557 424647
770672 168940
67073 528474
678951 117922
715410 469180
608517 189670
580021 175111
582078 953275
127625 531886
816135 352983
962711 657140
739334 520008
156116 168704
660211 514629
486455 578067
729559 394549
105326 452938
666851 403935
36644 191189
444524 411773
757431 161404
168677 956509
381438 349861
295837 463423
525764 738531
874866 188594
996217 378001
737571 187967
690159 925796
438058 73363
488355 182749
381781 345649
965069 205201
181219 338248
397289 668561
490170 656578
1660 713078
941704 811512
905419 433597
29828 369732
107779 305805
922170 342402
62708 54257
564386 875998
303012 643649
246355 311214
608913 205545
914128 696082
461383 542824
818063 705611
194156 171572
261299 934543
901555 842605
604411 800042
939612 649369
140915 112192
616068 123827
519630 894621
278073 341660
194440 568578
67254 216770
214311 463360
266942 45994
728113 248852
768050 962149
281258 274829
414907 135730
618989 177276
898640 390695
577579 12939
755976 879865
647021 130696
496791 379252
420751 740559
985565 310723
383397 527216
821777 552788
8157 311888
982643 241238
688853 361102
547573 582358
219923 236746
157943 995144
657709 517335
977957 129574
6309 302540
73183 71544
132365 361269
72363 433554
48177 415311
860981 508277
152519 662935
382159 658746
528471 424515
346022 126142
430850 807208
452260 247026
90073 59242
554606 357136
365955 208452
698083 666637
770142 49466
652764 756220
621934 859923
522451 294841
382354 117503
10601 848196
474207 736278
655362 51533
849022 305790
467085 560175
986964 776306
913750 20452
938196 751318
281113 234500
822068 778977
880825 877397
474173 475790
267276 667130
210241 616240
46544 260165
774678 268548
889985 871891
420421 885627
441512 24646
766156 120104
922810 522189
126235 901308
939648 273598
486993 597309
896050 357924
723090 69314
924806 614435
312981 893258
271741 569306
684263 871118
189216 277545
346585 385473
832276 122267
186023 516302
352381 11756
249412 450324
805691 281343
730990 72562
497830 868649
704755 344283
301655 747022
872931 44725
581429 87568
531149 295038
349506 242878
410501 350997
14295 350968
914816 741511
246788 838044
371922 846460
126402 828637
13948 209280
920440 231287
966826 382988
658812 869383
579566 924066
446518 239252
137766 320069
538231 716001
728616 17230
955251 871682
428501 874201
774325 949817
231671 186473
262391 625213
686055 336543
393264 193228
535983 695636
557609 12478
854107 214566
748997 730692
311763 170425
717033 405464
597788 140066
729134 88294
929188 464101
672674 237489
443772 676782
181551 726227
242116 676375
889507 762956
790001 279692
472302 748743
284351 329253
882180 879326
548585 489385
96452 342903
781348 810750
659050 316757
447821 966016
307901 98823
462041 977092
955162 971462
241199 990623
101752 904136
625311 810282
966810 673880
742411 973960
418360 928715
469201 337174
35707 69083
676554 539324
361091 492018
257920 861867
785946 847995
755739 295696
913325 955068
902141 488111
981356 317156
360649 370857
176753 908244
277389 687502
685787 592757
235220 780184
85808 891287
796894 805879
737312 112927
432421 212917
245837 44732
430216 848025
758459 235203
697404 629279
465405 346064
917825 443799
2563 832623
40969 572764
79596 39017
200318 505668
960236 3312
993944 155869
415788 632805
682719 817420
242164 819320
153881 218200
704848 134652
628678 836061
584794 379328
796831 949655
778064 13495
979362 876101
592123 687365
996875 719207
415464 456399
75764 574717
462750 130770
821748 503238
717166 974951
993958 213423
440833 679165
403090 272365
238050 730575
85736 49929
721840 210026
366346 687044
487631 285452
379415 915618
832681 228094
472733 509030
702699 297310
279596 184802
827034 321115
157978 380086
782179 239229
223201 579856
23245 684879
698734 764624
806584 565249
762957 677254
597776 349349
204517 479092
751613 417279
591290 895769
550698 677037
258219 967390
165869 970516
388446 121521
751453 284891
116978 713117
314872 693811
52356 969752
453851 528177
485764 844883
877148 899258
369720 571223
249969 442499
28977 730546
179693 37460
113239 406327
947566 731359
286586 274799
779316 137442
56098 191421
978406 431563
666503 218474
313246 992129
342577 834172
720632 961847
405619 427416
870159 905725
483225 989251
639053 819222
828564 357681
282589 114661
185760 395330
20611 763720
96255 945253
243837 314209
242177 95230
2707 955162
84693 303673
248116 160582
111452 345604
658577 733158
975920 301983
136108 461684
97041 473821
54729 795051
731678 837514
560931 558255
346275 601879
405127 962499
812486 274559
488961 584501
548884 21344
617489 110678
206229 855861
784213 829985
636942 229689
4615 141472
752171 843752
868376 30819
86579 83661
899763 951749
212715 374409
754951 180036
890927 907479
594135 179123
568436 612703
682333 795846
876653 269368
540885 399940
799084 491112
865822 857893
647134 777931
617819 775931
881927 923394
925128 724725
875145 72633
926729 420653
896163 762833
533765 707245
860212 590993
838671 879096
967455 455557
985006 803487
974015 195179
282849 192735
919668 657538
677653 765938
382875 477508
95823 26738
274422 180825
298827 894459
209146 105001
807109 461559
172754 633450
264967 928647
273330 438437
840750 580566
481252 952302
179851 876550
155236 747091
831774 373313
644708 656306
572918 677000
432907 808204
441710 610337
277768 989201
57070 208350
193716 410022
530189 135752
76318 822527
841565 248151
720661 858926
731917 454002
270396 367396
845834 873435
545179 670324
168271 21521
658473 414323
194486 983035
117419 366601
333779 554660
901507 72521
595570 322306
76760 709299
724856 843386
408626 534842
432010 503129
942365 69138
71552 801208
330342 935880
801301 738876
928528 733619
359325 452843
742527 521483
609261 807970
944530 225635
146659 159386
365469 603005
762128 509522
738548 484966
239093 617085
518682 524649
553908 440565
510056 80259
453865 706549
538612 352763
679024 647062
555138 494380
317822 250458
198105 781513
596462 175805
206973 149574
741178 632195
504255 290601
546916 753181
583971 894908
885448 363853
367173 43326
871074 823487
824242 641945
607339 702949
918285 927388
334048 903411
102279 825258
700061 585556
59899 231095
695788 611896
143019 913825
10112 639493
217937 196708
354370 15059
73502 924035
13502 687395
320739 130150
119783 808828
521096 299102
42099 534613
953726 376201
468173 649768
597537 963758
967434 291445
194712 729426
161722 844402
825105 210643
853103 777167
318078 240300
878542 294978
157950 28960
645927 986824
194580 2389
113008 805598
64094 192407
380221 603027
487971 610311
770005 830849
461109 598801
996843 147258
512670 351117
806001 597653
239610 200446
819891 174384
612544 765759
401635 661230
824458 634769
162570 13504
318358 630634
890048 710209
91027 331457
13095 811514
530643 199644
976971 790897
107438 133474
167402 552569
488839 776663
914385 740410
99681 237213
84471 791703
321231 91153
732939 60030
53644 821803
579717 203740
757118 483065
415346 991602
812327 888039
961258 388510
777024 434514
88679 621089
939467 800047
100078 909995
945201 487878
462309 696700
768109 348899
708816 378827
693538 845738
337457 883431
735734 416363
682101 149249
669269 818269
707930 364585
702170 910113
353723 923806
676537 478271
958635 192880
813459 428781
86400 595344
738278 2160
933049 733566
386098 11686
881504 817107
270010 202580
16790 32053
145789 989681
867122 534612
235169 436367
412301 752827
162223 504137
923963 543219
675782 378076
184551 338944
522241 525917
492617 910636
995843 54267
598472 685484
224930 665371
898081 817449
669753 55658
840718 597180
382795 446244
702171 887461
862206 958220
854830 941582
156793 413228
130037 955759
528769 183741
415531 624327
216313 315258
310529 445949
514398 293671
293624 623434
750155 606366
83966 597905
327686 288566
556140 832462
257295 754687
533818 556661
755146 876081
184937 961526
222435 408781
772046 390435
294935 813313
401539 867594
449211 311383
485593 607616
347955 215963
537545 342873
675839 614308
192832 511147
637672 700715
805495 224257
357204 709445
923703 960715
879737 840921
147668 489542
619748 693820
556960 713830
97319 963149
606287 346941
473011 499821
194091 727584
853249 76957
892844 276483
337494 432566
46373 283392
7526 22385
279867 111912
84687 126716
726890 229878
878196 833810
27490 101882
713133 417562
690170 903672
275000 902187
274359 938406
794685 148714
281937 382505
720218 621832
989008 888473
363357 125071
940460 503578
864840 304553
629525 836041
122014 679368
18933 200467
51404 280857
660567 225143
195782 622902
838708 306269
426926 509131
181170 149461
514522 221715
556919 629198
396301 459443
48543 145245
424541 597625
176224 798739
325751 14574
533098 874794
447958 107858
74291 439682
854361 454501
208971 524765
530947 604896
329875 843047
257177 402424
216487 974096
773429 637758
854023 334223
43786 600764
621498 332221
213579 390222
481952 579125
348997 915382
628162 530833
238098 863647
625781 953151
420169 148749
666604 174631
312092 979070
664814 463556
891795 463074
182328 430320
609486 918729
97825 247197
785682 238629
660305 656367
181044 445715
432437 628375
503951 678104
490946 920480
224696 820391
172399 550904
214697 618175
972006 795727
739105 36365
544479 737906
599827 595846
826282 258100
212550 894998
49706 468192
559739 320813
949686 648009
979248 133280
24260 235792
436433 31973
116158 67019
383040 781727
215337 265094
471439 991318
509273 134984
26283 483176
558149 377758
761530 474691
907000 542259
857613 789862
337825 615994
128420 75851
429673 765603
873229 782391
539886 892370
439558 60873
263403 654367
16387 869865
729855 625455
59276 130350
675183 563467
55228 551371
727143 479278
359336 115112
796025 466671
816228 211587
481408 662962
551655 305281
134544 474751
933183 947063
81079 943643
940456 103048
435532 797637
239219 437546
547092 605334
348571 777321
769231 7305
93341 796985
795356 544642
675753 269007
802103 252355
799015 987014
926981 245300
290212 904128
805838 409545
654766 288367
545101 997170
36548 983802
471534 825080
945918 395033
859087 605864
194855 622686
347907 63530
865421 146221
34292 223990
740666 117010
846438 724248
38861 216694
462301 635159
891081 493254
328582 497895
318406 595612
429429 314009
590086 304760
130087 939215
268631 523927
2764 983077
520461 528949
887939 406483
772255 201025
230520 823575
245319 561906
811441 29915
628480 37857
570766 265779
534941 757336
423431 643504
638725 431714
574287 295819
186003 362242
229590 373687
737339 340443
950702 230506
504601 545820
806048 730262
778535 225332
925404 536362
952739 456929
403963 80634
811640 770426
199112 584353
603221 134243
298385 980450
768901 672840
371577 728879
145621 910923
500092 922251
226615 328361
72650 976075
471025 553127
501481 832645
158759 205617
594185 251054
356791 603269
70059 434270
30677 168793
330805 842797
954167 842139
977883 901041
914145 750324
89977 856706
979569 425650
172159 135290
758074 409292
829043 410693
54043 899280
239503 123900
728691 856967
213379 610584
719662 118087
182536 187205
946485 803115
229479 944277
941395 350532
481088 80593
208728 87891
564070 716248
276730 219651
578181 881066
633067 369827
430483 995
932281 570916
385700 59094
978122 918295
530104 322549
399568 154911
790936 655811
368417 331905
527861 453394
536951 26139
119765 713102
697215 990180
316270 866779
453685 423611
542408 332014
116414 219541
926189 168940
868461 104732
970333 980925
439416 818607
236734 39749
188821 702264
936215 203634
920318 163863
327063 923659
664248 608131
92547 725299
690472 397112
54877 524432
300874 876083
127255 765516
107356 691161
901857 324729
740187 167286
420191 681843
796176 945598
925848 515104
865760 101912
128880 91109
319357 851325
339842 438165
564925 507615
498634 140793
249452 455358
511626 446224
408022 637333
32981 232928
103239 904434
401048 628487
442999 966525
321767 411262
581017 692074
35819 88540
578724 224025
803659 224464
773254 960058
680948 584177
385222 334706
493961 670839
712628 89870
889511 769820
509745 650092
638824 73990
578166 755550
6005 672917
902639 187486
210728 45955
380034 980031
309257 251865
559290 345228
984650 688285
631030 401151
614086 639077
613908 6152
521084 230893
668340 419032
931630 260176
129590 199846
366111 501130
566587 529481
599028 438933
67114 740547
372304 457971
34481 581657
820645 89323
772950 96105
287146 520925
398006 346767
397277 387056
979294 72529
776310 13417
484855 423395
154915 887594
653671 717278
496790 256982
981852 125053
808190 892679
143479 209427
704474 931334
231990 365055
561501 270801
411035 864089
533148 598530
262032 387082
937760 299821
111406 295583
346673 531371
31854 663935
531887 66998
392472 278469
101060 665411
320162 106819
435946 157586
659033 37199
737741 166783
556885 475129
580980 936382
984240 41196
533160 470032
703849 933685
499435 68621
204182 444246
816450 398628
314808 932634
442900 999319
803568 374872
890648 458772
806619 772311
946034 480588
134520 534719
258257 30106
601103 488800
978778 649952
401253 916950
102784 748128
79088 765226
790687 598924
820957 853745
857513 915754
467249 878111
956255 630494
84002 669642
922569 223548
420608 835556
801081 199498
108813 619100
926599 936025
849182 856286
886401 451259
524521 833262
574622 883053
592811 241170
888801 187861
292886 466924
474903 701869
209458 711956
700335 750235
957251 712193
600563 546231
154084 558185
214873 273641
611676 594621
816935 170705
243326 227791
501291 477833
415566 817110
992401 662676
781190 223526
114811 17338
931919 986227
687304 815610
360872 612461
175253 281809
479007 457424
989656 995713
190668 991115
474083 758694
265042 129857
652753 114612
174188 815653
42479 126753
921037 114765
995596 901317
153121 932412
386992 231625
254791 659299
578307 445226
343653 175375
113634 869292
173478 387704
735738 709224
971121 898816
259164 870241
59729 430376
976368 271362
796800 889875
831645 705428
951158 43826
181983 56243
141576 499623
840764 17526
329718 279796
225684 937634
139404 233192
151303 407738
567862 500515
535236 20749
624370 121650
548444 508399
575275 687681
626729 577459
507111 606784
655045 773813
15696 149764
265450 188421
651076 8668
610085 365970
79422 748005
875158 870580
359100 290503
45969 297178
928516 882521
264559 100879
438959 519164
675616 10760
977524 112223
112897 472323
154136 496005
133654 588714
267548 841119
201159 121641
155533 489236
947717 763117
328592 848007
330551 7878
60192 868755
1636 964082
411154 665448
621562 258758
376913 512681
327594 775254
479164 123964
499365 901332
668398 614621
987590 896004
163840 556288
249980 567265
281073 377055
3129 838388
630349 287009
48698 146003
220728 722359
565428 692334
32639 413752
81092 448424
626275 348099
551655 892596
567294 883269
685127 616540
752882 154432
167026 444951
597400 785057
126583 437066
350513 767390
103350 322507
917630 918547
746324 693291
147802 737257
637418 127701
339932 56730
76571 205132
989684 729213
52105 593756
187882 959458
358190 225718
441528 40016
668996 173826
288636 429333
910451 93203
893496 551774
504253 159364
537446 237128
38968 869379
887519 795792
235310 531502
285771 170408
556987 432406
267476 256232
740388 882419
38685 430754
582051 22251
905345 333893
446113 490250
764130 679266
489711 914378
888841 429519
298022 115231
678497 477647
293548 771722
233718 474470
492281 294649
366460 95834
66047 963688
827390 444457
725901 819921
209668 401739
208565 137152
34841 311306
1706 718295
551720 293197
344483 477179
920049 152233
495986 525114
191963 948795
170452 322784
309006 911963
123394 356961
198403 629640
663044 292663
187143 367239
960828 930769
358858 792753
630352 45333
623206 534264
964688 526345
912095 840485
965569 403180
127420 192361
871728 487040
888484 226145
534138 711558
85483 851031
742522 723462
479837 927574
676875 417142
441272 980582
275669 177372
245332 135900
843532 751593
644573 977301
475295 590065
504245 407297
358593 604372
569553 895455
340686 877732
986998 216602
96347 780003
366020 723397
322789 998960
609586 986685
311686 17955
824676 726122
679599 384975
553443 919295
258805 790371
487520 997085
333501 823361
519081 634003
473092 302584
9425 610500
735142 834588
445630 292509
934753 891001
874955 538794
195627 27970
927597 259761
108277 554972
595980 930748
317257 13480
362985 101387
55765 271778
828076 400291
590626 432971
614637 340956
172027 200040
979441 440924
195026 151880
380616 434009
292539 175545
499559 354671
578328 320065
793467 68874
111389 505551
793497 961737
773861 525933
569819 249551
688996 517245
38960 48164
308673 913524
565841 247764
209949 878181
96215 668490
421598 512031
320229 1036
739097 986482
439660 609754
173318 776565
61627 550867
733526 815508
163806 751993
722776 860882
655094 20107
30801 28562
968621 916092
91572 426925
910667 556638
154207 736501
330475 823218
792320 406299
622805 283487
582407 473891
158069 825519
13748 489409
671394 441997
937467 746961
153976 310638
978443 450816
790471 326901
340304 535315
691074 647458
927158 152358
880353 79932
438654 861292
917242 903302
161596 108631
166218 391467
173175 756563
834774 920955
159149 631893
63867 380360
742070 91890
315473 479586
806401 533573
598065 870801
6578 170309
32726 204592
592586 990760
994196 413029
385912 831726
832082 209056
510244 509833
328545 968209
600655 128149
288036 901256
827264 896342
506399 330923
477416 53506
411490 315445
741153 944093
646848 292470
802696 553426
821727 837150
605112 479411
28461 611648
801934 744131
994192 416223
579506 133173
943636 514564
603174 532763
930459 850997
237221 701331
377123 89281
282284 175280
946664 415522
632475 69090
279456 189392
672346 990648
865601 892744
812204 512706
866436 337564
903715 492300
376581 220209
758122 460048
905919 229178
814467 419477
588257 141369
402945 273838
552992 342631
704218 9052
169513 753278
943713 534444
185026 703660
366649 224522
318179 103597
38856 967653
276048 597340
902926 331186
168349 175267
713573 677907
953008 532541
419651 952037
245043 845329
962001 920773
289488 14214
770024 421514
810531 411053
603203 161221
408478 570162
58166 756924
683123 312129
368467 658055
402274 442138
37640 504355
215787 834143
184433 472322
922893 75358
247268 270922
475685 482902
962313 86146
974890 933333
289287 91509
182988 636326
164310 100701
614055 44113
818334 201360
220800 506137
810828 743274
285841 662916
948147 35718
664350 369392
697454 926040
611346 310566
754282 316948
909288 599386
478944 445914
552612 260874
354450 611302
172446 158456
822327 986441
650495 859723
178852 695313
102664 339482
631148 348711
582753 903935
886645 168098
303967 698003
445328 192909
891933 976571
275142 758981
499170 271955
130280 636056
77721 973428
292393 11095
320651 396372
84783 186868
804191 840902
956852 339433
997819 843858
715669 862241
265558 92154
286411 468495
54547 243120
8723 147162
594001 946113
305786 560187
68126 528501
102041 165800
793291 100558
938244 956410
138610 124025
10518 882154
871896 873221
890123 182478
776381 244773
160395 791429
907213 706409
872421 936101
427374 630574
411410 87057
223338 681455
14073 610221
225637 307770
186673 533881
469495 27711
181737 240924
778241 939666
19334 878691
557324 519423
886170 742934
84737 331306
943326 811746
325520 292158
934866 911220
166737 119340
970556 892825
547137 570218
415486 313517
861574 699376
990968 787562
403080 7702
761556 695434
678735 819099
807938 490956
194542 347395
290874 834880
997550 519109
628408 855467
970728 852158
320033 731673
13519 771842
708785 66557
827533 897046
80846 45317
541289 797060
517571 755006
448907 352999
307069 851670
66019 37980
248696 413294
658073 508357
223328 235533
279552 907696
31557 449989
468331 38715
400167 439756
280507 421338
18443 943788
417505 284239
56781 248629
510108 142288
985359 33692
351397 708828
461337 62162
978668 562070
405147 585627
124973 128635
28347 508901
398158 35936
56721 387865
303183 147091
858462 580591
889306 956436
611163 187565
620873 655976
764718 186612
961607 241391
972419 893812
75514 408869
488569 135680
401912 951405
641117 417334
422867 103655
526670 664639
992884 756279
432266 281623
270121 145170
399273 744588
398716 845278
956068 789381
495413 280676
61487 448892
746149 153024
778305 829078
195643 988998
714754 678236
307077 693873
378170 232301
488013 622081
815066 504234
30473 877497
409271 968327
835113 169412
232721 614244
353656 893402
767628 903183
773660 696688
257155 607973
452842 168843
671127 277002
539557 535662
434029 493091
944924 844165
555568 531833
511153 654518
645087 29529
18529 217745
999563 775995
555591 466805
111349 632192
342395 304987
232234 113955
811205 926361
525244 282258
960963 394233
328894 326483
317767 457323
66301 663860
255541 51821
323341 136613
514683 570054
125263 617228
57065 436070
687195 410042
201014 152929
294058 317773
961905 800975
511896 249621
735714 957943
778944 899099
379725 117884
403325 603439
264179 762979
478314 659430
577024 537997
616131 44318
642083 718541
722575 322849
969979 981322
476248 649216
489579 74805
933861 858895
691529 527003
476193 368788
289993 672025
432861 251431
826521 832743
25293 376899
180409 105733
768367 582782
652403 384434
343059 58980
40044 164680
527723 187155
73540 16539
849045 788109
565963 143552
366177 155933
787683 317450
716032 553098
167582 607491
628549 162160
823067 738168
580154 386010
192556 81034
124703 248750
257968 576188
129118 229800
705879 891683
151817 573736
303532 397691
125721 394775
600220 222427
547376 872925
772639 828461
66747 857759
347777 179343
25691 508873
118999 606403
201442 806436
981327 466398
65574 14907
468265 142887
569332 256523
630358 653817
907706 127052
752703 429612
930715 942505
624639 560637
240336 286357
458891 681425
815727 699361
254968 504988
716193 371548
115681 931905
578695 188291
102692 321505
787141 120314
505233 334475
920884 888931
198391 579836
780557 10464
224471 203310
905383 319743
445853 206149
101953 69980
279902 739672
610315 927731
851249 586475
854174 762746
228134 259962
970806 458199
695339 190410
625383 894960
626227 474997
316059 76667
135907 168125
316819 889141
724098 118379
367670 443668
497961 8047
613723 541466
15435 51697
417674 518149
818081 276512
237107 363821
484190 562934
311922 962426
782645 68221
587409 714268
638087 79946
858354 24268
198662 984680
631807 895667
710799 994446
660644 968937
98993 678457
574194 732458
267737 537561
106104 722330
959676 575338
655033 610333
169376 326227
404364 853994
123015 331820
430202 146687
643276 421053
136505 409065
581829 761095
432032 814083
96267 368433
756259 675688
117865 602282
360409 279528
707435 216369
879159 177515
563669 817338
102768 812007
385704 896640
993603 643165
362084 657320
73193 649254
981074 961854
196257 110283
457990 807220
42757 170496
678862 216840
240509 918383
803688 275692
432259 533401
560207 101605
178137 812058
455032 380447
526881 911514
965270 746869
93387 863324
240858 226083
154912 848538
38185 436692
565897 136550
436785 631681
251361 832019
841226 66089
732410 367825
931006 904461
620398 371828
606032 109948
91430 542351
705337 526313
905139 364457
449970 329750
452942 858482
441354 69096
934183 906542
496036 410498
631203 868360
359736 671546
697292 299771
163699 977101
274200 886452
435431 317367
393593 534928
225030 71487
891763 259812
953857 301665
214830 983414
339373 880838
864518 724518
375728 325267
188888 42496
949664 370566
782394 353602
660824 333338
182083 337241
511827 995256
434015 135674
965488 232119
582957 913762
971787 298466
902476 995562
496474 363427
760933 323242
209484 278417
178691 504190
687768 809520
261843 439770
433584 186797
44057 316731
129146 572983
830917 215035
456603 73416
959941 298119
943385 638128
745474 445453
203280 918666
700334 757646
178234 417928
502784 83982
474972 128267
396708 110964
593592 931204
510122 936503
224261 859627
194390 330620
122268 476611
868922 847640
310880 776551
703646 446007
617154 436405
333619 162535
307581 787495
401705 688689
42951 289996
189862 700222
109667 15547
705749 377994
271190 376254
477842 794937
136144 875794
279067 508646
135355 559298
837506 848189
34279 191474
30876 12750
427681 708157
328977 201373
233566 483410
606650 684906
375602 284971
632624 580971
99985 335268
323167 818146
702586 505113
841082 412329
829709 98789
501955 716592
450792 170215
29420 180664
812603 418438
706122 303014
810142 350959
894122 66736
264370 68460
940063 794655
965195 162183
151062 251755
210987 481501
827481 355197
110354 337821
260046 711903
505496 108833
427039 383234
257536 779203
427518 934877
751464 793622
219805 495659
852635 832783
685570 45544
406642 694926
153871 833495
24729 798150
250971 387734
19421 569180
123430 95425
731542 820010
367690 989254
507693 462539
909812 668492
240163 669450
990139 285873
98622 770151
812666 603591
787158 437633
587657 360071
190880 35483
271920 756970
732234 441960
233773 348464
910212 594041
913622 157356
190525 198503
818501 834536
447536 386936
696562 419396
613570 51763
20885 594372
913839 771318
373374 308413
628029 679350
591112 153284
275106 87434
489509 911886
739571 901412
791292 185568
302753 964324
854469 477397
604691 405047
179929 841039
509258 986580
384126 777081
699840 114867
31113 150583
855992 783434
848077 126996
749481 530922
585184 902807
516197 207323
740223 33465
552735 236797
540529 236820
332574 815574
502142 921516
492307 713910
655922 362480
680021 708122
148688 5451
466940 430899
195710 969150
525439 20495
642170 828444
231353 776193
311563 830396
893448 550234
419906 918735
261418 907416
726559 310941
641262 561356
519550 898259
559720 691485
65710 608546
670517 587
338599 118632
261127 289859
78100 292266
110185 45649
63216 70520
16700 565976
901159 230178
346277 319594
138820 827444
473738 238814
644398 975138
37668 679094
6144 617595
2010 562559
449516 347866
880348 523877
479177 812749
375417 659713
763861 407557
424277 593198
118623 61638
723790 589230
485846 684328
918305 624647
199249 493572
259767 377150
280770 656290
239606 424162
828616 443008
9025 103262
720131 541910
986952 330092
922823 233767
794334 937116
38027 780367
535512 950766
469533 63900
469695 681605
908665 993717
944568 185766
941226 598247
356729 919763
848566 584856
486573 878295
599576 982877
708136 723849
478335 390606
898520 22113
993999 241022
691387 683333
201403 537400
479049 29955
64073 504921
132503 117891
284693 353084
397521 737717
388559 734311
466630 869414
151521 279688
586647 540622
478661 864428
553981 572210
92212 700298
386108 718682
228656 687643
991599 976248
101118 615544
4898 142239
72805 701236
58120 87325
1385 649992
630639 411212
58588 69922
467598 277631
232690 932468
305140 28260
88878 593583
725116 696094
883785 220414
764491 553562
767858 991473
393210 74640
920042 195963
433318 395310
799834 95081
442175 657194
366044 307016
632364 468135
598857 171960
948922 73659
10857 481811
778586 814140
484283 250915
339093 805965
569998 562794
259269 703214
796258 184250
8922 496656
938182 655044
180923 499373
186835 305732
745344 227271
976206 469628
151013 890775
965997 793368
336917 947092
350070 657613
434427 141330
993616 759345
957298 533979
613505 596917
564650 849896
39598 308105
356566 865791
117881 416627
491409 752423
221103 326784
409546 432338
6402 974867
10028 817690
790442 158509
367745 795385
168547 448414
720023 973781
832853 582674
804920 387336
803070 873652
387282 340474
845493 101392
795202 436618
444614 502482
136263 806422
442501 999005
485964 67277
460687 606031
152931 32651
644701 358011
335134 697942
193890 319907
410472 992160
896881 359791
124759 822920
335495 856186
856993 157706
549351 881081
769915 482988
672498 935014
146306 655572
438708 615818
145627 972603
377388 767819
842765 169396
152314 947943
553814 978071
281747 38350
846940 922814
844826 495314
22038 789534
482881 64939
403051 432870
507969 959973
778857 915538
220243 543586
257350 639819
739401 162194
952077 220166
39143 61816
21190 177050
971731 99396
85936 278391
625795 349052
882463 990157
910536 93908
506233 309664
541060 159330
905095 257419
343369 730532
204765 353854
576304 945410
112549 96540
717125 489130
81509 668343
595228 816237
112211 12617
32389 665037
682783 834780
412292 17337
756343 680065
269121 803017
65734 446274
795608 317224
660000 317136
965757 105772
550436 985250
985097 23979
20877 454228
213519 943007
130579 186960
643065 687925
362808 848457
808103 377277
6148 541657
157664 322044
244235 165566
651916 562739
537815 219689
434999 209123
159029 691456
131798 994358
963509 760681
64991 865879
814875 276133
174369 468963
559872 765487
778554 652603
867457 351836
542996 740587
900719 740119
817459 730685
875258 984509
600815 757248
37351 813737
746107 523800
807875 601800
798204 985992
539358 940046
985476 715546
52489 263259
136782 524314
835275 684981
904531 817826
447005 259019
636797 214843
837856 941491
589503 778380
59070 700453
184946 98865
72115 671859
836328 43372
666072 520113
988462 491800
582326 772860
237821 638172
256109 22816
671906 222918
260577 506802
949261 410638
258726 45367
153751 577873
72471 453838
963256 261297
828585 425130
328055 730519
493002 729024
499978 361974
540028 417593
783160 950793
492864 598174
202423 192513
719469 349218
815604 61562
642644 219089
569140 840012
295877 150667
549172 35768
334698 310046
449258 728030
370304 258284
52064 274001
602587 516841
687369 51426
783847 694651
186146 551520
395606 24078
335076 93874
296215 594617
851928 547079
198608 406846
183270 45133
18015 572142
997996 672084
213500 363811
554031 22958
467227 124156
630316 720024
39512 740212
316832 763947
189864 681404
770822 609650
247890 560591
586988 55164
624773 671539
809811 759722
501076 377724
371028 348733
845395 329592
778450 595448
319759 877304
462729 656963
984968 420974
288904 451656
879202 529488
384483 513315
667560 37079
421613 825124
138517 849522
920769 564460
116054 223775
286897 982326
580239 239887
37400 682260
871387 932422
812991 869981
875416 962563
319483 582115
621476 963098
630335 196688
149863 861109
492588 103822
328516 441063
788802 675632
893037 986217
430637 340251
188621 927277
67161 448724
775270 473668
260716 46727
229306 852111
877230 945666
300062 64304
478153 72951
850183 746179
64204 876400
194308 894439
743410 345945
427578 241087
523605 21596
573235 680667
282207 12361
354402 94037
858257 744726
434613 367586
457934 238706
397130 811587
848101 974092
721489 719187
145244 952674
695361 461334
248729 265099
478149 757165
780707 133163
141199 891051
411941 794607
268514 607122
164615 695179
470297 523367
120785 290042
409816 176714
587052 234243
755118 414708
613694 977657
48908 902622
527636 468858
440710 379641
255824 739817
104276 803241
803500 159129
693043 153598
318734 187660
460027 685017
610159 138198
676394 750709
837436 660997
308210 413319
124365 685039
880823 111766
574666 10410
525576 549938
286113 724203
723528 315382
415365 142604
149302 907161
669575 546126
756220 375177
539200 674359
520262 123684
253729 486764
690328 471372
666762 902241
768343 649538
603385 122726
583903 655626
380248 995859
890701 585743
590474 131585
740289 252353
638512 73242
284285 449338
729184 297842
341691 862447
620169 407050
839383 599100
154248 392433
850276 989634
394915 550708
252628 150985
387263 87241
904716 532378
758464 181074
802879 516732
420191 135187
377053 869777
646391 727598
998041 945377
464265 354914
741205 197343
603424 448814
260856 167625
874960 982556
426620 112212
996881 936271
195 260637
840545 337168
648694 79897
523934 992015
45595 736850
778169 763871
960952 951411
565174 743480
929422 358427
357143 915066
772896 42403
327180 401733
340357 796173
993639 783699
251695 490979
474345 499125
145376 36087
128661 180796
5290 430979
608952 670764
231593 427252
296808 782618
271516 259533
628961 853059
134877 773908
314869 211766
835873 747791
568698 810454
338597 253268
397052 847557
758199 152185
937367 525958
291300 194751
377990 70966
363961 599678
670900 813779
446461 692078
976341 926160
522577 551216
268879 236392
95251 943723
589694 81686
770640 62336
645830 845204
534047 168756
591445 799137
74932 340231
836642 703634
358094 980128
816426 229535
145834 588279
560139 846713
928853 194146
210029 508825
647280 346931
434177 587689
519194 170391
704671 247735
889545 934014
507975 734543
665360 342167
146554 650366
798163 598332
614324 937829
585498 395855
930018 927049
46257 382883
476140 131767
335208 792855
323898 579982
555290 993131
200372 806899
313295 511248
186576 176686
660808 858133
732556 601088
191297 308929
560391 279305
634712 855429
117674 803863
517580 315754
268754 610403
553681 107777
681872 235703
694664 195195
368352 301147
856153 367497
55827 258959
730999 121419
355773 975485
453874 351842
973989 588849
876521 225952
463644 412830
403826 438494
729995 562626
585622 86953
813459 139597
230056 454731
886663 841916
913246 766215
779167 284390
633886 246453
734370 541360
277162 324071
83014 603032
165901 631451
34076 596182
326993 937318
613026 693266
710829 448003
169906 798808
925543 836390
560531 536010
841339 563917
706580 647854
522678 392957
787117 866483
791862 599943
610679 196279
307630 194358
407600 277320
969450 602368
517678 752937
633994 319457
580748 766113
806529 328497
74884 16803
201877 314664
867455 47804
977126 805860
979821 943205
35275 176809
983146 273332
460366 189083
321087 434319
631351 266676
891424 929611
764600 72007
257355 913426
679440 228986
995575 504423
718221 176521
367008 620544
526924 585957
427778 991528
981949 261778
444219 79611
94937 21197
84353 193835
798052 715842
59928 989804
78524 1502
224313 61041
131163 735232
906410 514095
443895 332305
141150 19496
557778 994732
475363 797848
797691 677701
454891 747037
537874 181835
224900 55997
212318 242716
308779 326867
844127 698992
407256 605346
218858 291337
998284 808645
856710 759074
491878 933876
814273 809254
696816 701226
828461 606040
910976 264984
282474 773260
24553 643419
731982 949768
321408 732150
882873 277088
545532 917241
310981 822559
200291 574399
878697 391882
496518 184230
22062 654192
627926 908645
379868 560554
212087 32253
568256 954135
393444 635511
917778 71452
597702 189400
397158 267169
653532 950121
951320 790623
732367 131087
123196 151725
619999 347174
727839 801486
831844 173264
730434 391212
503675 380143
644765 665718
515813 768708
764559 954844
213282 728351
681992 36889
905547 81465
579796 682255
697563 14197
151841 556905
325078 38184
329528 617124
731162 397480
490044 7552
843015 125172
248465 859833
275733 296674
34986 696142
47912 490124
737696 289189
832081 242444
895948 887193
597026 123750
884798 148918
162962 254035
631064 886181
977552 156707
891515 166750
96218 696300
342520 454684
547717 982337
862419 323680
204694 828693
72344 939023
992093 517773
69365 145529
991596 948580
855007 413467
459012 408894
359311 418944
809754 381251
321010 54710
434563 697330
102007 342947
848630 368260
603997 512529
63774 864599
974615 65049
187938 57019
103759 103411
384758 19584
82512 451391
660183 361768
597405 666623
929734 513071
643359 562735
848387 533474
407535 842924
909137 36554
520263 266148
837925 913010
983558 248142
804326 71166
558879 914818
139509 587204
783062 389277
25877 205355
391136 103049
393126 902804
534693 250303
32808 76335
981393 265314
226844 687533
195599 911461
901460 880287
939751 363370
117222 512539
413337 170847
248279 861352
414695 369096
479867 943567
221304 578026
183782 279355
990974 31722
909107 693396
517351 756594
875463 129246
504655 25059
969515 642414
401867 290733
205859 895564
663233 948638
137880 915901
212476 274418
68133 487073
848919 219297
564360 628166
401457 918129
419275 314
821450 663956
323686 187324
931128 306133
776261 344617
43421 402714
838273 360193
350377 996882
72283 947836
202262 40378
695074 853749
473262 820195
389118 202684
932812 389914
317355 186853
220920 154000
51003 640949
900602 137089
489128 660882
599223 982840
202874 689005
660946 581437
599514 81400
391271 640068
458957 808630
433490 9170
872749 389198
605580 99324
245929 710520
233161 496663
591687 446636
244212 750013
539408 240949
746327 64335
794979 216101
284253 126587
98653 925194
126893 954628
743975 250641
879993 377096
491135 307620
714086 846622
23807 218534
959991 298699
661791 820711
473915 748775
189539 785724
17675 44895
687582 594972
794982 78851
877899 838268
520879 127269
617322 894883
1384 702148
260395 454606
451304 238265
520643 732483
470948 204623
476720 728301
470878 177548
737818 959517
180372 774115
345814 836035
240035 831676
715404 699374
491866 283396
67830 502830
746864 827226
680302 547013
466989 636851
46632 393125
218787 632320
499259 753726
266778 390907
618329 86051
980765 597545
251627 737713
584075 50838
734787 667294
395200 132345
340845 317986
260250 285781
129306 159439
503041 942713
449526 208373
814093 606057
125440 985535
514318 863205
859536 194860
164157 180952
968369 647229
913414 972793
