396017 546165
826960 47177
317133 430045
823599 282352
227407 705958
716629 940374
279708 897751
834887 110112
390236 241047
933863 989928
845006 242675
684720 337140
318613 166458
652176 597259
613907 778252
430702 609904
603248 387211
666090 216738
666952 334875
810683 562604
288611 91460
636816 819584
270081 40291
559893 969617
201623 537949
501515 871849
896107 447316
145313 838354
263475 697048
579888 364467
737941 718509
327501 1153
353149 397685
929425 170691
217530 72727
914568 908254
848718 491227
428027 334791
528827 922599
512056 98061
304671 648987
503516 603307
437213 138698
746400 521765
194202 102813
547226 600735
702025 963283
449183 918602
234769 264231
696928 909752
756997 383789
402138 458431
666405 288934
244040 950140
171211 652196
948347 203862
846187 640293
373790 171659
835656 746602
822100 599031
583038 668302
771488 971774
891153 690854
653207 416957
689198 360556
316376 252651
36827 372848
827808 163419
769410 849061
745898 741437
368740 439472
355420 358984
352640 126271
216359 719721
309514 344815
678819 520886
842972 610787
81932 329209
261087 956309
182384 435561
136179 378703
410655 387254
962425 740301
532181 340117
663192 777589
309283 434102
358323 858339
833526 978565
912053 378300
101792 759743
139459 552011
516589 997327
31636 590128
12065 836656
861461 820959
819253 932283
887365 38972
557610 935098
479892 457190
609175 477525
973672 610254
253331 644823
958577 618243
977875 755966
574788 760587
880590 243401
688524 744049
716410 181046
645944 352518
661396 127512
389703 604614
614583 386131
122084 655681
56504 169380
9467 925165
252910 301256
88292 272253
705792 195702
406182 908318
488762 929151
700306 110478
995353 713889
224104 864769
453419 969750
416252 210049
527603 58440
814707 137918
72353 790664
280242 384232
412547 831403
37364 513868
223287 500950
169183 169916
56933 631953
782951 624231
742110 3530
909816 664229
727178 541889
303076 786270
207051 972718
971264 252462
617483 646938
1675 4360
893748 839729
262644 961474
439593 302647
259054 215397
464946 181672
207620 239696
659535 51366
818224 71709
580252 472855
836968 612497
893333 47797
266917 996805
151627 202331
257477 829471
549239 722225
970753 929746
142302 908261
878384 657100
783672 523485
322703 750637
938729 224354
831036 389876
56344 251933
222921 151160
999071 762991
833681 210807
130103 599527
10931 982888
100318 641437
144434 829552
876797 961996
514088 120773
781565 579508
589571 186090
350541 789325
705547 106352
532120 154315
785050 389204
966640 39889
589195 304310
319106 634230
476879 863983
2907 638563
335784 538009
199077 993403
731500 785428
506804 612476
832122 591912
759398 89021
479 568706
425884 974032
977219 749230
895279 515059
938191 359871
54276 682763
603955 666374
67182 154042
702119 151261
559333 521570
787902 770239
424398 710207
147939 804074
927102 969302
203534 773266
740804 324091
203619 700107
995294 360081
904964 722103
291265 926738
753363 356678
411982 628062
460208 480681
571507 473768
53683 460935
528108 996180
477437 928286
874651 21572
188989 484176
903238 516881
532400 871214
614257 904545
919368 662062
696441 405042
793233 207132
556726 477280
737285 96775
805577 470741
978705 861705
574989 469427
56720 927107
991243 414719
798157 656854
667988 946770
79345 30167
186727 43404
375351 764341
717793 488920
637606 961270
135016 403473
378799 259591
242469 363096
925473 134909
61801 677709
433292 279199
237457 759232
296810 779553
897706 341867
377622 634794
133986 807398
459928 552161
562205 606804
965931 152960
974537 403671
812260 243601
708734 277263
600559 603821
897265 547219
319460 324582
674887 906915
488887 417256
171757 328834
868148 192573
511288 130307
666592 432300
204217 765004
347530 975496
555870 263972
15735 907041
671417 520511
77009 716727
922182 601749
493949 271740
490094 537093
996120 472523
824174 529228
812964 252067
875171 607016
868201 873868
64850 482645
965544 475850
705112 315099
307823 790463
117499 721591
913374 344761
139721 645771
656772 69787
144352 840435
916704 722971
159694 12056
452681 521812
504459 58669
439876 547856
303650 523785
281307 577953
725074 166528
16119 770386
681885 863118
968341 993482
795355 377265
251058 201289
410071 631150
102487 86732
690808 906171
351477 914253
267561 353845
209308 79730
402075 365185
702091 977815
966770 55335
369099 254014
475230 145616
418803 524386
794204 437861
313718 531192
47160 227191
576344 809390
918892 92633
952858 800185
190583 482140
496026 49975
225342 826978
213441 513672
172428 755058
4239 666146
440659 101783
429576 151173
441759 820486
369084 766684
974715 234875
729540 833219
894334 137265
945420 321631
530524 221433
472213 688997
793050 499434
924584 383287
206301 121189
160055 644631
325467 850320
515169 402870
754829 860046
881677 209648
469587 618812
513549 170851
456098 70087
776643 292670
90680 887336
910466 188415
502114 461159
981366 853268
719490 1531
96258 886262
445253 778173
924994 755928
237850 684020
957423 591453
968866 658647
82622 965793
720632 265574
879235 331977
381524 271115
368801 801711
354068 118458
90035 202985
859539 917121
637495 763831
639560 247198
960289 114600
99399 517987
499768 770276
588738 572381
735184 805260
837262 25420
909983 434954
576834 312692
98726 350213
624643 828684
770123 273208
930806 272965
562459 37022
19659 192879
455145 208977
64065 630831
100807 5235
683477 799262
938253 175135
589258 782166
2954 558184
992511 823634
876905 735914
216598 732168
967027 332533
290411 881012
959226 441918
809494 21728
810600 341893
38023 212634
207810 664908
555218 321931
186054 565038
751312 236611
246023 826353
803755 930314
369920 301356
491009 178167
213772 879808
13761 561642
874190 100325
595693 333650
782865 374054
48144 615676
201233 355733
452955 372265
4290 793213
126093 486480
109962 466956
907739 904201
213027 294995
301215 816407
303894 855412
923550 598872
683402 86134
986958 950557
542899 268455
950924 416753
333425 575367
790465 972620
168744 807756
313831 228242
814109 199386
852405 182112
512141 104882
229773 219650
128473 38986
678208 263061
606186 964910
147848 178980
765749 758305
849729 688183
246317 135630
223670 853407
285330 150672
749725 334110
576746 411733
253836 618231
950954 116205
299183 818924
651632 975442
309683 276916
247131 214801
88709 15560
432862 286126
124224 107025
335827 614450
602857 768783
114124 969228
58388 616733
942934 641025
243713 313294
938255 146821
878030 18929
498810 577725
182978 438006
851892 314056
931219 920546
789748 443625
993547 633757
940278 287326
651551 277035
180946 84743
235642 285579
535920 454099
575885 834862
28182 484830
753929 788912
596703 833755
537787 829266
362765 955946
489413 771557
483423 434260
29645 966618
606449 104366
818811 614579
34160 272898
31916 79827
594812 847190
425009 988512
533294 238768
432283 877238
968610 918836
338284 639746
862967 67256
908393 639553
551691 101852
287350 331820
889488 110189
60714 393897
323433 410199
683886 336055
379409 323585
603863 57116
309580 689349
595435 294427
428661 301083
360958 82786
95817 313124
291280 965015
176220 413428
596849 869777
988120 412316
864625 559816
410420 741495
849673 946752
421113 532337
633026 959657
445308 615856
101649 277885
231568 486221
442989 602072
282954 945118
735141 39649
682787 222664
704236 701514
922415 385415
287768 815159
217823 429996
772008 219519
555463 273741
145254 635783
900817 348921
526472 227069
666460 444441
575339 628833
492462 151450
930407 626594
361357 468910
12609 189422
46504 650332
578473 87118
905244 845348
920957 824481
578082 88117
17561 160874
839145 808999
494602 570890
674241 648176
529877 642744
500286 292875
64143 193587
925302 732302
114832 391155
968832 878897
118426 319231
235323 520357
535938 243030
714290 755658
741412 518603
29281 812533
589432 40742
14756 182538
410981 214331
411975 364106
537074 703119
787485 618329
821003 406885
351527 938889
790812 582143
108368 809279
36662 40734
653096 344730
350597 538307
114460 664259
79853 244331
652913 461404
865810 962430
466211 248361
639239 925846
769540 617366
872499 229551
777146 195184
242631 776846
919444 225234
1698 369035
554572 390028
66838 360383
981994 297964
560259 297688
393431 250416
777676 173702
116224 788787
936652 863928
137527 612785
875667 603878
525993 842053
632083 35940
736062 148080
900510 668086
558445 52387
983117 528516
603930 344146
642773 797072
63578 731108
912186 351981
418079 662469
383447 308834
308565 713973
217383 66003
84104 155309
365169 73759
537120 304453
777339 764471
5519 129396
169968 207157
95662 572856
509029 511623
557851 195132
754378 880597
980528 662636
223068 254770
525242 215509
929233 574796
96840 314168
696791 548200
307464 323162
429424 695544
669871 660455
378037 95362
416886 873481
118060 477653
475019 682006
824690 148147
393114 467744
645136 409493
732913 368796
895091 216960
470571 565591
339464 88117
988202 921284
193095 972319
766941 193344
68937 684247
629711 839988
75104 48941
544459 129101
962284 428034
258128 656492
966897 93864
708676 905140
2238 152140
618868 296442
879622 407240
567122 296395
577394 299284
336977 96205
954323 766643
92950 565901
976124 910177
405341 322253
256430 657760
479219 142812
624401 15917
93068 274654
684520 342229
603486 549141
169615 155274
226044 146714
103647 864354
426322 82089
820327 188129
34642 537042
413829 244005
253756 18867
715723 598193
760961 92550
344775 209011
869214 328522
954571 781927
104860 690732
241776 903712
420072 719095
544830 30578
185823 375980
249049 941475
627052 676787
530005 142952
241417 36207
136175 797266
800741 13288
993798 697562
650902 775172
626709 383641
176418 802645
766439 164307
428200 965510
487696 172579
51420 644738
234934 243511
948559 692871
79622 21968
554038 781683
358050 854857
889090 821210
718052 557266
457012 207796
324849 760812
348408 372619
876604 744003
624624 918636
745628 375284
739396 774158
727032 375194
324638 603554
141658 989276
624385 360323
591436 646938
597103 416446
958974 705367
527794 663262
25889 551126
137974 180680
681368 598525
354301 846602
603644 707548
587646 246855
693648 364079
807809 187416
400789 36796
461071 236511
812161 876380
610506 745661
503131 75598
968430 185219
818652 428594
860106 592859
527811 902912
180068 259589
22052 908615
281264 800328
788188 802391
379874 889280
675911 594048
601215 421547
491830 567260
230614 536947
173729 62807
630857 466948
448037 888591
875238 143494
620649 797954
242598 970903
254916 156689
926334 333186
309704 172870
59974 716446
763600 876641
369920 287278
7989 504281
717658 548018
706085 569775
827537 269487
997922 18867
713656 782087
511164 680205
178718 957966
721458 972979
992080 916743
520942 676534
343880 724282
185528 832106
861275 854809
407780 879113
488721 567534
603467 209047
325037 859167
288615 918413
691346 678381
64848 707279
475057 498876
555541 738373
57486 831853
669174 903097
230071 963013
484309 444581
446253 225270
151141 884840
879390 59829
443947 423546
789282 191786
204016 132735
439942 846197
866836 605017
141176 374553
409941 783562
400103 963870
250238 142594
893292 643497
531677 654357
523047 337951
916288 618587
295 294250
232636 158909
541203 695288
563289 800550
345932 934879
670248 769518
966462 466764
393197 292649
404162 4854
779805 945442
368426 18830
105622 962848
999960 744710
508140 495149
696303 246740
63883 126976
774565 995375
304128 173684
662924 510428
304983 384947
7842 304954
3662 275742
929992 495196
107955 448709
496604 344234
902435 655448
514548 855054
768924 178180
950595 150431
601449 460466
488276 724866
819616 455748
312419 111550
200944 179037
602868 953275
946375 965016
893752 692159
512431 238145
2096 132488
603192 664199
928819 624971
125464 185919
737812 171494
348793 838714
890450 569973
573017 333611
675469 592306
649705 343223
266514 653927
850009 752159
503705 763759
241002 531565
602742 101247
859478 414122
518245 695384
62156 290817
953325 471460
770770 571000
658671 705474
393484 996922
673558 467826
749017 48766
113323 646582
106982 316235
135753 553262
928786 97743
419351 751454
736412 315281
195355 779392
399176 767979
391553 322385
624872 876858
493615 215019
82156 364354
346712 623674
416017 368839
154933 859621
620769 76764
120210 643532
229737 310833
895711 885363
332916 30252
933469 555568
694187 714748
903585 281209
800697 779256
150938 457516
36230 421510
425432 272656
5683 882777
134656 241049
838507 359454
769348 904788
368869 314440
139482 801996
449412 114553
309486 761621
595862 351117
942118 552525
254205 538442
624199 433300
154107 107539
488936 388992
680758 344818
387620 188981
665366 368148
849514 957204
137688 501995
385804 509348
443073 421161
142482 534875
356390 899702
224700 813522
283918 537348
289362 4451
474079 418457
53455 867051
547774 205125
987118 533763
901945 507026
928607 100133
987155 123327
919571 635571
613395 374756
723877 803227
644301 747986
171770 459056
278331 512292
760191 529748
444477 352282
887082 101231
423503 919417
615899 536729
292519 861939
8922 172284
763593 988017
973798 922185
514823 521252
518896 328195
555080 135068
108798 275530
326032 136857
414573 626909
844980 455046
245320 414813
538093 768859
445348 444521
235262 801024
683178 168634
667975 311698
839932 827215
198820 564947
732250 55043
812061 337887
983058 882109
947824 657414
529256 883815
450857 346323
686660 292430
413796 416456
360424 761225
828685 851082
812156 17670
159576 179161
604687 253136
865867 688984
986823 72591
920950 302960
985845 929272
725470 36150
256470 975518
718217 717478
423290 775702
11655 177006
295321 982438
967621 20406
893364 662867
639933 630442
496974 790374
178187 631616
519214 62216
507579 295542
824325 382436
717697 584961
900358 958240
866936 687773
530409 312103
169044 910909
485886 9274
12287 608180
956937 401813
411103 896251
54473 582177
668682 648813
722414 919823
121598 843227
610493 97233
300485 928672
874171 323958
798443 840844
252930 78977
570371 122706
322519 559831
251213 170609
957734 115793
973491 137401
739213 69398
519631 882351
333539 740683
421214 691777
85945 317217
223406 308879
29113 475585
349816 601775
389386 648008
496065 582593
285397 991169
990726 750545
225142 604690
763542 454479
438876 306228
234549 93560
764782 315952
317828 663081
190196 87720
742205 868534
309544 502529
614781 56046
78672 115252
618625 419500
273042 647949
443450 634723
19778 133739
220836 237386
513777 296866
530393 348597
726891 285395
778211 391748
256030 188739
592393 870188
538341 251559
855925 144532
377597 722724
630637 602051
869172 913641
855487 551257
745428 146860
8541 900723
779765 401527
224864 560113
463888 950972
312065 193355
79905 899335
312797 369809
271561 677270
614365 239509
9178 251757
143501 667852
796604 386358
653077 866188
744611 878114
328139 772896
407572 193891
93561 578461
75490 195564
590776 629142
254192 579780
675951 898627
781449 447877
241349 13547
572119 829519
31782 137802
943498 410759
576280 353802
368582 862684
576485 1832
930173 725564
322932 150018
68481 607854
575577 510381
121565 199246
527912 245531
759290 262743
680362 828585
99523 26320
344290 135009
853590 752353
725460 205093
631154 588958
762943 666603
298978 16702
533518 465820
598560 882387
638940 254553
384380 422607
609387 472618
910576 687651
48043 122503
500524 565963
725071 316696
603377 787814
766750 900718
172639 437737
432629 666956
149863 487638
126792 860713
818935 870244
71994 660255
826858 921323
429412 920030
950310 392361
854744 336315
197231 665205
797840 646665
461149 489113
785491 624875
930150 439703
746882 446310
181687 553886
381070 335161
535105 406834
368386 860202
549308 271468
182573 491022
157220 344494
198855 480506
832143 943874
317143 39564
121661 977349
60328 953890
643773 319700
458976 289970
570363 425754
433624 172013
90605 532979
281174 906514
931244 648292
713097 581813
387466 271357
55775 813717
390884 358883
790180 687953
752123 311950
998885 38608
758580 222115
647598 748680
928295 368639
743118 864573
232206 675798
533411 312402
301363 845367
144114 239444
804745 259125
881814 446646
552752 829478
724197 10201
297389 793930
443906 488918
671888 58847
755127 416691
811065 306699
997232 561722
272465 944623
114422 466569
650284 362483
180125 418862
568874 191867
460856 558902
696429 307763
349442 753091
329597 112396
164858 336141
151968 564943
158604 22767
508127 108544
504788 529477
721761 768404
122591 792179
124994 1402
283180 971766
80253 261885
779978 509707
945991 108310
729958 572076
675089 357153
195966 650806
252622 828218
624478 988763
767 2284
697353 338766
661929 646812
8823 33327
749831 737134
785275 78239
185991 54917
878454 66205
594458 172131
265890 117830
110175 838411
863004 683298
125095 359248
204393 362596
149990 586
349764 758791
770962 266483
455623 568319
60600 870639
434551 287003
340552 660029
931583 420278
853629 52538
107019 714108
900005 944948
410121 743579
766271 610265
406885 155067
471231 645248
236584 725076
344430 794809
604713 693355
305944 985861
559953 561434
721030 959605
609138 177137
543014 379425
598006 430888
602305 590651
426536 922714
535854 727703
92717 610497
105085 466046
589507 403242
104586 783239
588393 802674
153640 830144
833344 114624
132659 806326
841041 621544
358833 499638
426294 630468
506023 687128
515035 472251
998460 374431
31821 583839
218779 319606
215049 340024
831811 565984
616869 395758
337588 275260
898203 940241
145591 76423
902361 431688
676591 841032
58076 834154
812173 329218
570485 347340
503033 289341
196859 28781
793686 589492
578914 707233
468440 362630
298516 220839
327217 748806
164406 914124
677833 397151
118545 830666
493993 571930
421220 29647
487717 165117
393396 691827
942724 748003
325942 980316
50409 9834
125210 928366
432437 563198
933236 852464
447542 79064
517442 438877
209774 511108
364046 307841
470971 762058
168680 363890
509102 938318
999218 86584
566123 215524
163307 245258
691517 616888
319514 626185
739710 837420
936619 103258
622682 788472
8506 132524
769430 992561
370704 211273
556173 441793
608297 715555
976087 932958
84486 754252
780404 271993
788985 940793
827609 16111
153760 2255
91201 990930
947944 464962
136920 823483
572762 218235
884675 142163
927777 775355
763333 741477
128877 302263
938799 213143
512317 256020
106791 396582
219961 797824
691212 851736
486053 218887
586093 860677
280052 324349
928727 16228
375451 647287
785063 326980
413171 332808
976524 904901
259451 10506
550669 943520
693520 626122
55673 74327
424593 879111
35738 161571
738335 647190
399820 711918
107756 960458
661484 598669
439627 101112
256096 108445
402029 580832
886684 929941
465469 12923
355333 588250
762879 455776
140745 172386
864593 883557
740175 449346
280288 936826
439819 945472
208649 315600
111997 346876
318513 233480
307891 849223
279059 802662
820621 42824
286736 89592
812855 323195
691542 630205
277011 550005
798668 817143
723128 516388
292825 22723
193796 201286
615832 989328
29749 776010
900914 880937
69301 809145
683710 564098
507731 425492
711872 112670
133503 933888
798447 147274
191390 934328
102306 276146
131017 333344
392126 612364
970588 24977
599981 860619
229671 200349
157111 219605
980473 401286
575475 249090
453568 800969
676312 495682
871904 940722
349304 595266
791511 140177
3121 42250
850362 840616
465271 315433
487027 961379
102861 812109
711773 467215
753784 116906
607726 94167
477577 977465
383985 397897
517913 901839
677192 66387
75260 420718
149667 261151
311067 709269
426787 87779
582083 629333
869124 3061
929422 973233
6111 109617
9239 44195
456261 506019
142725 774373
486054 471460
362130 301935
958590 744616
412501 745138
561560 437308
559535 571524
384704 202083
55986 470483
102058 845052
994016 209772
565751 531712
431877 713830
821 510314
24809 504147
599057 44362
153600 649688
957580 840391
900634 116300
298919 511881
456896 92783
675891 608666
371186 393583
781806 631364
84544 351542
501618 363872
769349 946660
46282 77629
703893 793513
986394 794324
735552 385697
353986 730965
521427 864395
1200 470857
599266 132899
783792 651503
752301 630547
740323 604088
993249 805533
768097 434430
300881 246530
532179 579060
30783 471813
262974 578653
186385 88428
953609 499223
200861 988266
469585 829941
165953 71977
711498 808926
722290 390059
975897 98303
735520 746075
469050 722988
913018 781132
683115 83913
538721 515724
563877 953260
299488 216391
888683 293630
452681 47273
846012 398866
550732 668927
567968 204604
498509 305764
361226 281469
682887 855602
194963 761507
306308 917023
523442 337947
241783 906874
41142 282476
675601 645902
765745 914477
724960 123904
196569 210268
574009 812056
906960 175594
20231 916584
886486 625764
187963 911467
355282 42675
451426 698930
360466 917126
482239 920038
431751 860761
161226 427322
540916 212459
756973 828802
570399 221087
708293 127454
223512 395939
398730 855065
502764 347672
931880 814759
975818 293353
82958 373923
268684 50088
187006 459261
412186 140601
180582 131986
407010 244196
643192 728231
619040 963321
476286 935429
938892 637249
645936 88246
955364 504424
925052 352299
71622 834375
941490 710944
444437 237377
993618 615525
277994 786368
446781 382835
423412 367409
894674 992469
912665 856699
5924 424770
696348 661101
229883 466845
450128 634579
470682 857372
108695 383127
728077 577398
370255 948307
815008 994149
998646 506603
723643 221174
470490 616793
763710 642319
71878 144960
110987 699304
549804 946830
397894 925874
553349 640486
990303 70848
668746 307731
992137 951922
996778 652540
45324 654973
745053 757056
308679 210859
711171 76133
941299 399691
299830 233213
194107 628381
275935 98692
715146 464325
136627 228627
817708 301708
441241 387866
262419 726902
898259 941584
717906 440983
565713 453871
404518 420216
883516 998789
739788 686716
824209 857220
98552 412043
709299 177649
910585 69292
119726 119608
144696 554257
116238 505807
471137 551551
750010 100131
181280 15669
186175 873660
501192 939967
593713 547411
631556 8302
126316 602529
389467 1213
730705 531629
713890 327727
164238 380479
182058 142381
186544 788583
407676 604187
36241 49056
603522 770963
587827 945748
22620 816684
98735 214393
682905 755404
468641 908051
22614 397394
31633 307730
42667 874046
717713 909722
686582 410267
805097 734105
910999 383088
3193 293619
865973 256889
778935 733233
663272 940766
958781 275702
726639 162128
464733 14359
219100 102412
194583 773
771898 633552
908372 513736
991743 613814
779543 878977
438594 406735
272976 796469
368338 110833
468928 108495
942282 91656
516583 938252
919884 860233
561354 293164
941989 959423
356231 770389
32563 697222
805060 264789
748636 584911
380553 654847
354258 522791
321228 916336
409038 931929
306005 340866
95358 718972
560510 358887
420715 499467
509163 549142
911874 54253
818770 156545
237971 772452
962516 442636
878542 153694
610334 397415
122297 300004
98728 473902
272272 756559
824336 789790
639367 610546
663258 547973
228485 671335
603937 851482
285389 850778
869696 753911
628222 702936
409229 105659
975477 181738
457733 538442
945356 430539
707129 947259
712224 962529
671048 703854
611498 807413
589160 538621
471582 130726
529441 145677
992717 500787
483160 550713
132787 36187
340747 763546
41959 828162
330311 871148
834953 215038
461105 181633
935141 377529
193180 465016
939017 163717
406796 2927
118320 981757
963294 764099
171453 500345
816077 897032
237901 237824
299161 511166
965523 263056
553258 179393
627510 408510
930117 595778
777205 573121
305574 940336
396180 800712
139193 443390
456706 85288
753558 322940
519918 780150
920808 104863
235263 606839
157667 917317
725433 65409
75901 968853
415959 131129
89489 594420
925070 905738
682746 166935
487521 530041
828423 771486
284668 81303
92117 245170
980937 912217
962646 982058
603614 617045
614227 960606
686687 889628
9370 530785
594257 139913
522428 974761
152464 389989
170309 502994
134831 269687
666233 574091
677964 891659
814241 498122
623524 715730
391061 74966
887538 285628
728550 428326
978357 676913
908573 992885
984621 71796
304941 564383
91916 220288
504259 412340
507850 566772
322659 752001
906282 401197
797506 291946
506495 681678
193059 53147
814683 844756
928510 417163
884136 847060
639627 318393
533022 306679
1853 697491
247446 560693
480355 517499
269021 587190
934053 103019
649000 111080
834660 137988
984813 424269
847883 247882
746477 598301
488966 734816
752784 58232
247476 295078
219970 563206
737747 321202
462567 925451
836818 927912
843074 797116
341818 121800
788460 618516
357238 551760
684194 455588
709699 872410
377192 555823
711008 700287
62635 217543
172786 203441
513193 886899
164851 14427
732614 990931
216883 500852
57348 168414
191239 602287
240803 464443
201133 460648
595674 567877
507703 384773
298476 242267
638573 47655
436680 360611
462593 350768
969558 825144
119654 548591
380200 412183
915227 383063
699509 220301
334772 428642
556267 348947
422182 346023
591965 668781
171848 27594
360044 600950
429061 693728
774842 425870
573918 846256
196815 182574
955143 478309
515443 932140
772356 354354
416880 562657
131572 452622
342709 245268
51317 320820
770222 77159
70802 304251
768557 296346
84660 907862
722452 658152
657259 431030
655357 348929
78539 774475
678349 312989
418546 523109
337800 423764
243219 51459
708872 348473
323056 257734
864675 364884
507617 538439
522774 197025
148681 691894
553607 363822
498316 98989
505189 829687
250319 629618
933399 463327
732815 623684
707499 773862
296184 266319
304866 114230
503567 150932
79087 316258
544263 690999
276775 932729
289464 909506
245113 578820
447376 960388
280128 571395
932518 174062
306117 223720
914598 769366
398111 504449
902840 984442
204827 569303
821213 783852
711403 807701
459467 924339
352616 829523
695986 121038
903980 349309
560775 708948
197912 268292
916054 244227
505430 782229
61713 977237
367257 596376
501684 364766
989918 167085
697544 366854
94897 533148
744260 637156
904688 836029
970993 427721
390560 903485
946990 39008
476211 961850
862018 388731
85037 462856
596882 956754
513787 297243
391310 795862
880360 123385
545888 137
862928 164793
925169 364605
981571 395290
159721 262849
235379 228970
873494 707370
621928 999003
846134 398784
690871 309924
221083 306359
386455 223005
193313 191948
119568 978510
274186 432450
369161 510821
728162 483853
69529 548849
212005 813923
251285 125947
897945 679998
335802 941251
773307 43556
424422 770341
294291 964536
41287 468464
134160 415431
162165 330723
4515 699059
631582 228309
229322 766793
478165 141259
221906 366778
713753 907374
885699 422892
558936 144237
252792 869685
157038 146938
735255 235138
271443 619045
723249 140842
875810 665971
924339 591679
831873 960062
419109 668685
749337 854597
576943 7214
529151 49992
70045 612157
992718 287565
696864 107315
449961 519095
929154 813459
678536 170638
844997 141180
336501 235932
46665 999830
79404 221902
354416 194514
933916 446004
229473 13987
878872 893999
12565 912479
226635 594989
898922 169593
196438 798880
476079 478934
874211 536119
175474 622625
802986 337672
935299 215256
913894 762701
914978 684827
860505 170011
251324 32215
330354 410055
292406 296006
820235 298224
656531 203941
431442 65318
216009 284912
678646 538928
912177 20255
442097 359340
528070 43982
698920 526642
50268 591547
45013 586368
12334 133172
62319 534382
594339 966907
318585 308741
766178 314401
628818 933286
376831 620544
212914 132859
797798 173961
13556 114601
105086 910047
847691 347434
88759 81585
970724 562635
989292 796715
594729 283023
334289 326545
286183 131370
336966 720983
148381 470270
815086 522543
166495 827181
579933 339660
799299 632479
186438 272437
68646 877894
799738 116469
489118 794862
650620 258811
147482 811802
452320 779975
611984 292823
613515 644362
995689 438879
479602 165050
31250 971305
958166 264364
64507 150582
808878 457277
576692 305027
580388 319809
455903 719847
573460 26334
269423 123596
860091 236944
801422 190538
326373 777943
40924 389130
721988 676172
105359 721037
62983 791482
408093 924607
808235 861517
999661 552008
329662 396751
234240 192269
887332 62495
394328 302871
487499 947364
819899 106874
867805 480479
150198 252186
122413 680781
459275 769338
888266 317602
423069 417213
110157 43939
4758 489389
425856 776310
719796 699064
747597 48507
641504 721491
178154 601544
166122 561678
641673 243807
881193 928536
235145 969493
103204 287662
448737 467005
464480 107602
160674 507552
807895 417510
594061 974800
363407 534023
722843 300944
712489 651552
609854 411639
310881 603255
755391 758739
299621 507287
982241 845516
783199 585413
865767 173933
578104 646891
639555 799558
851886 365765
604499 399897
890349 582190
983685 592774
519691 193770
530664 264605
469642 415251
891777 486403
979057 413572
853079 887955
392686 825800
323962 847713
855122 159933
537098 351246
44692 288330
904759 697647
355969 956612
870304 361772
134562 379023
878995 135518
897280 308880
465907 908633
257724 467953
703026 159356
889016 981783
696338 435091
86879 700835
386558 886584
591733 724088
863283 712015
173076 441911
702245 244304
775382 907066
847092 354662
592796 720095
679140 555793
523441 78179
377497 435981
24193 548003
866927 125746
928847 173683
195187 41371
511912 199297
698844 569617
906785 479062
55393 494421
328019 866512
467062 314972
999215 219865
670346 308445
643540 900506
652252 821263
433060 330719
267023 986072
223382 594998
387082 414872
487108 191790
548604 402615
987141 880699
463406 903147
710327 107970
425193 451342
825004 100115
560612 711657
768264 8548
885573 431667
373660 654906
63907 490700
953829 414332
995739 923379
821531 805021
507091 915106
807455 114894
707801 936821
281671 516962
33791 406414
141909 294705
751148 611422
987817 467973
38417 447060
946153 282082
336177 930753
368994 961900
702941 544748
781225 367368
971580 271006
935087 26700
514170 573720
266792 270358
442244 988062
691898 231313
301839 914510
33609 117853
868370 206007
59227 40773
821110 136141
821558 865218
600651 933790
131264 567836
177668 447157
95799 311799
391362 835220
51603 198476
473471 193855
514047 338241
349624 480754
385312 600616
740377 886666
781309 677425
376579 102757
767117 982809
183846 78919
374134 130202
906553 91813
791030 624990
8347 842361
992906 51502
301770 580514
966905 624557
873837 289260
541053 165553
623576 615033
838339 612218
456028 28516
528015 491767
470455 742057
969755 799739
333390 506631
954163 763462
612015 812703
356272 753033
14273 741311
233634 900244
942227 665901
364542 283753
4409 554240
409500 662929
804901 367362
176660 770809
340747 607889
890345 488674
720922 460680
465590 966525
667611 236411
920495 745022
391044 208899
656636 164715
552814 318191
349701 422814
597075 114175
35121 167993
661406 878661
952084 952204
489979 644143
737396 840551
940619 761623
818491 147951
96592 691759
755134 284776
946724 791927
800113 612089
326112 30897
925853 783467
953711 670337
265417 319686
135732 893628
53549 394088
895333 463250
996755 109315
999618 562778
931117 308977
39694 785939
952815 705497
685336 959708
286266 174892
389082 15198
737615 70279
118643 94975
980471 140243
11854 875084
655051 714364
370965 182027
856693 245226
892929 48211
749314 663275
743895 762348
790517 43294
128999 735053
974012 177063
756062 542828
138128 32574
216744 97226
765043 355208
45981 158225
590856 296396
265000 871863
231084 404697
956747 478685
728695 701481
81580 603841
197151 409092
999027 301194
848375 240480
503451 441429
538759 622865
46889 194697
724955 999977
428464 356642
176059 896480
720591 292396
566376 174980
938557 628241
228751 568124
843185 854138
8938 453918
799681 290334
509897 203910
835773 17780
72152 285843
547964 523696
139044 865658
616477 110706
773221 719218
818827 326533
932649 743614
630371 240313
672649 114741
182586 408574
517682 35838
923492 827524
739149 583138
548528 209242
400342 481698
132296 85783
872698 496111
930686 905683
608470 244614
200789 865441
829657 413043
29138 952261
364094 185029
954579 550018
532532 694736
813595 823863
523028 883474
454198 288158
335901 356686
503133 379260
615572 147963
711409 352913
776088 390743
21342 546476
589540 841572
613492 960696
473714 655464
913190 945162
386849 413967
596552 800508
94261 279230
784845 924671
469246 294711
444055 921305
960031 42469
625801 577552
669880 668127
156992 110088
700914 194782
380475 850150
510999 338950
774121 165134
676029 826622
87433 953758
653603 598586
878833 974976
622324 943264
233614 368082
554193 13086
301144 926391
695498 85275
504533 860264
635469 161672
310460 638204
61170 488303
287165 709886
624811 532530
306568 730471
541051 292607
373250 197035
828256 944117
723337 346520
444802 95954
427466 765039
879808 42722
697581 372278
589357 988474
30274 665033
617122 204701
525601 248442
839978 174698
255625 179281
231 573999
923214 205155
225022 711962
167397 390833
43194 488929
848088 755707
897021 382519
607063 248027
133083 953561
380072 770151
636388 282081
314084 366997
913629 861892
437583 368679
900641 232403
757538 927547
590460 2868
497790 490569
147177 836423
380791 939376
102125 632667
871528 548123
827700 82948
714287 100023
108620 864939
950879 84447
681731 741090
452081 669314
734757 671005
922605 736492
534003 252425
608797 262769
839608 388910
793244 570436
215261 749693
451854 885879
364333 386623
685488 927010
209194 866069
678748 781108
105022 776127
282685 918608
36976 67623
702461 518612
553745 423521
702741 847534
332680 617212
542853 65058
293039 892538
687919 645409
845443 705505
608154 893809
963061 342302
826533 344478
224941 743040
348188 615061
359665 500169
591847 926496
167364 926136
58416 73045
782050 762151
41177 371869
671781 302574
970122 890352
361320 800078
463381 996477
690260 474308
375662 751545
34862 109919
478132 667206
179777 267904
408414 845840
39192 856264
752350 562634
251230 390742
788364 184758
692630 805696
855425 979376
250177 199443
419206 778005
839560 613588
212111 837610
478209 884450
46086 64128
469720 836951
425879 33240
716444 207936
467771 56209
328003 297767
55409 331651
188382 205180
337032 74425
554946 603934
836634 15340
203963 262502
16484 775015
981112 289011
641641 489753
855086 7638
334217 811134
897879 42915
723440 476240
257710 362865
375108 921048
40215 847306
771054 847268
539051 390341
942925 53618
296858 144591
630236 951400
155764 137058
532571 997637
876903 636581
819138 845963
278677 228073
608613 541991
775454 721303
546954 111740
93089 259157
595128 495788
685523 982129
463629 175733
872924 95743
21018 89614
950861 456861
120123 895289
465755 54929
104192 60016
442363 521342
120028 81347
274871 45877
910662 891539
778368 175440
627674 452162
154188 643216
816151 662917
322691 152169
621183 644715
512717 172781
696988 336825
181717 270286
433844 907251
570460 17188
124217 254350
295811 566953
112585 525189
292596 20803
481822 497437
445327 977464
308914 778545
341902 266901
310485 516430
611381 761223
463329 845483
387317 854999
474584 494992
575671 762909
740271 51085
80787 560110
974784 253523
960718 871559
863185 519776
629919 391578
43141 465640
993105 577130
899086 841389
263702 377931
554651 340276
729269 680175
153224 78208
254957 803270
871408 656216
334665 857944
361497 479210
709210 276103
748124 644483
732732 564778
985006 803800
138870 958726
414953 743968
2199 373738
420290 808544
961636 463779
917829 717706
42018 841029
956371 871488
940016 568311
422528 356592
261831 171476
213927 805129
346274 596526
965441 325940
111566 956578
85099 612455
294735 375325
182396 403643
391281 575593
499406 512722
507853 852946
630442 590386
813871 287361
109644 136027
533290 565296
710193 560658
782041 468245
492094 807958
616006 612536
396245 927057
664038 548078
229281 832243
131846 482002
597473 717364
178271 793527
868058 328915
294533 298647
203225 58719
362439 480704
458419 689048
657334 17122
691505 309792
44624 951384
903199 852979
472796 982690
704090 117270
793719 677002
98221 217741
126252 152630
192689 320227
470264 159538
261424 782367
474068 369089
80902 794270
818724 369600
478443 163623
835588 146128
575319 444247
147481 137304
898818 687335
489782 535294
161343 615590
24457 620705
460349 121655
904524 313460
421830 358689
453763 145990
849122 616753
675603 777322
718688 861613
48516 819028
141932 873691
971442 62143
691546 983158
403077 16272
233226 317435
188083 431062
170728 416098
736706 808514
646917 689814
367016 788627
900708 668108
659154 184024
893619 512585
218535 419341
942230 502117
511555 470860
659527 396836
887871 978811
72986 297467
570635 930497
69805 186730
626938 199528
626010 130969
693072 61823
67963 220602
952411 651291
645593 445996
426934 806815
619018 643596
794554 456863
444940 229500
923720 334158
292562 811105
978247 718183
440199 153641
104560 200067
204226 31326
150298 855124
724709 230668
388310 225021
316170 529922
811602 512320
621078 519187
83290 828506
302015 964218
668388 785196
540952 487436
104724 891527
999412 948883
150397 307725
236967 703111
940170 735805
497737 60691
992033 688391
251653 528617
727870 752129
369084 79660
315019 206732
276649 761138
281589 512553
727897 857239
991125 439611
837913 143202
629754 787281
813052 178813
210027 547711
623084 450518
537700 900822
392427 926217
996908 450382
917248 453994
85859 260677
335444 4947
742349 590530
939570 374070
210774 432113
396826 28691
240352 11046
248662 471618
997635 988642
743624 973284
793278 316281
94644 892422
396144 692079
750919 579914
430483 197624
136138 82369
719187 939562
695999 994612
879906 34464
57675 18886
219298 977690
828299 738979
132338 254121
