807838 88168
644008 973887
318499 874420
808851 789869
143695 548502
133347 773359
74896 871802
396658 273519
120997 656122
555138 365008
944850 305491
838444 725126
922894 597074
130984 965242
701438 168654
946279 8251
57153 186463
544900 418997
133749 556720
758486 228587
232150 277455
683306 287744
402759 528629
559361 707978
174729 516245
153343 722682
17609 195552
14269 286353
208649 102343
427240 804367
503548 49237
3938 482861
460436 40899
588926 215278
651627 590364
938724 705460
201166 354747
783177 999493
944277 314142
942772 159
296365 148868
177607 14483
332652 131710
524590 99841
538437 221243
786144 248842
946560 468785
633162 726525
559647 640478
422741 9700
469259 791338
541837 332243
902312 652897
11959 923878
803287 81030
604016 893067
789145 283883
86219 309222
448858 24010
251383 935885
704378 19494
316272 957034
476027 659955
218823 187539
763112 387293
14102 803681
1050 636718
182871 393185
357664 531106
286421 856143
943282 404569
891565 598514
86630 94329
913405 853920
384678 965233
269065 933978
408257 311424
602282 337365
523927 163941
997041 751855
329498 195271
457491 452036
870973 709830
748651 579536
759224 331058
579276 7701
801687 95581
53985 169133
34958 520529
337662 825329
206520 760207
405618 507629
12409 729760
284830 957360
507423 176399
736124 959186
535452 701754
646968 916859
205518 998917
861600 281392
780420 275899
319960 60445
30822 995240
246231 907938
109428 545339
803153 179237
633248 72997
580494 455826
923913 997821
555344 681861
666751 769364
35636 273205
893962 464598
155987 694210
453953 457101
598629 512910
71280 966088
528454 349389
853258 515249
208948 939887
895704 642795
632732 673020
38457 240412
922021 869375
711903 909047
67618 670722
61264 31826
810895 295222
791322 633138
755106 928678
675562 150216
959978 89058
444003 623802
589454 318883
557679 649163
885224 891644
171846 806668
419492 192550
233732 738344
592463 687437
695073 61518
227317 724958
620585 519734
311996 872761
988070 442009
739396 74952
784710 711172
693432 511049
221736 370597
953456 709732
849140 791777
603385 303143
518801 432638
170765 627868
375474 359129
437350 507352
728382 989049
473584 145431
454613 672401
938883 124903
867913 611200
405522 176101
979419 798455
36203 663684
40767 741923
873632 582723
976499 860333
756501 48039
694166 426386
900590 743257
782751 130864
946740 778058
266385 628035
834387 326353
507302 607674
264885 660548
592167 996643
39036 419842
496080 643328
657252 321580
487903 19813
627718 705337
304130 819911
449933 664429
573860 467039
180279 83063
18924 183766
292800 346731
913363 271967
509130 978734
969027 761910
311014 783373
215168 590787
858592 364132
916312 33438
32071 457445
414676 623676
997357 270865
236307 106962
768891 357388
922805 444410
243190 401955
334955 47297
925433 677079
526546 994372
715631 403289
76513 98916
172638 211675
48247 70247
98100 789219
386331 297179
541984 348666
468386 431485
433674 852825
354363 131333
751150 411261
378773 420077
253035 847517
492951 213092
720458 420224
583708 185377
325646 484042
469406 948535
178634 839631
115410 731255
751568 931515
797944 983201
468945 314723
114456 146022
173353 132607
335163 756576
928232 428743
28521 445788
599181 867201
346832 290931
368977 959680
552131 393255
305009 62950
933129 553929
938398 561204
439029 464436
608620 893668
638393 157654
150586 968751
302496 950243
328180 104174
320375 160233
702101 413771
838994 837767
187441 169706
199026 399916
457474 602651
833708 377281
916086 600438
715319 430543
649745 954991
795729 620057
715763 28418
210160 529035
337406 2839
700183 216706
256426 581642
545637 367390
792480 634809
805993 438441
200759 553277
788306 171611
830279 949204
211076 838072
54309 622602
545734 134700
548789 638059
123932 464999
838009 358062
559564 834468
31300 967837
620751 28295
29907 327385
50580 247931
595558 877108
441484 972562
78131 946810
63873 236177
106523 272593
894007 959460
816462 876813
551667 198890
645859 341289
955673 500102
681177 959945
136357 847198
370876 874338
849551 738892
383757 836584
793479 675123
780530 774662
507512 288782
995367 724747
704407 419937
341127 948777
489932 758974
473584 679352
349172 617438
722782 961414
670143 157857
912569 491505
946705 800202
587381 413713
689367 638201
316535 53988
779127 174689
254316 867506
423385 587867
731153 56984
633813 233165
217401 17761
721783 499358
221355 993367
89677 621372
286034 778687
906680 65132
196645 544677
557679 308264
821900 75397
936714 824131
266428 860072
65195 798214
425814 562326
134571 194307
542167 808229
385044 256945
982672 702529
847718 642073
758030 272977
699467 820230
397053 916708
33455 229440
226383 992539
54361 424953
369284 732147
584423 815070
445449 121642
331546 136807
539683 473497
383490 192263
354653 204649
513114 590700
129903 440150
285554 119910
108055 400412
381401 216572
685936 8058
614383 80803
7825 97228
237570 906854
812116 412129
123007 463832
653926 132617
363344 308536
384921 399026
247754 518476
548923 105224
246489 711031
128685 121911
484614 19369
839535 951790
187434 489595
70060 997213
880103 517661
295080 959190
413487 283226
84303 952999
489334 727930
461735 227414
506363 270397
835607 146016
620911 976999
982541 672353
407774 869713
947735 518107
849523 351627
556900 584541
250022 536850
6392 111245
876780 466871
952517 623617
519495 211069
748166 61162
791140 784182
991956 33826
313468 426696
918548 253617
140583 363779
763589 732847
667996 977447
877872 106673
861203 667150
930096 527725
917436 711578
18164 274454
662924 919157
368351 382215
669762 158135
241406 349609
961902 376486
515187 481758
946630 216255
216131 961176
560456 357194
414795 481043
892277 930611
192318 802164
596630 606340
544395 970683
706816 509172
626952 139207
310001 117564
294036 459703
202248 336511
384771 101018
321226 97044
568715 66372
423268 558037
696410 318474
736739 334946
444734 119897
986304 686600
206655 298579
957212 528015
905918 118590
733763 999845
394245 23228
702579 609255
283171 180078
773718 77326
16122 408531
203541 509730
751690 633521
110561 662129
748660 182310
157267 970307
11282 205116
52981 287427
349286 418644
384591 751096
543959 160914
952369 499145
372988 459144
242663 536848
531020 423024
318913 255093
670340 336790
96417 509345
421585 930322
567522 586772
572825 800153
489333 678694
300337 558645
500090 757732
801594 292806
309586 995487
334000 687248
417647 561516
755271 391131
976928 773821
478993 756533
105220 284365
813674 921693
582477 606069
186151 533159
820786 385323
975627 116406
218100 409107
433321 379492
40439 86979
165366 727959
114053 55253
441338 736287
746449 96550
414730 396847
893170 70107
828830 281024
660934 987659
526216 31323
929063 333820
368463 157149
505402 410870
448341 73080
846194 574050
789601 635804
54501 934016
929548 197537
443456 768364
154256 38648
252865 194376
55809 471768
88714 227153
608697 770497
427894 663691
294286 877686
363780 836791
640940 893435
92305 884278
383857 342984
289250 771031
904768 288052
761012 196032
278244 340991
339041 939577
750467 793409
967872 294453
585609 347595
700590 798867
334080 440655
578644 27117
309098 998525
899225 377994
793556 964815
681472 712393
455063 232712
646096 525160
463606 866451
719090 789332
294014 535149
679119 486463
57262 492835
661153 713601
761358 764178
580607 237612
682368 874926
192383 334494
13380 393816
602498 808773
18483 648420
553021 615694
121051 656780
772902 619076
762736 356530
595724 924228
211631 391528
258127 442068
292783 355502
679362 290423
202384 178390
345260 92086
273045 982126
809605 239003
592260 639545
508555 186768
332224 507963
545840 439625
5246 956904
778043 795413
954645 319706
591136 600770
863247 657194
402597 793432
990769 138446
635609 527335
148448 255740
936415 966780
868463 582118
19741 135474
384334 218898
893057 76890
91515 143082
631141 362911
893498 104217
858961 930405
513595 225777
764334 987956
872617 595017
5515 374976
294744 464225
230839 40972
990515 981357
946767 147722
983106 96604
997969 792721
455834 136939
484045 258885
476996 179203
131020 623538
260092 620294
198249 438923
273 975225
253145 786788
838431 975978
680355 199631
474087 831599
22548 853347
526245 835007
508474 571488
130161 221075
411290 936358
120852 665270
58431 589656
180678 262125
605857 299809
615841 284886
88256 660082
831427 890636
715578 158166
809120 426634
64105 28622
508007 83858
457520 892633
556130 920089
512216 905002
177053 647132
991636 452233
890051 290048
698040 20242
542389 788053
255323 969495
790511 848257
497319 508308
562619 925661
602148 792738
459144 560177
820229 901089
299507 172785
346180 241075
722317 111310
502966 450985
274826 730972
65419 464181
699477 740047
306353 679835
526696 556223
864434 186028
515192 300546
736295 627873
956874 224351
547025 171587
434718 964108
353690 974475
96565 777772
890455 120777
941750 165369
863617 180742
1822 737591
383538 967121
270187 3984
177517 979485
431267 549206
665946 149003
916188 761419
568429 29275
585764 62740
846149 870394
697977 281340
800313 730963
175265 159
894207 635448
825170 250755
375712 979178
838426 788424
46414 128134
805716 548986
213429 963811
874294 574676
107820 85994
830137 318239
508513 384263
468755 43363
154610 371902
675039 266177
969431 452022
789897 5135
280470 988029
474631 104088
870298 770617
412716 361696
221536 208356
768568 919000
170043 341075
167255 187344
272169 58787
488738 579138
25431 54545
399367 870276
669367 447241
464231 231316
391266 681649
539216 960336
83553 86689
281728 453406
214669 518037
366221 140013
198816 339628
601704 198774
440418 639661
882634 146774
650137 744296
870368 221511
988680 786663
230241 151252
592586 415302
614409 727798
304296 606951
678137 858582
868799 249655
834737 289465
631615 300956
776183 494229
875954 100272
435640 700603
847131 907811
841988 671241
872244 138381
674126 969677
73656 898315
452848 897712
191335 332682
460193 743113
945125 475991
883849 327542
282256 925121
631037 553117
87043 116687
879289 799010
707720 902916
329618 170328
72229 940275
510895 368509
541341 783609
903284 30028
942319 180462
236838 315714
116858 437130
676920 382379
54371 751859
886108 331485
92481 559287
13798 79044
349836 667580
810808 164635
757312 250095
679200 292468
190491 835911
45069 562498
321239 533793
849858 271730
815927 976996
244041 446680
170373 740612
393720 28042
100895 778839
20030 656888
76574 173210
506964 844382
278895 294217
87371 15337
888174 862882
532872 56252
428106 95626
445832 841128
106375 494195
596699 503523
665955 557193
990853 63710
121393 287885
996295 980364
787202 365629
572618 761894
136054 868708
967273 808174
659280 298944
888157 994656
602499 716155
348467 160900
502256 743333
93479 545984
976465 360173
28426 559626
394020 610915
593405 675591
927465 647966
250618 24454
931286 401061
897961 727310
127983 822193
729712 498899
493226 77641
52498 256209
898429 409622
578008 958767
315911 637153
680701 738305
171207 153724
640599 824262
240679 151645
152999 850850
865608 720902
314686 196574
835032 91403
806390 640469
379656 141574
655904 379225
111322 875196
167244 440333
584455 38540
795095 208489
45477 61757
335769 559946
920240 725215
551304 41063
367190 738687
300179 428352
446102 986615
971041 52602
480653 650602
765951 969001
882156 671165
33740 174700
109448 168519
258239 25252
549194 394855
519284 150182
598601 861007
847665 966890
834573 387941
299220 770674
614257 576319
974446 662829
998435 128558
288965 740406
150886 608111
552621 836235
436409 167329
894179 603180
660796 420857
80794 769348
158635 970020
110557 385076
414454 903929
93098 182754
64737 30198
654287 269912
961681 885556
957183 494211
767858 238848
580044 535396
649177 158005
171335 458708
979253 246420
997108 654725
665710 965450
765684 871311
397237 902144
109389 873688
54575 354225
382337 62414
420853 34899
252644 591914
594397 173557
421576 255296
770094 58219
68094 608975
631181 650282
573816 124839
308149 821401
741170 981008
128658 326189
561506 989523
85583 109380
369249 614535
298988 472411
582579 420641
576318 496064
25290 779564
9123 932627
886822 475156
477202 972477
637742 336790
413973 619834
963085 195009
172267 435952
40303 253595
702347 24749
55154 48554
997557 131750
10459 6704
140743 188521
282322 185694
740629 276715
809495 680696
3941 814278
211323 118175
122667 442166
53539 340859
129201 783365
781607 140002
170084 38361
441850 534379
552260 75301
737260 827677
336879 477967
596597 242331
167427 194271
629019 18780
312300 716544
586527 226133
668067 429311
530246 522661
45628 328088
864700 352905
578138 992
727177 591125
738213 824276
246198 796329
3382 391272
870830 47019
320112 962341
771301 938965
388072 219541
894026 239237
436444 809344
26215 667743
293746 795548
983247 338047
767559 366753
576500 599177
599042 416214
377496 892461
802396 813221
414465 767086
989971 730463
793552 606676
671334 896119
869824 669335
923074 273900
476473 231160
147358 904149
56627 817763
710804 6752
507647 666521
167385 792983
594387 547028
851133 332995
997757 376649
315797 596930
604586 94737
194134 715093
430132 445408
753978 482984
234102 44987
726569 715141
478863 180758
868846 422405
783467 663041
782274 467465
455321 839872
59810 819638
533580 612699
603910 974767
420070 440688
747384 336652
252410 121739
133479 450522
107130 332338
640402 938008
237374 851493
915871 276452
688417 740713
419492 684840
135842 584971
525509 779111
897279 72570
931534 297402
834400 230286
651559 273143
529336 958111
134497 610041
276767 354575
276908 380022
544748 458731
389398 932096
180153 318670
228755 962664
335568 284927
666533 490197
376034 309161
446217 718556
87163 733375
514689 550390
317777 435871
738985 678326
990968 537126
119477 263069
724025 387131
248520 870031
813010 164566
454160 813551
958604 989396
485303 862766
97791 202654
945620 361761
453957 743500
600305 860910
147261 289936
484224 18751
566046 411880
40032 113029
112693 181307
798070 15082
782570 303000
977085 380782
303059 399331
879527 706830
217311 188161
114877 400099
913181 913009
539673 797039
495954 967092
567269 31948
326913 64704
314692 508397
348549 419047
441892 725115
584052 121311
588698 673243
692792 859668
451621 164347
287530 267331
215505 661787
404232 662129
743830 504929
73280 458799
948933 897425
525803 869461
440727 183989
172482 582927
509679 266494
118844 955746
175338 190757
79947 335795
497063 752129
208281 392915
131844 326302
807648 768613
64040 699155
335957 938048
393744 672183
69789 961803
717977 724441
394068 714571
857015 552270
722008 244998
581934 376066
920932 899777
305454 211214
540881 712674
783095 517182
75618 214396
618778 770384
688694 740065
737693 316624
88994 997899
50609 975920
460473 787707
507484 130116
539239 965960
323435 588060
142889 921933
662979 573300
494936 26674
135313 780621
252292 99931
220184 327076
805758 466125
695476 656326
42124 910215
401213 717426
259952 27453
197774 244543
636930 494490
196862 295676
559654 290526
20081 924556
681529 612895
760659 516010
874156 409020
316125 11773
271676 456173
892442 834975
535216 46788
343490 411448
282186 454420
726246 841393
416176 527263
729211 845522
320298 168008
704143 565283
988270 889864
516424 451850
211113 147194
626669 384820
653695 458626
409324 882488
535859 705670
186087 731156
269662 126642
338293 598180
333122 318452
999467 966673
56810 925952
655384 518812
392819 88117
437232 273514
538182 857323
62207 844516
847511 849561
385564 218782
457028 958096
382268 569900
879987 497797
585834 939266
173903 96962
771745 385022
520620 254074
622538 716687
204540 643731
901841 371510
950176 227537
507293 522405
113447 18720
249234 726481
793010 508432
845699 712776
580083 880195
16077 226009
153711 598995
297998 435630
301245 454593
545664 347267
175109 388510
371943 211720
575850 305867
926798 577819
344951 90818
221126 561919
990812 63114
325555 931034
541562 792618
941840 450758
510158 736850
850985 392157
696384 275348
764096 553630
757895 416669
645206 480577
589799 821762
515424 428378
923401 932015
390385 992662
447245 552684
937636 754470
293470 728157
910836 511662
787669 580329
3609 209804
402432 788602
507163 8051
32401 723054
19278 345840
353344 988682
560068 149553
266707 867460
158114 592896
778912 109446
991477 654988
731591 552255
103241 638324
226068 687663
612251 709973
577044 335648
105413 850745
452360 319865
728184 361625
687844 305596
114707 420254
92259 447824
615756 840373
218935 802941
178357 487124
490184 916691
198863 132145
133166 550266
967152 470337
121645 782611
250460 924692
429453 737830
810292 341635
24143 825413
606275 417987
495198 201596
579232 366662
439875 535968
799194 362999
220077 160054
29258 612799
463554 940833
509684 179276
131579 468991
385215 453653
494129 274284
102118 696831
277913 4129
29339 288795
319107 113365
768492 725809
372237 282603
301234 486322
135337 484961
557338 694612
725728 902897
956379 523661
231011 946157
217830 946584
714584 70766
29715 609318
316726 162462
326567 876729
280087 712871
262186 75032
83029 314631
301432 268814
868476 392919
476339 412839
549360 646455
23453 867264
160729 684814
649485 634488
821670 892846
862248 396160
587052 543591
4984 738163
71856 494686
874950 162105
349223 434145
961159 708647
631582 514271
865676 677928
808676 818104
229183 115403
984421 102538
864499 631180
11467 996374
366354 698741
881592 398179
882093 287841
737452 483746
268143 303640
269245 148587
626987 772332
814708 788490
163378 736062
894976 169913
514593 640624
681200 475636
491935 867207
371797 596815
510855 75797
519371 913834
898722 992898
482782 793227
557356 123991
973419 183832
195324 286584
823377 316790
364071 797681
347348 750961
760085 616563
573100 896928
639794 178587
613673 548827
165282 764062
966595 430007
467927 296997
456124 106124
595927 599885
959900 529925
394357 455603
118330 2231
858510 106041
874663 412965
269701 440841
839966 590493
471472 444720
59538 312839
447192 700163
998283 315975
308967 531920
521347 930927
879798 435274
105471 450651
651408 220254
873250 531992
709696 568120
602401 36986
724296 7644
779206 370633
219850 262183
407581 573984
287798 876083
360419 447578
362280 128955
910841 651120
547228 668437
778359 838555
248379 660755
340532 743787
364630 558416
162415 198271
144680 614608
917342 724490
819358 284554
44668 405752
214262 341934
388568 147285
665552 716255
2667 274499
160281 309039
439981 281032
845721 206978
706971 1775
885355 195665
118611 627186
327451 777267
907808 453455
838872 984426
407083 456721
247341 389654
759891 483950
132225 842085
980366 214254
670058 924996
507201 891962
642741 921894
1704 245204
900426 9193
757520 588347
666314 746978
914159 441132
248411 262610
389269 863293
670544 16018
952700 199195
542303 760781
904033 896426
292728 262956
703353 400974
456453 997423
811798 62091
828554 218677
906891 622398
759371 319266
842485 570735
83558 612057
880692 499569
820195 53566
124900 219993
819776 73277
343016 675271
633912 636037
381161 504862
115167 180239
80688 917267
523544 686883
772089 607910
364437 38874
663789 272585
596056 889114
578285 68173
153963 34801
963627 375018
894720 500787
949028 26057
647184 328253
966941 494113
690787 133577
240137 391928
219829 829691
766559 153413
494523 916025
309155 612079
585159 356638
824233 599022
526628 90319
137103 476509
150346 488936
923179 739520
700584 654553
305076 915532
680141 84894
293696 544881
809683 802070
295948 867463
788248 838047
397872 276709
152341 892742
188023 124759
511106 491211
499365 630721
159094 492850
846198 461262
279573 895178
29898 780784
945295 153971
813932 692783
871298 505781
722486 583552
529272 492000
364240 424876
97287 902933
310770 609958
531242 952166
474048 189799
329604 30014
697428 772652
594088 428031
954578 948002
21624 302173
784728 130167
514651 854929
852568 725302
844548 397108
950071 127965
968975 727040
906294 496032
860599 158835
455525 280522
85255 161456
682189 105092
906048 555225
638364 774282
952365 587373
626183 177585
919076 71692
460135 902284
70228 5626
481208 944296
282066 532766
975037 68477
585848 703857
988598 624525
162795 973429
31093 474054
276978 598364
154593 50071
135732 656542
842706 759593
633384 905720
61464 922957
214240 859170
80237 893960
18829 853025
305382 188224
771353 559291
2939 445982
680046 631590
550647 429776
468145 263487
162531 176811
976316 738799
794658 884645
553132 79476
25152 608528
801901 743786
787291 540498
766719 613373
622457 717948
675237 604489
898624 19633
601278 192159
13127 936674
322650 587344
581120 163594
288996 592008
567349 83815
418367 316098
24101 777764
28962 200400
954415 320013
839504 584676
53011 901787
389158 480724
362212 49026
201278 481329
996286 297045
170079 737111
336740 954452
382091 619187
945581 911205
142823 554638
1900 651600
928545 95553
441677 735567
761798 990170
241621 98218
774087 533016
146146 942974
425724 768379
587484 183971
819610 127712
753127 302110
96497 122131
520076 986745
682842 648144
374392 897259
369303 498902
941636 409509
16589 939149
726591 741105
389630 531840
775346 534793
921810 409842
634877 876283
958440 658306
541266 133050
433386 371355
897728 180777
23127 27183
851133 383339
865779 510882
345435 138304
543551 998123
289096 513514
61315 960226
942518 305427
966125 430393
563123 72523
629625 951049
837576 414475
318790 162804
362521 880604
715264 610072
559858 319393
504530 936407
997668 403715
565889 117950
90805 229372
607176 277403
987867 151569
403917 228158
814547 479322
722325 623237
474943 540745
463794 104592
773219 269866
36388 247962
772533 927161
553433 203173
49903 655832
996606 367798
805564 306851
396802 339124
983506 835185
734347 939585
744705 287835
671260 155440
896407 866115
425688 655695
600240 715319
260259 371762
779816 124305
542929 654176
765481 220111
204703 344902
996831 594026
681724 907058
419059 31906
607815 213318
646815 838115
916331 762568
284306 859959
924077 219249
130709 858088
404521 99290
40226 670570
504994 840430
993985 786777
48147 573668
186902 913288
726144 162199
780850 758147
192258 124436
62664 62751
215054 28266
208071 249194
99613 460785
103830 813072
469365 601495
616646 867081
83435 37315
776047 860519
753878 546864
500702 304268
71957 573036
788612 451032
484800 269497
176214 817526
542016 818305
307411 645075
299977 718027
829725 151841
763072 247095
807261 146357
837831 45529
320503 917378
640789 950774
307861 555705
419279 289178
851754 606178
784296 313646
205643 540301
549866 491126
137559 757802
789213 190908
256366 867600
571284 234671
61887 298428
395400 992714
855494 348177
479893 81147
589004 593591
403856 202727
81596 538908
882451 191420
543681 609750
62586 666097
333119 113499
441416 240338
541439 843182
732766 735428
498310 538844
998226 745137
589866 292711
60296 457082
595256 718379
218913 862806
802805 381610
681298 446734
532478 281267
657420 955937
983800 227554
263368 212887
327561 136377
137143 17825
636653 857109
639154 295720
400193 144143
235147 789150
574733 698595
58393 142306
18140 409322
621717 565188
491787 421919
451004 386981
396033 15461
674105 638716
254597 916010
82729 788328
646050 607658
407562 130114
599965 188361
614638 406712
775172 358619
957615 104044
256833 854424
39483 177841
853702 623526
473721 187633
494814 68203
293151 974049
877466 442741
638613 281198
534374 601972
599592 154678
901281 440825
756363 796931
374976 869723
451175 107502
925848 327351
721079 932642
978556 291976
185797 797722
565617 878083
93508 427502
86162 926556
163583 655228
151270 269474
233098 835084
830252 767036
699592 42771
954566 298717
520674 225510
721113 562968
503535 479242
806247 611706
407511 414731
353798 983434
115206 642676
879862 57168
223268 678251
458449 271428
533544 242012
700732 250447
253028 114407
316117 960301
456763 63094
404281 974308
448134 226666
546804 339501
431742 341334
233903 299688
490541 873360
162875 758330
402857 908706
721285 650965
58334 441641
107727 280858
889026 326459
632851 800230
292461 207061
64161 465944
601066 62169
694059 848003
54585 732142
803033 982699
980395 341602
482255 421898
235028 522302
603707 422881
888403 59859
224964 624163
336343 765514
913622 874941
665516 805137
153888 552804
68984 295731
56275 124647
521964 498828
858069 634984
117778 658708
892911 337822
551725 802151
433529 519659
912113 889488
282989 611306
630718 869177
151484 220602
82811 60279
861669 357068
113914 852948
56176 607977
597894 775204
748099 913863
632434 408492
958036 505128
210947 745645
919400 68351
318317 342238
134352 65094
379836 159488
545384 739190
137516 587168
502991 9148
206819 379504
331655 648955
647706 597669
443272 55088
828729 406822
227088 88737
65886 255530
549999 63749
361537 626154
342298 701222
372622 637077
748717 516842
216722 306007
50925 811346
893515 120870
307525 528476
334242 926181
518670 789558
327771 351229
233188 947295
37186 360008
910688 560167
803964 6720
382185 137240
378376 626076
401653 840644
517636 458248
30581 900876
709686 100820
164503 492052
666904 332388
588802 559585
358064 88032
432376 863955
117753 678869
369238 899805
535248 787345
279997 800176
106876 487421
49137 13367
580195 873692
711114 807812
8323 631210
759038 845208
328020 833723
824153 671631
809971 183515
773476 837528
818548 190460
125212 383675
274207 6399
406909 324518
473043 433258
729118 430002
232673 100533
833393 219632
18909 975792
433288 870904
230399 532488
379251 758905
679958 30891
711445 251812
958168 926388
476584 105322
416663 606651
988258 545525
562729 918843
962298 374624
83636 914762
765430 382716
817429 98798
721062 579240
545727 904788
764451 988665
679750 690150
249453 496816
581264 633299
285770 620154
936951 792704
189780 208992
955359 108683
796003 386475
416657 443292
103916 321996
946915 921620
217731 522713
298401 326446
496747 86056
21853 98274
714097 454030
945632 369132
270773 343985
310775 641916
288466 837167
504595 582865
836520 465995
782969 285682
987461 100691
919462 810503
813678 389468
851014 852427
310080 765110
949323 911072
431182 680580
456289 894121
218375 465045
468676 934623
22192 204660
642434 479365
714734 656131
345570 654630
9736 390155
853699 57646
962728 467707
252681 967031
605330 318380
158291 443560
495447 107290
587219 208254
168364 955024
532671 603768
798367 353716
320258 842667
412237 98953
652218 657049
656095 303527
944352 278414
431987 563584
653064 120744
992400 121523
75018 937254
821888 174355
360207 794699
528114 840938
371228 369636
848243 303904
871268 221076
298158 675294
291056 984035
44808 106028
944843 605666
311007 934919
227949 713017
525755 35020
145250 603110
924636 884389
718162 729091
142083 928250
297081 828410
105293 764079
456855 227971
827977 155279
369995 93640
467016 924556
734698 747473
41056 127465
58051 637410
29169 181000
726085 905100
414216 387536
500958 786660
971965 515674
704039 516204
174967 465643
231860 492030
138304 723377
204964 473838
900782 285614
49203 694625
2991 359228
803309 844958
812615 736742
349784 430763
773281 68588
955996 257023
215816 203515
266664 732757
362791 556775
967569 218474
32201 847063
987215 201611
428440 548782
302455 862358
77998 204193
372058 54702
848368 290799
284234 451651
171572 701170
457104 264109
65451 955609
206729 770171
962208 554498
857590 380029
17788 814695
723434 559731
690956 380957
381072 898900
594114 837882
166912 653880
296221 484556
674041 594705
780348 680123
497519 828152
928859 545677
603403 742013
928420 592886
622990 89313
358999 679022
317030 851543
941379 803344
73292 39886
853 668119
499797 693409
197107 351328
95594 806481
717556 747225
856520 421804
123169 644875
720637 7555
337396 135628
722313 81966
607324 679630
291908 17773
363501 334961
734313 245726
635306 952494
211813 135029
175077 18400
360883 11510
940844 805700
787854 353534
11742 30086
34696 391105
283936 832331
387981 962165
419959 152536
348383 900669
247777 535051
994254 362333
599669 759467
695814 318941
612977 382744
622903 183763
160342 238815
551540 936885
663685 806626
46180 626406
977855 196189
448654 599347
884214 843042
178243 719762
125213 388657
365839 566903
493861 250054
240663 663170
801684 59404
6180 799869
956793 348301
350977 539679
210282 66209
845580 96431
154924 724397
677127 460142
933514 153458
772090 227954
114325 489464
831501 734251
908393 118153
506138 181275
919286 392162
604377 615428
764038 806098
212880 362647
294693 399831
160668 423590
473083 12035
245131 3424
241405 530517
995062 791543
471361 491059
751868 977973
376148 677175
722739 130385
280408 742213
314825 124043
726489 843429
122035 668322
338456 421405
591492 672306
480120 163024
603086 417887
243258 100677
222331 715478
987680 30664
905438 324254
444758 636518
98642 364660
164888 760697
494435 607525
794798 580098
808795 200358
804696 770084
173444 577561
323701 984643
513978 843897
607778 861379
611229 739910
851392 583252
673836 592872
160219 205196
733264 420691
923717 838012
930706 251889
629347 227826
294938 906213
384581 840585
296435 795211
326018 479854
46748 828262
323030 142951
484696 596672
606351 834987
133831 949678
615204 170050
556865 929496
78549 472662
854805 494270
908403 493596
468478 420108
495158 767633
118019 612670
543582 173402
950265 729939
778607 573500
48054 494786
32530 741868
350828 891132
269180 645657
766001 118288
12007 555963
921077 704563
324308 507930
135727 205712
312623 794682
102485 423541
888792 226168
965664 486274
910567 528866
483401 932523
984914 190994
260739 439421
830812 704316
25142 932736
303462 530152
515755 544311
468026 786323
545760 962409
564877 470489
907272 594288
566665 940240
529687 866688
816282 208179
23014 470378
644700 973785
32082 454307
142054 547302
30021 331882
433493 644127
358046 239517
598136 584851
980303 745792
135985 285779
545487 523180
473608 484227
55642 325994
297255 284535
847379 62206
351865 245877
365170 768559
233135 247424
77091 958146
93384 874229
693487 864771
539090 824138
907277 161956
90056 181358
515250 937042
987647 81017
75666 823853
751510 794714
675956 665356
566402 67493
594565 443072
840149 193629
976244 34783
929559 138033
4232 739247
87940 279651
912602 101049
754767 347062
379769 652779
359072 965575
772035 16451
501030 239914
960062 306058
584477 886367
555520 257775
163332 431078
276840 384865
679736 933264
179660 418352
419603 818411
75685 273148
170424 519326
270384 740222
939227 99114
975713 36939
702400 439971
530461 922441
710184 739126
201767 472359
461002 937819
879990 171660
710072 27361
85708 936824
656082 135809
259364 301218
837110 210083
485218 736011
338081 916532
946465 295658
212645 50834
624093 76717
132981 278957
998043 445961
756419 575047
67754 838218
841320 354751
382827 118683
445092 886452
183829 330082
422541 959751
980992 102005
650056 387267
745465 594693
382837 170219
391650 365965
316526 467780
820090 549721
103498 151564
257903 373142
653232 629683
92425 150989
448886 973589
502251 967009
717831 660443
820892 104102
365071 316793
419668 23717
806250 356474
11666 721038
955567 56357
896508 651162
310029 645101
874517 848783
53828 329710
907533 440297
424286 666783
850514 378591
892813 30327
305912 458768
220824 856512
21788 852855
48417 903516
521507 478755
357249 675154
200722 631311
509456 611141
822848 74372
856829 680541
281489 602038
502173 13602
637875 801027
398379 303831
192033 946002
210889 137141
846242 876047
277587 88040
536851 993806
484639 605130
779156 65805
642407 874811
32317 107973
693403 860007
469679 706268
706821 648141
289366 100719
898281 610279
670156 60429
382634 981557
575414 258011
921973 434078
15101 595428
232944 644437
390125 469406
364870 775129
696016 387410
385921 555246
922449 961976
347951 512375
815613 793199
972101 825825
67307 2363
702796 431334
510995 198554
412179 418039
151407 527569
385698 885417
850822 562348
673013 475926
161682 650721
216021 425459
115400 528907
23174 781666
198482 695562
817914 621278
144220 147723
130358 346523
290802 645541
77201 855291
866521 432146
712290 248429
500038 214001
954689 670244
786867 467028
358619 864933
225188 6409
447140 494762
988027 288357
240754 777833
69576 417376
883456 755321
761679 274349
969531 96220
606748 599725
298236 741850
139296 258796
570851 34917
683826 240229
576500 82908
732370 807367
247864 689801
674447 282168
598851 859502
840490 532153
544009 520917
183496 295710
660982 674666
817464 429227
313325 728935
612663 780427
801024 73993
552361 910507
644856 650250
782827 795311
489945 386953
816310 250204
168897 250253
896592 257584
362313 943059
918059 383153
41882 520443
618163 989996
740891 535442
546681 697001
620599 541672
450473 344341
409036 237928
632144 203366
696103 624126
370275 466940
466740 958131
803494 412349
979771 282836
120504 749531
841114 922360
888518 487482
305479 394830
899534 631542
926446 796468
273055 774873
665445 513929
316864 159904
626975 207983
123117 563331
182360 271159
789648 885109
113882 913817
471333 222884
210116 77442
21943 452923
69048 990638
234317 631242
491683 643020
455551 620921
154327 542816
123830 561252
722296 144031
888340 872423
948635 663204
337181 156438
908475 787500
708449 887029
161427 427922
244470 162744
415548 964540
753754 656627
350163 628059
827152 413982
168370 583630
25604 777556
109840 819112
687318 632379
171018 96300
684313 165944
834628 816795
108004 133640
952273 696555
495213 535692
745558 588126
586150 548141
285705 625818
381522 827747
826515 676762
911058 683525
402051 407674
763966 173459
430225 195256
606200 332678
786896 312443
664554 128862
378251 56506
541340 966076
350347 360153
601110 653988
472448 311397
465016 808234
734026 791524
729657 105664
828600 58813
338715 773883
244709 268089
852566 439797
354145 996132
451636 398106
869556 922719
539176 704931
617258 909065
597454 959987
778005 420575
174952 310121
660964 353680
26788 758618
698734 41282
866204 16575
21692 574555
379741 131539
482799 117877
467304 884581
485323 993351
820232 739381
9661 368965
643299 473354
312331 467893
995046 866250
841386 495696
764974 492216
279895 943334
9043 946847
636577 655645
624643 196441
799586 443562
672883 747190
726838 338613
920239 784440
285538 596225
638285 277365
456485 71290
569864 7473
608255 869326
149872 286416
729334 277786
890304 33522
726570 92227
14082 289018
773498 690312
950495 566605
16351 408337
904217 353624
627831 697627
331111 890378
452154 538799
201080 224381
523046 548751
170327 65856
584647 887291
292679 356846
201396 659993
185660 205271
198848 958459
335973 628264
321278 188362
937306 186389
804798 296477
687401 104691
967757 922181
767350 993367
712549 257454
632081 829730
716982 453372
742222 663753
929418 156292
34819 430744
696971 756007
755344 187090
183838 767097
504472 822512
846432 253295
22609 107527
449362 65925
940445 81347
69679 291208
580939 383471
664978 318337
192723 278791
748618 224178
656344 304592
819085 549716
251975 454256
882413 933626
274488 754211
728698 286669
887983 788068
925909 600222
366268 349499
738320 681460
613986 354642
205885 91128
355306 556161
986040 957938
457157 389289
674565 751345
814554 475654
199248 945110
570098 513532
145473 856429
42627 877681
627411 907322
892838 930822
580905 393016
673365 792563
929245 502643
356932 921826
613290 658652
223700 3141
114664 509960
937236 5374
917774 174276
601209 124350
62535 713926
400772 991283
468676 861943
321242 884186
11439 497531
212008 139113
412940 859711
933207 898358
70215 431632
228728 417821
17062 430897
178630 971636
765802 292177
374615 370793
309523 450899
837406 15852
427526 158049
127460 306940
620626 668407
739980 609407
847006 539213
502752 66412
202133 586971
221329 267373
275124 700212
370426 149116
214167 357075
812176 373408
765490 307571
856684 709558
331182 711901
964673 1507
427958 433075
997479 169515
665788 829807
641391 916707
824401 407270
376186 584896
797485 496328
486969 698471
757887 904952
804310 844805
800059 945753
427008 249196
550038 692987
37420 657629
540932 949856
534004 762935
786525 351047
594013 647348
468830 901995
699874 156663
705699 294469
400637 170371
680512 757968
944444 245468
394064 962711
299537 715455
983908 129349
113793 474730
632312 821379
516314 967070
1495 312758
756709 905466
652371 535138
993454 456117
794167 782005
66963 424070
326203 915845
229591 183372
985133 457182
829078 304644
593785 673521
483161 36512
44621 122099
139050 536703
74586 87665
273042 702929
760863 646377
543598 384046
320150 575625
787051 454067
881928 692875
902174 463485
523352 937420
513703 496084
932053 252613
986147 776998
423312 756945
24413 730056
351740 245113
328311 11964
115049 217782
501266 877671
580772 926362
167630 748109
764943 923748
227112 833442
509213 823393
809895 656912
886328 616318
138696 251745
672913 322859
368467 988294
248414 843640
22381 37464
379678 604200
97045 131352
611111 321856
472612 266255
909238 916420
476351 964027
602224 665388
86658 967692
731081 258913
280853 80184
170766 735443
636357 730205
967160 472491
400394 720121
718769 995631
204104 74982
298313 134508
302619 198887
922307 742365
523874 945107
929761 619979
655316 197000
860022 687476
794664 830007
597836 673340
120593 251157
976319 716236
571092 495317
169762 338071
634838 503741
24972 375650
465147 592881
876921 111129
251853 766096
840629 660152
704648 495690
450554 298985
249426 564285
533366 436109
225266 793553
431133 292624
129523 24594
10339 707568
257807 818315
700664 501834
684883 959117
173432 757821
255729 569427
980749 559603
318246 411166
533039 201808
360622 25699
474394 740286
633143 275775
82596 406353
972295 962529
492963 737371
459631 963992
934442 693717
428227 915931
275835 595459
393539 835583
976435 863709
822841 681010
592501 958591
758034 983273
143053 281898
473971 34345
275950 429830
804516 858717
569722 684711
446799 670723
964344 445816
473708 696031
451012 290008
385963 897154
286651 167508
568207 721171
453353 278221
554915 230213
134652 879124
548998 890555
343893 663699
241811 578252
232805 143390
582433 545668
759720 248671
140167 49424
507233 825349
334787 743804
321860 524948
468111 677716
430579 745299
74116 798692
556437 346148
332864 823332
349561 11480
428460 823439
302086 389251
728897 28829
112175 180975
97199 655710
261377 677070
278290 44012
174396 904564
74728 433179
336545 262891
707075 322726
327800 323814
221495 368068
809052 237398
234017 821114
706874 162081
851444 455127
707413 667414
535463 578761
416869 7533
997713 799636
457726 629837
217199 196908
605950 145036
463953 147553
620206 79203
347120 779274
558208 209826
836758 865537
1181 65603
612202 753526
302610 210051
917088 646073
775193 281555
896895 403092
985509 493436
183610 255570
671706 439550
213934 904878
975110 586976
162583 303920
492862 235273
526840 498422
619602 1666
124855 77990
587455 489469
962342 414688
794695 74350
886729 473074
393061 616697
545857 516415
218627 700189
423466 533014
26880 339500
583530 617866
634866 337167
61102 538827
602261 764549
354974 756000
906968 763004
215252 818986
86487 79408
651335 35769
605761 995328
326028 983326
77206 777040
149184 606663
206540 566219
123279 841054
444138 573687
872072 418585
770121 5615
580929 268943
761134 185934
134649 806242
476012 919880
505845 195824
467213 968861
666313 299101
280928 397258
838968 519410
512604 529566
602820 818900
127311 511089
162241 975090
200552 569993
346530 139227
121941 73468
470361 590085
779486 341425
30056 448247
960274 794576
635691 7689
562590 919935
321648 365841
558530 101911
525211 685735
944293 7941
357537 281816
616674 108357
226890 964146
163645 293427
472332 870067
853008 703241
987620 560727
662734 477097
189400 184998
168332 595321
992365 710001
669123 165599
547016 388844
338783 333884
854374 177492
678674 270518
131983 814676
580385 12266
618168 193632
770113 638575
244698 999066
322256 881610
364387 794497
102348 982640
625295 681067
28442 622303
733556 329725
634562 505174
94102 321364
708847 387081
22382 214357
819972 454993
69590 100724
539669 11001
213472 696111
559974 400779
871031 875823
9249 289964
690073 409587
767507 449374
793472 67774
833908 70038
419136 46557
683084 435321
579059 72386
566743 160829
38608 960442
188648 259507
559817 547665
438846 352267
487516 760597
290464 244081
543414 97740
411785 232388
952233 834553
461374 257124
69338 695021
986520 882160
331398 883298
734366 638897
709466 76046
579071 450303
540397 321299
4603 524545
70239 372134
14637 707054
395216 670973
625299 292197
941852 192861
582745 633265
712157 146498
973386 194679
598141 271059
881607 269683
698110 270504
167895 512942
662840 506762
809909 908860
291961 83351
508076 821933
989128 314677
619759 47578
84669 336737
127019 294740
187041 799686
338611 752255
479579 533269
745591 624145
619906 503350
384339 371019
199636 910900
348467 216804
758462 223495
249127 243
898322 424734
621799 824241
773657 208763
110400 226884
772108 220974
761476 198485
998041 457867
592771 243324
83092 821723
134856 892248
298360 324664
716024 403536
500755 9231
360908 253236
508792 457773
802020 202297
708062 674677
226209 598944
26688 302020
30973 213496
12007 942993
650581 173006
669660 536152
836008 711888
681311 900327
791492 144073
34860 939510
56476 711270
486019 825744
960728 528718
810344 484959
829191 219366
312991 768061
836015 442667
513083 140253
413675 990641
33471 728810
758501 216622
83546 285080
756133 607358
112537 943096
114376 363853
747628 716479
242170 900986
730311 286484
628215 59704
708350 252059
663551 693180
956915 325364
366202 650484
562133 983461
588742 956106
845689 548534
689547 31424
910902 278087
700381 371232
145985 319872
158219 212892
897870 346855
661915 415479
950769 435843
422320 595479
139582 98625
846939 429873
568286 898191
564460 717026
830500 672394
429992 24421
299662 461670
601152 716192
956028 470043
581335 706926
525071 93920
232375 70139
556169 766718
712595 220045
451995 196122
749875 311711
569869 241671
681697 672559
402024 730575
924405 744153
748841 974736
487423 648264
467391 393251
168203 809285
853749 57579
570077 6026
140878 636950
738737 582702
628050 975392
695434 803559
139656 952040
781695 337742
954070 440158
519212 614009
369807 224155
527564 144403
306336 644798
712436 764110
787825 983425
769487 346133
791251 554871
399657 768538
205333 396727
799531 343083
866716 400681
777708 334828
158827 871876
533514 214907
498675 586410
346663 778918
322478 669257
173102 425041
432400 772440
396312 91912
846504 831858
688524 859546
461638 565974
648056 640886
125882 367888
754534 91014
244710 253596
419262 219945
897884 993644
639259 233812
764748 616840
797816 60009
160718 588480
740899 917750
758010 271563
366444 497403
621964 504743
139420 975243
361296 567993
23146 942039
821305 645674
364361 112863
191369 163432
626814 927930
638757 764761
701377 627048
128804 70052
884660 552832
594172 794255
47117 297451
272212 498438
164587 455389
809047 19792
511605 698326
388226 436485
940003 365028
142974 886891
777505 329081
165686 735000
178397 844024
879382 89717
338882 624292
514762 448589
477532 696740
553987 176443
751126 395609
484279 488202
91915 89447
43870 223277
843159 397227
643235 35517
868360 333950
110665 644831
191602 897037
905836 456266
226976 483805
612179 823556
804762 639745
781538 720786
80126 78084
979695 368072
180946 612510
566687 243491
103274 398755
648156 673082
302390 708784
112656 839512
67050 800798
939838 479071
365795 122278
510730 253511
429722 894426
990224 401925
204543 492783
107255 295044
122243 210151
849210 177654
396436 519300
100780 873992
766301 801227
364728 344055
900305 161408
768435 277252
949934 587022
244930 961076
165375 840629
554250 667576
807817 837838
327736 195082
649973 927050
937180 187825
930100 358883
307156 66575
684577 973721
518884 716625
109359 878853
300707 757366
20861 749576
83931 163667
535705 203237
405477 511176
271602 972469
963781 631826
997279 480964
272249 898841
102783 654095
842189 539979
439510 297737
527443 47481
381060 69317
121292 306413
155490 287413
331771 500202
461335 821980
489720 325368
896594 648094
227204 989584
406315 349529
766709 888324
830386 999749
858603 69975
623480 51877
62704 129085
941672 939409
359285 881422
583303 733083
138068 858980
126432 286276
14039 965728
742383 569700
61750 177328
126879 747226
841551 532303
843601 451864
328581 472989
588377 193382
349863 900189
919734 242606
155465 492387
284017 12793
652000 728754
262295 462771
371281 27337
700828 227605
989661 523621
308448 151349
234203 43472
308957 703643
248968 843775
448560 807467
385425 338106
558242 436436
91855 289624
582565 303352
827252 463629
923545 458344
825751 167504
560058 779352
878141 385535
723088 722597
627708 211073
590834 578243
495567 721628
110855 244067
945126 428947
775210 53702
263322 38900
128005 610503
379479 544358
529664 547708
153676 686604
654272 428039
442267 75691
792319 105387
589872 128503
622363 809881
286805 791521
461204 806607
150980 827953
177896 169512
536435 675519
632131 238541
769156 58421
899813 692106
40205 635305
599395 740890
185003 950425
605571 588088
232802 237972
745859 133261
978152 407372
95019 275773
378474 786125
260236 448696
622728 376863
591035 145473
972076 618821
867747 235125
55926 795759
891546 623856
864831 601049
876600 226324
821186 190479
841023 468303
810460 120990
461914 646119
793772 675172
315773 312349
809038 389786
822397 938646
740266 756088
653563 851570
621544 886618
693479 395528
588996 53221
114275 4631
616637 970798
374667 104312
359513 152514
703182 853930
859912 502690
447829 724511
400925 311594
296973 922987
94941 628424
281626 116240
666367 873737
534585 661897
140576 648672
699697 165799
342950 715991
111754 120108
221641 761312
41114 647585
125652 388939
2963 793565
894194 444403
187733 988714
86625 815715
493973 508800
724004 123342
301642 510380
54111 456360
402215 273337
69020 119378
821955 330437
558325 736912
70961 244733
670412 716411
726783 854784
517378 604024
7040 311859
73089 176068
550352 85783
713859 36524
428358 873202
457830 10044
154549 558726
553057 195505
659367 957414
454158 72074
557875 48016
209644 257381
476213 998863
579714 418842
164448 795647
185479 448547
312641 774959
948785 447488
936224 876133
49940 267324
404737 853312
116999 580578
807924 273874
299600 151361
734558 859526
584549 340837
221325 54265
902356 305050
401762 878955
472837 998112
995567 74433
438451 761608
189884 255592
245330 237075
116485 994843
363745 481828
706877 285386
984086 133571
206652 397672
55218 928434
173069 121457
60937 131129
667040 331222
446234 923758
450555 478040
283279 365037
509762 691242
973171 292296
120778 177810
356488 257902
524968 313568
314214 879711
530235 678344
184424 954854
687750 364717
842993 285189
998160 633199
603102 741830
54863 200688
41702 768468
166124 93456
167427 792623
428079 332017
638209 252068
80287 937946
702750 925760
183855 946306
146857 285287
767384 491874
125253 881326
458457 261486
120211 369394
643272 506522
296265 652263
384592 227292
773430 495355
599902 485663
549025 781258
241342 841591
727500 637833
890882 399492
666960 430609
893656 844361
989308 705781
547352 804368
389793 139471
23570 314393
336611 176816
319670 804804
417100 935204
321887 498106
377136 599251
747727 629653
732116 22492
483746 911368
667384 919199
814742 386759
631737 977534
817568 978257
164038 233158
86375 371831
754130 83093
409747 115824
158020 533845
428156 267088
250683 289249
538201 308205
831783 916924
873484 530580
953083 960937
928896 820037
598425 945476
906227 84867
834914 998143
962932 63964
276506 758231
805519 560292
274952 965510
842852 313233
608889 615658
452717 800242
515052 601355
218735 216708
958021 313465
325673 609023
671811 130656
278913 821648
796491 286356
386635 749339
521776 266953
499356 9421
468922 979774
486293 205225
856817 903118
298046 41411
212624 649230
922808 528226
352133 613989
313006 759830
827692 127217
465032 379793
770081 359315
739625 143975
938570 962735
457370 382387
189053 523538
19773 927030
192143 197963
651297 851238
821445 419782
262890 98044
843953 96009
394394 24906
184768 873976
928594 93932
211180 930585
786740 111875
384189 267917
250243 912339
221522 576012
485543 871991
514942 163063
96417 213831
472138 369971
25545 857239
62284 388414
471193 383679
604815 913559
85022 826598
529872 991482
657710 958573
233559 789802
300961 170200
272230 475962
596926 389082
645951 58064
468150 42023
313438 549427
88542 914603
105738 224378
279276 81753
556028 621759
957355 159525
73443 436483
210326 295932
607137 337429
355578 610955
248723 369128
99844 166928
886202 748021
792422 92431
586123 895223
58160 315748
551155 178694
163963 868401
836206 880718
714257 456877
194784 444248
129773 680708
909317 11521
787017 622950
189896 868109
714878 956059
96227 794395
515568 766284
955132 777655
282489 636460
533104 319879
711524 25704
292718 348499
4319 155915
964726 175018
997408 950023
325503 858539
135173 933344
808345 474760
341864 211849
382555 923457
222 451438
343646 730881
888647 57471
175364 90000
831508 489979
228029 968927
311845 471300
5375 337451
573763 27861
657888 981430
408153 664248
937664 444826
583018 349919
148569 204492
418709 104484
84848 787161
23438 201317
499499 335486
882035 242964
197318 529430
238010 982463
572568 533381
141993 898255
120258 327804
870957 833712
731656 729441
417038 557670
325160 667850
736213 430860
574728 191279
528261 369995
460204 745255
522938 876920
827382 715823
632492 887059
797573 212765
453637 39385
780739 733737
443063 176311
141138 41831
967487 654086
584121 339613
218483 866987
106275 247643
692294 855896
727388 26450
450439 591791
837605 911806
700304 713853
119257 825091
93373 14718
842860 829003
841025 485279
1922 102062
984225 632115
912405 66861
348582 761205
182708 210978
139452 359751
194812 156646
903738 607140
77616 702984
241742 557479
654586 931014
87904 779011
272911 752287
7741 185721
364479 72540
838702 13459
41353 919073
100221 976617
979360 206771
824691 828732
697499 411031
625289 78439
23154 87748
858493 769774
738176 449215
891196 783812
232243 746711
543632 171916
