809560 138646
539527 299232
505657 672647
438075 776098
928807 837990
47195 436579
145720 317937
917642 176317
998832 24128
709210 670074
466688 692036
962732 326127
968029 494521
540644 443836
49326 726056
101228 522070
641344 485559
869894 933590
615456 35867
226501 346470
906999 896007
314611 233384
612743 531003
219504 323146
280833 261725
746260 814766
829438 775193
811057 224531
159321 45983
44097 10247
516048 836527
107776 966803
631303 903692
687597 299197
836288 398982
50287 577230
388462 283648
743095 804076
271953 12955
677003 460524
606400 861376
182726 132179
492585 236421
241169 473795
198028 405929
801531 712939
285807 771378
684261 768165
642594 832444
575292 276278
782152 877003
843513 925775
619228 129037
803227 755654
375125 754071
525981 719959
700781 937648
956614 139182
669617 643037
154715 777509
444274 858633
956135 490141
48192 253387
968169 623414
255665 823684
154857 241576
574856 66780
937227 941823
315537 622856
993011 972899
532490 890427
619368 431300
705427 390140
598569 231486
518296 191050
250946 880510
722067 806263
133932 753764
314566 549932
409120 84356
191888 312849
480627 826990
446120 751574
106886 14920
456910 52341
278564 297968
428270 628598
350684 668069
403985 824262
229586 292037
601197 741588
427021 766034
918959 324546
627139 51158
271599 344259
685271 87506
802254 6012
736826 916839
581696 276557
997401 578003
404783 411187
252936 494845
951 208672
305812 821786
624267 446612
25369 129134
67356 499083
965031 543376
699865 76444
405655 995847
55910 196306
90634 160623
677400 687399
267188 491832
520078 190852
767823 2300
867678 519095
499692 280537
490672 29159
531762 795803
814184 720768
939753 494701
911995 743665
256866 592275
463693 91658
781059 695525
163671 136120
349905 124144
679723 507371
177189 420035
693536 195343
142263 321232
227824 986815
582741 590995
790359 644534
255464 184721
795106 418550
77370 532169
154513 613849
561306 612885
990349 685977
824909 522835
560607 916343
858722 366807
952217 440238
361900 126791
831892 590334
931176 170387
179806 443260
353526 660965
914958 689632
904951 478396
558082 847680
25651 540013
151395 906896
309042 3718
191729 248546
988041 633569
547944 392524
457935 556798
36393 617931
713078 312778
571398 716875
546433 650426
825179 64278
520061 417153
903252 910927
679954 677735
570561 130356
620670 190396
305746 100460
819896 137166
293401 173792
140248 970752
822274 596308
474517 584741
736902 617726
769925 231788
783086 186032
150243 398651
110148 314141
704680 125731
420495 364370
170374 343376
199802 592567
403784 533711
953809 374630
495818 989866
650614 541984
154495 612264
825858 540118
491734 841340
204417 996272
112034 847537
531132 251773
100076 579953
967064 313906
986413 321577
97275 57390
94799 453089
136066 371086
968390 537845
778038 973491
129446 523062
514331 814203
812629 429320
635510 619281
651443 730452
254990 794397
946341 261647
42977 64100
104474 95684
104064 636372
828503 749060
390852 766346
887943 190193
874496 586035
272002 968736
587611 690127
728614 625046
469512 784964
734163 219399
812724 358129
142130 50901
405375 198976
41043 57061
512897 437984
738287 799412
141114 560320
995297 735694
219627 514108
872199 605949
307518 710822
111997 97674
551857 911896
8507 208089
597839 148879
679745 177492
413742 734960
502065 10959
37689 584421
643023 962244
785825 540972
432512 417512
13450 124899
335468 633912
464723 430256
283647 827214
484343 134816
752840 934623
837358 461839
129285 36405
606642 939614
836694 61755
110144 375287
789565 226381
527388 298766
745052 67019
164702 785021
84129 131315
713242 127948
743336 385572
123847 376253
519386 330889
323127 302473
577206 539458
159717 281662
939077 39470
179588 546871
805626 212396
35219 345556
308029 329516
399593 268632
295516 982487
85441 329472
73125 992346
732079 143956
864055 36255
341166 599660
649591 940890
672321 696726
745043 863608
66333 7467
93857 109951
735496 811392
837055 601708
535733 909062
596033 156546
869866 137556
782087 796973
453083 253227
471949 735240
28188 824058
502521 555346
703870 106372
866822 273726
70610 523161
815686 876084
355076 345185
342621 409745
703392 186633
355931 634883
665665 604137
9114 782026
818316 892292
797595 347564
815155 215053
292566 749392
887831 490708
801363 41342
665421 878229
870773 948711
480222 813301
886998 731827
535113 487395
280045 751839
11983 245211
103317 45068
177083 371811
661689 890111
32557 239533
185754 22343
320797 634513
861310 102216
526563 568525
551073 158683
220165 774114
225970 536397
445984 731391
729573 672739
862224 114159
866348 986146
551286 933402
237381 744958
612115 399615
726628 597852
778398 629538
990363 862754
126565 810450
675311 401911
533948 434181
307570 451028
585993 885755
612905 901520
167776 430149
339990 338353
434262 207765
431791 262882
584795 46716
905925 973491
368913 496277
616541 527810
180909 800848
714521 639275
736868 665913
17799 328531
538797 962174
435365 519754
476174 684310
541 124986
608712 633233
632380 770666
927068 84272
167972 651402
281338 897388
112129 93130
392563 928673
100428 986263
172295 3058
268153 885574
167653 928704
31553 710433
85957 843646
156296 394345
608697 693812
321813 388403
397905 410387
324867 324097
589916 663246
392280 655376
755433 482686
199584 606169
388728 306085
451831 782605
231147 725752
542355 538610
657400 460287
207006 99484
613222 379052
785695 696198
755996 738780
114868 157087
296908 952682
814526 399798
973330 277537
824226 382505
893945 92276
957140 567907
592522 185333
155190 12631
278483 967097
604231 724339
533935 211017
565296 265699
807929 749493
424316 537359
221495 716493
852154 13901
738450 604415
175960 330109
119916 228315
795045 182066
11051 931731
51374 611362
751342 345998
562626 728881
157620 327569
107462 87481
783224 815132
843497 879401
612082 729393
31217 824668
300323 496154
798699 789727
73942 545056
695144 899479
117763 657831
115880 183010
250796 802921
65248 126996
444736 352416
348994 962644
422804 128708
640675 220128
489846 679094
570563 49007
582539 828969
609772 754545
65993 761403
164230 581582
762811 260707
489750 591750
618254 657396
185860 669648
759064 597633
317963 68733
908281 351871
59976 784401
544287 943927
425947 310858
507826 313397
207246 870454
312376 376262
293336 476529
235935 989916
348622 200416
643849 717648
592503 534281
332119 86187
143714 200923
745382 487316
316061 96167
650909 388069
511486 324957
593929 950067
732974 99348
982403 949570
271468 132596
493492 873266
489586 664589
552268 145437
918095 612283
585090 511439
218624 563064
919525 201780
902136 242469
908513 883127
761891 298134
930661 109967
234667 805586
205309 627329
694462 298878
864844 580337
646218 651531
297466 545789
169871 651143
686351 982524
481222 60618
193244 538482
23224 973586
58465 541585
877295 325576
840484 699790
970173 916658
699229 588507
668189 921737
222094 979149
346944 885873
892644 45007
146529 734063
41051 416700
767726 538338
256712 878720
458217 795464
167782 429351
919860 980571
505073 846708
985133 294603
383591 111115
832726 683234
172503 743266
179348 699257
113207 564841
248153 324226
867209 451772
593415 126762
559161 1907
347567 756336
262799 358871
810913 689736
262784 278557
19886 697403
122932 843497
461520 751578
273898 375028
815047 631022
326159 744328
934359 760903
179621 490776
780816 309227
944974 195475
849484 326367
983912 957452
202747 213006
694726 290993
538868 220293
56470 607458
71911 68631
966701 342797
500962 265740
498597 581179
351984 164875
956594 405858
869489 955197
274502 264792
822772 606170
172246 539851
959594 151162
581887 237870
223456 952866
132441 230142
981094 440886
631008 885548
750514 507838
26503 881650
936209 211564
257472 303147
872937 951770
863280 949136
994348 79663
117990 643157
708636 322628
874445 101631
677933 321970
439589 703276
788755 867067
916951 785184
136650 356055
826140 680136
383374 683286
451437 276292
704871 678456
526049 767723
87001 816611
252595 868685
821341 187668
440592 531016
218826 475461
116083 251758
688028 278639
805791 202358
807227 119454
530926 305071
272872 407702
512349 817414
270394 818259
446701 363379
329908 554220
505266 752443
221803 438209
238677 637464
451694 161590
627452 372135
819232 55177
774277 380113
133200 94992
235648 941774
646377 61679
115104 662417
196543 539168
