831117 336025
536607 254041
92663 937131
884427 738498
983202 190694
775916 404302
427088 72129
125150 56040
677850 70739
78373 612323
748124 716598
33985 76115
129212 306807
104673 423160
169719 424262
141521 805372
738952 826616
184193 518874
27751 900051
29954 278509
895202 353906
738067 962406
301213 518420
720139 710237
344630 132450
806077 499619
673451 641380
56855 197299
62119 549568
849017 427679
544495 811086
417927 895365
435276 880382
307484 845077
22005 843134
869985 150816
803007 475342
279315 897654
472484 555217
367343 846810
868297 886669
595840 476617
773198 147964
849886 311081
448419 704897
552928 503735
774666 404301
170458 995208
715308 777542
743763 506431
655669 859902
265554 256663
764672 664492
364602 420245
372267 259520
225217 9632
254604 855236
963146 382973
534786 401386
473796 640427
311697 973158
279821 154417
836633 514745
197677 249075
900708 113137
650878 846044
494427 185495
355462 380181
876904 35326
522972 985034
677466 148639
714501 297432
280814 418249
850158 729034
238362 647551
850800 59773
753576 332566
118474 662330
625302 892514
609007 369687
678724 409154
179105 359995
421463 196256
457355 649114
328385 407497
116831 519921
20675 606142
264501 790506
491321 29814
240690 204575
378377 70935
773381 422759
832457 741824
329359 183346
210436 334274
218753 451513
254198 984949
317207 616515
25122 760228
148378 109905
281246 723327
510754 743713
233391 100284
538150 917533
249441 52478
646644 256690
729519 694
260546 256682
133857 131389
667374 334218
599465 899091
674458 416544
312896 272907
718588 237830
844093 884726
447026 425073
452221 788313
578631 746503
38626 296302
560626 870155
406552 624242
272298 68286
740516 805973
910871 911356
963952 428209
228461 828983
365531 590371
688381 719526
658040 932056
128216 132560
596109 920850
222488 714599
173248 233013
276427 871442
748621 133487
702508 25020
321443 202446
122690 724250
724579 327939
472752 995757
226815 397125
389147 942636
782909 366043
338630 789286
528278 997681
548940 404726
616618 764583
558637 180248
854480 135688
801441 376087
213055 466309
225590 938108
984715 254898
450957 112419
591923 85274
635233 920510
817040 142788
84397 205027
618517 206924
589201 115258
135622 714158
305900 275271
375587 811096
299242 450022
697982 159744
280597 724211
729867 407431
529409 73223
178819 351157
376199 389506
426337 212801
652802 398846
532957 464230
738846 624907
317267 286498
15856 479265
248279 204222
899382 177025
852828 134055
130660 222836
163958 797097
304596 134591
660067 845090
984918 149125
50594 308584
43861 106945
744775 200322
312689 368503
156010 472589
678090 354716
486413 904015
818772 209551
488377 320879
347079 24364
147774 994192
453203 631231
710775 289629
672213 606697
179134 799363
982609 408687
18858 132813
633074 481042
938131 770728
653090 774354
9322 844115
890264 601537
756043 417727
78517 307107
120420 331681
476102 511728
185504 46492
934762 638196
495335 189318
868263 579301
967319 338427
716693 457689
814904 75813
218997 792479
614215 610911
956416 562158
800561 193044
111759 51270
182285 33468
850349 525861
743890 307781
424346 417304
649888 201673
379212 595890
964931 114322
754887 966213
551013 581279
452286 792933
991141 803905
840410 476258
424203 2885
279066 313761
543856 466091
947166 375282
567921 90204
142738 716185
675141 7092
536683 648258
523686 80475
745850 503772
425985 635736
449441 327074
121926 70822
923631 847884
232348 637194
773220 908058
41106 942857
829007 281898
965872 320601
851916 127212
111548 197973
899052 194421
316285 251865
803058 21801
749959 989338
910952 693077
341900 479622
151655 495329
40892 782434
636365 429888
129563 791708
70655 987252
84104 179506
902637 780696
671921 591027
44292 561937
479648 803437
105357 314364
28943 190446
974865 119889
547100 306369
757411 411597
367719 327368
545057 613466
619104 976844
525740 882346
155890 45832
292945 730787
735827 486196
535585 675069
531568 888762
104190 283074
244322 6686
185177 817660
856484 817534
197838 247394
379668 72971
969721 757642
905678 565989
285877 965373
110051 700757
549032 137870
271593 981855
612471 687994
879557 440771
508676 978794
