418219 215291
366513 228742
101798 74383
808708 524300
124478 681761
664505 114699
176314 363501
995433 894602
591468 922589
103058 8214
696918 719986
764277 569274
858379 366640
786298 135398
767176 948875
327323 90563
425781 936342
787546 28679
8329 560510
557074 616155
632918 708817
767753 234271
384609 150726
493549 105792
2150 14886
111609 345022
599286 134248
139872 892010
979422 564304
585823 400588
884605 75284
449676 708859
881748 472233
948285 461742
516654 996656
220657 28632
23574 258045
883075 26283
414974 401196
690394 806287
466466 345805
427719 584287
181473 284599
723789 876978
229675 696626
600593 975792
297057 575532
170864 266694
585607 643766
261810 485154
552782 790862
387798 283778
909350 900366
115734 325428
783126 237739
47065 338420
946021 418734
626621 652930
38359 579846
964325 496875
616906 768254
184689 695091
963324 477624
646705 788761
239331 53833
366567 783946
991156 183203
322679 617340
537301 377032
549793 464352
444946 476341
635412 421068
264399 455390
394124 839788
741136 138252
45996 32267
695372 763893
308237 739602
459427 710964
178410 561295
342966 614847
806600 910997
648556 864257
913175 728789
432575 731059
798778 477184
962828 787439
335903 599805
940365 995184
180780 824599
886994 543320
577562 144636
246081 545729
443889 293017
873362 744671
512680 899664
935441 705428
172201 657798
214775 117828
950535 525845
104622 29915
312648 282430
66665 231380
941453 637646
405937 7000
800078 119183
842790 617221
578925 255420
323590 775119
613513 143698
620728 614512
943560 337882
126448 995716
832584 570862
517897 398977
921683 516579
47117 627838
304830 209138
750291 2091
181075 823469
523097 34991
488596 821737
191535 768838
877754 690248
495557 820899
424623 847611
262046 848967
308448 835349
262940 959908
989429 911589
770020 879384
702819 854916
135849 453828
147086 637758
974902 758804
999073 935974
846597 728955
306611 103581
236822 289013
146431 599619
463128 892291
726552 809437
132594 666861
178632 529103
706181 756736
291091 602122
165923 779957
122318 630300
713091 312712
935926 691511
725962 827264
68109 633516
643735 166666
835243 107843
430462 224735
863905 967340
320692 491570
162643 551917
153465 263507
463786 7216
350993 972663
135603 310534
547265 106533
863459 278911
820982 900744
43506 163646
604836 527878
876947 248245
164353 275604
333704 619375
432881 58397
157315 191004
809168 546916
621152 427728
917787 392461
51129 796199
826566 19169
368403 570333
53386 917480
558856 403944
774875 561107
577052 954128
141967 833062
719329 587974
975246 674558
788903 751451
264665 13836
408505 428585
531096 307047
667665 185683
451851 126823
38259 399817
447205 765268
801857 586071
133787 858129
482520 343011
857370 223838
218958 424233
274451 1509
410959 568242
444720 290689
194496 344014
820337 248242
214263 144248
75493 935493
967648 560554
905046 978861
951574 194217
840501 969216
700113 616612
447719 343495
494762 635895
47025 131526
401952 281688
555556 680929
415104 547597
963104 632856
564337 493988
935368 932831
99909 801402
864397 763485
167570 876424
254612 648490
323285 595662
234995 320429
322718 145444
216478 811754
768708 151776
83986 59754
608226 669347
190612 701489
396912 142769
124914 579454
415149 144903
569510 108045
370281 257990
82918 379895
30612 915763
315536 699622
674105 602446
498936 957048
698681 81341
743185 636208
269767 17484
532305 950558
226221 8899
689884 758585
746293 150413
659247 149774
942596 301879
248026 201245
121026 589329
930179 992151
356633 113856
509567 888477
872365 252434
904190 852828
717884 714265
349063 650273
963080 7252
801841 537711
981247 440238
914252 889783
334152 558778
687676 590188
947140 559510
579405 13945
68045 442551
470789 950840
777060 76396
852042 300974
19937 491951
168126 454097
593326 806506
420154 319930
852566 943760
16208 554953
142090 374996
516016 615789
542984 641297
956287 354010
270561 533400
756216 891950
63681 184899
811008 29321
146972 775227
88643 566791
84018 502795
480972 731330
557649 735178
725206 667429
215209 799618
665512 646460
742143 526830
911984 331477
337856 996951
983578 502757
372865 142152
196705 629290
126636 816761
176612 592598
623731 650810
100000 222909
331077 109547
877939 46476
589678 821852
158641 72841
841699 500124
612296 869563
628359 742132
388245 337687
79572 717433
122458 861814
242244 765428
746223 245801
15928 510002
463482 171675
395522 555314
241727 877191
223778 581020
384414 668285
515208 622173
557361 656090
757143 277085
993058 73504
749890 762034
264244 95328
216061 314830
708680 88648
137534 532969
518715 754948
381031 829838
442420 597353
923024 907329
829998 970892
817153 426211
367501 619004
567331 300687
918677 507912
523613 967269
555261 214842
623730 355441
766129 474541
877163 682252
177842 654641
8085 24421
331707 311341
13910 564666
415027 879120
13898 661247
931337 583407
184570 763970
655909 398632
104076 448649
417062 950017
725107 207037
270274 462854
374812 154926
469730 164470
384697 864144
820287 114467
46912 325109
152312 780599
229261 472373
34783 639770
139962 361916
73733 974076
624280 625769
358838 844942
931157 823218
230155 439129
107540 692046
206876 198784
684990 155616
606053 420563
392300 127521
405028 33905
61477 236812
879746 699086
900460 141976
753482 789125
11588 376298
57126 303645
946392 485600
27227 903558
954632 215527
185255 500109
149569 402832
895101 999627
260420 959129
260319 573979
994558 162114
799746 809632
438123 586682
958142 22480
23453 526152
65551 656992
850382 587732
887909 984128
84347 626946
798695 682957
387361 99191
814353 562024
162742 491034
79961 293952
927987 990901
194285 893980
382799 313784
930991 237877
670858 551518
465577 432927
299171 5449
531659 12102
279570 339290
230398 335613
87484 967700
530614 218380
273769 401705
661190 531314
167449 409384
160202 905637
982530 104305
950415 655607
152692 29609
179567 203160
724375 887801
320258 906149
578627 657578
839728 932713
297986 671498
143421 552203
117792 637280
568992 50096
941091 801513
433444 988742
266885 948378
909590 148190
986649 906184
736397 421836
224422 879456
658457 779009
144205 858031
874835 976264
111317 713860
82733 159473
177093 735670
618963 194041
764180 599932
219037 435924
93050 184228
662526 680936
211089 929168
754288 385693
528183 824867
441680 377377
651246 103738
328758 8688
479250 699945
90437 110361
717752 905037
838444 360543
267578 2548
410575 695711
577538 233647
193620 784401
982061 784834
680361 935952
975615 97333
587126 522576
194474 465131
886602 42755
611142 874607
689956 825791
966961 254711
761713 412472
791864 319469
141973 807859
580577 157439
704613 4082
876551 476383
326192 710781
887911 745422
615952 249115
905306 159559
937941 419145
677640 752206
296311 312784
528346 884058
831392 519698
977444 363834
559608 328250
155874 203018
354894 549509
190570 388435
2514 902001
494728 939585
530395 233071
473675 542373
445033 625134
267320 624565
964426 359987
758027 844257
845168 422361
702009 971021
997925 545736
484287 427761
528873 658965
884163 100827
901737 943938
367583 291685
90643 419721
797834 445389
630204 150820
157728 770395
750366 318473
508489 472859
862348 607695
443998 733914
723665 941291
598810 956226
163998 98994
469849 476553
235752 98753
960763 949627
240666 119604
5483 149230
522272 275246
97362 521649
800606 704873
909467 5817
644307 385148
185100 512579
158398 340309
551112 54281
904172 732122
478020 788368
650693 657745
103083 128875
376015 123854
897907 521890
828186 306567
1865 852919
494798 306654
184695 592228
363077 959323
894502 912059
308537 586312
392691 922557
600717 329302
514675 474463
562717 485115
739402 957618
733379 186684
310145 943445
518057 31504
915154 69416
592619 701814
180201 909169
903841 727932
294589 309895
835148 545581
578986 160570
852774 736940
537570 181187
172556 896254
194501 249865
314416 339418
94468 438614
869981 144094
270398 826301
710150 706225
929840 721629
252081 113575
728983 608300
648948 112761
848529 407284
529986 103116
197473 48509
123409 875259
343351 429155
106876 879615
658412 100267
286885 551475
380149 715458
286950 213260
491360 657090
383886 426944
811836 524934
994750 84317
327477 41076
933755 319565
176824 716349
671197 349455
723737 849558
418651 339392
331631 607095
725183 41447
98119 738375
349580 128205
55110 124944
507093 489844
979412 382974
629713 614172
223468 898291
169774 784974
7634 207600
992502 190863
940417 781019
473529 156287
635095 852042
111904 428660
562084 397389
846297 220359
628275 798973
502103 606076
287999 765633
695478 9716
752005 550915
709197 403089
254152 41283
105171 86336
415091 705842
610916 820897
898978 506074
388458 734730
6571 244255
296957 548580
513101 290477
127267 466744
746184 961295
537517 292857
948462 313022
313309 930072
859157 148959
474361 348683
307460 443526
333417 81859
565475 257033
960673 956926
514548 260736
96592 637306
371180 517805
749664 946405
481182 352957
658354 557291
420712 556356
564795 995846
861973 321596
438674 91574
175448 560040
411716 453251
421347 629752
911138 716574
978226 423338
710754 917303
36368 109225
4644 93504
917507 32259
61233 218692
67579 477056
858959 787027
750281 444684
386473 904176
500945 111166
822055 918761
810925 986672
641270 467099
599206 869396
857632 30944
214182 988737
147676 147850
436426 637925
87496 699601
778943 844929
554697 614307
699933 177523
161728 596329
384332 797295
459959 388575
443171 914342
83057 672600
858793 964753
259709 743681
385343 636369
887110 997878
479583 152080
354086 503500
186981 762127
616266 699686
757560 992026
760663 943615
272363 117475
988533 616981
311266 28365
297120 887784
975141 816616
422136 682372
83969 780310
169189 536747
135126 54333
519836 291108
777491 672227
462304 749414
601338 99556
484453 325204
506827 755735
190445 861426
837834 744142
40087 171166
398818 733763
482836 884183
935856 986048
596871 940928
820927 300260
44274 414167
481433 417078
734282 728550
64792 394144
221419 874376
966917 294601
363963 152312
306092 501574
544505 877545
106815 259737
584139 702493
273664 123665
916127 121900
325004 963801
75376 519215
242261 809769
537360 829365
909984 60965
42269 987265
376373 186735
768871 138407
395471 884178
459644 123004
367623 213487
671091 390015
622564 393578
55184 952203
987368 992741
715619 990206
171728 38762
441924 587382
80153 124749
540903 320906
169555 764188
398812 880956
690728 19370
666842 842686
553181 705428
956831 880398
592134 334338
800545 867693
343889 40434
995791 51535
615625 736188
150921 625006
293114 451172
141961 394946
785272 306693
760151 679940
200377 257438
687126 411458
439694 916977
203676 403568
120112 817437
486719 129754
13208 323537
90263 573621
321078 616916
606001 444802
143521 67124
242095 73441
593746 576867
139236 979454
476765 100205
49437 734123
561158 3934
597543 846956
697249 748679
86811 596637
198772 822830
934089 754607
78035 553402
598541 997521
327176 998953
43639 560014
356817 778294
633983 240805
130241 71938
422093 32130
564358 118658
695963 291452
785127 690441
301400 883953
818813 853180
274728 369505
125115 891447
824400 884854
433421 425810
651415 402109
385892 930112
133730 578205
177674 447509
312109 271207
99641 841107
321691 898839
714864 591920
948232 265427
717626 49692
189156 161723
437831 840761
130009 121678
341625 515239
353019 40494
482949 241778
987303 532964
455168 592758
663886 140952
356821 241929
880887 251292
524009 288122
441794 837547
354029 974649
147799 729412
394184 269784
525842 879353
720436 744616
769051 427786
761629 947056
568976 543895
818709 732330
14695 403792
547298 984482
580881 178712
486752 562566
585325 27810
837562 583921
614497 405961
737108 398069
829800 390133
201637 493962
927403 373047
515945 329043
787076 984396
704849 89094
225056 401353
913691 751158
504398 421578
167724 459484
734427 373330
575669 276483
573366 435683
199479 91097
256050 602208
541688 457763
381964 57075
272878 677473
415170 547121
553011 719745
908040 424313
525822 10022
184740 716392
812424 561374
444933 873855
603635 182389
312070 978299
727811 234154
716893 115810
952395 288800
867389 215950
588654 542990
674873 331460
796671 619013
708809 556167
962712 239021
679581 219992
805056 90483
757554 716277
524529 98548
105815 561313
241369 640557
514177 611114
700328 901217
30788 988331
878903 398719
381160 181018
86284 197632
340790 767610
810202 822450
493395 925701
943585 865804
664684 953093
593498 984242
813756 48744
388165 841835
549261 800770
12270 610905
574839 574832
82297 984152
482618 360885
919431 764194
31413 726495
70563 676066
594532 454799
617404 61398
954534 989916
670802 402289
143338 285888
228937 858030
212991 137904
97776 705620
839510 925249
535315 50158
481064 522269
317428 578238
18068 856998
803319 856565
937336 492111
53282 38427
556920 956442
702939 196873
209969 998888
67016 311032
93832 416315
453933 204446
210470 479851
287789 201052
238787 544734
941462 50555
127233 185918
687157 219299
643694 47673
792799 420413
633974 409525
690271 631947
350000 496297
88938 636780
450011 137166
644450 4438
610859 434789
486601 726596
954532 383184
384539 455439
177500 720414
292737 73830
468480 408568
107148 409589
245381 53329
354012 115228
793207 977306
776720 764076
334292 936911
191475 380502
220765 461752
160167 407977
844560 566132
697024 900464
137599 971433
858318 734313
772684 617582
474855 664106
380243 249851
169928 231411
702934 24036
3153 514662
581966 467669
15461 383285
307421 453122
288031 417875
958045 11600
895 882047
482746 532040
771425 220619
115730 971924
568287 53004
910144 848022
400195 435739
734066 876495
676668 346533
483385 76714
332122 662283
255436 583632
643003 640854
724136 687702
72341 168709
718477 28032
90245 710113
771239 595507
152148 9588
956098 286126
967599 200336
944544 153281
863575 325148
952620 515599
184448 218886
127511 715354
582589 480598
180825 801500
273972 325490
679666 690685
499855 99793
327714 455910
872482 230380
138051 865264
638044 67638
232009 192486
529557 725938
168557 463166
522903 720711
849261 253982
267676 79768
542744 692710
84549 502740
713583 239818
792468 294516
532490 59822
81101 273910
167355 206060
286515 286406
709395 354965
717921 347159
933554 84143
328365 215529
160722 198514
182212 162202
538075 178345
176506 86955
816275 722010
520515 656275
617799 430453
367871 108282
33487 713997
484270 470860
41653 169979
520316 845839
294146 462700
969935 868755
726747 10767
857220 723220
208107 327999
11578 860531
629624 153190
612509 752031
493818 615996
595667 340344
14002 74631
543588 542107
654105 617103
634848 308012
974717 244650
572086 630464
183357 705768
52383 673920
942899 516701
761778 733359
759814 908052
685889 176830
45802 695299
672888 951351
270265 750983
130576 2560
422228 656317
68319 22526
547028 670286
759220 22358
873704 592292
782801 720090
226914 354391
581716 109782
786018 598912
551668 941136
476587 585610
342798 516283
477544 80262
538783 628246
828877 6659
321267 863897
275800 402496
517448 979453
662890 716832
980436 432133
202373 362180
92129 965113
334734 134613
187101 100069
441825 654836
992293 386452
607606 307631
114022 419405
746961 40235
414831 605238
565962 928258
391413 97125
634030 125144
417774 686118
798284 396396
536628 437637
960871 247124
501756 847641
760974 999355
683889 686520
894081 407229
789256 931865
745560 115589
956949 49410
152568 572591
811695 721385
704076 604783
32742 490150
141338 860905
61170 95728
986424 8271
234359 121564
832351 170772
840081 513747
222050 103917
525741 814791
854834 524499
906832 775100
591579 52670
204893 447470
770091 988954
764457 378597
290518 116875
682585 740260
613858 797033
969758 144608
523182 162813
254209 869793
557180 132302
412067 730437
931758 78446
20213 705676
814927 285983
947908 871960
316176 281812
95226 471707
917927 62238
228008 774408
137867 392741
386592 989459
149577 227909
835601 32016
741157 576420
522439 921459
251128 110377
960024 349853
671734 459258
396110 242061
522622 735739
355715 503100
121587 302423
137616 141931
588049 73285
817528 448003
358674 252268
37910 265314
686976 495771
636723 526832
851095 655732
900565 565028
284474 285070
964598 109460
564549 914498
537850 895917
648214 190688
934857 435090
450911 167169
854361 765769
548170 433360
888698 446418
573329 175496
653822 696947
682675 277203
322267 876911
502030 674636
659201 50746
401180 740607
721823 77091
858767 665198
462370 284692
219372 323202
248331 88792
894822 246996
878535 11390
656725 789737
267017 129592
635979 572813
59515 164611
416264 755500
839947 814101
705813 695355
25352 586869
920614 905379
435748 789619
820206 824951
833591 242899
492246 714398
520704 664008
357830 321148
242352 147745
372647 96334
233935 634995
465780 859448
30746 672477
825204 445251
180316 370344
451573 937601
750126 952723
810619 261867
670639 294019
217163 66708
589976 619059
583985 167559
692715 950575
454632 381566
400016 882621
874757 89815
882984 720311
861745 268988
177636 258874
371664 829890
857836 31033
758615 43948
327083 992929
220374 727464
544246 851249
852952 241713
508131 712851
726973 800193
746835 200934
227686 885952
265168 694046
116537 184528
684314 294740
185108 728720
244178 496018
901400 23331
698291 580012
255149 20714
106184 510315
896628 817418
632300 847568
735614 967568
881638 297114
358625 394203
617009 848600
43366 979705
794730 351437
773215 599148
72825 294353
266280 581481
343779 208812
170144 928516
300635 698142
328980 279259
726105 30247
272396 771532
183972 623300
809017 909744
894138 233919
213566 402623
700253 243558
628744 647696
873964 893477
138525 868581
30053 63058
255601 736594
387150 360107
341169 731647
694233 448807
977515 409045
169739 613597
607279 978704
989323 596058
94395 534040
740303 188612
438414 747265
836310 293102
444113 840677
659887 185057
252594 600720
430315 889337
785996 254624
416422 563435
331204 871404
28817 381849
591431 938553
478394 175714
185090 464414
61587 731443
626816 457398
362375 688806
444348 862920
655938 448170
331033 137307
771996 520037
933028 149886
267187 723903
942253 695325
291970 950679
669067 708558
793970 894913
613865 595089
604075 71420
781608 64235
593405 519146
445521 26057
871738 245391
557993 409054
348728 66936
174623 323844
501360 945882
512458 549556
457315 410254
447637 712738
365160 27956
706146 462936
864894 693881
5832 888788
309156 140762
323535 325230
524374 756582
984090 207959
454757 506825
898381 51961
306636 96638
403147 445754
779148 175836
197589 124986
630337 22291
612986 951486
553430 304224
826927 602717
628986 115595
607981 320627
219022 350543
314710 649724
682794 4263
622858 162389
285224 204276
898034 392097
944996 688447
947325 110229
516595 58066
804017 453950
938679 914011
306334 363200
164594 403435
306797 647498
443884 792473
281593 892972
616538 473250
557205 137410
266581 716495
940980 308917
604563 335962
620670 279785
504758 530728
493812 558013
635482 120355
302931 79732
959594 224952
292431 714319
759810 817866
411083 454024
43438 740003
742406 51547
769369 693358
685551 489332
939174 581964
986681 299298
772004 649778
247806 9900
509047 939323
556063 956041
303687 293674
727954 821949
462171 257169
471149 250700
139366 776338
846425 880933
774758 781945
18408 764642
297301 680048
743514 942182
516445 971715
701928 355338
124742 268406
126363 402437
596289 978254
150234 254694
34086 19331
960612 520105
806200 199249
87008 218599
444393 824915
75406 284251
87575 346494
822447 987702
634985 591434
545558 12241
918960 90386
664770 18999
648455 349380
606606 531789
90511 235790
839530 734014
240207 431194
346572 741102
160706 879608
655589 909503
126082 924195
501571 981271
790755 112641
729360 641174
173373 921883
378684 444871
654896 235958
878864 363506
384938 555098
322277 649397
526577 300823
218509 959140
227331 537946
957803 259836
207311 136731
37099 451551
702889 839573
66755 875141
142698 284086
394609 516153
138513 173357
980232 464089
709671 90995
488390 616040
912323 609566
8327 742828
143657 165608
993600 941023
125514 869167
655014 472036
794219 856911
218854 689785
536547 186662
436536 203533
187683 49352
235317 332351
32969 425797
703409 617978
421188 291088
825578 10424
808195 504800
92202 505706
571409 224836
474082 327234
714988 303014
951652 978959
501238 902768
890782 609373
725177 387423
237254 173319
378173 455581
251556 618839
221363 78689
844614 63546
804166 430792
785553 715218
626476 644467
67678 188986
855282 421649
688785 478631
193013 548076
560379 937191
735640 445855
634614 999794
460424 732769
587283 607191
642055 215113
748390 448308
735721 15452
596282 836777
292068 436403
588417 624126
703875 741229
765796 65481
755516 75213
317889 574219
865219 937732
725726 687637
614442 823078
717024 755444
82743 232349
840473 667969
929510 851462
551812 792490
15257 668493
870806 762700
225741 695268
143106 425601
310352 247457
352578 393951
650178 370805
605571 274022
902087 962986
505869 448358
201101 358692
613836 688585
317690 574091
46044 213860
103143 697406
92964 184050
268278 969722
255145 859113
806475 661095
358321 989040
577311 523284
626617 182188
668346 250562
189051 76733
866918 292714
750207 363639
170468 552732
141610 846379
763300 82039
231270 779844
904414 724939
108989 943117
238782 276990
960122 225823
108674 292984
115058 95963
437535 482385
581446 148728
499031 712932
557850 800180
686995 382425
726320 176739
723551 390574
114401 311762
543737 648668
643541 227863
607178 454108
362355 44056
666783 812749
912708 955176
726627 673964
56249 946401
909702 704430
181869 339587
438146 868835
716373 161044
890434 500848
83995 998590
414838 530286
211538 133398
602055 267969
312141 951145
235253 602097
563622 711986
252164 290934
4005 826352
829781 348662
925704 158790
55705 41116
209413 296666
669227 855276
490423 889847
875048 505763
844469 727180
74421 650995
855705 750350
871302 268922
740989 462176
770938 977150
943818 739671
815351 288739
738043 969214
356902 145560
130954 820687
393800 988355
938089 531467
369306 443851
159050 888032
181323 466565
224248 627317
936358 599872
239803 730329
902600 342764
444477 533543
466160 548656
699305 465061
259963 429834
895100 61060
952626 153900
759665 789676
50503 240136
603934 949039
347259 178393
431062 495686
652508 425899
787202 417041
478824 630443
573257 702763
282399 9269
18643 808753
262524 656399
509778 648873
828006 116099
667039 331816
716773 654214
289924 298573
846028 77851
231900 374074
404851 798340
825570 884431
928331 236425
957649 314120
941361 642859
317966 479364
500745 356503
369520 491994
982604 774642
752703 99742
637351 78960
93873 145568
942571 711595
776237 584096
868400 186404
611699 103352
696649 535499
234347 131918
213500 391320
267019 65992
46548 567899
956714 542875
601855 554963
536547 659457
542914 763502
768370 279529
425936 330051
85955 409425
562381 918947
301470 54843
806987 313699
53775 970926
675602 546771
366942 89495
99246 647683
984834 168022
749210 966716
378870 203449
15754 521303
192679 712969
734811 237938
365304 763018
737172 674858
478374 64104
803234 605304
668933 88019
454755 863616
771086 599120
572223 530583
638197 536031
184595 88896
832866 506749
918122 542261
819425 805902
998435 983733
981680 732159
723631 82790
597740 778514
449959 539566
671399 658460
59029 904111
227829 256540
332349 424471
515640 511720
36500 308788
159799 842204
16006 908898
163361 307156
416831 11556
29108 995282
671208 788796
610108 634617
85330 270843
112021 102236
573008 89644
398022 497616
89484 527376
662591 92884
194245 656697
137806 833913
405104 662893
779513 6873
183723 519606
