711741 189144
286951 395887
1454 237033
883831 830685
33850 802765
100358 17278
870141 639254
242826 866704
439234 15095
917406 468103
237081 753667
760660 415730
887767 532962
171432 482836
16466 281495
161679 948411
851603 375527
722927 213920
968469 286050
600326 682093
258019 852160
434874 31288
728680 127768
165688 856246
818035 335883
317188 994925
709732 985646
11560 956231
534146 867510
781493 669213
446017 809120
491536 881316
32329 532581
248259 267873
861455 748826
599124 819528
485132 561288
483477 757623
761119 416197
825637 211887
744678 700375
984986 986834
859804 812511
840878 557749
720250 894163
728252 8274
130989 854605
201680 575220
757852 499054
832950 468996
410459 132097
858900 642443
175898 99867
288297 134083
949978 986696
768258 289235
979111 611249
396009 348476
830263 915498
667148 722772
240840 579750
612150 415680
874762 189688
164424 607848
71366 50883
357801 617727
325070 493060
489649 450720
706361 100258
432453 542505
891640 957233
642823 605030
751830 148065
468732 22001
211388 261871
126107 661675
300006 436630
826184 710455
402890 215255
775461 101189
81240 614138
771977 886579
244511 609708
884738 7180
938182 535362
664217 722003
478840 323197
902663 359927
843514 55977
151593 921118
135345 390807
879065 941779
545623 418181
758135 8737
717692 828897
664529 326818
443734 755551
691431 92314
569698 381904
83608 542788
985100 594821
294352 860403
759315 605534
49528 536604
423562 346020
748902 747704
821746 374563
672625 204931
458005 685041
250675 569499
914041 156776
963274 832331
640072 992795
773093 401295
280638 555286
457665 533435
933127 957160
768725 946374
485055 590785
869848 795301
760108 219219
839503 21203
713199 364757
175909 393123
479704 618887
494833 357880
465125 642790
227838 43031
981885 743050
711542 370188
938823 766288
299069 871025
564025 779270
241898 105331
197642 749899
815169 954298
901426 781674
320460 982652
757680 865845
574283 493881
25238 632442
206165 249738
444020 548438
786675 818448
980911 402059
742786 312717
93314 194265
287058 632859
481462 261519
150998 800330
224760 608656
290761 165022
376928 83662
274603 855912
929250 558431
46480 748738
724597 444237
789393 35754
871010 540759
595756 966051
665023 482259
218988 702703
988743 307417
354242 539257
415599 942730
725494 119130
999973 462890
298220 626601
938825 546326
410507 252041
315703 10210
726733 903493
633216 722799
101941 150046
513502 495333
480997 7019
534312 900019
968339 491654
123071 102624
720400 33550
715452 649907
858585 154170
423631 889423
98419 845077
989635 333700
629154 647308
418409 301374
977071 482760
989151 979603
513782 309949
286330 767159
632916 934565
50118 900791
648327 515229
257816 231178
243492 291525
69296 171800
417113 770847
541312 471423
451028 925167
178731 134666
882075 195190
384867 327755
717267 830140
284579 616846
566047 259480
79452 278967
341088 637394
890153 213866
185232 994771
960396 17802
219813 450876
756539 565702
848367 345079
714604 947258
569775 546335
817901 748816
477085 657014
121828 931364
21457 243816
148128 795170
982517 480536
881581 475989
393655 192708
205851 326032
771648 979246
310168 271405
305183 543783
477689 75957
855172 679110
470013 593005
468418 471408
322272 180887
949902 324170
722888 381874
895262 559878
502999 981440
114838 391583
822415 655370
621356 304237
492481 351479
736674 768370
292543 58038
852568 432247
407755 750265
949150 81423
256106 311443
357644 506107
571855 253355
547533 317412
160132 905898
788185 822574
136266 708609
74220 78229
787820 359288
188023 637420
898867 768138
999060 289099
616298 757557
426967 737717
662009 476876
546218 20349
888432 806255
443989 28623
795407 979843
699640 188494
11653 356125
291602 184014
566742 535283
257192 242435
716185 12812
691341 699834
311636 524441
845057 817558
60283 997917
167073 322754
947661 748165
226324 822067
106232 78167
88868 524367
823826 945154
259945 927938
768140 937494
647616 662799
114341 395236
796046 153393
141412 539073
118247 263318
361614 177867
952852 899601
920328 57997
178629 966526
81059 137250
680282 126340
94917 83518
445051 126514
871312 181025
287881 415724
654714 895977
66123 528824
963319 76596
468062 864468
594890 865111
800089 209473
835359 873007
612657 926214
925336 331794
268208 108374
572573 330577
696644 852626
951359 541239
656493 647220
480977 124787
271777 218487
212980 95386
325362 371503
424445 387196
549990 644307
366114 498253
710736 373108
834080 830197
96105 472408
695036 536341
758471 189151
212253 599397
486216 553268
220304 145832
107019 622170
244759 636828
535444 502473
14026 105994
160356 747352
977552 59887
160230 577022
672956 828176
599964 500906
410552 933440
974619 257235
844872 705637
44071 990816
685128 160583
745584 518318
441881 462245
998424 205881
692287 784305
801638 138217
483294 269873
296448 861150
249874 882684
263118 564667
975340 54813
444904 30595
452532 197960
203321 687831
789468 926502
641100 260169
761143 764764
155343 443209
771435 267421
86010 80393
291709 978335
157639 596678
521563 29250
153466 651320
166378 49510
576231 485270
200650 962970
28696 768434
461226 129942
935312 693186
134208 236843
29767 606978
145784 738617
707008 112007
378921 172197
979303 54655
327391 471350
485448 650246
740688 106997
936168 846139
723050 27307
848552 587865
353565 192593
161028 126318
576103 993373
39267 171705
997469 839683
750928 597083
572377 278360
271172 418113
771358 447314
239752 333013
134784 932517
197043 803357
658809 17860
13327 450720
826303 314446
519663 107905
423108 545392
428968 68911
640840 916765
888930 369720
161683 927549
546930 341749
308171 175804
277334 836657
219749 311710
586694 516192
911729 403780
126222 915614
938261 830971
461534 762015
622328 633270
514734 948746
350729 746813
213495 257324
218092 51313
285915 896727
122289 770435
355849 54938
972813 929628
12594 564074
625348 692069
552072 294213
84851 708996
750025 996832
407036 385868
871710 536084
997896 639958
104105 663341
551688 795684
637580 865959
804209 425325
457904 371129
892907 551856
923671 912863
833093 937522
120311 451090
80365 779872
933852 196075
50522 864836
840097 817985
408571 280947
74734 942360
815847 510749
779927 486346
660569 49984
19837 208056
413843 289472
630223 677514
23024 812076
564542 81772
624703 805683
782256 859805
987151 769422
535814 101195
151201 677278
334367 355888
725297 922842
506199 257119
283007 54993
666741 191030
902473 117180
589137 263617
233238 624930
736519 856655
34276 163218
286989 356892
574846 784355
845776 641879
723429 995721
525869 355076
874166 520304
726476 761302
959315 237125
585922 991065
449284 158942
951976 40844
250445 435109
826383 481922
554122 207493
405128 388347
458076 690662
51979 107302
591033 998907
368574 48176
478755 16052
637987 556273
710168 649314
85271 561365
67266 619377
952731 85179
957972 570792
127618 334783
499417 125551
679213 958151
20802 339793
199543 796535
94037 651294
19241 279046
730834 370653
10974 943643
839231 350411
708895 252949
651113 984052
767744 686377
987575 248158
21065 278788
250115 53796
761852 236865
265245 354102
665913 459675
680597 298677
536508 539117
766124 625905
447749 199434
352155 72170
471360 189298
442672 307555
976594 194343
739018 136261
154511 264799
233360 843367
584244 657288
679703 917320
837762 5992
622032 411218
652817 386741
757878 790135
597361 485839
686179 172769
207271 740525
10954 300954
102581 189865
579079 79559
163550 655061
60902 773784
371801 889581
31217 284646
871313 786741
673371 276336
111771 95285
902113 108625
510250 628761
704685 167064
690653 589568
4762 887478
676872 658787
530619 142649
274240 676857
199372 913744
416017 684384
535054 826547
295623 813436
990688 144317
521582 134460
692337 100342
978757 155035
362295 202209
598272 291096
941302 925662
285608 587957
143680 850275
432618 174947
581493 38710
326468 668509
354928 34429
509640 330752
712375 601212
49134 292783
476365 726818
282524 379352
134546 561834
652767 987683
22887 179077
817722 708487
303535 106260
536023 945204
414261 502989
984365 134499
763837 253893
109713 949701
592771 902837
773177 994475
343082 174771
398165 783199
256824 737645
809810 929864
919636 465333
151060 174726
903499 960171
385632 731244
22213 49968
882477 607868
721922 128820
452968 19804
990787 888970
896236 153450
441597 171209
32413 365803
398371 455090
418015 811457
797738 826879
39957 995007
731533 453794
796453 711028
635663 390308
714305 571483
786002 591443
77761 405984
337659 588892
60089 147626
917918 343279
809728 14423
498968 567457
503438 977122
558189 454122
80160 205905
814019 769502
534470 967672
281900 884214
850624 158705
306620 170766
817920 753065
703004 531917
792842 387498
304637 738899
755808 221599
589003 819441
81493 759697
899123 232582
162623 425212
588121 148131
281169 257931
175490 517859
678165 578516
243716 243603
218264 173979
783952 122918
990583 624977
428222 629822
735451 744014
153001 6019
68618 851787
602144 337603
103824 169407
323396 530936
920815 386280
983373 267204
733777 234407
573270 992402
750137 479772
448422 558433
671949 293214
163288 927316
208301 626169
621349 439544
959779 209722
699743 444124
631689 411066
65959 835633
222543 794307
433375 933020
365069 149947
951139 557941
32619 348529
703057 15292
116346 427997
54768 316272
370163 561103
121597 758290
738801 27577
132008 442107
98717 397955
228145 800308
347303 941772
733998 646818
483280 692435
442266 363506
157957 283656
305368 558667
205044 872247
2326 354395
61811 986791
159852 805640
363318 908713
676638 131038
935126 160887
787693 930174
205009 368764
656506 173176
53465 877950
505488 358581
440684 288288
102643 711777
789001 670905
3320 568307
277528 341169
129948 220994
114667 261013
83977 787507
145025 774132
516103 482361
130667 198765
56123 56750
223902 107391
21467 120616
664145 141405
990793 624724
470345 842521
749367 428409
740447 112932
14493 152177
538546 266572
271956 146776
851219 270029
397368 791237
138716 37225
613531 816449
324735 463583
452332 30884
872703 887717
237005 61935
712145 521939
588364 501712
509931 131835
726164 954506
999766 284247
216318 217147
541344 436902
678006 945379
47444 780469
244205 380768
238976 474696
820988 357420
438482 568351
715846 343267
206294 588011
92173 271410
348807 246396
861038 898183
786776 393634
860892 216468
118168 919873
375811 289253
769677 640053
21197 430178
356875 588290
681237 550663
917070 295706
441777 582712
875749 24557
833049 825120
336944 942638
932560 423172
856494 1414
126639 275698
773458 828817
608735 292955
642918 405448
140369 470880
830835 418004
193440 66729
482940 530869
373304 348099
361737 651732
373724 869092
808980 31694
736391 659810
369543 985961
338965 590893
439482 741571
392580 796679
971272 328360
58607 883029
767013 430250
975510 154786
77453 322716
584116 881387
432162 490624
752920 740907
356883 916148
660089 84018
448883 474821
263935 155747
452031 203115
362371 407387
47799 64713
667357 202308
138692 448132
944548 580754
930812 510490
287008 325009
344195 963685
872500 47789
387694 530675
337975 101222
269972 965154
858400 925389
382187 210167
499920 695815
854269 976340
724778 38062
125126 779109
285026 128573
250267 609494
824252 180468
705472 327322
984640 529704
773141 736158
624142 117197
831599 112121
117198 106965
292578 243395
859528 328129
696841 997101
450350 322916
410113 457687
540376 398952
576905 111066
4510 626124
352941 541059
816881 864826
935264 267198
538493 896744
550183 258182
796118 131891
239660 274852
327235 215568
212790 463271
800786 762244
562409 473776
399260 498124
791022 52855
659077 638853
772661 274578
322546 177042
195287 709068
919584 104429
1636 873507
503838 931684
624044 300673
62975 191773
961982 657469
980846 107039
142337 159296
133070 669703
713680 907770
431139 691285
815587 51956
947968 529785
379388 600655
327668 471097
217830 620431
202243 30395
304718 287802
166896 122734
928985 718291
499289 840554
681909 703380
236033 609013
383897 732074
864466 422329
603907 995826
425488 813090
838923 671990
184509 762878
365856 595286
491817 510538
732056 86151
213814 737677
842539 479851
419219 555941
330521 20592
745013 697754
466064 364069
941012 273139
422381 938608
773505 74158
376179 683770
216771 852317
387930 59182
681629 347943
395576 98764
301370 339537
437291 185548
66874 881153
628956 290669
845569 510174
336798 736971
648142 944206
583670 288265
73398 866628
397608 425075
54696 846404
487490 909381
381785 92205
75146 518296
454800 323442
150241 204659
223219 922683
730596 215271
603849 722260
8170 222004
28544 914856
893219 56824
397439 677531
129281 856633
123880 269347
190728 683490
387352 483689
906871 266055
498621 725249
611753 726073
120471 249664
407725 77751
981969 686797
351973 848190
43894 282571
499360 445466
534455 134809
381163 213186
192708 402893
752401 734627
284553 825220
735212 847197
952830 388552
182568 236667
403861 739154
817752 535528
998899 145399
929740 8725
368851 35052
64732 844444
749825 546597
627739 837062
525036 40377
617313 757716
431984 913008
351003 32959
120509 115212
703396 403395
619352 790378
995480 879412
162252 57959
346618 983123
85483 27868
857353 948396
873920 163234
140747 695371
354105 797646
188669 763213
291568 349025
236820 684093
311923 285760
714042 230558
293883 33558
497086 500275
464757 594226
211294 447092
713499 192517
92942 905489
636052 609974
829895 671750
492961 328009
188676 827805
190103 910413
894428 68464
947095 260655
480608 837821
297418 144589
320264 818890
227060 221977
800174 684508
571132 430446
431089 412699
616757 78771
189987 428275
697309 322455
750740 969367
683282 495272
46697 148201
47956 648414
193615 794669
238824 136242
220051 227882
570741 245450
674487 391096
401769 533164
815232 761258
883144 17337
481007 682809
625966 797109
218500 225158
497600 494464
60828 177555
551754 27876
893850 385879
221657 265922
304907 170875
544034 225527
517003 39766
488370 751894
555912 188840
208638 489429
469879 208999
898764 923952
876567 21230
13791 702365
269603 579031
647075 578763
975750 985211
961161 493641
625561 481463
627203 793533
529709 181433
812227 151807
678968 972085
875151 475636
989962 70279
836254 249639
707696 139849
205685 57488
666611 604668
505245 6602
941947 882952
850531 627620
940364 554174
994612 827855
604845 769545
316114 464344
628923 755803
645416 405521
989220 551323
351281 665572
682562 155573
691166 278328
373628 921663
733925 69752
819078 299588
128412 849772
951578 763846
426236 73840
781239 45973
300406 48169
182360 677340
363371 568997
299286 573554
359259 174899
934143 881368
912563 126763
357566 339743
275204 54200
136362 618047
280874 278680
324045 152763
272320 161603
498476 222629
45851 461324
491334 131646
204486 984797
593547 604344
431420 472800
652617 746428
966174 426816
493359 811382
293938 920538
811310 331983
51004 845149
517916 931910
621531 813487
67684 217358
703156 17355
670082 854347
837275 891106
540348 882908
285129 378508
549320 166978
702138 641214
61411 250743
223475 42276
721789 84597
59262 330646
994360 464949
496124 767850
940730 821974
247918 193226
508443 235560
584397 248446
349761 627359
603974 189298
910545 325561
375330 383334
64858 215175
437856 862881
607741 488231
612556 273483
692550 548289
121558 23116
132708 789173
4356 139528
673682 615576
840029 626436
72364 966689
655213 988775
721757 868071
450906 883379
727376 276255
767747 720698
197666 633647
766924 485017
747157 86759
83803 406726
995167 43309
455795 639787
149731 236538
920405 869097
799007 124220
348382 64659
66452 246702
337675 192370
364017 924790
950678 429173
868505 873102
592249 639159
543839 433971
600026 641454
169923 340384
502127 374439
713528 987411
77259 171900
910336 619014
991269 244206
94311 632682
525301 920946
34003 717947
686921 634585
184961 753054
975416 94794
575100 140544
582142 759982
408170 108371
173770 983394
228010 900665
463954 479197
878344 16980
371659 929131
659027 83771
71055 323449
728751 675337
487152 737372
395533 31775
432504 814701
261161 706573
319696 726200
695767 459111
829986 8082
708840 565235
542950 970704
304294 239861
812282 269066
79035 250233
103776 73292
98305 869290
153092 316405
921063 275801
211169 315530
79739 532199
661124 134445
501987 710718
915950 21847
424964 218343
341704 515829
996827 14955
64923 721023
908179 198020
301664 631339
526144 631030
72337 313294
784003 694914
679773 870653
875784 455454
749256 692281
53053 69132
923583 169450
377931 810326
424648 775550
242499 364346
890367 749399
529806 591113
713133 403668
549042 84544
412385 920303
822047 271819
695720 870478
739969 975006
889176 833820
737279 167173
53154 194192
603457 536542
277230 788309
837751 878280
516968 932994
387976 107766
438208 942270
626705 561470
804880 414461
270670 956651
490978 293067
319046 418267
240857 696313
201124 127597
869775 837510
470385 135156
180828 22860
128981 659919
808148 896061
207597 589239
467813 59253
354146 27253
813836 566879
226164 91063
844793 675930
27363 253338
404443 362641
320982 829391
287466 417614
873577 879116
504320 974899
423891 398852
2888 573010
560314 556425
153180 644538
601515 10044
863673 783414
318826 149319
562528 645886
172722 915102
565445 728882
207377 315400
214652 320416
887284 277692
329293 726948
481991 73203
136809 487947
607025 137833
116332 719512
372378 12478
677884 725852
223381 630084
851666 863692
620394 285587
621353 537743
276815 943886
472803 146226
110944 565124
214959 410855
113875 800536
172548 707212
791897 111658
783474 104197
713581 770749
991384 379833
142189 886110
666694 451032
671468 301030
736588 17664
313862 335440
590280 696842
642079 192387
703911 467951
483612 265590
904180 670986
337024 387587
887133 749275
67649 251680
272808 676839
32856 278984
362323 324692
822004 983300
622714 496213
387452 336842
723793 582321
285525 906969
193337 372855
231045 86204
836245 516023
323357 197191
799831 145391
651899 139936
923065 631380
827178 454654
703207 211459
726354 98292
24413 837314
734364 221818
558101 85779
408042 440480
716962 171922
977157 362309
419187 751029
300203 269409
14313 455528
371222 26712
429261 73475
482483 263356
934259 436687
15007 780951
775484 367740
971868 425780
142680 915211
897856 659857
527939 34553
84392 441583
398720 28614
612063 141131
476769 809602
294248 852755
29380 819807
522550 967293
359944 695477
640146 660767
939509 909106
753145 169034
48390 999268
904014 737855
966884 582803
684073 469506
886715 312374
478016 96471
900859 932616
162540 422847
535917 131906
26381 717360
243595 358149
714611 253037
897682 493033
761707 392479
88831 775567
204620 271068
713494 185463
638714 545925
525104 634415
617042 628766
927629 55163
686598 289433
875307 454844
853521 723274
562430 264912
897504 590059
748209 217335
905989 194329
368430 586204
30748 486770
524711 468905
820301 586525
820252 802863
608286 758172
204409 728355
908503 489035
525015 72775
438620 138493
319513 850861
33680 205617
639512 229031
139069 737588
124979 55936
235109 148008
884126 456519
626555 330801
172421 200725
811070 825858
633592 14889
899630 352592
977620 690280
943318 718289
565735 258722
743705 727818
200213 15368
469977 992017
742628 531716
71609 195415
748488 820427
552582 326070
998634 690840
905699 619383
506866 621476
241513 72459
868312 840638
459400 766453
412142 910855
921677 546568
892005 688861
182343 310640
272831 384466
264045 353141
702606 809856
825360 536306
891917 506786
169217 734227
494935 389195
58628 529795
727073 826682
175001 712332
828089 939809
511168 647179
412097 116464
912941 495593
832101 42381
36748 153062
680143 213409
721430 498585
603635 312898
268349 892557
129881 736996
336128 320622
770546 250450
530270 769575
243059 469208
378898 821028
747744 149229
973063 416220
20384 470007
844115 961218
647494 401764
553998 137865
980751 181170
598226 562092
13285 136939
5173 209673
97426 96173
149074 82656
734637 695755
309143 870284
526036 31541
893639 710335
647281 612040
419135 730884
509133 580258
124926 947232
737859 44884
201647 234700
373236 107636
61797 904016
172530 715497
619841 55749
599538 5450
417253 638236
145887 323527
379337 638593
408217 291487
364222 658623
733328 228549
311418 339204
519227 283040
167523 78405
658912 856979
934943 671641
760140 264034
136704 111911
365371 910272
149331 292553
864312 173130
497827 460645
306991 158545
215041 656992
827574 714758
319545 753127
521014 346247
371172 392804
953927 996257
505812 711416
756959 353570
337492 668773
921796 992796
352736 338608
484940 366343
908253 710861
603926 105707
285474 765709
681082 798625
710794 103801
915611 391524
31138 444128
597424 199860
395544 210690
633406 301101
561995 142560
106759 844292
716002 194631
580763 171336
59018 711982
150882 428770
390237 460228
311302 439727
965602 997389
158164 803924
768215 210283
325071 239481
914182 670079
979488 199297
327276 330937
977667 490487
832781 411541
317304 870129
793658 810931
554802 807039
841793 268858
396946 213299
831160 481975
596926 817692
276286 864757
405347 209921
282182 295174
391750 952519
742706 632618
663969 453941
525998 610775
764048 838456
960123 834425
688830 120339
83756 876532
516716 985193
285739 226459
714845 584042
147834 967833
288598 924574
263702 459949
465853 462389
541143 99299
351494 307744
493487 90115
333955 466760
376731 437687
957003 56499
953547 729675
829892 726483
910629 702569
389012 19808
355695 197258
841320 728307
851033 625412
466276 412382
904862 376738
269400 954660
148343 7473
383830 882688
313317 290358
579653 779734
967657 932325
733463 537274
657856 952630
432246 834419
80317 925291
746033 806325
653534 291650
364577 721613
16934 747378
769277 416795
643988 988816
799110 782579
454363 189810
617866 49149
461157 587845
564337 905472
74293 173558
204537 786289
862418 871112
751887 128727
22013 993868
440541 507054
20423 72460
545993 513916
801218 246006
441777 716722
900603 982693
5480 480594
485766 491489
601796 131900
333132 461392
87301 774857
37998 474362
957984 17322
338264 483233
865304 454664
88011 953142
757530 403721
293044 880147
260848 710589
468184 987141
242556 6218
485122 972077
209672 361383
381817 134099
951530 429711
174951 769358
873703 657547
39944 316461
865467 207729
847924 648344
862469 864499
452012 915615
519629 29831
103826 773552
148227 929033
697304 552765
372423 138838
949047 424156
192316 708784
919470 472070
114367 851425
577578 558625
862130 103195
466615 98719
826357 598726
336215 464519
768174 499517
578728 745889
430141 396415
321053 762806
230628 303819
939478 78729
70215 190560
226314 346131
130490 386705
128941 379669
225285 695751
7391 457888
209342 93481
615638 183671
454364 68914
231365 610231
149237 559602
687364 944958
395731 402483
225904 458754
234558 312239
327096 646340
473792 285502
578700 488340
404302 914535
440416 765333
242177 17844
783840 353847
393290 905069
819485 811570
677660 303054
830763 15913
12289 785316
946073 83438
857848 693261
410777 527194
762427 592128
211142 403148
470375 580394
154412 102178
942683 528494
69210 620129
375041 635138
469587 553252
371992 51856
335318 585278
142438 436155
672749 997821
724252 754086
360629 10416
606385 833016
110073 365874
664577 279734
808538 155561
571187 495359
615668 549100
966920 684155
328022 878053
30770 223514
749658 462128
911059 503982
68790 746151
979265 371011
959487 883764
997086 923108
130263 679697
441200 245848
761297 735040
300369 866740
250498 3386
811581 30317
734843 801661
13375 103530
815450 745606
915654 271297
109920 775795
435347 897859
834557 945504
353424 473259
256690 225951
575531 958191
509913 2971
979386 695556
768986 508315
178158 892238
55974 487003
879624 88970
788233 667555
418972 572780
401623 457179
62615 785809
958599 989340
482142 924949
96214 638740
654288 88045
599828 256857
950671 664025
674807 95922
248075 280531
386991 541312
599798 631055
572065 700009
930163 870102
628517 788427
391600 40060
778139 299714
851781 971697
895814 888357
805440 342738
715028 883626
803686 235918
114487 411423
374448 594059
780443 173548
54871 743737
255813 63901
278430 409651
40831 691468
863763 937583
668819 176739
614836 762441
184884 812881
681651 550802
438618 546898
805555 729768
745546 121811
51052 257538
323456 761908
261739 725004
37674 183596
975754 123979
373674 797388
74414 897225
821109 878337
222480 582476
725440 833429
507876 818551
771067 922573
909512 8043
919196 119238
219898 26766
199236 530257
615065 686150
308349 977151
521784 96516
678217 15857
957563 256830
320202 263245
914402 888046
301612 338762
896857 798541
942747 161628
34090 283910
104731 40783
263537 629381
569403 354137
445251 525362
171784 47544
603406 191451
636145 195710
459737 593985
170641 829549
689355 466666
495189 299278
925734 738792
627300 519964
759938 50408
454971 300511
206020 707776
948442 419304
651178 828959
143975 968281
292500 663951
322282 445840
242478 138165
861443 754287
822253 741237
620665 872906
57574 202206
471630 972959
588516 791935
368523 454020
902509 305499
947405 494513
969080 146771
246060 589719
621069 947424
920538 61011
832386 585479
272907 564584
399963 773529
25225 90580
431878 761231
498684 293939
242858 752238
635386 301247
288341 360587
883454 255107
914999 149678
910044 417920
828463 977027
108740 695009
746645 488111
124418 274531
138619 685060
18330 811301
952303 817343
669091 274238
775909 238504
858285 60786
307741 523848
925677 459549
795990 42982
175366 239956
162756 218334
872837 58214
430004 693132
531375 463066
840336 326536
243329 924055
923742 76677
899105 226327
685393 470431
191513 977808
407329 159641
311441 84582
610717 430566
505090 198400
431240 398857
873229 506122
112241 352168
822416 427722
792626 170192
335174 16897
588662 757276
738358 506109
890872 350640
565713 46243
392103 787664
157637 136399
528989 621064
556197 807502
650199 991522
247574 203824
668028 563099
972753 771523
806684 758253
708791 961701
982699 374584
568637 963001
579438 622977
512227 449516
567384 830383
199560 498241
926444 450095
577879 883542
277538 29578
874805 192917
982882 359836
685944 131713
594853 435998
7657 2324
111156 654454
84756 921255
489373 54417
908549 449377
747586 949183
109917 367236
965056 527771
879297 809835
738770 971711
112367 230872
905309 677388
404448 578670
24195 580773
787041 738882
738564 976765
420387 499048
1507 590977
433313 498181
512959 171469
756073 268582
568991 926748
215281 225583
557296 53523
163599 564917
823536 585267
17311 620977
125236 482117
805909 59748
873555 32969
274703 938313
57231 85587
333407 757486
747278 831163
671572 390076
609506 755575
811998 924608
550731 675856
930798 139756
796046 953401
204174 226505
991291 522710
78415 437887
497775 290920
852729 163872
566214 788739
701160 516785
175235 488232
522988 29194
630313 834019
361456 726541
176209 855258
202231 31404
897311 833551
939359 688392
185049 432196
63381 296428
14117 703673
212915 670670
188741 66951
183231 929598
509064 73156
823829 868505
733237 335228
953759 323296
660287 675645
84933 400522
694744 969544
164823 170782
33373 761174
526001 384831
633612 144417
527567 927269
769618 701282
236308 699402
815538 525308
43382 784175
426896 708177
477227 213567
921004 468131
8510 110527
700961 675788
335499 508326
2596 385951
849960 486571
508860 731612
333670 56688
148952 960992
179212 184254
886205 303840
704469 497338
568205 566470
265204 471260
379548 200989
72243 9815
595632 6832
672829 161050
833619 932638
423473 802409
52756 208276
252779 324829
759113 701560
562824 341978
276429 858570
736356 217407
38648 158134
832494 460017
607784 175395
649601 67541
611817 284211
538340 143392
177154 840899
230847 671360
287142 422194
528352 206376
359950 958747
419445 868859
263378 343025
633151 588532
804816 448848
274813 390383
285434 963888
763786 732976
264671 487733
304952 258605
839247 548536
739337 495188
938815 805635
133997 595857
746336 175972
66667 838569
952933 878673
151067 522664
346185 356538
104331 614230
769345 336748
277389 673060
152964 879770
343923 20755
781775 171164
291924 100067
577398 266053
448349 331338
167004 833921
603588 420748
393356 411587
688626 333634
455201 778760
757569 755487
396743 135357
75877 316332
745794 219514
601338 188120
961049 429335
376800 223425
783242 520332
544432 929797
537997 534173
877245 814526
294342 937885
750278 596613
512012 238701
308206 57554
488841 647950
28621 277301
904624 597893
331914 666219
76024 612038
376532 870495
112405 553501
917685 390619
79047 560783
435674 85091
13820 360748
927954 164824
7048 631660
869163 994432
812750 112288
397331 230418
818238 752629
900965 345629
550368 730897
864 340677
529392 420541
259296 983239
389751 314439
322536 893346
93192 393417
996154 754677
504561 875873
498723 182553
3606 312850
826602 529100
662483 105279
658391 953506
7537 376980
661638 545410
151250 32429
113733 761392
726425 553148
383451 316232
680093 691656
184182 56880
19991 473200
739468 431245
352038 553941
238891 714585
200390 975222
617504 31929
674456 409305
511116 277037
917718 146469
641122 492964
821371 858740
946297 886989
317154 494881
765665 146284
503402 500001
544578 446207
147019 665620
96125 758538
647101 190313
23101 593825
311192 248536
152161 781478
836269 64817
12154 544704
864483 712500
603658 244435
501288 439047
478498 849805
141853 462916
646894 591419
612299 863752
862457 804061
236484 556537
667622 496906
208676 529703
418226 800875
885706 374632
748159 488960
908841 863157
424096 537911
295453 837091
226453 590397
500023 499933
151879 318500
546444 985128
941280 362685
974234 339813
413864 463198
695946 873508
241293 372570
241616 757667
520826 383581
934544 694675
978261 499525
869483 988485
561016 791953
480151 167797
349394 274824
620142 838406
491889 756212
486962 356413
369282 588889
428327 471521
236409 749627
230782 889919
874757 804675
142404 696077
43608 237199
564156 189427
13464 67377
498732 781104
633175 349753
552972 751312
648593 454014
117940 337003
705975 880563
489650 290046
444825 857705
713647 470515
998968 856070
58774 268367
894927 735402
468809 915353
777615 285933
637979 874186
184518 719211
25925 909320
436440 259239
938112 18001
925059 702335
424576 608705
115381 748303
537686 639213
801031 745950
635954 945549
189425 911783
162007 709509
953535 319632
384889 683397
261868 567736
861669 896832
711227 44268
548038 295454
138378 715999
185127 472873
428684 864828
323225 560116
951465 959247
731848 656903
535764 811058
631418 337849
495394 904423
357956 255342
326396 907654
46709 464765
141899 705506
352967 699691
521881 832769
266158 324706
801844 305612
954713 321904
159522 285308
130128 872045
383446 12493
133162 310178
316932 397824
662724 100758
228472 598517
638951 923119
498756 119319
21435 418650
749523 354563
989233 994535
311616 375934
373943 994466
726157 819127
222875 678818
573080 285183
96441 897337
968050 839851
494428 347026
256918 985302
887412 957518
959932 202214
117864 947561
691647 821158
856890 318486
717388 430711
815200 544849
767790 142579
608789 900346
8053 514201
888844 48367
18025 483906
749499 704756
675936 97380
75897 850438
996654 206109
189440 554210
116179 148309
323926 573927
252368 102538
415367 244617
241249 758409
798099 349659
29486 32937
463438 943229
284140 965507
21972 803597
675945 2556
260430 310171
108066 222802
300313 585297
884598 710041
683115 618089
689329 917995
256390 472023
824538 389266
261195 938392
38742 156543
630567 857501
319245 824827
493069 264077
862321 519224
407062 102964
433058 259584
263388 242891
130793 958488
658002 902036
450178 934991
502691 705233
98012 429552
314851 714772
938760 94418
166802 469397
253252 327142
603689 86370
617548 999638
974514 853045
803353 157029
720697 783374
177716 497030
805179 496431
506335 164108
472983 131951
171443 618380
41808 162773
418906 635576
813648 441231
459275 203119
607501 376914
921760 566172
125164 260683
605654 795818
353962 230201
795460 624894
376995 336323
964808 639917
305937 756707
880850 960532
