82969 737371
70129 101014
683014 706649
669940 812112
593838 180906
981637 184404
306551 93796
420438 499122
702711 487662
645320 350722
973202 36443
739914 553687
982104 850082
114763 68672
33323 946757
744493 902392
990026 525564
816909 500938
169599 219338
166488 779850
85007 969047
762069 426882
386526 495850
483521 536047
828381 853261
827655 582386
839520 289865
23381 255787
611773 190774
50050 318274
933842 130533
293020 69338
32554 93363
48697 402258
642143 854702
550837 15445
890456 826172
676318 698289
158632 269645
733885 806437
631117 925572
702044 607900
709847 452675
387509 491319
477843 968221
538997 780652
392112 997255
451083 907425
479267 936682
767866 765250
590074 761096
963110 130019
326854 402801
913065 948745
324020 210624
333116 557174
331230 3741
443410 500960
887130 801267
169879 747751
3472 701115
127463 452439
586366 471883
802820 462695
848848 59839
875166 355363
900864 86359
708261 883127
844130 876756
949721 308324
65732 777449
200706 780317
221712 344213
822235 272713
414879 681360
40220 613207
399621 339773
871862 857771
650205 600239
699543 723458
782141 447687
13959 23110
57369 715204
581487 42776
957985 649341
168866 978510
76127 911941
577084 190281
868296 802441
927292 815322
218284 859
918313 347914
517814 620767
906426 57921
472923 888764
617321 824009
534178 561106
238652 401553
366242 28434
760212 601208
474037 447259
30834 737425
302606 827975
403919 10942
727733 206654
736844 476878
761760 694811
236113 492460
93955 310020
947580 519565
866695 254119
840028 794658
361219 87832
831686 158705
620312 4051
839362 70138
520398 747435
28901 290588
992560 845167
70205 285400
492248 31852
531672 736477
189362 691230
175578 294593
886499 912131
759177 935191
655367 821798
689453 834362
547322 979456
758263 962834
941654 780291
358135 37400
606165 436873
828229 963544
787435 782920
860431 686130
707153 892383
794783 400104
906245 589514
369710 391778
347409 824458
839911 501820
502550 744218
157431 795433
440296 106203
563765 164123
135568 411641
423172 850633
223436 845862
964862 456428
259113 920859
829973 534574
695643 916423
139336 126073
711945 413511
259747 17646
597791 715127
496059 829234
131939 52680
774229 220701
464303 507660
931494 881133
665168 335683
893427 641067
36931 963608
584057 116690
542475 279325
389798 375048
345836 188025
950962 478907
554592 123600
893270 486407
350523 447772
317852 712544
883901 636030
51114 257062
643646 9127
771656 794881
514421 807165
358594 186901
791882 722640
432028 72585
582230 412963
697442 817096
867015 648200
110994 61506
939089 991014
992633 518117
426236 759236
692959 394724
354209 374142
876703 210361
306709 186561
194158 14622
340449 782847
932989 889208
762907 509950
64226 396679
153198 887819
60541 864681
278218 946816
68314 500620
417968 875879
369947 286024
844050 689869
291605 960278
892283 667417
977054 185621
572079 676907
341459 445772
791944 789261
882435 438360
639818 238366
333468 535629
96194 55583
869703 10873
781060 781199
735165 278932
31341 645714
847910 715776
486497 957763
337341 958877
810912 18134
712810 42468
497197 469041
651074 644624
695882 270207
907255 444858
631446 581699
807390 897886
78090 218011
204592 576249
76856 775825
93987 452705
195648 524074
228687 18496
860074 895669
848879 487643
627152 421578
456329 664208
946293 791474
606076 955678
838014 244598
263432 523433
143334 722334
808552 972867
533683 163011
416806 752248
982014 706394
135727 314611
179669 967604
305218 209562
701483 875501
151988 950563
435099 408779
467353 867150
143200 279750
731269 162611
403914 426199
588308 919872
712667 760232
933302 220190
802913 458665
477530 851726
742628 466508
506911 417937
391485 313090
44350 620416
409431 855749
35077 934935
948647 214478
564778 125931
883400 680911
511594 319980
67461 812749
983685 360866
576692 802669
507314 68063
116380 642566
691903 653420
251095 590277
737845 489199
224385 886192
534005 397928
929945 109701
672106 863514
652402 760201
122711 534695
619896 41337
239667 758137
457390 365789
393632 236575
24654 722589
409647 5694
161162 540104
766840 216056
644986 5735
363652 17020
785961 965281
493791 36267
61037 531873
165853 37403
633741 380007
734192 581483
774543 968373
130829 774443
275373 45104
121769 661356
259752 292664
35408 519751
80363 846844
502977 574358
38813 899512
673975 108620
32183 34799
315957 995716
169273 652567
249063 286254
379043 774896
358777 229077
545660 961359
740511 243863
680567 218015
981238 946227
821539 873974
71065 535827
571819 37533
756423 279229
193024 340670
758368 268372
55315 812942
807518 61638
895154 408120
921083 450426
879672 828471
527122 352571
325659 133832
868734 464539
943124 347582
114610 492006
617966 580750
650964 881071
100377 201393
64287 723490
562539 303394
175481 908303
244059 570525
241096 573294
447386 527452
951589 248918
730496 876766
517250 785398
418607 33587
987603 388195
62948 368332
189709 619853
168319 123784
357585 741402
365933 75912
896978 145151
106960 68650
131284 365112
638447 9843
427996 663644
570980 997575
140075 899608
642342 59139
27157 72792
98266 597911
832313 127355
505339 593958
349539 83753
307735 427427
491220 98912
744188 281736
532415 562336
888215 315898
4601 802150
415738 811577
46922 189618
768617 628235
738573 895442
761786 541872
49246 263448
456823 313043
263432 952082
835994 212091
398311 951700
346822 550917
743957 590234
955651 213096
960121 200643
186850 823457
67467 434706
6652 186127
812405 904599
363772 366509
38134 316400
960419 965220
574036 194846
520506 794183
766991 557786
391501 131300
978937 672462
768492 152603
77356 773654
459858 170510
881165 775351
418360 716000
148035 744715
647310 993938
782399 105686
740719 591368
86334 38801
210124 241060
216386 807877
704753 585427
865718 430587
298733 807676
628254 189321
296035 124361
354328 765412
843937 537671
66550 664847
797626 448007
411397 158305
993746 933773
27197 779222
479200 912974
962033 652476
40292 121880
767392 342993
519957 312916
558840 597814
458269 32544
707650 738495
277807 995515
156771 742857
546737 738603
46698 550356
948655 811198
736435 792436
397488 761951
137326 913715
958089 924233
212646 536129
515052 903597
509360 198770
141023 857910
285973 711307
46222 400376
188001 576865
669199 540419
791908 320329
375064 900261
9860 672403
842700 461283
141678 155698
89707 458947
448463 551807
243293 405458
259474 346558
500383 738920
108629 884057
287009 44345
843560 46436
565676 549043
726551 150472
835388 958569
332690 760625
230819 154641
647110 410949
145471 482877
826792 742071
763614 18613
576458 377719
889343 204119
415645 803669
270787 428468
233183 779575
329163 762609
647544 691384
929370 474103
733308 840115
787451 430628
775981 995188
480307 305500
309220 356797
785410 680581
420400 305689
937677 232060
771287 39683
892034 147876
696488 458821
262894 507835
472215 918273
622392 362691
152246 943843
722914 618675
913407 245796
158408 155429
192596 249092
524372 574198
261772 385269
653718 254189
420666 168925
777503 988209
641122 307465
628554 565971
678478 258264
189885 397303
70235 341266
632346 867302
425059 476339
480549 573588
284143 271778
830995 871550
384597 865269
424912 460181
10203 689939
760904 84833
319760 927332
107400 99432
619561 153447
946166 744379
332711 578906
713283 856336
296789 669289
791345 672748
246448 915157
948224 707549
507910 173114
662251 738176
223031 273305
359100 108318
755051 972909
670995 15655
241884 908050
679214 671123
624900 223478
835391 466062
783276 753701
627088 536186
809389 371637
246158 624767
842499 98922
680161 159442
813605 916332
272943 770702
285369 50177
839875 555378
301271 946538
407601 181844
95264 591320
960797 476560
749480 334464
924564 152394
903722 495333
940979 357914
503961 263460
998566 841164
184422 612859
156050 715802
532777 585238
343043 370814
766378 780376
402726 517661
557162 830980
947885 73131
470117 734820
246063 394802
563683 369841
934727 459586
560435 953939
712820 13150
196326 862466
561604 425092
711226 582991
388182 203541
282771 265816
640788 188124
509599 429873
960572 652360
260233 692711
32495 909279
8472 586870
991281 82033
179656 898102
89184 465779
659113 664607
579303 295388
848134 212714
820779 117224
658279 663578
424423 397101
465444 442074
469979 502988
341720 397313
424347 446161
394378 322154
562759 295882
687414 806448
729668 789636
947699 717075
581730 65987
948793 365801
916522 120596
727053 262885
890513 319227
159940 642360
712823 123974
346613 329401
425944 547163
421326 162139
583492 192872
870661 386174
960799 703447
146640 183551
802643 472189
574976 486835
362561 738007
719594 162332
729734 81933
9048 286371
642755 360019
311582 77363
606868 548176
13684 866662
209364 547115
925082 74235
88625 115258
807544 418713
352771 233172
297707 54519
599492 411212
22726 623648
630577 703484
152160 882335
755969 908313
176577 73338
562985 93920
191733 172294
320824 648405
450196 659998
400148 767510
477618 406845
936610 498856
503620 103048
661372 544659
824615 795659
789049 659273
186823 262972
940147 771976
344055 27844
669325 575893
634497 50834
47923 810138
259337 934848
288082 311812
44749 595078
176423 152194
300488 51532
25704 19043
501533 392350
739512 39036
531879 872144
707636 690187
108495 475025
102588 65796
798526 811729
350167 845161
352258 774962
762973 351192
495791 818774
296249 43960
474073 991302
756639 955818
787960 319514
848956 622955
363304 490376
231563 314533
928391 232597
624650 595017
292449 15151
443069 201652
107644 734594
795762 151486
401950 748629
408604 86300
155349 268359
29545 836415
304083 849756
394129 537577
731290 129224
172142 667230
913324 586831
171755 22573
370564 212154
439797 720735
93874 66403
232967 141825
866290 780828
534335 81443
65509 833151
547242 238716
682 567696
316770 534716
79119 845864
115380 660717
766944 455231
239521 625404
981036 348549
696366 661020
318312 912624
772742 49499
932213 692524
464995 30531
65622 525575
516424 244715
593425 130681
812885 415070
824915 664501
314997 518751
609845 613240
886830 893347
932714 13347
110976 42690
31542 760536
277424 524872
866909 514548
651111 621854
225826 270099
580385 35078
655768 514258
78743 677018
279313 604558
1387 850525
644696 836034
630702 7709
548713 706683
840598 208869
519954 455646
22022 476045
51279 621249
226361 848171
669086 960491
794687 190714
327178 14508
916371 13870
517712 439309
492655 5977
714562 643670
865970 458536
562236 572437
245877 960673
878467 740344
809154 393926
90430 943168
410570 215967
764727 981719
368070 142297
145922 747119
494409 701575
370691 653728
405153 5400
761515 987058
631377 958438
364603 374812
715420 654657
267737 914461
708713 432707
359374 165808
966661 437697
748865 68977
233482 17704
471096 575777
561553 167682
859796 661231
721175 320621
544284 388382
803078 78877
254895 618637
469692 895822
833756 80835
441091 735403
120873 988728
415224 8538
608677 456374
242527 640767
967970 503732
177817 3024
736034 326066
336779 397486
515204 300864
580974 930745
391907 979563
756846 209946
116822 301488
999687 298041
211160 302311
247734 276725
897626 520303
124989 977636
47803 102977
141126 771839
929368 278606
498578 696256
702964 585389
157280 535246
155279 334951
664757 584720
255154 945078
707587 955339
324208 914753
216301 53625
149604 476533
508735 729601
711815 336790
233713 240528
346766 472512
201322 504719
712619 473104
782788 41964
845754 565229
988236 769991
185760 298515
124828 983831
701688 286755
581779 841383
658804 694167
637108 601868
690462 434384
223648 173187
34491 867132
738662 113619
44123 553289
617515 548833
817768 80885
285520 558301
160926 360698
693838 563742
748462 842562
903230 849256
565595 245504
812861 504924
174488 403940
740144 617460
327112 934414
963878 14160
463296 156609
333006 7795
458474 81400
65997 224023
936591 268763
589370 450766
902145 15856
34381 450138
782851 519016
702648 637772
833871 814022
357865 204269
822842 973550
461126 570354
880543 283047
894492 734730
777842 573643
371130 55166
793341 25404
730520 904006
73979 972666
443275 554919
908751 442168
915561 249957
675368 328977
976164 383867
6470 116922
208611 851935
407510 940881
331430 981613
344433 160275
932076 590162
827873 575710
670656 529836
54885 878793
622776 266843
373632 798726
794066 66145
641072 553411
911283 455000
725900 727161
148688 244452
421126 332818
129167 924797
211664 320948
866389 736993
568746 587433
841008 476738
874433 211260
876921 481306
326436 645387
365336 708657
36747 382074
686247 364233
141798 341009
408307 532080
781094 950450
649163 160236
283714 796279
222623 631181
858728 200732
298746 322006
145991 968022
279164 517413
675174 649579
557547 226053
106856 654700
993538 30478
92363 101318
916858 146249
707298 272941
861078 699205
505821 730305
803970 297778
714516 807699
998578 831467
375543 51454
478937 652418
434276 170513
632086 324348
405225 212527
109681 34436
757524 910022
344256 69282
112554 426205
41559 577393
208547 500781
180846 561745
526245 469925
40970 859090
474781 828805
652855 9537
940185 986151
314545 851242
290198 636837
338433 291678
101064 782059
222199 18755
75025 999481
900814 814164
166875 149890
198910 232555
376694 896273
92650 704287
940010 6923
731392 632312
900453 202171
586633 759262
70987 743892
842178 423948
763038 329476
320256 225331
927522 84843
477643 277821
795347 810159
882549 201185
303670 389479
421506 335789
943599 582146
809174 85770
107341 848434
773846 486846
215275 817995
135114 140172
665442 933780
192203 510034
222336 930802
867740 992014
300228 13377
271089 130979
103798 3958
826683 750959
69841 29063
418938 670778
338914 250181
758035 996799
797137 395617
916094 579034
467776 550655
650153 160727
767179 808116
215475 620926
178851 718853
766503 59433
911493 963338
436155 203043
756864 523539
210911 575388
372816 635265
816497 510957
795120 78967
887353 602935
200005 745197
907503 676005
519056 971730
201508 380834
950380 416433
675102 736559
348338 748175
913184 219791
608920 612964
441953 662088
671390 353130
817044 598361
649246 512473
731520 215529
665946 576616
219223 784288
933858 315827
135300 75753
104212 802149
304213 88274
635575 248104
497550 750699
802463 133826
185919 539176
825835 544915
467958 924719
314210 995055
242489 37932
561421 614586
181058 539874
604021 8376
922124 78875
43355 218971
63659 110013
673029 571069
463094 840855
378193 865318
265118 111897
171566 539470
315912 337180
665082 862371
345228 957342
801547 365240
794030 697132
385997 319223
607618 208699
346753 471594
156295 938737
251605 200530
355935 395126
462017 15002
463206 502761
942098 251390
490289 916391
56524 184849
736838 370812
258863 362437
97318 453499
850625 280245
417791 552768
183856 595464
306268 747816
239774 475183
817601 454726
180693 352636
857707 59523
680777 480007
331298 902950
535200 419788
279173 275015
726399 124909
5827 501508
866193 339336
565166 482836
622666 415338
19367 391943
686618 744627
19343 707245
648650 539439
405743 534087
548704 541457
710682 446719
573828 737966
738802 270868
487791 54129
14240 932509
322102 298728
750218 640256
301555 895043
159704 654012
140658 591043
754402 934130
138265 992180
954026 453481
871709 328857
924737 366314
266032 350027
735524 345032
922440 37496
142313 840298
38899 103644
764331 772292
487892 483723
675413 734919
984564 674186
824479 9534
578196 130009
802222 482693
361501 850357
606487 443885
472539 617769
467928 51739
772407 631671
979870 650893
738737 583136
75974 861626
971216 858889
726687 26892
48356 217765
87670 579411
421039 287265
596771 624946
861695 138918
190180 371748
37397 194438
438490 870911
939071 137108
208823 76216
352737 59268
414445 153058
589560 741214
185940 221450
873851 571122
604117 785076
582370 585512
187119 270123
488971 517068
629863 78732
405548 600166
309696 741827
344807 412287
70268 686091
27001 910699
484264 270133
497399 627749
726847 273181
972065 70096
256210 300234
111913 213492
807679 796474
536066 163935
713117 309366
833984 195177
485207 348212
261609 72389
360077 675120
36639 23382
106830 755405
122956 677655
578185 458393
751688 824776
215106 699425
768320 625355
873693 524015
4850 486718
792180 816768
286483 765655
649081 103122
56318 10242
320895 987561
703371 210055
495101 703951
63202 630200
988950 977819
265039 704197
613103 603959
171183 976480
30542 134305
123242 299036
42365 151925
907507 251067
348684 547735
427771 79435
752016 2722
275309 727274
339561 813616
753697 875801
341079 658750
620680 234733
590030 688943
686223 744618
117562 403194
249284 799854
328154 459075
872156 987284
442740 868853
666140 125343
874655 533076
3629 350221
845618 637877
699097 428321
691389 165570
77983 379119
630300 650617
969303 107749
763830 703740
396241 808479
513999 564974
894961 623380
456779 158320
743239 316763
523571 645149
923056 616398
845294 107075
795857 463641
499377 836098
433379 794606
668108 130279
354325 14007
923139 254444
414679 42462
169277 88157
150391 308066
481062 662087
465717 279813
139658 116686
788366 945298
384869 482091
690071 597220
91992 20271
45344 412212
164813 578166
65869 851068
457960 587808
751464 50314
939721 659543
548393 150853
706685 866867
140318 817669
609275 564905
584365 602872
368214 799087
81625 858482
87346 108351
579915 101982
224143 60898
642247 222193
691367 221441
897574 216647
76159 208509
406573 625381
368366 75291
658256 707274
970095 78525
406830 377061
234341 851315
906164 208614
704614 4284
405043 944809
626554 99656
8134 331828
664189 779849
897168 723031
527706 269156
261946 836714
10057 962362
429059 167876
953265 282434
25267 503450
508879 103367
63333 363759
247139 538806
327587 231716
696319 242764
765529 294382
735320 332416
275644 195291
395222 539418
235668 589689
175344 523888
137476 38135
920818 288055
26137 431352
541378 365385
637360 76620
634863 803794
872465 856961
703433 769347
365591 20294
415654 14710
758067 284281
985138 718658
757368 67606
542282 352340
505385 292639
373417 485731
1269 123018
656860 438139
78790 725160
879616 101259
428275 304021
694949 27124
374882 262008
585250 399174
987692 704783
928006 917734
653715 783677
762884 165189
540176 904572
913441 812885
442537 123443
845679 180071
109662 473842
734056 862639
127680 711775
18808 461679
374066 418122
851914 641008
511618 909414
555320 861485
985191 127843
368105 623119
235022 616539
17657 546691
779244 402149
733176 371060
351460 171651
446256 546876
873580 870382
234341 127290
548264 380236
395352 996676
599376 342375
3630 195084
494191 291599
223020 365863
13725 372622
471298 991864
14749 598484
17860 262119
295669 72982
667999 956293
734979 974198
305644 474878
954536 717708
280481 489633
776763 649923
77270 447688
441863 521072
10942 16228
212787 709394
236633 597865
832172 400441
948065 354006
520298 425757
433967 594777
742022 17203
506147 416018
816209 877102
96446 647506
646806 58517
125986 300032
274978 998373
328691 685288
923326 361307
13230 608979
190914 651746
27446 174566
691229 945948
185114 867840
606924 817735
339580 599075
69121 776948
919146 12409
386427 939447
556395 878069
566014 381480
665675 139702
50923 66433
976326 130912
309090 772807
878491 227563
927128 405333
532970 792415
582769 396279
215269 909673
724084 514179
145810 865012
108662 234263
757069 712233
911726 243669
474455 794692
951800 787502
28734 705723
109873 39750
498760 911959
644127 595745
367154 775622
756810 799595
494436 331625
190994 732335
703705 683817
666055 629161
461247 201728
142327 555037
43116 259732
399411 203513
449523 4858
177299 928198
964128 590765
525272 713769
874495 792859
833954 702628
333843 591096
843640 342273
804893 831327
985290 18786
517539 551743
427974 564899
580804 317
788486 305174
981343 910211
429113 362399
163694 153227
952444 689098
35834 210726
626960 168721
946036 215303
421030 858411
754807 898119
185183 709493
744700 529978
769200 207016
902725 227967
882830 602675
341189 498572
126554 604241
842147 718680
118932 101555
140015 896511
382264 124340
249623 943868
358040 172588
725411 395138
894183 854746
775854 948428
144023 796987
617505 823699
843129 200048
402923 180594
399676 281403
594493 167340
72025 504708
838369 188065
765799 763048
292671 669653
31843 904149
144126 362598
198609 455301
541795 693340
740108 453718
312955 14877
456998 139211
993281 882528
395472 570961
636914 976890
279376 666798
434492 70392
930170 169513
123989 998521
281881 847759
549852 765862
880758 462184
549708 692408
392347 225114
336503 672583
93828 586341
345568 392131
463882 895716
620037 495236
670130 717703
968784 440201
938581 602190
600918 945747
128110 796624
286193 40083
313252 197526
77083 829414
402476 805527
198544 770472
877829 716357
457768 668723
982122 383627
866006 872142
907086 606101
544707 892958
259293 101484
89572 20511
722035 157544
620004 352030
35550 915651
507895 9449
19676 916257
23461 789888
176415 489837
527980 464312
259836 442400
665786 454701
588788 330114
642956 111719
613843 852539
515761 857307
733468 319700
747533 294258
59558 203925
992162 567524
293029 700945
157060 35554
364591 507328
640033 770074
419096 201164
325099 942743
84537 327028
475443 186179
219679 223832
880356 53806
238648 769032
971540 96565
148991 788052
227379 447756
789704 837076
513205 151374
180987 799698
634862 93473
76551 429443
220952 745714
745584 27268
334925 555174
373321 681217
580908 143131
300872 87788
669354 241563
556734 192505
751494 297673
346408 933814
768293 750240
159025 775743
726311 47022
935684 848202
916642 138660
816008 8743
586261 112627
831271 694188
475332 89852
813353 254649
543678 906281
223773 238769
136449 567421
796586 70439
952791 493425
158291 772002
708094 236217
564096 377640
847300 582892
451219 113051
544927 813640
636516 37582
269356 988333
211691 944304
229506 98399
206905 201611
65674 270615
52446 964279
557781 771013
876754 678401
936125 991525
815368 750812
136620 480059
306073 270836
384845 638971
825514 586553
912210 480539
974923 368765
580200 84393
372086 508780
314345 778
214450 692805
879896 734812
219201 361741
355686 167438
368993 263775
103546 437869
809544 22603
911 130568
891677 57782
760087 399956
415158 471987
571145 610329
530680 192821
32816 132278
685493 625793
53019 237175
551330 691982
28102 705598
87804 431405
97738 437388
890162 79503
915559 243611
903725 265779
81836 249633
194863 730107
813076 706354
420507 167339
779181 400919
828935 914296
259323 770780
548624 477869
232269 743134
218277 195545
557876 832454
726362 300450
119786 33550
388308 868145
676778 117030
934922 330664
471496 151411
805984 927119
519554 591329
934243 149856
681089 266156
227740 554135
202913 289851
897469 997601
796805 291426
484143 614186
608499 189651
599343 47159
964169 336297
25462 905224
737084 88440
46065 594692
179119 51049
534091 899755
1318 564470
821456 525
603050 718686
76979 173882
149318 565606
881403 968911
814673 300848
720675 848299
136471 73180
898766 194905
544230 490091
207213 107896
27927 189917
499286 928443
881034 936698
748143 739155
55466 626305
357934 108804
887478 409694
359207 350701
949645 901722
811798 404335
985613 323715
241480 415088
220240 129294
562940 255786
464127 143502
252164 810801
343726 236013
455956 585461
836395 801007
856196 941318
394101 559896
199937 695636
825619 953437
317212 356738
724899 912052
330867 444086
602728 495901
649200 181523
827294 487724
492988 412147
964675 757989
17030 603417
884640 857432
255618 146296
571982 987841
541752 481733
803431 791974
72241 442568
38953 256308
326345 610307
685627 749513
739363 173920
833577 441385
610852 751883
228684 100901
220304 307144
814723 649432
133637 886717
384462 334238
693200 916199
153008 800917
163864 10823
968568 199185
497863 879096
570845 914386
737723 557850
475502 349191
408457 635522
644634 338906
519334 478605
967249 66178
743012 730846
867781 37996
119947 582052
298533 881489
165489 530994
134381 686608
314629 19602
43914 714815
870493 32467
898520 151420
745489 158102
952424 44404
317549 917699
919062 337886
299001 66676
354671 69140
52559 59785
931309 169596
979374 51681
110427 571606
733965 919820
412081 266477
309249 482080
65316 178287
838520 3316
295471 964388
216209 300442
82244 192856
559169 274446
206746 122163
639970 78504
354181 473943
941525 763009
665481 71315
565715 770849
552917 910803
192737 808322
323757 83410
290681 181804
672833 345737
127109 762637
967054 564615
104630 455010
654323 625353
362766 523755
421250 824934
387596 286987
676637 839122
943852 418852
55811 26435
965675 379255
630763 554930
950679 21293
508560 429432
198497 913711
56207 911951
534620 593670
357545 112339
912332 766886
683666 21788
833880 739703
855891 147538
381965 873862
209569 939990
160735 369015
767703 984584
515192 383342
781832 935990
256159 438070
692357 912609
70632 840659
111142 720118
725405 275847
118020 56325
376841 673059
972328 141660
845975 955274
988097 2802
218309 269428
765445 262949
670089 163800
81759 665671
799176 774136
373721 478438
142631 67757
617087 966762
322612 51285
451076 911937
527357 615191
215936 536706
588668 800151
125671 393111
590209 197509
684361 316093
65566 662354
359489 515188
575899 820997
523262 838788
893869 632140
140278 832096
459451 40623
893519 351940
860354 754011
712754 956445
9436 613678
41381 856335
525388 230768
23118 210058
780635 500122
200589 155744
253792 323686
71610 840553
688659 57827
931850 690741
763210 674743
577252 231271
906609 43519
485965 286465
86537 9399
382933 877669
943693 268318
774093 636432
737019 121211
511198 316159
467851 135271
513357 856757
141310 322849
87226 388469
36279 110771
962369 918524
677757 13372
479150 530493
578940 806240
723376 980030
38857 676715
319325 452803
346097 304782
113150 401771
840966 110341
326209 59584
703063 241618
362554 492295
776937 240968
667659 828412
865191 270644
872131 767178
319216 465186
796751 743101
557783 53957
18670 200629
599901 241791
952642 333320
735633 891925
229488 190752
100707 50328
147923 337622
775548 542217
73144 605907
805566 69385
715483 663010
600818 164920
892227 649456
18967 36040
415110 671493
240692 48844
558470 67550
55547 503748
493913 269488
457871 453140
345875 769753
525115 728747
567922 777972
266209 507787
313546 1504
441427 526400
813328 194260
298161 602756
78578 671097
337815 522128
607821 636543
981097 518208
285253 178603
693826 101394
650776 17719
300897 378327
196252 601334
495546 212622
719555 319515
106211 436042
612760 535335
96758 589099
245549 97162
917157 718247
301471 100498
665509 111640
960108 165839
811273 220171
154881 975282
626414 890380
97651 766578
5042 302749
648955 586476
191490 339647
263320 601282
700943 439912
589429 208127
321546 153562
776388 287485
919092 161203
465365 603897
11620 871935
858927 313045
423549 542531
599725 536159
317016 722397
632097 210452
999368 617009
387262 547924
890689 485993
367364 435795
380681 374367
951718 123994
743060 858841
413847 485001
967879 349306
675147 722405
234084 522408
5460 80858
504154 122080
478057 239530
378703 157052
863858 771270
319559 499908
411895 329082
805376 536158
222642 475796
813372 662511
144816 247231
612502 944108
736241 635095
154542 977254
146924 698675
558621 392174
391893 258110
683387 666896
155357 543680
973699 755196
592816 631996
100895 71063
568588 548796
786879 753917
727403 773572
267770 497449
687245 107547
262088 23506
958092 956964
475122 457412
779777 761104
820743 84048
753133 232671
12474 858867
709012 35763
183156 240469
707616 469608
278811 533448
777721 41878
24868 48010
874018 267832
337135 178053
978619 40312
389484 729841
152096 596381
509047 785457
846451 362157
32929 909093
117918 489090
999624 643280
854162 666342
46052 456702
593407 565684
129933 667141
1607 193651
401699 804954
345837 185486
200817 822919
59552 759952
58635 540832
577149 790680
215056 396635
846922 513159
35469 423809
742752 300191
723911 288075
646076 286357
49632 464244
656850 313760
332051 742775
812802 646406
2330 48861
441732 586254
524620 228134
458951 315198
475922 506245
773422 903442
890834 665899
783604 986396
14411 654300
571719 839982
967103 38123
106993 446668
472891 693630
892365 582798
920423 493741
999806 657620
186684 797306
822156 67411
284755 557561
876156 620695
679555 432903
798269 454772
580942 802504
8354 993626
415060 115334
87016 832279
362737 703439
314339 236863
487664 958673
719320 687142
273611 236320
312646 603371
798985 865725
508527 506956
537133 419353
115697 636229
742373 705288
287603 790690
519187 811416
668104 961662
690673 705350
988540 200865
167615 716932
880158 164052
181228 63637
647078 176964
796415 241425
337457 766391
98741 2081
809906 673856
419748 403210
195294 430517
507360 882828
31410 365972
96605 331069
845716 496463
900197 218886
988292 847947
531927 318044
993994 647769
916479 255227
835164 727043
877149 116472
761187 386997
889354 562594
102470 441353
579321 892589
254954 679207
871770 490204
134776 445262
362977 318998
158772 207779
739925 894020
642514 91079
260321 664626
55230 453326
646682 423350
71725 630352
813154 560490
229717 773848
523705 150431
111996 217181
523160 299731
88714 448711
753011 727706
269274 386716
249860 630825
460749 500655
867751 124456
228974 422315
771409 221140
798184 753123
99415 803455
711910 16411
439688 439048
659023 174520
962217 369017
444861 686734
683627 14803
816501 495422
384428 262955
630577 333414
545113 788837
879251 4858
764759 698352
485411 909708
828799 822556
939269 564131
77790 762645
723208 130817
653108 161698
36935 993600
929745 521717
585001 441405
558751 578552
486176 721385
439195 33316
643086 288648
33218 843878
359462 772396
380598 266926
163352 996201
277183 151792
270731 470065
579001 572018
994620 828336
243820 937912
871658 383445
522371 343421
144929 541495
149206 531072
62425 995102
515506 673892
792383 854636
972369 121047
779438 952147
512855 290364
211940 950228
609639 219609
240989 940127
124388 213330
604870 156819
166078 463595
661892 132346
539672 132825
290964 303689
792386 105621
122925 173630
522126 467049
312703 992246
472809 911817
62586 10408
634393 257326
831096 253417
106001 159384
465226 525619
657966 587409
764944 828211
700412 241620
696810 998002
183007 686659
878363 110984
512282 60240
433737 485046
168151 41266
447195 547597
355867 537443
90710 149708
696899 7649
798982 389666
147718 749964
414986 171913
841226 327135
20861 511941
455999 687480
701316 238317
493252 414630
944781 217131
577028 276240
482955 953269
481933 43114
814065 518555
14915 53325
626889 466518
480914 129919
375106 369644
793874 212787
864201 616529
364887 749153
495863 172694
677014 657383
378320 394654
245471 557669
428210 788522
57480 369989
977796 765462
567040 451769
405336 173893
313745 841118
199217 667765
126482 205369
247811 196546
106944 292858
996054 839018
333047 579080
701732 998172
433459 594507
3459 623560
380925 486510
895804 978639
287465 152318
599456 60746
896252 912675
227765 175030
789624 220657
449216 188365
684503 274573
188776 428682
596186 984832
687221 29703
59482 431325
335949 757136
1183 547880
163142 60165
489847 618052
434639 897050
300119 108963
425063 621656
909377 615151
461551 995601
433885 890911
906962 587334
784598 69951
246074 696315
378702 99254
360758 826322
328769 313512
174770 714910
88078 423656
314166 795486
670513 786206
12966 356072
835178 600433
157622 293142
399999 475239
700351 44881
790656 368872
729291 326410
23781 80826
543417 789730
985785 408594
47034 773749
345995 138390
748979 170525
350016 447162
177874 186310
220783 986313
557784 248345
158533 859708
228089 527489
276264 336223
525336 229012
350445 24896
714517 983904
183301 262793
779485 594990
789856 198290
242989 396471
119748 926563
861548 607368
433840 147848
459181 887785
45414 814555
881777 763867
814850 482269
569493 631568
313907 185935
956285 407345
834620 654043
879033 634879
168622 574930
753345 80716
671790 69354
197178 399961
661479 154589
276250 484877
732382 575877
357225 848153
893373 10862
703673 92460
82654 815455
697301 297499
50707 402600
950158 686823
132689 327792
341199 758083
316849 453777
671770 271048
386724 142313
189469 914821
188925 962915
300432 667750
16971 960941
467294 867583
104586 437325
896495 262637
86784 713902
749196 159274
579091 772914
275401 435972
954971 437201
281358 749510
944257 883867
908137 743281
273904 579544
643228 661160
779342 333282
672826 818120
738962 719871
106957 581148
483330 31350
738374 937199
299606 864816
10628 352429
597544 439185
197275 340049
28894 179623
739585 677858
229563 355466
181481 212696
211291 980812
455555 326112
434284 781098
952502 257416
67272 905763
44392 731819
548141 321369
833420 24133
805532 805914
598607 638706
617710 494678
929312 864956
613285 470661
868563 90012
297144 406088
790290 577845
471371 441773
52031 541108
619738 690509
68094 474346
250552 515399
771371 539459
246453 269873
289065 364720
261462 429282
241388 788903
694002 824365
221615 429764
209425 729214
607250 284443
833754 957598
306748 555622
219559 776136
916491 809630
476487 198779
419961 742930
303416 7119
622052 403763
560041 509382
516942 60164
826782 721970
842701 469699
79882 251988
740297 363301
917831 837319
581588 246944
904793 169660
309081 94194
958959 941413
815200 127815
471663 859931
99642 325173
9254 681209
257691 684416
738891 343586
299023 601712
67861 918926
476678 619265
725882 730388
567386 654669
385160 574463
92922 928161
678609 808276
494244 953600
310309 162549
285560 905214
274902 818628
662735 350657
41041 241392
792350 253996
231792 581805
691799 682603
665549 659148
651151 678432
572445 772918
236497 917184
118814 972875
223308 659956
238979 785431
685226 216662
512323 463480
382342 932102
336194 534233
840232 912100
693066 275677
960186 567246
312755 806233
874260 690545
425055 936695
941744 388562
341464 517412
792694 505058
129117 166392
747676 301240
373864 738519
749212 270546
703076 411209
294932 785464
482133 115678
86774 203221
47029 396728
996281 384072
855820 853510
616941 697515
358607 163499
896149 892904
161456 853316
579745 450609
43847 13731
888753 772384
293429 222708
559663 402644
758912 177846
221451 733332
705567 738583
201846 420568
991560 932319
268239 234050
743102 753449
420557 760914
581041 125330
938585 20687
994719 418468
782620 900677
275497 812694
68759 290259
479954 392342
62479 237723
162540 325530
304708 690654
226579 201038
286867 768109
441723 274630
895947 203945
968133 810486
529321 289439
241652 294828
533093 61467
955458 19922
664822 951452
551699 880978
496407 824568
574202 217266
476290 619665
169921 817119
157448 544845
883164 761357
742405 766753
395998 217065
225378 326833
367065 717861
105000 988506
568411 963591
476049 197781
651725 737918
236099 910526
559416 28339
401163 920416
229422 350600
265067 788085
610128 348764
61923 857635
685532 377581
71286 831790
858342 869668
766186 607520
733358 605010
576659 756838
402791 768875
420362 93372
53093 21605
555034 374194
864068 411446
335185 681596
342362 818721
377288 982550
797308 797854
767008 32908
496656 226298
405485 963078
986962 471979
656199 988908
744219 641707
480041 364362
367374 117381
454309 944317
19901 827545
65465 851911
828545 664020
959976 978499
398970 163031
874411 843353
276509 585922
290150 737063
470010 114625
422703 956936
884100 143592
133397 574369
479388 361914
379080 92154
880748 112723
329622 120103
447523 968035
489467 37445
166295 675909
25410 253991
459684 239203
817962 408943
609855 430405
994038 690640
217953 628030
524976 567352
540069 894026
868987 884101
511621 333981
84541 894014
900495 400170
315385 683326
373170 891397
610577 701258
908549 948328
930148 230999
609406 90485
246389 728950
562203 217695
464658 937691
692076 406456
41756 512488
371394 653298
989893 215228
48628 598065
420755 847658
525099 453818
445651 423989
616946 292107
890908 38703
640264 745756
229872 640783
493789 253266
259300 895043
989869 96261
386650 689769
445325 760255
84983 393975
305448 845885
877756 624832
117929 120906
980719 305565
606716 507149
996623 222440
191960 540149
716091 307179
124740 876442
873874 110371
553484 618686
613834 686652
433736 977196
386601 86376
249161 901918
546800 193358
285374 429254
981031 326228
444863 847956
212673 586006
719336 470786
960099 823044
475555 224796
568621 435083
380548 917379
987374 575061
137886 682464
962139 132057
342108 561003
3965 198728
652510 48730
273711 118084
157569 407221
883934 100845
93542 767935
133513 953314
447412 41501
783280 12017
685183 460111
334759 249537
160667 5139
450694 229020
78313 868762
102990 690335
447713 300470
656478 552094
347689 416748
691598 912069
384998 445991
257134 604188
911423 243556
453527 651536
207565 782117
887306 141112
619976 337302
437776 588585
291405 637719
598779 766987
343305 964913
14100 995190
274522 943075
654520 97248
872058 49619
510139 561251
911711 622284
87820 640806
731260 692559
788106 955104
653025 659347
552560 678485
710846 596824
315619 50900
574544 843230
928021 977198
403639 108651
802355 258823
739933 58995
946432 434697
778074 108784
814418 389781
751748 886517
767926 858808
106387 110529
15605 290580
745633 718422
593480 333836
497990 831329
24664 468154
969568 995591
817109 813897
511507 553057
863792 649064
216425 410435
53636 978482
831193 794993
130980 247304
594376 627343
3201 509450
127068 259584
518042 10000
887508 234949
75897 974711
310246 445580
850881 75969
892951 774069
800633 317753
209040 625094
697559 291962
341808 482342
52246 767407
416111 976796
229295 955329
353619 760125
358061 621830
307299 533459
825396 158445
256502 380568
161733 900094
59638 448966
543856 355514
596420 881815
802435 745594
668087 270478
355055 131452
985756 357723
31024 942880
477720 951197
103881 921108
190294 944415
196464 675789
779368 12901
532341 588440
998474 31587
872816 608501
690807 492884
204199 255220
422171 178223
14219 461718
56575 685781
765084 474652
191209 926924
862698 814051
188471 908510
709897 726522
595609 561378
372601 408382
799370 784947
91516 539350
231548 367022
766653 335382
750600 308836
419356 802806
862143 23090
364441 150089
644766 708188
496719 125992
698761 101212
253013 987129
446059 628059
100935 958675
574391 164871
192910 450857
507758 756293
573560 944181
202644 696857
817353 448181
676244 112700
953163 628683
848666 637068
790382 979318
635964 5339
880842 545618
811427 868748
302768 644542
887994 635831
513753 464648
79867 69442
929418 873230
144360 916736
767760 899681
97495 857800
39782 817369
776345 70536
773960 723050
538704 204520
737634 518447
458066 649751
317578 748363
980717 554698
375716 445246
59039 333548
58994 817387
684885 598599
61356 582666
523030 126475
436723 943243
309090 944374
122982 19197
199035 108803
683795 523275
549127 854595
53515 759970
414289 267079
408595 754934
170380 49095
754924 989117
988519 755590
76288 751979
256034 423942
995284 894224
987643 85529
223627 237463
382243 443124
981177 256818
491393 636937
682802 954451
861681 645263
884920 846765
804420 245353
734434 297763
267188 144363
701761 565822
204593 552028
720003 350815
152711 60187
393932 240087
53471 390989
589822 286812
921037 474788
955724 443189
696088 886813
37103 861347
669515 18445
521675 655517
739547 193174
289026 597057
861469 150896
404556 928819
260919 900390
374747 994674
194890 674963
797708 587125
315489 577709
983375 344256
179994 376044
543466 188701
852618 303118
332158 903290
143134 782096
854704 37432
737937 547804
816431 246250
266049 807443
335677 767733
649379 754408
497607 106542
456355 765191
516611 815281
377045 49317
904044 56203
636099 675969
65880 659703
194717 587440
274997 854376
23594 909401
131571 537964
420425 415731
900787 178220
57665 506201
64732 826688
678040 333091
302210 659395
139985 349116
744947 239873
778393 762853
70497 82940
58659 682677
987692 746040
293400 836613
44419 918694
65815 706207
901646 415987
871524 869637
831905 398210
296814 46469
235616 486746
511758 44289
113170 534199
641829 424844
190531 451488
746583 174120
842812 323633
129448 971303
970350 705630
664447 828529
325198 700175
333935 947467
233896 124089
9418 227659
790913 31688
848561 910657
160442 609053
748109 166116
737862 818059
198948 271452
153561 501234
977816 582444
900910 292552
925999 816438
14793 701737
985889 317141
349765 989881
498795 498236
62356 275603
72574 715528
336063 354622
712990 403415
72476 965894
724876 759084
174545 878911
161557 587062
183093 402927
180248 187589
835248 279449
853611 294626
970455 463700
519693 314805
229851 537169
404458 207483
184426 203727
798964 381859
35302 210378
244107 946734
729153 784161
86279 844639
209101 499978
323341 512926
182107 859240
589338 96266
633792 904627
139510 394462
487490 51232
207601 2346
671061 649113
610905 565351
354003 990202
588764 829180
547124 713235
98416 786581
741477 928055
510707 824476
525514 123659
701430 336910
341399 543947
572810 268804
344539 184702
584314 174532
247787 663841
899154 395566
160355 437282
937852 271544
522300 274720
411837 71054
293917 815141
245434 534278
139962 687564
806549 438502
344143 796328
424231 532817
147980 984766
320820 386196
42424 834031
423806 258561
13989 424990
543903 516226
290226 887949
164662 219117
37742 882911
247547 702881
208274 279269
781453 278080
431863 908067
118738 687400
452987 480549
745718 214813
553095 478552
896095 31695
846420 235422
61457 921966
188132 73467
30100 872009
305188 61155
281172 95336
694013 27368
781256 670612
209122 557528
838528 916152
186485 843021
124290 545350
475258 229871
325841 597573
503877 599662
683210 705047
146435 269497
348465 640385
158118 189875
602007 606009
836792 893726
164770 868637
884845 393725
513256 760171
657064 548862
639773 446521
264614 315816
46314 760278
959570 198750
441249 90267
826430 508179
770058 93114
864413 176868
387895 283965
268406 681806
715244 610495
480849 480553
69241 225976
162332 529908
363676 387268
259815 126265
735702 295415
817852 42234
736891 882394
659470 68436
481434 307130
616174 348054
761090 709750
556424 905643
878182 577767
138083 582420
643507 149335
123442 346722
364686 448659
809743 131274
546716 424669
400054 844667
248497 790983
783592 202851
846059 272535
304056 333600
473067 343443
377758 731708
832919 213595
275546 284714
998617 681545
753623 668985
162596 302473
649924 734134
724288 410728
57645 209978
484277 61984
508168 531637
319307 675390
288363 403653
460923 923062
176147 85518
178870 699320
880300 944089
679858 838932
453406 68709
640881 433989
271710 169194
865140 52284
61660 475253
323843 808020
244616 175696
634336 941478
994754 163760
818484 718787
625567 657725
954334 633781
837165 85847
252754 719802
716229 163330
48686 218134
159721 922603
647014 292479
75692 191582
732666 556505
455283 136195
689163 202866
240287 134411
676578 139458
75882 463158
246053 519674
248546 174378
344152 385845
629230 504254
631420 906802
877394 842762
293069 96883
86688 937820
287596 128688
359492 871302
77615 910871
217435 287036
237073 656190
240591 383945
511394 149339
182490 479038
519698 893196
983764 583759
640021 438494
771944 319154
636655 409180
180233 974833
488481 519011
993277 939043
486843 691689
9991 877127
575918 856284
428410 368892
103857 846749
997289 448148
88338 919540
655702 297515
470969 412825
155797 129380
102554 556415
38162 496787
223093 216775
221043 424168
524093 948401
435602 957987
607281 371845
648052 63231
406407 854188
208817 486850
771198 492320
851894 551568
874688 661950
415452 971861
840397 646662
712651 343531
319740 795041
164405 360744
51375 548859
864025 159898
972058 685139
518011 422632
340100 308422
579664 995022
532513 142840
846368 906862
791105 456669
388751 228010
406328 636484
379418 335847
771731 273682
975878 221238
651088 482254
426816 184412
690602 680322
785854 765691
395038 574465
118601 936494
194587 474116
337280 398091
159306 668831
246751 272900
301384 539904
819219 672953
460879 793741
655323 418804
843134 821591
176432 597139
339340 181093
605877 73236
903666 414701
346784 419258
152919 420872
277276 668624
514370 787749
425934 739727
527406 46902
326414 529715
36117 341156
700579 145660
673731 428470
445119 270900
287052 35901
750149 751565
984148 674023
321284 922631
526397 676535
519567 633579
653185 657786
106437 466651
616214 312059
760395 258548
756338 64212
119423 463267
451456 160526
721406 38511
460120 613099
423101 152463
678010 353818
269593 523386
81012 425206
455331 717829
532848 948264
133342 302637
135347 288445
