363520 659476
498362 807563
578495 509685
566576 751495
328955 510733
847089 101007
167930 602961
651902 14633
769241 606096
97566 169320
844181 490721
211407 846214
827881 391918
227317 911882
553195 326971
857634 132919
176078 202621
104720 104814
174678 526165
271595 773916
21894 66037
797816 933033
868925 87070
947124 331360
646480 878016
112437 188072
231723 940057
580420 376970
850761 410304
43990 583443
92560 11391
875190 371567
573685 769103
497723 512634
145029 162887
782868 269448
472708 743113
123020 28079
43120 93414
48328 977479
983040 459942
224781 926939
169315 742764
652902 569902
473419 962216
815038 792689
684428 33346
473585 212511
861457 189358
553558 533878
793427 293332
424930 778234
764851 839701
233246 109300
809725 556558
138900 504475
699880 631903
150467 881815
781601 196614
893307 50060
280897 345197
608462 617514
853141 439017
791853 91403
500660 70222
666812 647639
522899 141671
958159 500008
133634 163039
257813 223949
831159 585180
569354 324126
57302 108322
359109 353180
686600 649291
721020 690560
31384 152803
112634 575355
547496 91272
534276 602507
643450 343625
197750 190701
511645 213735
805132 136225
893999 679056
765154 552592
723544 405037
923595 796993
134953 575109
615474 481336
618107 776991
573376 61447
729069 926194
130914 187157
73823 132760
680975 477735
716848 580442
827432 516566
845683 96521
62113 974207
77147 468536
840899 139370
776115 531963
684902 295280
206745 557648
475532 42113
288197 791965
729318 360470
616231 21077
47416 241883
524063 377791
475897 870917
299348 800746
956374 190789
545508 517780
6989 89018
498692 368736
458809 124474
771550 228262
214286 101901
143778 631130
384365 13817
32578 467141
925978 534521
86364 436903
118501 508057
545746 934615
91560 786777
519392 241753
114527 327525
425004 592729
785361 495792
655510 701174
923834 158856
806043 327914
958956 687600
811202 39637
836828 836517
606883 186711
885299 937935
313645 351757
207229 246597
469269 198076
311509 403914
394404 413871
652505 104606
51114 123940
535225 505774
200808 12667
104131 112753
620988 179671
414282 451140
734332 697813
621630 298416
111088 14005
409697 226271
927385 519810
82166 489137
232301 897123
341020 151306
536811 243996
358438 495496
778972 909599
408330 941135
379805 599625
625113 341078
788617 506421
110694 417081
354379 853776
109555 470808
749829 623586
791489 400316
970412 232822
133440 576971
61152 92865
78482 899527
326554 260993
144472 805138
405413 177572
467440 833388
846522 537606
217927 524737
126739 720411
282394 664615
873724 631213
603942 227902
697056 759259
376191 994028
696033 335689
87562 691451
866872 264727
982870 714298
918949 311560
916378 9460
70027 406518
517790 736130
968152 857697
643750 26702
672079 473506
730384 292175
333169 443133
81190 650697
315464 595788
920650 552231
320990 145706
421133 622289
663422 916626
514186 837098
413884 886383
85961 215842
314479 69518
235319 81585
48203 150636
144382 706370
801878 228257
157734 796971
84611 206679
120705 245466
203704 433897
692641 299051
93741 896677
943959 269467
845626 981230
418965 428337
137180 922016
967383 924716
637235 736726
471527 444885
3505 413341
638245 856472
77899 547089
419159 518593
317161 65447
406368 886180
77432 180901
841099 275588
96029 435798
164886 235464
461369 217363
931653 869443
370467 908002
201723 724112
612937 615312
105091 119580
451574 444208
683449 683715
49446 376767
387978 473540
619332 911538
172580 118067
676027 155105
567595 778231
663696 411965
343305 755357
956611 873899
583807 962856
175193 22416
295116 878451
814576 725944
652367 127165
774281 140779
193941 77928
900980 185869
768268 312529
908167 916882
645553 981567
54466 905277
208506 574823
296364 404133
556756 488262
522208 893312
776265 132258
745730 717352
67100 322194
354654 93736
346038 736889
775637 619319
441022 34581
956688 638076
95652 442789
530777 879652
875797 513595
313910 959413
879201 911517
55707 838896
722900 870409
914182 894775
475981 986592
270393 997461
441847 345403
39337 280815
794461 23130
335889 495593
284436 896697
423577 925215
407013 929220
892968 419317
30148 551768
348531 501837
13940 652461
23467 448403
979096 820749
530269 472079
259045 634807
440549 315944
614835 716693
967798 868797
213989 358354
872759 377655
753351 735587
811981 183440
100204 281671
955898 721212
573807 213075
678485 498184
284878 94517
504395 386849
626254 961487
762104 438502
603483 246356
878118 771555
696493 620254
177900 243817
139978 175712
398350 678839
460006 591946
190008 12118
25856 482350
386912 799784
80552 701954
51296 466164
737843 491616
244932 82541
621014 855565
237763 965862
683127 676513
127006 516011
527609 716797
497730 485996
791377 399431
33899 130259
497920 866727
242875 326110
850360 930305
553312 83586
941409 99120
132329 116889
352338 719721
654175 232268
242672 544807
578719 98839
358708 587521
54538 419902
670929 107319
953452 306830
900316 936153
984481 502049
648071 427253
104780 323444
373851 616455
163169 739249
381871 62154
61975 945316
184146 770754
621432 274420
849468 602384
673845 52224
450232 690648
442820 181369
579813 437227
221828 159805
222896 496445
777056 171294
942146 438651
612174 364661
318668 36612
538217 367587
667593 279546
544976 725438
126870 526504
724810 471256
896652 403025
667178 948762
144681 679590
78659 302659
821586 519471
136904 195126
311859 30865
702576 469731
163080 591285
459451 33471
339387 808355
553445 507257
212611 400585
822305 757141
290612 697175
437156 828442
22573 169746
511671 218083
662058 470310
743702 529462
529238 87549
687107 129423
197813 984909
428380 905203
385940 325235
475863 617375
70674 432747
140787 832597
657430 692743
784069 4239
433577 144074
239460 74276
681009 731028
68693 725147
244546 319137
623493 926532
362329 650333
824711 891903
802082 887805
691958 427702
253948 518249
370629 353076
214205 201515
23570 300696
859965 863674
57800 688777
84580 387074
942173 868656
208277 326379
776497 75731
839716 668997
390770 774523
179114 89245
416253 968053
670388 388698
878132 651228
692576 163484
646166 674464
805701 963187
11919 27166
627124 758642
670431 446283
993451 785735
944904 173012
378422 60297
687946 862477
130789 12924
607632 465531
198019 333516
792923 818830
487817 870782
768763 509304
217327 345272
680879 519929
269096 446629
362596 482693
431685 62996
982284 742869
133160 884784
951746 541651
427195 219787
647209 257783
478999 559795
139821 788390
578540 931555
183380 541173
577068 415712
499186 780809
207163 824672
91144 866293
525145 634948
530475 742035
481246 406030
810212 880570
990115 27309
738683 698838
508372 551064
509293 348223
885516 795336
864934 946597
900505 333052
48768 292389
124756 92901
18245 292653
520535 240889
456159 212473
187939 188857
342498 472876
233322 10819
811240 396247
501663 311424
199158 637503
772409 767642
349924 188554
158892 927604
941860 483502
736068 800484
308287 967084
362925 446968
257655 544454
310917 664225
565609 974498
720263 622846
63343 986046
138114 65951
111218 184995
68341 64215
553855 64312
197962 536043
256431 327699
485484 740017
368476 301321
671284 397672
571307 109117
637779 840263
624392 393567
273808 926109
303303 180685
857608 503419
213139 22695
393417 780738
413016 273973
714154 692727
335016 949739
844622 994665
512053 609971
548373 906114
390766 912882
781178 81175
292073 923105
672541 46013
227370 887389
968545 656919
703897 100169
617255 40546
259945 99160
689648 568128
976598 25922
356012 419013
366720 550877
927268 501360
119288 536508
20831 488050
786859 478657
455135 462761
297236 310398
119058 635652
266732 158469
452168 618755
560300 451354
692805 4171
718452 395974
152043 783431
799092 654033
121570 756033
579902 716143
380742 741084
394615 869511
474319 314787
75149 228276
205911 54201
593266 422057
706043 503082
934643 694326
754553 411187
130300 550834
820571 471289
974729 386313
9486 60359
158490 776403
377048 900760
925192 197766
922844 350581
83428 525209
395499 93731
808637 684382
224672 993675
416778 220176
895605 738976
167050 922178
147017 471414
157698 948895
391304 809472
392468 457161
653754 358418
702925 921404
768624 102781
917658 428895
2481 18906
616596 88392
480828 603505
4044 394454
55627 75844
30520 938869
102853 331248
268858 558409
815866 246191
648016 39086
440420 256933
199921 913421
49205 527472
435872 459504
987198 363798
206376 597833
608941 312025
394381 609066
115424 529244
381955 131816
732903 659699
938188 712137
858287 292185
612445 580144
858733 506504
305592 490825
649818 959737
802444 397824
948827 804965
14643 400015
52697 932698
659506 869752
448895 510822
130508 355709
439685 38397
711999 424765
141517 142600
910437 205972
905045 590175
461266 818604
672288 93512
936419 808489
611597 570887
623329 489332
579185 166246
315847 483788
974062 310466
761811 3918
444912 10088
271697 177241
285301 431796
95947 372728
8442 713389
64688 357991
13950 971877
110744 288875
306483 258259
595983 785416
192039 954088
171166 623560
568420 637054
580111 226311
480055 658474
373835 906572
792734 945579
109998 988435
504216 609821
669245 247362
306422 689492
431623 49967
328501 505518
237 11458
592319 215990
499071 129345
437936 452490
129516 648119
104890 753866
843680 518920
261097 617753
880097 974297
508031 904660
755902 514268
91993 361842
789572 16013
898498 748849
786679 620933
487351 985424
917209 309876
765886 592886
857625 249579
965981 326459
672900 989646
303562 814315
836954 304523
57914 260280
814159 24930
243728 778878
638319 716958
815118 38931
79033 178687
494049 788455
417708 722239
621427 28757
117557 452887
978361 646080
773258 943648
237039 985816
616199 715158
385559 430635
95124 972906
990685 351109
151277 701619
37174 721653
250480 94433
664082 813372
754082 186256
727878 719125
142129 193820
904731 463191
627996 975924
234759 315268
14142 970379
612126 462813
389598 569880
459588 285504
838766 230818
600927 12463
601015 703539
322542 275227
817812 19334
140339 778592
815589 319034
350704 227477
647360 559437
128521 498078
852565 908141
953556 443378
546910 567925
623138 236654
53381 859960
167096 654132
205971 229272
153449 958236
112877 294980
963944 612377
889992 665024
158724 146252
488288 519900
116450 479491
645591 379195
337153 980026
128059 540369
500907 306063
167679 198591
334723 368156
869056 763823
945945 512933
959001 700869
409044 708447
704804 792856
214286 730935
951273 869982
474115 493572
481450 416855
585844 502282
977396 340529
989747 923899
949772 695112
224205 125454
381903 718658
617578 393860
337989 983613
356442 60589
869672 302070
836171 372543
993790 20466
904531 408940
863353 724974
139939 176207
580326 138895
608517 297030
288343 612023
724100 897860
232826 525675
688476 813794
452053 143124
760375 513213
217536 88614
338665 218487
845653 814916
81529 584319
555693 846219
679637 985529
273855 946426
475946 631035
81707 65272
471828 391515
327789 751893
489939 714116
989249 68466
266165 52008
830518 513827
493984 577536
338659 981290
198823 969660
861374 91517
622550 494923
952975 15403
678118 21851
314559 52820
60790 247390
715090 736874
113336 505724
326726 202086
939571 78597
126768 199252
231527 517261
223225 303719
577681 934985
156826 358520
660311 823446
605631 694012
83989 219658
326123 417048
140673 391859
58783 234686
503753 925043
473969 974088
975314 834796
567237 415683
441318 92033
64482 854148
224774 144544
762762 92520
713242 514799
293622 27478
756323 15630
4241 448078
198930 329453
33075 710818
673514 964296
14103 612092
109711 507502
970315 678
944265 710071
369377 9736
355833 340911
90049 540851
94114 238349
599762 992028
110748 167571
720158 326356
173709 222976
564853 739573
16019 552733
39273 170670
497529 957454
274746 429764
79971 743811
663259 665361
457533 267445
740974 874623
684241 925831
110080 8098
298551 504766
102526 459704
659971 755647
932576 73789
437862 599222
625226 575342
682566 133277
410790 844211
467883 716001
832669 896236
277882 996179
1931 16358
775790 562375
374711 515504
90258 647364
199845 907769
385159 293984
531961 728830
700924 268040
445677 734949
889319 454325
87201 646164
594745 769349
376192 896019
440230 236581
896144 111963
222736 934249
739984 466992
528020 758236
744121 82310
845905 649428
211647 268337
950945 228863
991886 833350
690579 711888
375124 335878
2671 912528
735593 805176
5585 697126
725586 161405
468432 368243
203759 718261
769070 147662
551250 413252
223409 497743
92534 609033
557416 388673
371414 209077
243017 149121
289522 503879
205252 995183
215256 326306
75178 147979
83131 545431
348773 225820
56069 175020
349661 615215
353392 321849
924524 812291
94764 83913
427139 11727
796419 687692
278190 154753
932562 142253
52477 31993
941213 560169
679028 55603
40626 211145
398306 369845
412255 59369
895518 100931
136720 932908
578088 251096
549931 741766
576253 44368
512216 55990
84787 846746
344280 494985
611596 597152
186015 103167
945819 582586
279406 814371
548714 496892
861997 96945
861177 900442
451022 747372
860073 276377
329137 728426
677966 669935
55067 805520
459385 637713
882470 490608
146422 349154
466995 22981
50320 155907
67052 597320
170827 943422
276176 495217
346862 112178
837301 162134
401718 905720
771384 217335
679099 278003
313534 469268
419837 135826
643949 338931
867787 867275
49282 108293
526189 372324
925475 37213
523361 972090
587547 789998
220737 973120
48442 861553
423303 665777
25398 787446
563652 872544
94415 798626
866692 761321
478836 392160
324578 328607
33945 759205
30449 79138
544943 163496
186908 2134
588418 917025
773509 294256
744504 691592
901918 900751
932908 676436
920551 285335
211216 850913
347722 730724
272212 222384
453641 333369
111901 395244
479419 578781
675222 424150
338474 903575
93012 167900
812357 465646
61943 383235
234579 894388
60422 292508
486802 980958
849241 587954
453907 696260
186799 609456
121212 982767
493281 113515
847083 113488
261758 915840
511778 227854
872905 458074
665942 728550
669433 261016
208576 785625
776570 72046
11392 863116
174250 237009
350727 755510
564604 436357
464884 812540
815223 266165
161155 882949
809864 516371
304180 42019
794801 804435
696432 878774
613733 953866
968302 272607
786973 89564
996580 538399
636085 681618
862949 746476
619319 78817
60072 712300
837413 952460
881783 10165
78013 766280
921869 965800
846167 797397
909362 452993
143603 852427
173740 131121
381574 171055
52171 78629
163076 271726
474442 664347
831731 914580
744107 435680
425423 819912
536484 504006
831985 616282
246178 9769
416911 138327
629678 665739
84397 366324
274080 366987
786731 651707
814526 68464
519305 569667
9183 24123
896626 376656
581622 845363
750512 467094
592487 940597
242440 899982
796058 552996
761654 931948
600863 116822
127411 902602
651241 677436
170068 995619
803044 720101
227925 310884
706070 954933
454252 265545
607824 101884
149729 957387
974367 214186
679778 553701
161588 787993
857919 746882
930981 151278
592425 513961
401246 67486
251022 411072
847269 411683
243608 254729
729231 163384
561696 210519
667420 494137
550365 263698
55815 472776
928258 234866
984426 846233
806387 389204
23362 835019
216389 708423
82127 588160
607880 914688
59881 253406
969181 252927
405741 724660
418044 296164
755889 299493
171852 176961
256959 429817
466306 96183
596071 978449
626407 589804
207859 787525
708499 931895
74180 400790
538475 71057
153150 413902
491127 847801
455032 297025
723903 743510
366374 893777
416213 368137
24994 996496
308216 893925
595593 244014
847632 870413
170215 776650
195659 184867
430693 808533
220546 798217
242322 103855
124725 580598
481857 88850
304948 104157
25538 673749
152363 475418
981333 814121
426004 398078
156355 760096
551907 122502
932506 90574
440850 248766
157521 521021
954452 177112
959855 508169
10383 504046
121757 95605
908224 372122
76130 914576
989524 182801
131908 744587
231258 209828
238037 435362
987411 493081
220542 331396
632693 617516
37529 219921
475665 244767
405443 445523
842591 426705
31181 873089
490964 47582
910799 162054
699001 218394
60315 528741
537233 236561
355664 300007
193342 658820
412016 956060
603920 588433
780301 513956
416169 740435
353765 914981
496710 420451
759656 277177
927964 542650
486143 87287
604532 673550
923350 767132
971698 504044
510186 73491
17937 754656
180277 9592
864165 873062
268541 833366
847809 164335
762482 130257
908493 430302
194451 977992
290774 632598
253870 310273
999931 533669
184856 103563
779599 72792
479697 600594
208771 765342
121429 824343
350190 625967
147056 276081
531278 290592
3822 167686
861188 367899
181392 495825
400944 299476
858455 784053
670089 209132
370412 705316
184382 541672
903679 828246
76835 169857
152528 60
379831 669602
395969 382020
440654 447067
334406 79298
880071 147337
271624 571379
132397 10927
128334 460404
887234 864209
878411 323795
300891 692511
144442 685702
368360 820103
84215 12135
336025 57228
740350 61136
655792 915396
810924 103342
400803 259443
522758 719772
856390 330195
723885 868479
318373 689686
165703 434884
596670 578797
206657 254606
202475 329748
956554 418214
287826 705430
728514 227069
878535 410144
455998 403959
775100 127721
755027 591164
868523 137902
663739 867619
837663 967214
160202 30561
741181 891778
561113 504390
642557 186801
73951 164722
906846 372936
102478 862907
57165 380082
872382 863767
59108 726420
875996 139688
923394 31201
311761 625206
211706 143503
510829 440691
456151 954352
917832 1273
286596 968176
144265 890474
424448 101776
192049 704035
785940 95400
849203 353559
525982 553310
6317 585077
804429 665609
282373 732170
271836 325145
654188 505297
560498 82428
175434 349374
989938 167385
766646 585534
976723 634744
1307 503897
651366 564544
445613 874165
798959 763859
961182 960681
539480 596128
209302 75375
280605 871399
447433 389615
338280 501106
726847 150417
383417 328322
235794 17129
207195 103688
560364 50823
92156 111887
650555 365292
426536 518107
50861 483786
12505 775425
982037 810963
497848 881017
414665 431899
21610 213252
230845 209017
319377 603648
425376 297043
14847 473148
664902 915257
125637 319270
57899 945781
825638 132332
345145 767409
489945 11211
563080 923032
249456 19246
878293 26189
451875 79317
809148 169772
133309 201846
521615 46682
483861 266370
582600 748102
945726 416306
96972 407579
965919 317155
227133 260688
52941 237062
486071 202596
624506 79011
17375 24651
188361 996222
974835 278473
300194 209829
933313 437567
219435 433903
433470 611961
788612 95875
446120 964805
8175 658165
355166 207834
786876 155045
433622 391423
28194 921518
339681 830278
379040 583782
149941 593718
174977 853434
129539 90125
188205 107231
750389 305475
605640 306080
281258 640358
659980 830987
161701 977689
678998 962
947993 711980
493482 550987
573283 736017
844310 600471
447432 557148
266235 616796
962171 733546
645637 32646
55578 550462
567383 249735
851103 672107
257615 916425
273853 3996
615126 56097
639157 828224
917668 761860
880856 15632
811177 94701
472388 354949
48415 63715
52013 576940
485935 125496
324127 775038
406915 629782
482961 587168
500355 415825
539172 591317
857427 923123
439109 982299
384553 916140
750793 825658
533259 846335
747639 520495
84446 217674
978742 734543
110696 660724
964254 677657
192245 304606
387655 999934
283199 4281
321372 623198
682874 627704
956174 651402
558943 780597
844957 692075
341338 63953
939041 930958
89750 400336
97585 51253
225961 518132
248909 769778
719206 142462
565830 774715
270373 173841
935753 672479
220996 132055
255165 994849
399273 30026
619173 945782
924484 879588
735997 139335
750071 137588
381905 585601
501531 245718
661617 951499
385909 660990
577498 789051
290408 12494
198903 693643
500586 30161
483515 135162
770142 847905
738643 484836
946692 230841
51413 30157
754773 576940
604688 68827
111228 19802
731649 518595
965181 188136
999101 242792
835829 755164
874796 228745
149266 5176
793515 378395
845739 537558
21225 278941
541454 165461
275098 214240
203188 286313
110985 584219
787073 860505
423336 445676
954480 987331
895839 473001
736801 569328
423838 132392
321490 633453
446398 357344
190499 199153
917784 212517
507308 475530
567322 560615
277093 38016
657126 511964
156441 547582
544031 518880
424893 298837
308414 608988
199827 680792
810046 10139
52374 623483
569126 90780
34530 66043
485288 592527
738621 950715
363009 717244
791544 960102
935046 636209
858402 363873
390917 926659
848500 369499
654540 669172
460692 42619
144061 240706
601337 527873
768663 424836
321173 281271
825202 453464
95474 728683
320491 803059
720715 350340
879625 852073
902306 604522
919402 970049
83638 269986
912986 276813
436531 445328
195376 365674
597785 262345
288213 579589
787699 514920
759930 766594
180045 532295
351079 755079
739415 954365
580006 194430
572075 464469
471261 789782
211837 460657
327796 500523
161472 969178
467819 365657
383254 882368
58296 40657
125161 267725
324848 629264
52396 392683
159078 852314
904970 564110
183076 522031
549644 33382
297802 558205
63279 154964
939377 928834
883555 953521
989937 642850
856089 283052
265430 423004
739766 338265
260964 973124
515045 37107
833865 124255
329869 930054
188043 487512
11376 416358
572565 336675
973866 172384
34087 631303
5062 454301
377638 568472
898204 91181
821355 948043
29434 189979
61766 990788
937409 262093
459484 551650
994481 128924
85755 291155
175283 822888
26572 700828
626717 365385
137995 187596
544827 208260
541558 533014
603513 109008
961129 391531
922857 882590
208496 315501
508554 394560
781499 583617
228141 700228
113695 116203
718244 667040
335828 102295
744331 137620
636860 903219
398850 573943
733957 467945
807660 660337
640749 732381
916701 418390
975791 785252
649281 656409
650663 826794
305081 786182
194520 792154
559553 164298
171282 43298
757186 154772
379214 748514
192859 660739
531216 285470
817019 820234
951308 72913
289574 553289
216700 572436
13850 329156
929594 385382
920160 759592
352330 183590
730340 92320
737056 88859
489918 389870
710731 554018
689946 927022
697599 184469
742150 293910
65916 745846
684828 406634
338940 32996
692414 979343
640735 822349
618756 91222
609596 69364
836219 495503
983130 695623
275616 122688
724031 946642
305694 503206
566278 203228
413 633501
385123 127999
521551 915144
188589 99521
85118 700557
137608 956928
39699 655191
455753 702564
221103 38776
879342 447520
212387 885895
965595 456844
887993 551550
256035 871243
542750 90600
812838 6127
372884 208661
104989 767439
98953 192488
25794 209429
532321 753841
112067 181588
315259 22502
207745 72529
447717 333244
921137 264691
85888 413891
786767 531274
731017 495678
513250 382679
844124 974200
820959 304510
337473 918817
959566 934940
46034 587922
498098 34069
704919 587719
774245 431521
944471 104198
207599 41794
82986 414077
287796 864205
395492 679433
510694 166771
248245 775566
609930 961650
672660 975084
960684 661075
448203 570692
840304 774304
255156 367636
402141 895649
142970 386524
523869 642448
605468 825254
736439 470999
40132 274694
740764 915295
496712 393352
619192 834357
629086 813348
840685 595878
894796 828792
73117 125365
300294 909083
341609 477012
442664 207889
691234 947513
84766 819595
878437 933467
991968 885288
363844 578708
694264 966597
368094 965186
961496 757926
589540 81090
58813 458521
483833 408794
734186 908053
213138 532381
984173 12716
435697 96241
188096 920736
839608 746515
460620 323057
905015 81555
872767 659150
520365 508560
788920 464072
416601 589380
876368 779304
565406 669072
77566 631204
885256 569077
980095 383114
665988 12633
125084 394676
774486 165442
623301 204137
365766 781866
685358 337940
343207 742655
803701 238597
171440 613430
913471 566181
333151 962947
656729 848130
813547 361170
768507 911285
700734 166673
390332 17142
323338 633123
36083 135870
255374 980188
787252 170293
58494 291528
479226 189023
577559 385881
927460 178000
373561 320208
222509 576312
693451 528223
650374 320717
451135 730681
409624 755162
815112 64560
303639 837885
836585 264003
659996 273960
418536 87792
583955 705650
683621 170926
9030 807178
342359 858490
864937 506029
98345 911228
437710 355556
625578 683824
214943 606998
158274 224470
449629 661903
494782 93417
802459 658310
581090 320136
355318 256136
618579 884209
226556 285770
564859 782048
443836 162865
838700 150426
629123 442440
749003 787788
526717 403688
936475 12979
501658 805853
418594 479799
763016 870913
231122 831648
506917 105163
827664 544843
73074 725032
186805 576388
123470 813702
697044 506586
465576 950700
227314 692755
727823 888141
281721 469453
477246 886721
716891 596862
485657 256738
853031 285986
937589 683988
741823 624490
659364 289426
608898 214337
289322 32378
965113 396124
994024 424535
321939 286268
332075 287913
378067 542906
307391 584523
636155 820182
163214 322544
104976 547774
367646 826883
71749 879025
272998 799149
271790 391248
838814 850583
933768 764039
628826 330423
592129 710012
104584 478320
122064 38080
464560 334706
896542 145428
783736 983808
855016 519450
808061 920508
148557 783382
501228 808370
212574 553592
126863 812955
72449 76456
539386 604451
249251 722417
166118 390718
570837 751528
376255 332141
53516 675180
334219 640754
268217 561120
875074 735351
143361 458362
539591 813055
935767 36312
671123 174601
31213 624376
329015 994881
481176 180606
51324 50567
988674 488814
350590 991057
359700 260377
604462 526631
556458 11663
164918 401172
644459 299925
530663 359000
789272 903701
107441 99950
176933 374075
653887 232329
114556 786005
901076 867221
176132 356836
846057 725378
167313 541334
986083 19918
534529 528322
593115 264734
888001 688213
41591 545632
674390 717397
432327 586093
914483 3313
397539 410713
30318 506906
81327 458639
878883 543937
258225 633554
143882 29344
398720 99181
933163 673705
905372 793297
390664 921389
296156 212185
962204 822675
688905 791876
874512 714766
352872 950754
482408 78055
579180 966441
893852 755249
792792 861953
683899 278874
115876 61377
759276 626805
346232 706917
17916 776319
175433 467304
176681 220559
373119 901267
341058 920431
28931 111200
759941 440610
886565 991468
179397 526637
902983 965407
607381 607847
724052 894470
558928 219171
775343 54243
840508 926551
64445 543213
788763 565932
135744 652576
925463 778717
409638 831122
210657 550044
269113 711860
858348 479500
215982 38622
407968 878224
656555 689552
781082 719186
780028 95187
529591 331040
549232 560983
256430 983923
436510 26556
144731 788130
561396 59626
684050 916729
99367 285430
664750 657101
386810 5056
676377 960258
932278 543185
835011 691386
419940 460702
194581 578548
244505 464954
452174 457481
524608 462995
600817 832677
467157 467920
552949 547557
196190 912208
352251 116461
238940 719174
813373 671099
713408 140946
347372 879573
522532 836983
156395 814448
330493 819918
86272 753138
887255 170318
15375 858440
972888 736848
116854 493126
625699 276232
100226 842890
441722 854496
452377 314827
32582 111308
308791 601070
304666 957124
671526 658068
765967 939304
407694 519050
606465 868714
12892 715963
725488 531172
49941 688655
531442 397870
884500 763043
688705 330404
662541 262512
894647 915623
511241 731666
241548 894650
325265 878838
719296 738929
727690 8492
938940 181096
297641 218864
827788 370857
440480 102107
92417 408870
481490 59903
399811 252037
626376 630757
373420 573315
805218 197096
550066 548493
920918 439669
689025 296306
954824 553922
328189 923890
475728 102433
150838 201128
844289 41499
244817 450072
610088 328241
726209 320715
225021 647424
164219 823776
356029 78742
665572 131269
675524 654271
557277 893147
74321 710825
527363 209983
986616 453731
636734 433836
913967 746484
317939 583701
879855 371429
346971 409551
625144 426299
488400 324582
152049 528535
99446 772872
89912 940190
885430 609952
88663 928765
253104 735754
574086 367496
648162 427069
36722 144899
522266 620190
904506 5765
908272 799204
187262 650925
428917 496828
453044 255206
514335 14817
185943 387489
322979 392132
325126 424038
889233 337725
960961 229976
773843 926521
899792 728611
385317 310430
327612 129615
280387 77842
212134 686838
156504 972211
352758 613154
248220 84371
674521 534341
329593 359323
395175 599332
971033 870391
251409 546623
346439 143138
285564 684656
883336 370171
450329 620576
846858 588914
522725 716696
927978 888518
712281 923492
306257 338657
188585 409033
107869 68711
554738 673874
432558 702944
836971 44952
812226 492574
275709 929386
626620 976591
202537 194693
612647 986341
194899 66114
764954 379553
645666 773886
919284 410436
440257 778293
63956 155793
245546 770765
301100 101914
466641 310444
869920 849142
381091 852932
728851 214445
325673 360328
21602 685834
574550 321211
518017 114004
186346 640878
47465 270001
568214 340960
282900 103995
986037 49845
792181 202051
789665 825071
974039 335856
391090 639495
410167 259797
256245 366430
841513 760811
516405 627631
884505 907016
513214 819407
184537 618944
834545 830750
838132 793184
10824 300600
715693 124516
142386 707080
202348 453951
617337 576889
404340 570370
716375 254764
830840 288545
466174 698478
813731 110841
480538 995277
111088 430513
427471 379590
354402 691166
28319 282740
357386 478619
890156 189765
187129 724072
492440 768371
532903 301416
534318 829393
929850 188527
270946 489419
850418 651412
528521 973138
101299 308571
541923 886203
100914 34715
811519 664930
495501 415482
219356 270997
489234 929442
759497 388888
891743 270155
41035 763145
982379 499738
211552 123911
809483 485938
739789 222430
560961 522191
230075 351012
740932 253279
675564 395881
215317 537046
708337 194238
961723 384631
516141 572102
792674 817268
188791 344179
989493 809162
913807 423809
890759 579663
98072 360029
327921 375124
282456 13237
174689 75645
761257 375127
862756 695893
926687 815607
23947 797620
8772 435910
265647 791338
167022 67106
847354 297262
969150 105147
731820 94545
630182 161072
356175 493143
724455 152400
469421 801611
945305 735805
114638 373864
476827 70228
581311 276532
207759 562560
512077 99621
237743 77567
285133 825951
573392 829476
28927 13887
121849 769091
896259 5534
320759 691790
568793 123961
722934 914590
708177 18267
188261 404886
322241 938244
333966 471398
451170 391622
659034 295221
526321 231560
270323 149818
592498 853725
773294 957251
301526 343260
695965 647257
609197 142294
101262 266621
545400 472703
207776 711661
446051 334084
502261 801558
958414 787490
605324 423045
331228 658993
977269 663922
519660 732346
384948 8152
915864 504484
299426 374919
856054 949402
869106 148525
360927 2379
836099 205882
69677 886763
650243 68214
446277 292377
156237 450067
692625 700257
925043 402765
569556 891577
962315 34943
864188 289230
480462 752354
663383 26327
421153 807355
448747 111841
237659 759881
531219 571444
431831 785330
874680 611411
609847 355230
853664 895433
635851 738066
886314 345780
425109 908739
855432 143359
511917 821851
31258 326945
150560 511068
186793 3045
281980 482406
100451 718059
869623 676763
221418 881453
872566 131459
910852 136367
240468 194039
935030 194876
25207 43937
203988 290880
861320 513345
914843 687338
816244 440633
442963 10670
796094 893217
276207 817720
850291 365614
421936 925657
191321 400864
554320 237383
54599 898377
654499 889781
908427 682606
512013 224413
538344 418699
280432 882916
113804 853732
346163 95676
910401 13735
111111 74621
476416 595545
321748 195398
310584 969077
377813 491069
774946 505316
843862 111838
631035 240502
556349 681185
325616 804190
918769 646090
689793 523631
388443 522769
349708 455727
358411 439574
711015 727522
228026 311847
513623 936643
160123 476610
474343 225379
338182 417501
29187 309133
563732 789282
176558 520100
98781 378674
781351 387248
985716 78807
257886 167396
668070 65679
370188 917136
920687 347221
512018 639556
837943 254632
941869 319110
697665 218229
11404 593127
74083 392815
14520 184825
144737 352536
102678 782908
492170 556404
711371 126094
395001 510352
154039 134515
85527 88786
809574 902679
114107 880251
565011 503517
403877 49839
626748 871717
216033 834313
329359 45204
913603 196366
400166 991303
294466 903047
973785 159438
580289 323216
785574 190838
780958 606220
215986 948777
348899 573489
878299 541681
694030 584836
884122 669667
43096 623168
453059 772066
437181 761353
615436 933347
905370 325475
794702 233371
540520 965811
416302 259777
244988 180670
866466 849311
627600 632378
146725 79114
459575 904872
975756 391462
733982 29233
369409 65318
4972 162048
608338 25144
545266 470063
514760 633371
42735 196482
908197 548075
595969 701205
350120 877406
272746 5059
282929 672765
738952 776080
556518 881311
173937 16370
435793 76511
787633 232769
199081 377616
684356 550537
571496 926903
730638 508744
782869 644866
807005 528443
247138 64345
646568 275276
735041 790629
842469 435277
862875 522750
744011 49095
540746 973612
989006 752793
557856 707475
792824 800519
50075 614330
626690 543229
979801 953702
222993 827181
36893 498147
242180 947167
681019 126707
132268 994718
367137 287238
359803 180560
795456 296310
481701 860809
548624 976237
575018 538282
403229 260418
884368 663301
20145 470156
917098 578983
354746 765030
64634 495999
389306 800122
199687 180002
350548 461829
627849 100745
520947 669316
94919 128638
372182 210047
940605 877395
827310 470032
975611 401424
271471 689206
120254 276940
571546 42857
10421 319104
33941 537329
58383 505317
260074 946199
322706 836400
918905 610867
414315 672301
975178 561304
649273 355070
841703 364780
342632 701211
60517 689312
343825 483476
847187 991866
777493 693217
561453 766961
688959 398122
377673 34074
311236 836584
460045 160638
453875 523879
318817 208226
456498 484678
843754 354452
778539 717283
960087 879468
582042 201013
185622 608687
759617 348776
941453 998352
326291 638378
82366 941113
950400 983814
69191 7134
683749 306427
881075 464790
626448 55637
716213 966142
150717 911500
460180 255060
431409 582115
802037 134306
634550 746377
636881 555642
26448 295382
752249 473790
170566 993595
282535 906934
759302 556467
580171 101591
233453 199871
686686 278573
790139 348160
753926 453226
694225 217461
818609 115465
611601 165380
440596 104948
944904 37748
773558 509686
554888 450121
58877 873420
104538 567976
919983 481449
439556 739080
766106 246719
324873 534917
864216 394161
795388 429126
736808 241338
269404 902245
877683 582636
406206 901992
960935 599660
926012 127261
348723 116132
700867 524050
942530 960808
615783 477300
518557 256624
807144 699521
994712 481184
729225 684086
589981 48875
123197 605022
54394 561773
680727 606814
425613 527468
752330 286332
407836 767069
959039 354960
16328 88389
913076 436624
352015 662379
335007 451659
523010 136760
560705 844
195466 981530
920934 384182
921470 955921
394375 935436
700641 989187
497292 238686
593956 646255
92412 119526
482398 353750
816271 34929
683123 531385
676798 455296
553737 225144
321992 785040
763299 814440
283741 506889
458572 168851
375535 574964
869203 447591
916856 28419
663662 457288
817546 210940
398706 869412
440832 842310
236710 629866
274463 101633
746452 718629
662232 962907
915465 656378
953409 795968
453730 767279
340926 607908
843477 394150
657920 832448
836186 369242
430555 559104
492133 62150
554995 706918
483307 883553
814467 657067
414130 833871
569186 20674
468781 114191
533372 968233
171155 603815
572537 192451
185951 928322
700304 154192
79841 563347
643353 328964
369794 422393
712515 156984
718890 723295
423390 324093
894404 237288
769346 946118
874571 547206
831060 189315
315279 444375
69612 356039
781934 892488
282745 400868
553622 697924
354818 67106
119815 523012
69099 177971
8315 278399
237598 320461
386434 345064
177215 310029
829205 694477
863548 256158
961755 958691
233502 840629
673900 463769
976410 205061
32897 16536
18608 637139
875496 775881
914199 72640
613488 909586
282280 174661
372231 613568
431590 835061
494717 777813
987174 758246
862903 781592
825284 988164
347950 807088
758343 655923
520420 523380
702660 513753
688344 647825
909434 277333
181115 327967
471606 811152
419618 284481
465131 399581
10375 369630
554399 384013
794407 143868
916602 704334
309997 736079
406398 486932
642871 650593
312785 569120
804007 68286
396395 80264
857747 198435
42688 606908
974418 442910
590766 837406
907875 531132
7622 611610
492239 18255
971224 49039
736142 868055
255532 920575
494859 34370
8831 116594
602679 926767
418056 623242
812937 992101
128063 732666
295357 28895
959199 205030
124616 435122
167797 936637
965786 230375
808376 937901
527310 628223
668462 852834
99906 371696
750823 333716
500888 284620
933552 862482
187281 492261
757565 692608
835193 311429
161120 694849
301507 598537
185106 73478
253146 411050
532 409153
649769 850306
492235 494176
752408 518469
26368 435146
579226 740751
427566 964674
65567 17036
437040 893252
788388 48824
15366 747529
198796 883142
112209 683357
309493 597698
323708 539824
113783 85601
736060 361171
32779 340952
22283 99145
114970 268333
614556 933032
603647 991272
335175 983493
232812 275015
510176 444971
798648 91231
549307 312814
856465 464794
527205 910643
467610 861815
616629 922903
104921 209556
215059 337255
346774 11485
606597 494744
965675 657731
634872 993872
543017 80894
209478 518908
779984 493939
782738 67705
27264 463810
127720 429863
248772 209238
943036 370108
505550 839571
301698 990831
796431 240012
416157 125512
658621 354342
250029 475826
182442 712887
345528 50962
769905 245027
416686 848617
332976 967982
567402 284711
339140 775749
653724 752855
121098 746054
628781 872351
97003 483793
401210 430464
913272 29958
798273 724186
20789 890765
183062 681569
259775 690889
655826 516576
39596 256837
71642 161020
489239 360327
397806 894264
466652 322792
881202 907648
715367 67972
780614 847288
397895 415684
524951 970750
360213 523314
662725 138873
550712 771314
220402 157882
669627 705298
550623 480803
185559 590616
392095 633772
874037 448316
571379 125292
807108 564361
582539 153164
795170 55821
2676 842701
622276 462359
256841 569422
606008 492643
818004 832460
831040 168702
940858 738669
284285 834452
217700 260750
289448 259672
539892 671102
240945 722585
927258 882739
268206 148208
647803 393648
269937 547519
495057 464436
604519 417404
390348 890055
162050 184006
466293 578043
697177 943767
402778 852734
419858 659484
869764 833382
875606 928789
861852 833392
957851 743606
461543 863642
643399 247331
8793 651667
889324 957049
50595 991044
674780 108903
408262 810489
523157 357139
67639 254279
672524 399613
981654 528274
235720 214502
959372 894888
355821 965195
26218 511966
281363 801660
880555 292447
28348 423842
841545 970983
222651 735134
74813 46251
514780 368861
341594 45296
605282 801311
870890 33718
30742 144651
466485 211925
335707 713544
243730 130380
697715 187322
904714 407706
306125 409730
62847 960270
257223 670977
833914 794736
301502 446699
889633 843375
284968 394481
481246 878560
757646 227153
262083 670514
369886 374294
481798 106219
517079 298333
202166 108294
754746 179915
884630 166865
184261 683725
895789 685162
779979 908504
157791 563226
289445 253314
830028 644942
542052 341360
587834 788612
866317 601954
237674 114185
555517 107765
522233 591966
749516 734787
696762 854463
878133 813817
774855 766630
13770 661652
189372 802066
432954 836887
688948 193913
303257 242528
778031 712982
938305 743267
34401 787823
295286 212531
389307 71904
847816 29757
164369 971943
753849 28798
649851 88737
935231 794553
621848 472527
203397 391904
444297 549500
834160 551397
223976 459508
726099 614558
27185 41992
568059 371766
965959 852807
275915 676389
587318 56791
236866 476643
147273 402654
655602 207831
89497 20274
745676 806476
901024 944047
202376 257529
364177 487716
932323 809228
796864 732908
777342 372253
359096 955791
616247 12944
808524 523747
221136 779199
650076 498970
588714 845025
872496 861497
366575 334909
283996 586788
413489 352539
535685 807789
693100 687757
440814 806739
984587 636778
694245 156955
597133 33411
394600 773140
222922 140000
401859 115360
321813 172503
397706 55906
129000 183850
346208 555980
356813 613064
247164 460636
888245 889487
303862 406716
869848 276047
435791 996855
61590 716626
646109 820357
971063 827101
849783 170228
805748 314020
119687 26079
92029 500526
344125 878817
45840 858373
786792 432483
726870 107308
