780872 839486
36002 432190
7146 70106
226255 550178
410452 242609
43607 593791
169906 681494
870304 570697
67678 560656
467678 708871
339274 665198
64349 768859
128074 550668
411809 678212
25141 201597
803500 390353
194241 846447
669889 189193
280767 193528
295963 855745
218286 836654
458568 907431
38739 612744
75535 199104
780154 95854
56182 270762
941144 821216
602692 392844
361285 294302
91498 129124
864590 760284
411206 980936
262562 312734
874638 285925
248808 825514
515493 203012
308014 209972
47567 594440
929367 437141
116146 121941
831166 350431
95402 234001
819672 133613
55414 409125
274176 211861
886002 585827
539129 41605
550351 338434
378350 312111
99988 56715
230247 87396
632543 555431
508365 385864
6506 818340
718883 167780
397914 951238
9348 294722
237900 804443
189905 949872
696407 665182
542112 417271
979656 568218
767166 807370
195868 504378
328445 869729
785442 541340
380864 334379
975278 671357
557189 11827
482945 886183
904912 608168
181398 17308
177208 686568
552742 114747
237590 158332
910401 272025
973080 592257
338538 664786
613624 592081
384654 866414
201944 752083
161703 181534
505753 340829
322906 792097
199530 185077
959281 270662
185639 511041
435245 348528
796218 864732
249393 251727
660334 986460
396372 149294
697383 284982
614429 71891
559865 158124
51481 267525
421064 92225
80410 359489
406203 785689
432575 526099
685011 347698
430619 607588
761033 395270
804307 304105
600429 909009
980824 273414
310984 994457
989459 927684
181054 233003
380143 295530
401366 636443
585156 430603
88958 132507
37641 138704
901552 217905
366314 946144
93583 360929
835194 44587
794256 42769
508396 256157
285589 411974
606995 207816
159581 356435
571935 105717
682958 209822
144647 340430
854555 809543
606933 189381
295862 307549
17491 16424
913829 724178
546790 559638
262147 794902
358318 158292
773503 508415
301935 89143
989590 808224
761926 280162
331558 108286
824155 564718
843583 250293
863929 860564
310524 310376
3660 456818
397416 220179
132158 789686
653257 340892
544906 653084
679215 523640
278990 642373
712165 112151
925460 275937
409377 506371
784089 467990
96728 706969
232287 902717
860436 507107
985204 767399
404055 400637
342979 763587
745508 256200
812720 975892
764020 748526
272647 143914
213204 354398
892170 697343
71021 148332
141450 542807
45216 833682
191794 774494
989035 198359
176100 563728
451450 660527
408284 154203
967329 891751
596142 994908
949074 859129
915271 742878
246284 172934
269915 523735
43689 380649
678681 846178
169982 401377
682513 699804
995625 623007
742072 132855
739477 738428
930824 745656
927582 276014
140035 27243
334384 435368
450693 269914
250246 150033
690 305161
114284 525115
314084 877746
495681 894534
114751 670642
149651 990560
209551 819332
496476 969816
831858 650969
47026 714683
857718 253992
626475 168849
16297 795559
97144 737789
44228 481355
32590 672403
800302 149392
64863 142257
594823 364421
782989 854649
709795 355903
8849 333758
690711 187457
804781 446572
69306 830082
928096 171470
447140 644873
303741 240996
310279 643861
621958 178558
901921 647175
630114 954580
635796 171507
443979 762690
746324 797448
979681 336755
12105 299649
937743 951879
90814 643530
528580 147159
221499 547467
903898 250406
813873 825512
393505 243797
530387 975908
140639 362102
601409 520954
266517 940352
280987 103191
124238 362124
344663 747183
869621 521815
358068 947203
973686 772761
481672 205669
92110 978125
875828 709260
429652 364563
101912 407179
161250 124266
557951 952692
341047 319265
810243 606816
876316 749673
63379 281793
829699 807212
33419 579051
803704 508874
363966 718581
43360 370114
18014 89262
565860 196328
400502 368008
134110 65380
370962 998933
758211 433725
935294 157326
22102 514262
714354 474482
395113 814718
443548 433170
933182 933166
376269 764485
952145 158195
896420 303700
137512 980509
966849 615097
760445 594194
400032 693890
799680 403794
359795 589396
928201 746520
783341 784952
550472 213385
824172 732245
206591 709282
888710 790643
512337 349038
678689 784713
666205 477401
264106 579783
6279 758597
568076 380238
767401 146514
12939 863228
649935 894738
317954 227822
204423 36915
877908 283027
473697 444322
97161 150991
306042 456626
64039 18619
312635 504643
556550 176241
674794 935684
417814 551305
244901 726
220410 113136
413653 185737
433515 893704
934283 938309
319845 682365
401785 191996
556514 546335
217404 317074
484306 379756
771534 465707
710553 365901
265218 322188
74306 899693
552692 83729
235187 815287
798617 789230
747874 973038
242767 758551
385510 219315
838419 766778
262321 825694
351801 193717
820407 737342
317710 64976
446083 933842
908275 75233
460423 519517
829579 378420
377693 839971
838562 859864
357832 740779
332370 447330
808025 289573
55535 855429
250496 679998
928935 603634
362784 1840
81671 762558
248098 408526
657547 353146
474663 222576
514280 962739
263046 680812
907925 278858
60405 947964
628730 386098
16619 599843
429039 694667
895158 658453
165975 199873
97680 585224
529899 352441
577493 612419
36641 595659
857804 151294
233128 200698
692615 215979
332291 338476
497172 384346
749676 478945
601777 152508
862682 946218
464048 802179
851457 853419
881089 931
299811 850455
104569 668410
998214 7661
715669 967391
599590 221457
710509 191685
734270 973076
927286 319750
602145 696781
320152 218080
947849 249020
958113 851382
469978 301023
482843 132025
5688 304006
182625 995100
58986 140231
229362 515265
140950 189339
775822 915992
94653 203407
113430 537049
264544 597498
96416 204644
959477 907312
23778 980713
542578 903169
88407 848798
114729 158775
205625 566905
297015 984337
23154 842902
821164 898831
952437 307644
88094 243641
586600 199864
108732 409290
201413 422971
383797 151483
839458 981059
87153 757400
266196 9422
597813 574496
707957 671904
400600 847426
658925 378188
636259 54080
736748 563957
600464 708038
248217 82101
764772 342329
605582 152023
75487 340625
264479 109312
927522 599716
869821 773718
718633 773686
524973 255410
622770 821861
729073 100560
727677 969516
136581 71740
89075 853240
26191 833214
437585 978547
598149 331693
874845 374538
630170 842319
232984 956854
79147 268017
694334 11481
120544 378098
725213 970213
407267 416753
604367 297180
589874 85398
17939 1110
208493 781416
901345 461439
49980 733125
19748 819778
848061 343063
1872 623419
585132 392785
748182 885847
666190 919216
282454 405139
190657 631101
848522 453339
856857 620257
205821 227578
19155 837060
663228 526102
260199 388743
578816 311919
901366 840537
670386 992534
653068 978250
654468 791187
545233 249341
876174 872756
267176 311513
214162 607044
540570 235874
737291 915212
317490 541573
493122 879763
538409 843228
849275 59195
291819 59847
143693 314483
458251 711230
376216 553658
103513 667455
314752 882521
397063 959088
604538 383927
961731 668643
936044 536667
394988 722172
530464 756284
587090 415353
752791 411424
784953 71777
141320 776616
258835 883895
190700 370926
839002 217170
439955 342020
812109 982810
474730 950469
277259 405833
902227 442823
27047 360613
158082 795697
626385 723081
603287 686302
951175 983184
780503 572525
345506 786541
840418 632307
274552 691337
842998 943784
119693 485114
875497 265313
510804 321546
738123 164878
934725 205422
428077 632727
299284 288719
215592 147962
368208 46276
256305 966815
411611 298110
991973 415011
748848 838109
605233 901791
309174 953447
98841 883060
534759 981437
234208 469752
752318 788746
641153 582791
309160 531585
662660 404317
838688 29444
825424 915376
245866 403092
597254 66733
730054 132792
646342 974271
189460 586759
23717 649182
25764 984860
166083 597821
317746 922372
802463 539450
619393 306188
609753 607045
701187 23569
449345 240797
442392 905988
266742 433526
825598 954134
669866 139579
691265 868013
64444 528572
11669 381208
596063 140654
124608 56223
534642 48955
830170 243375
807718 686192
915534 787323
370973 486930
17290 474893
676977 324453
766922 654137
365840 958294
366461 173079
154190 107849
107368 604194
680494 817600
775588 179061
473167 745876
920108 352972
251815 657166
156857 113109
572719 572964
469018 767352
709200 58615
247719 927368
881877 714577
598341 2879
961953 785630
479557 800939
419120 466130
748390 8152
650392 472665
643992 8409
469387 913911
584047 202041
25997 928759
535368 27298
284098 576204
526718 460601
669990 315109
418694 965878
498903 820856
117351 547867
889480 628306
77136 868505
519118 425416
454327 504045
114419 969381
687827 170464
253099 762654
654468 181699
802881 69040
14793 447153
953180 517845
251966 668511
716810 458408
893539 461958
985834 300757
556979 395464
388635 531021
340591 655288
573551 82133
663187 170654
495200 631950
362481 75014
967443 736195
636385 278623
799607 962257
172252 693779
948037 309314
615076 66463
453559 689526
258546 121986
427412 167463
272920 410056
948052 222838
18823 862294
7170 223841
441809 511128
536008 508661
376690 821632
136435 901499
661312 4291
815263 621524
341209 34852
425854 236086
139795 92382
461723 748839
983535 380180
178888 488220
592969 472269
947020 582396
526891 516529
780298 469530
318528 946237
232668 741757
78809 779528
665182 306758
707234 497473
690519 696436
692676 943623
107774 460114
148295 327614
374685 933126
315559 804647
827871 266196
590570 839464
771037 953200
983444 587172
395259 108320
741697 613660
702577 980374
756333 536825
230724 501823
879415 92623
428205 24195
41471 287524
89564 935642
981962 526788
189469 117127
42263 347141
882922 760624
762996 546406
171659 233138
921359 607953
856438 218581
867882 489256
531570 430361
529760 573032
285022 198782
393256 668276
550971 666998
535878 571791
517380 491144
352545 396635
731882 699306
152900 230425
917099 345454
878243 390210
151111 94540
285028 911115
303010 647098
69306 720013
55022 620419
325566 591808
45965 816646
69301 372243
545485 793268
393342 102371
894756 807954
852313 244488
703578 399145
885511 423374
433398 714575
432624 543325
127130 500638
97858 29920
260819 873622
952536 508512
995889 522448
83423 142437
598375 389969
480431 49670
805858 643382
134778 785992
343331 920560
859328 180493
71590 909597
999641 418165
814200 637888
598326 720085
75654 175951
254319 956571
905583 366018
999735 5189
838467 445937
541663 472861
978093 981269
836460 615951
488029 587744
623716 226980
993223 171681
999531 922713
3534 518754
267446 566707
670197 626574
270934 675147
57051 70624
891373 462251
248845 904760
416819 278196
85988 223856
93292 630411
497765 566928
387144 181840
579894 827331
25368 713043
541356 952494
735653 548469
741890 390360
11004 92353
37343 528285
197252 257972
408621 793597
247867 929312
808675 705502
748384 532289
188170 220907
890305 997712
271871 297924
305307 645199
374587 124785
905733 147613
841663 855589
13135 309953
104123 730322
177329 185957
549871 844005
541397 721776
940984 819591
284645 837506
306588 205420
629887 757223
386863 809853
205198 699178
35373 378263
7529 908754
562755 216387
438536 317242
801787 57216
931137 647832
511917 170090
535208 492764
631658 80454
341525 593356
865167 138435
587273 450789
262694 453455
925626 801091
180341 634532
945260 538325
422437 171178
485241 800364
651176 227894
106568 466169
851257 462292
909801 182303
855698 698971
255642 57377
444886 616824
850105 647871
922023 547762
936267 655557
607547 386593
93033 199969
487969 837057
850252 994482
962572 37724
490988 24264
645527 452436
147088 859864
872279 82610
268021 252017
554830 858825
409042 584966
449759 571065
323453 939539
332172 810212
142673 577644
775485 133134
251591 208282
534882 511365
52187 980256
325144 4781
760890 232776
391391 482213
786362 775561
889300 287997
302947 255286
781728 76230
45812 434971
819285 522297
868695 233294
14672 137995
876049 179621
779632 528497
823393 133880
797636 199867
555271 747395
418219 945452
729159 610387
896368 142525
167911 512200
285947 234566
673642 440527
490342 428962
568233 549677
377115 240524
859839 313173
597455 347223
632269 417323
973520 371953
267857 76709
714940 25135
4177 393140
52182 159902
588982 682606
952595 324396
411475 789856
778014 145045
905726 559204
475063 772616
486859 553461
86018 921488
535014 946017
415852 169214
927038 113371
781674 154185
434105 389009
216393 600352
507880 220125
535042 694190
953874 648469
580032 236679
958491 112845
396488 274710
674863 395524
458365 786263
81855 601768
18983 24620
745317 407212
785653 506420
869704 144956
995725 312234
327331 189714
18284 540826
983094 589450
683416 736166
363980 79685
102724 645938
615719 880467
251607 226350
20135 180754
848895 204667
508 54433
495195 797279
169295 399052
232277 166285
133022 970824
90236 929357
562960 542717
402980 998624
903592 194243
403356 327734
402098 35090
312767 384708
753203 406783
710381 627898
130516 465822
982895 492865
866251 205966
638896 752923
666704 379376
590946 938031
293995 300481
666770 188054
145586 478143
116757 482337
35604 469165
239596 696876
161342 447608
979373 329221
537155 561801
13410 164819
346144 449392
547397 951908
161775 985025
95005 396625
743617 522350
843794 41711
446603 99406
821143 946878
913134 583221
847537 513376
875837 995453
774497 281294
684090 427124
486084 384991
164337 707822
351494 192745
859119 668438
113741 513756
630563 544061
610760 278425
700381 662037
958435 311183
650002 133721
224087 832790
883709 57831
800050 965917
375625 207795
276711 860906
199593 328106
332313 813175
368471 864225
140654 934836
813165 197972
233286 989653
414972 148783
870581 151219
935766 830580
258944 996815
991614 856114
925345 578028
187680 449434
199194 624246
124128 662154
616926 947863
518021 593918
51437 536484
931397 427574
872065 805707
303924 954405
756713 481499
281396 772062
38262 506640
433930 818271
113417 483038
631657 302732
662023 156353
324047 841318
526803 815966
369082 888054
962229 80478
647395 393572
628771 74367
321951 3080
986919 697535
400464 277740
984522 117646
922345 354082
332161 532400
14251 250887
484142 928787
288716 540650
34421 917972
306931 600713
528102 799975
71755 609168
292484 7370
620923 501734
588690 397692
44699 686715
774825 691616
119643 15506
145353 111865
285886 942764
548695 799050
536060 507002
593934 250263
347443 106397
689241 663943
569831 198726
618384 705515
586455 910702
573944 166143
928329 405368
12435 612044
502197 91736
509452 863112
37458 63003
933359 421714
491442 416199
778461 608784
311503 55611
703868 675576
777829 641644
357190 387538
904881 908889
861998 480923
395385 684542
286355 559965
534128 504718
701761 310896
201594 904238
687571 473169
385079 215138
555076 682272
774514 834262
921149 415677
172649 845470
410834 760764
230018 477365
564321 163726
148524 489288
967977 956382
802153 869440
180062 91703
37988 282848
159857 717925
553404 867862
328098 120741
228645 833096
759072 903632
293891 589798
678460 299947
489000 483746
290807 419288
326003 524270
533634 746285
27550 854632
73070 87245
858271 46924
845150 452121
618872 977841
530967 800017
86648 552010
289199 290059
620638 696104
600374 554065
976238 371236
434417 254392
62570 964978
488727 316765
275499 9920
70968 128372
805074 247178
442233 301381
486279 742760
207252 598225
463570 153689
376640 510010
137071 335730
935151 799779
471864 373750
32695 35088
96416 964453
280341 12324
345262 147200
75694 886792
257440 189401
321437 154044
72800 26923
931696 50948
37645 794223
631742 767922
338601 794268
515537 20428
432278 768199
206452 254391
536527 630633
734004 271445
789291 842349
672202 290065
680712 664742
273990 269387
108406 313056
529727 415163
668055 769300
380280 650373
537967 650095
152658 470227
43784 918951
989089 962926
746564 674335
533604 706320
840015 555487
199133 832457
465494 317131
141120 395384
654709 574033
110709 881442
22020 510063
409611 272943
274177 460867
680846 770522
340083 476297
97873 206834
378532 515296
604091 167922
831445 370601
993199 906086
704558 614943
960766 845779
288617 559379
280988 282907
150728 277630
2457 517520
493548 310760
874219 423827
856762 265655
339715 936751
465429 12457
614430 863273
564967 718463
767566 712478
999023 491115
759275 227524
283697 630426
541044 174232
323483 573465
603871 91176
150128 803019
201490 352601
829319 432671
892027 735831
892066 142867
366313 616106
808940 377377
886897 843645
830119 539700
553556 288725
756212 552549
512875 567893
348048 934861
594442 60566
748503 877944
613109 92234
587837 782486
902664 552797
983614 472773
782676 711811
643992 77541
206925 684684
959117 771198
997772 365768
891012 856837
773578 423238
506874 765341
78066 575378
581717 229687
803500 13825
920315 409548
296729 262060
500796 590540
248017 589182
283580 534623
