468827 108562
990167 404543
525646 148151
18827 239123
115164 694022
30358 547103
570441 856054
752459 268132
188922 299128
357470 266332
348903 399845
558815 450248
990543 234804
396300 466171
523352 637594
911598 587851
185638 493882
105499 18907
738284 812762
250919 89206
59675 996880
152019 362513
442952 178068
53725 827826
824122 929249
607250 232738
732071 960084
131310 636979
694239 372906
575055 256875
627499 484598
512625 188277
309000 529632
219767 617317
23163 914146
466131 718817
338327 36301
490174 603818
583837 840379
435704 250437
846330 568965
185144 647458
236224 968145
290867 74825
848509 821607
458537 665936
775075 720260
404120 937870
157895 932031
957304 27857
120032 510658
866581 342253
330545 124498
300108 697529
906330 613904
448327 624155
657105 428655
753704 668734
263986 315518
958050 42110
647355 700190
702741 657670
807268 869045
634355 999563
880536 463750
154361 898904
951333 27567
347137 546793
767032 211975
969851 62387
758968 429204
798479 454935
35156 173492
928178 683253
381972 430422
453863 161468
753975 970337
719987 812182
300606 556010
57427 951055
590867 949906
895325 35839
770633 639090
358027 605676
305466 193367
700967 787463
49039 838683
826909 90790
470142 57895
748905 181635
566843 416216
399198 243167
979387 675191
789407 752996
597028 366574
72140 287985
55672 898237
57981 606121
938715 289467
955071 188002
716590 365981
552652 530773
280040 500664
465982 786394
124265 594165
458932 341475
329377 586650
175301 625642
358659 714725
893122 153673
134228 881455
723053 794032
541667 73964
962234 997886
975114 875677
859817 642247
964522 536002
810635 636429
351353 739578
815013 499708
524418 660309
208851 513473
576968 742435
275268 181105
642042 976823
128024 839896
873610 196310
893978 816311
698696 425035
8749 488147
716246 853516
141595 645713
92818 442138
686400 54767
424527 20204
820844 45969
132827 64213
982564 242198
477119 194594
383272 944943
40239 928739
548154 868068
315019 24739
235985 535970
434865 870219
987168 344080
354773 341551
444264 427461
964405 796437
483661 656097
216557 492807
968119 736022
705693 710653
485787 811966
331153 390475
19863 469424
249856 913482
767497 944583
582754 873156
167308 821361
746628 287700
650821 859330
635681 666670
790282 83560
758305 885587
554061 326189
546622 162253
2638 446009
227050 116882
486837 952653
549892 343680
457549 859765
657801 785842
123536 505992
91824 873511
520027 789665
695066 786842
739198 543083
740351 5598
619010 66222
547774 295121
315951 7809
66453 296971
44763 150620
47012 738856
163176 391649
67473 972615
942634 157338
51613 406682
388173 568933
575485 573406
875395 917743
110744 781426
990079 698826
333537 389419
224155 726354
487966 304227
644849 646211
751653 376542
882333 959408
994434 353901
322285 636914
679629 15804
969537 762885
5192 202849
468312 297111
709177 5908
931639 843797
695970 636430
224930 663109
977795 709939
380705 305216
168433 810064
959333 510300
93206 408588
744624 29572
488938 68800
926408 2083
950950 352199
807972 416102
859670 694194
309218 329873
544096 495042
37423 725888
709341 508095
603182 763256
952714 803131
546408 536509
571064 30137
208977 257876
86101 15381
480986 802848
30188 660951
366308 281900
775715 656794
764676 558008
283467 531614
998693 603213
404277 813813
218081 571679
234670 485897
302720 49964
447853 926377
320063 47736
732345 631109
398151 257765
57184 304522
688276 794092
820273 352967
398714 409193
222245 855629
719911 958597
582240 94443
924643 549419
76150 161230
265196 237686
108111 728325
925619 24200
11009 104313
219585 912196
580534 336680
838038 701099
949944 173742
76990 59707
244778 993874
375815 332642
857581 5614
791507 265557
432945 349791
15291 436230
148216 891516
941737 488003
912678 351893
663949 477228
353761 414684
823711 309313
643953 894155
91221 833098
409107 196546
429473 924544
110328 821413
610114 227453
858222 550173
121799 771382
514067 150544
755619 268740
213247 206679
825554 362656
922717 979505
257089 976850
447482 504059
229126 57411
494403 728071
698175 777581
947174 551408
91144 125245
834921 272906
710057 790454
765609 591591
808789 460661
797009 549321
821342 841781
783066 668003
58212 854804
370840 859133
455699 101044
981564 876130
437215 709834
122864 828157
980112 306954
100744 707601
814026 341879
436429 39890
490299 630030
628084 466580
295106 339902
691360 154878
440431 21619
625154 30469
28428 160031
502873 416921
9609 471171
375399 92605
289798 701475
570757 748527
440430 926705
828927 84187
66182 496276
281430 989411
312736 545626
792004 50116
19456 661481
244467 446904
938167 292449
646090 532053
488380 267264
829385 587085
530479 337864
714774 731368
815431 655687
663329 824097
530262 848972
814130 74406
410609 959884
509762 542194
983179 596946
921840 54435
170761 986199
626996 592084
883562 574632
58793 858603
620150 790080
350163 698019
686854 347268
939047 337730
636116 549517
35576 179908
689895 213071
820168 972110
462865 547945
664916 718978
893026 749812
238487 313515
114806 181370
933257 674869
256779 885208
486907 736875
73402 510089
942564 320124
930412 296595
707091 370168
892813 803471
802297 902910
769908 521098
747461 109282
553304 321348
575937 833792
569485 795719
844170 544544
548927 566665
899627 630620
941762 45354
230891 862928
686399 273870
911004 559850
62014 186213
210631 325008
555598 458601
521384 399113
463688 64513
645452 925782
101134 415356
71854 597832
74634 493923
556636 751566
718550 743385
550799 265802
310158 569126
101712 299228
882585 448060
720489 958750
783114 914642
485420 452241
314416 188931
528972 197206
275421 246754
12072 552697
96223 609555
201243 568153
578219 52676
171782 392122
249182 963775
750433 467659
869615 727515
500145 702192
938762 353006
141374 778436
397208 287027
36456 221337
363752 432190
919415 80699
323741 394155
900542 673652
221360 231526
923400 505057
996121 443841
158714 247842
478700 410370
816682 175885
734369 811447
760112 692830
135137 955908
638090 129379
915111 834836
625958 708421
740568 742417
605401 128068
207827 314872
51925 170675
790229 767430
292730 561795
898992 167787
261424 819982
46413 468926
243998 644222
377185 264223
812710 843415
684153 38308
145163 987402
631749 694043
264619 923200
251336 276354
189021 71588
809960 459829
947961 207391
746423 506881
276222 69704
531034 564939
60504 1926
823263 755041
775075 903789
724130 589409
938321 794666
384850 731219
488980 882708
616724 977523
256956 339238
647847 285257
854258 333955
710208 720922
902732 306044
586087 491172
12587 985612
355641 845186
333607 184149
324765 489697
812638 839914
12190 399023
655297 435561
253901 807466
617953 228939
548736 577786
606754 776655
21427 217353
130384 555602
569526 411871
846130 389350
239423 303453
82604 403147
609156 300946
827408 601628
347807 968672
69109 155127
803225 897534
892570 337678
866051 699230
160735 193375
617659 589829
687462 360118
261797 252028
125766 544274
230510 212841
43933 90709
618294 535649
33615 362255
560255 406186
751718 991514
111420 381336
452625 423633
311229 381282
758489 403355
740233 308315
629674 654415
223793 681320
754858 719538
820116 17979
742754 623191
437037 806744
864310 277209
650141 494432
510724 862824
646095 948397
31326 889183
687573 728646
139690 175454
669426 533466
505214 524252
452549 426802
206203 16481
842519 292920
91643 571723
759810 286532
421936 120653
99683 129810
535207 572614
509869 728491
897961 709726
492517 879479
74513 930253
230725 199796
263786 330939
942657 427903
807997 201905
299912 65642
267747 285915
155967 374676
426916 708049
994795 781715
116958 716499
295432 301387
310731 955755
28805 869340
985350 69055
585550 282543
179917 853464
397611 275696
574382 401009
846032 892471
910160 813239
208929 324898
437252 412642
206266 951646
151704 233365
690078 820543
139932 365657
240274 987242
569076 575645
278178 911014
769613 267811
184670 327016
674151 943023
816119 136857
207853 707506
184795 254879
778719 149116
967438 31000
674456 437470
749285 494924
563868 350559
113148 44653
155262 472667
317125 5495
992953 97515
142613 612281
189524 834461
188761 329294
947487 532541
338893 831303
980428 788290
554736 74877
470343 357977
926272 643170
199263 551511
580078 125353
622457 158553
831959 485854
886000 364797
2803 630893
656847 42426
252111 456598
918103 462781
150087 653549
689146 661305
901152 741968
983936 286167
364580 746015
158204 834902
870661 131739
936225 79262
970718 793599
205763 531708
18888 459730
901712 383613
244148 655479
674322 767383
759361 58876
658125 346171
774467 168200
285970 854188
714010 460747
300574 491922
69548 41392
292550 536802
680448 526270
40704 442484
342410 268999
184821 313438
163365 358269
843973 614562
501517 719856
825133 851548
412663 529669
737124 84755
64750 206556
61127 680691
807100 758167
936073 141336
908166 824977
467960 397150
517255 80633
699610 432772
947839 325216
56298 447585
563205 776923
926478 164517
110744 886054
375957 601613
956912 69329
128801 584751
683290 43355
118782 303445
467829 690449
205093 197772
834799 468042
29934 920003
45532 208006
160110 794865
60558 597733
23112 254751
884340 694617
236770 614931
732999 609586
709206 132241
886513 963548
438714 718216
117987 221142
284963 33338
844045 873416
645240 430248
263476 357968
420475 761020
50471 845357
490561 88006
719883 858976
478639 177176
532610 323090
819956 208248
62781 20557
875860 387882
139924 367892
496897 629071
871488 96128
362338 159447
217892 699735
569665 207265
99812 639380
345813 88608
888531 327218
95358 676381
722333 510911
27680 476976
179720 205262
425466 420818
976862 55315
573056 742911
875965 854037
564901 352417
265754 483110
859374 429169
169028 513885
849608 484332
833256 766115
190837 524617
781602 860292
117938 788645
233354 214268
849899 646074
886854 276895
120122 241968
624132 410026
632184 114140
769235 129862
3500 301741
557383 836813
422539 141072
210411 3717
288821 5831
195371 338669
884189 949397
419858 592034
791185 482454
155013 194854
494337 987377
504428 869786
930700 16029
216350 206787
833982 193454
909199 794676
893403 287998
200034 886724
491534 688633
488437 131073
804148 220320
902100 86524
494828 498122
297515 170281
978614 369337
983089 315684
903165 865843
316954 847427
565058 935840
104750 491694
895941 111441
444696 230206
4158 578970
278925 53812
814320 202823
272037 893085
269122 350392
408354 19332
1737 138192
697263 823647
89026 989655
700359 830376
458546 311996
247013 287957
40232 620807
111144 912994
362768 184253
787006 270557
455447 126222
76514 769909
840323 830258
455138 818130
773065 521675
471044 563314
525849 525153
488557 802484
660773 371231
105908 52563
594172 901617
247834 220924
785162 491164
505035 992765
558927 283128
714281 236928
987366 361631
343591 258940
418795 354293
865836 505104
393088 543012
556488 682370
593591 775966
725701 109463
341479 708890
554112 540763
92925 561917
879324 927522
315766 819086
748951 775498
257972 481558
284562 579255
16711 946440
811842 8100
214698 332014
501531 252962
313489 891714
714402 13794
175378 655158
763217 974407
599148 929338
769785 37912
213222 572127
75004 729726
139779 538109
173135 708816
299592 10697
451113 94912
659102 460274
154548 659448
740060 931477
967834 653873
414280 489067
318792 896195
588611 250254
330894 429760
300187 318760
609882 434494
270573 677323
785994 102575
633949 122284
172260 631905
421310 477129
111802 998978
318402 612197
786460 229925
851745 302118
146324 888519
483468 943543
632829 10718
660394 58656
624500 931964
659714 260941
600929 411712
822438 601583
501178 504569
37555 830400
479256 464551
222113 100282
979183 512555
832678 552097
988610 543982
53150 730097
817062 701955
371752 707773
117445 841193
342194 870665
638501 514240
9909 66141
463211 75150
261005 723570
393446 646664
915284 270641
48390 906561
547202 488289
33024 695490
640066 588313
688451 78769
226810 575973
647357 193907
12076 590191
200534 351121
703377 619862
732227 546512
976544 296234
560339 269117
220538 314680
490702 834655
93339 390002
957637 702033
913442 911548
159066 520398
16694 345013
940104 174741
185676 231504
25693 945321
863728 629795
766517 998753
772198 91874
686461 676164
972191 606112
212343 205441
785539 336719
8439 986738
17636 951855
632180 135194
864063 715067
680706 625841
519216 779255
15970 253816
29602 761282
894344 150493
203397 161787
552360 218105
573879 548055
180898 775470
560554 519503
906498 729898
423180 709102
805672 233797
43267 552757
138543 640054
460583 425286
981356 947737
834600 588706
301258 663154
87370 308762
929011 678348
330154 895469
838054 886390
562939 326005
744821 109299
716358 756601
268858 296606
701299 757341
228663 356701
404992 170551
7866 762932
208092 779234
438396 115338
773644 342765
556327 729535
91468 223294
562295 750505
25324 198398
353134 440722
53971 413191
105432 994019
858876 409142
870693 82633
106881 213933
826460 548225
984232 570356
54684 113457
600007 381878
883981 515356
374699 730362
691497 582864
467720 604813
806896 14557
761323 18592
925909 34372
220641 57730
28275 532486
356871 713522
942518 944109
553372 150311
391273 460216
181177 572091
999129 724365
189025 602824
153617 511206
102125 493115
452980 538339
745280 547094
709284 291314
208395 636579
247949 806323
162032 969262
687497 1059
547181 813606
309837 82221
757559 891509
893684 470106
763692 228381
187251 326682
857328 369366
476519 816532
451910 452864
855771 194914
317396 69216
216271 440613
775950 562097
986115 559468
210497 150300
630224 555026
405466 229056
800720 636352
218763 280174
736278 831374
532266 548346
910452 458679
787115 984586
766153 751972
625796 186565
547219 753036
767347 896857
73117 68281
149921 150836
72815 748417
334214 478049
565806 12172
981335 355911
752346 346080
850906 19275
351052 12187
142401 329853
773220 782965
417594 587555
741428 694370
76052 446681
993713 346895
201856 930724
350478 548093
247862 351880
408637 917653
967331 660016
581166 440872
305241 599540
422034 883818
617221 417849
21237 711361
607197 586983
547320 530212
475453 180520
604935 109529
871730 944283
123800 727295
294353 669262
290388 890626
60075 223541
59325 399337
835757 878952
638351 858639
520275 120059
197563 179210
127356 784223
446951 279008
431967 925898
53364 783471
36875 366830
504210 732123
244999 703469
369034 704689
646311 292443
119823 633302
589830 597033
52850 143040
921388 814248
149895 152795
876214 936361
384753 725068
7371 789567
548042 186219
543103 590574
862479 498494
93236 302331
172560 530614
755288 540416
663994 788047
54608 841887
627067 860788
359680 94904
688930 828546
660362 286122
761302 658393
422353 320601
338422 208194
644127 450732
631643 61184
665326 998312
235272 42456
155809 706934
606214 413684
216983 25913
223172 408971
45500 501852
393174 701797
799195 386649
505568 719261
560857 407871
641352 904305
824222 53972
314547 267463
850928 936407
657919 925898
459440 87283
128298 965967
869029 637517
523935 936370
813475 929860
917993 634117
706697 455533
422370 80451
450717 418183
682774 659467
246903 378942
938565 75506
279512 129373
55495 801291
608894 266320
731189 819379
781814 758384
54220 710437
369987 787524
372902 551243
995156 995360
515868 253435
66522 477729
881945 315240
535575 310046
565670 992990
611128 751446
547352 99526
389757 978286
376173 864057
2456 198983
272528 773918
921660 402041
566214 82538
628967 335766
339541 506904
411275 154680
897503 861222
410983 709586
603142 219506
422543 712903
42307 323897
55197 866116
141625 543354
513987 507788
149293 162140
30192 628844
724866 998316
69351 748301
401714 384508
415508 79157
184942 702944
834394 280921
659426 376816
19920 369142
355351 763894
737441 581144
840821 865601
647866 904522
722018 662578
288358 392594
167982 856564
921571 480922
55330 418448
153073 937279
855852 670855
706789 722465
822495 377793
217109 156479
160786 119703
502147 189104
352580 94303
37320 968451
676497 222287
958615 370218
604216 731412
158651 607729
508619 256403
32090 739802
202784 873298
333256 653283
895100 490323
877291 994746
65406 233815
910310 681746
315975 501555
227745 914486
42769 541808
253256 123522
173590 383469
848304 189890
499144 980868
555030 511877
422875 737556
892900 860317
98887 854526
794613 676941
491676 475925
131985 148831
739463 827788
328209 445557
669102 274073
463789 850866
154041 839260
53955 726583
639781 146692
592548 917344
402268 164764
536077 855778
417891 680300
84110 716876
495409 861731
932067 590502
457854 368134
752938 844838
155234 447715
110551 558639
874227 660961
412148 84949
625770 426803
717734 376186
665330 975988
316850 114720
955291 239636
606350 362734
921999 677718
234248 780611
462804 555659
611563 406967
612687 740463
616579 437741
545279 244210
241332 380002
461231 406785
429181 460789
369327 745011
4892 857550
910995 845696
255061 337609
475002 141307
9861 468843
621924 274137
481928 220853
394959 106929
79845 111168
456942 98872
87785 770932
391748 991455
726502 124638
572879 337661
235420 470556
271893 743059
374972 801359
662771 813401
423417 398854
106880 801862
545761 163766
606388 844965
154865 239024
474714 777132
249569 358604
875199 503313
497056 583561
761845 100411
466070 79447
963420 344300
4342 22486
688618 47364
243644 44260
841081 215233
958551 143268
557089 128949
733800 863369
364273 166102
577193 107840
156678 895260
659834 259448
141289 170336
623829 863576
631377 350203
732779 227006
930243 694989
969218 322870
77962 530934
162810 599154
599711 270537
566619 192371
350891 708181
810143 985014
914794 43059
396118 378956
983336 339373
602216 497201
214841 571451
19108 336812
614970 43837
360789 867502
55134 127655
929046 564241
642626 564829
951332 197392
985997 174675
826513 713392
626189 677719
464642 784492
600111 32060
213474 888875
482154 764916
408455 938791
479595 569122
97698 488398
819487 930310
442201 880766
542568 898266
823846 237466
208735 224689
67929 248485
5599 536488
556035 703206
246114 876440
965291 902928
152307 748558
375599 105151
945974 42333
413766 980081
574548 589754
986168 411133
394380 745825
386378 815290
685969 129326
442059 340372
412356 930934
579707 281752
368707 142973
129262 509925
897017 840374
889350 809363
649928 763316
831749 609326
309062 833203
255162 638931
449699 995816
871114 999669
454839 43683
927673 295266
390558 258189
525055 733080
452996 548597
990367 293935
45453 317717
472760 567672
536867 691336
453138 618364
762743 76383
204299 971982
570123 843792
192476 802840
189181 506991
818920 736365
588362 738446
909631 255811
384139 375771
759461 95466
186315 259740
852601 984832
835081 904789
315601 895835
352310 488473
624658 342287
154584 505154
471800 835105
848100 359873
714806 970569
4192 411850
267083 325930
116184 682006
99726 853907
890233 611724
548921 649400
471259 446587
67000 417956
189792 940189
518553 841237
131789 53705
226082 750360
724958 309005
342995 891262
82404 536213
768097 506350
41017 88348
821993 318590
463127 568947
3361 269138
173033 803419
649246 342302
635754 769001
534808 300857
686116 898549
126941 999268
856996 314274
453637 188899
477986 858309
778591 875331
819233 368884
259296 730945
436498 540249
792283 608243
616657 931970
992469 642827
738317 925073
689027 58471
775074 971954
852724 645190
181937 216903
132664 383243
267037 70035
909984 471946
923828 570629
656409 907994
384732 921556
421863 577164
876347 658683
696616 437609
177679 719585
985181 443694
817602 185810
549608 857800
852562 978466
290661 763041
942059 757017
19059 615821
693184 528586
971780 862496
589107 542769
897349 79114
23262 127084
950944 790791
183882 710124
507002 310028
161515 656214
576545 763975
320793 162783
435455 522613
537998 879148
976522 136538
882393 854779
229237 145782
933716 550337
296692 354755
963489 56496
279316 998506
85231 275333
958888 359939
732635 848540
625358 563836
947616 603675
834885 980754
693564 307581
191635 62355
930568 164504
695654 498768
723150 382749
384018 570869
28435 827584
424128 858746
772711 444756
978135 241156
525464 589001
984445 122796
912778 560730
63641 316229
17176 381609
789423 828977
362243 767853
67735 37481
75736 945594
14295 391405
801718 131231
249560 774394
841536 798655
297419 295516
125908 395300
784743 106477
108175 689626
675661 975812
315756 883241
308355 963009
596322 964586
401273 305490
431474 521423
140655 896923
686196 161551
454751 505396
499858 510179
765314 449321
462875 725350
263405 29603
140447 394878
69088 1827
294707 832196
156313 638401
730022 920971
719622 479950
411062 384180
421247 757296
576584 699580
938442 608042
408738 949511
58839 96831
639808 601051
722733 266246
120799 303592
652895 316008
318186 157774
760648 334952
301926 240585
177318 422632
892136 432835
548509 178
198891 851303
329756 122370
90554 823346
426104 31714
982247 555554
859778 58836
686887 802098
294263 242010
473959 851220
763843 51313
124014 370618
184984 639368
623152 770058
228897 820723
504019 121262
85045 987479
856217 578315
268300 695380
791665 747291
711077 957005
651041 987708
43224 38416
24267 940255
708848 844889
488896 234906
627159 863736
18762 872403
304153 882172
291471 171696
574164 217346
507734 887032
204908 951217
756908 989357
282342 692451
493168 968498
402404 290222
1882 116626
985581 452126
95362 557943
50315 638105
770761 490291
508187 989980
692050 531737
535967 705223
913746 388254
566362 27214
342455 900113
981969 801614
674582 196317
331883 935618
494189 481
821378 602133
727771 433153
467436 327104
910416 922192
133753 981568
918877 759921
628152 962814
897849 66520
904527 46262
983109 418384
882791 51187
398518 584370
804276 38182
722759 926480
375660 764280
110632 374035
488163 890525
923891 2655
110001 532951
202822 138072
768978 692399
446864 604782
853863 808373
394758 733335
689760 909412
762483 825892
167770 974989
615744 985466
531944 307098
729910 147009
784660 404442
558309 856627
916144 296920
44315 686117
821149 676564
689983 777496
90956 662846
466831 574278
313206 576489
919515 965304
654619 65310
881329 325888
112431 760306
741690 405091
727334 167396
261483 477088
160510 461008
90340 197493
363478 948070
999039 915423
666153 389192
806077 167283
198312 558136
630210 739080
895148 290323
910974 778335
827045 544360
810536 830463
362987 806234
107658 982653
762106 903454
958375 844357
667012 714857
448616 964717
249361 641075
276507 37891
834814 563595
150909 270048
231287 357775
567429 282758
565551 918906
583092 875526
2501 668928
702382 750779
144136 561601
276327 152253
22662 780726
303729 288891
247702 98262
965673 116359
527550 472471
546018 550628
630894 169862
37704 583317
852234 83624
594976 250063
625709 876598
690820 206949
558056 396425
171179 132922
568330 839172
255316 708563
573378 669080
940114 126537
244740 632711
718812 877408
805471 739958
247444 355460
185094 521977
330392 431673
53313 354252
573663 917595
267434 618533
682392 382405
974175 957664
750075 649059
373782 630211
162886 393753
630620 148209
65005 228728
896954 320682
561653 306730
806700 11316
932771 629661
349562 168456
703490 134563
159375 5424
939589 295543
24544 201552
744581 657026
826639 522272
957830 384794
374402 360781
458257 259080
424922 40343
120887 963711
460919 624632
310561 438504
492379 450721
168220 964020
126654 877993
233054 106220
29573 609749
961641 107047
93102 504195
17589 659029
703179 116454
205984 527738
323170 703939
8807 350619
586108 581177
314835 951368
860202 533724
522417 275586
516655 914966
883429 91187
922543 821588
338753 90493
937512 407494
365950 790561
21986 684891
831453 57669
811927 879488
989103 377836
224041 664887
244903 721240
173611 801371
962246 889821
879437 65911
75882 484438
333944 261828
844477 292082
444095 525483
194811 162477
446152 939618
823078 86235
379613 150893
431695 825164
527364 741906
622425 934781
771912 42872
311535 127702
489037 759651
451409 204815
284738 102732
56201 76322
582440 6633
325012 521527
227008 403125
968861 614620
996418 302430
125252 513391
652079 656438
787261 562785
549983 241008
717519 136191
885678 708370
471613 168705
839053 252373
397940 989076
991810 865754
324540 801951
400031 514041
983808 662715
214559 247499
538516 847112
849434 181122
325405 543008
965428 514339
510512 272021
986218 870562
932113 117557
363136 662350
616384 244697
260302 514057
526631 269836
617181 239619
804890 541121
378159 375745
163368 199506
312510 870250
281104 457515
871624 594256
232250 603872
422103 789624
814157 70592
999793 31418
651471 369097
16639 690833
524192 664798
939116 403840
827024 490560
700859 770738
291755 362405
98524 107328
345890 906585
811275 229301
798527 262571
513094 439579
277820 79078
284906 757696
256002 683298
321883 390248
514600 228632
290229 836375
240766 766644
688233 947023
789071 147556
643555 157170
434321 680035
559504 741597
753129 315761
654825 36704
509962 977256
799311 720461
375277 980942
484212 600251
494007 255363
490632 138635
649845 496879
53060 981874
10112 94195
699972 551488
777519 378758
657997 580007
974481 574489
122201 794663
775842 851015
44334 953533
718871 531790
630915 195004
897196 366723
491467 17503
198278 145260
714693 214181
711437 45634
465208 628870
735210 19478
899497 597095
57992 271780
122986 62206
897868 241031
392471 180389
516532 84946
445720 437404
396000 726765
616811 880412
551585 374295
839078 457906
56203 758445
777943 648138
279307 147619
436757 305961
846399 762099
839665 189687
236831 79107
461599 549572
667613 591453
590232 807612
807326 158830
950279 539057
102114 974549
167471 113501
488549 812811
457341 997609
670230 13278
779511 979514
988324 173612
797358 259983
829829 223937
723633 723199
978864 691785
398252 360458
971897 825538
795339 934568
863234 339388
139369 454616
852884 501757
957865 943672
632112 197837
25102 951802
586275 11122
332455 104971
97183 716176
385958 778799
521316 497966
103532 633062
758714 772481
670269 318615
827802 290894
89895 380245
925895 633303
425825 149013
165718 235749
923547 729894
98995 853583
790335 303411
970969 174672
91543 978323
690555 923164
205365 634700
188170 685348
395155 205965
806081 387143
32503 523643
871373 207584
18388 904792
471329 142994
652559 701960
387739 827691
669077 453327
38775 695598
856574 236134
624287 538017
956213 371827
225184 484143
571590 203033
501492 495745
338888 869247
397322 114742
158313 624941
549324 871915
624539 27596
468430 866620
272294 240772
738924 124751
288422 382488
959053 983547
443784 788241
445456 808779
762394 969313
514990 329057
807992 830682
814178 919699
11025 625387
730895 924579
821691 356310
419456 106360
405902 35626
190157 457925
192397 62138
871380 131938
127124 716995
575619 446582
258275 964717
453378 42413
489147 85045
947184 648315
919369 135235
786030 573587
820982 468588
127261 552484
997525 261178
544509 903863
597348 473259
230421 426191
913740 180741
54111 254929
880517 609398
617287 31049
299979 7904
517521 99298
839761 934535
748051 714294
843039 227747
264407 269481
66164 556741
406816 498072
523477 943244
746103 310546
33908 473509
227202 764841
853805 47853
979640 816112
354514 947006
996349 212271
673033 615805
7543 893145
531866 700047
771619 174083
857490 401149
326405 463675
383191 40879
91397 269286
928474 977340
536343 365607
166382 435849
615586 207166
281127 635157
775936 518714
794396 676043
580045 619851
66763 308520
60176 93856
696277 351265
867760 246507
938303 499325
560661 780198
529674 667258
314775 329986
752744 734988
108456 857986
461052 158689
958900 667258
133286 417981
236971 347645
149855 519407
152440 792498
40715 260660
162999 942035
56351 979492
186880 680023
260806 703984
314819 980389
794408 601073
306678 244207
266305 135518
608105 745383
676084 354242
902912 742589
684539 87909
159237 99443
384860 765265
224631 853181
212102 375462
87205 634844
375525 752098
321398 751942
367939 814366
731765 368666
150262 159360
632436 999790
651908 398905
67491 951408
265158 60491
710717 56143
323736 156040
36258 130369
467770 479538
841574 364625
730503 615809
832807 439265
446025 949272
240526 371557
577847 622467
750083 773520
304174 705380
585772 682294
128103 60607
827351 573510
195604 145596
235251 922497
168751 336749
597791 127132
475301 905302
178402 810403
903637 227103
558676 87255
953904 653317
672183 983077
993702 780735
281330 692123
812744 697575
330816 52837
867449 41095
410813 4409
878818 595681
667636 655794
80641 384017
420095 515107
754565 130142
882 399925
625134 528190
437601 658811
660353 512977
483170 538862
574606 161390
208006 879911
634031 98967
677668 464416
545705 352932
387472 782332
655766 440615
62128 346605
345392 5456
739242 859332
790321 815940
967976 49604
205858 413879
723004 550236
218174 65177
462274 164027
597151 635321
42366 825442
718537 456722
554710 974842
861549 741360
529491 719511
132023 789795
495447 12301
965410 66692
878127 903551
216746 611627
532228 240391
976406 345638
597717 297311
739664 519262
50215 434674
198922 883082
445769 611758
956230 892900
196327 908120
922686 259614
435171 429990
809659 452294
567742 962935
234634 459991
27202 937168
309505 451136
437512 275548
86622 874423
14692 847479
148956 371718
726383 366227
685894 99876
266733 978405
608125 298071
704522 827568
932743 156732
667982 283750
606347 938040
742528 750241
199245 601640
741580 893558
522531 910582
32671 346299
293077 211718
404175 474313
297233 475791
420106 574047
621759 681103
591537 600718
173819 734944
574224 72641
911201 303348
230037 917997
879926 35200
854436 414130
456196 935308
729218 945315
458889 352926
791940 716195
353077 108792
592379 29457
136493 615730
595272 311031
434431 172226
948954 29619
140769 290617
181210 136485
337266 580368
467796 315588
551626 112378
615352 779874
653385 669700
712631 972595
118871 742997
663635 956046
521348 308458
584962 813616
438319 600993
297336 778666
746463 159972
964932 550221
782471 688102
870844 560296
139204 251750
451672 281787
662992 91066
902030 577675
93619 753004
496790 65679
158805 100585
230398 977229
167294 666131
767916 381651
717388 35457
447444 337013
546245 305592
76716 753274
859338 156364
132713 663486
466101 732318
502384 627946
579769 355702
390538 568836
200096 350670
560566 699918
626843 856723
260269 249440
67928 409232
702598 395771
760131 374081
554722 277340
303649 145700
147401 374466
492263 408186
616364 651599
848126 368483
23515 755506
622807 294315
850808 739227
596883 696232
610934 133321
582384 256862
431115 198072
540666 752036
424715 104373
9306 819358
32943 763272
244819 533011
61031 628492
520140 559772
799988 900320
428681 19081
640114 813747
508699 540050
902398 553681
198071 469152
45463 683
884778 235912
216405 779719
113500 575033
739469 707295
262331 954277
148652 990930
114041 504861
38441 440477
39693 710006
720624 991217
944237 138934
538200 876768
814286 85156
261434 480717
999767 992152
748602 200216
90952 844102
694824 671795
692647 860013
219503 611703
998515 902016
330285 385067
538128 130647
504688 309829
715394 684312
758640 531274
246826 809544
613719 649017
139937 647605
789656 309848
177813 799310
479857 949239
712133 583751
146859 958435
332701 615322
292318 79652
999241 64940
867223 610329
726139 516704
114908 898787
487336 296853
780005 882311
821252 868056
907759 901604
974338 127465
4080 624304
632015 180224
781238 455743
783677 946235
656796 428988
657301 60977
82700 830365
325234 98661
923183 257236
148419 786483
5173 766438
850072 834922
897226 682949
699564 558252
783787 586831
613118 737136
597448 523256
930855 165764
774409 621710
206593 687145
325109 61217
494243 732289
681954 183756
917740 351401
561069 827578
419784 854625
338124 546403
29638 594086
120450 927406
833473 624640
777689 439217
669109 450200
382040 769619
100546 498520
39406 294273
833167 503223
449323 848396
783864 63059
782491 281030
656809 537221
756211 315388
332365 188316
46933 299986
920518 601272
589315 491706
993615 422736
973914 44319
299980 512142
902283 251169
42214 882879
990975 575571
815927 654629
843896 437961
760728 195341
59720 741063
315893 54679
616924 235777
953520 848419
334280 560778
988536 546128
171578 722302
744870 295831
529022 281652
857785 398049
742585 690235
660897 251775
884502 987231
916980 753458
647635 466928
410376 486085
518833 430720
725376 556925
660404 128280
571176 438934
124410 750462
753199 977481
353647 738780
265886 200881
356002 298816
104149 904170
236926 790020
226473 640356
394421 259631
469507 268733
453986 215265
410681 968908
279768 303253
626467 662993
907288 761084
756375 898468
178652 317677
709650 151657
93514 243090
669426 660280
180794 69114
396288 939439
839285 563809
186015 52089
544529 454332
711574 976264
327589 962062
540230 116407
702053 203612
703783 244018
392639 15043
951470 412006
37758 105920
577625 78105
291598 613053
709918 854577
966355 74383
207849 793067
116383 617802
345290 19721
105403 29340
727563 402455
97552 841253
157016 790648
367566 871921
757619 269113
431467 137612
75288 63230
163532 963419
747296 824429
518603 57577
249565 895343
619896 332239
780246 909413
276576 398471
169458 406830
943536 728374
130358 356196
228041 144270
982620 29596
161319 406306
331459 149618
902260 83640
922440 893693
733151 899937
277608 641507
210231 270219
544459 903470
289650 732768
619409 890999
768748 876044
346459 535457
108418 233905
598705 120570
182564 626337
927334 519354
718319 117132
725569 720409
5359 156907
670645 383149
38144 227947
69194 437846
540520 795145
312868 732365
825622 427994
289070 435556
963161 147739
398902 843340
708167 155572
989483 283937
843607 504482
432551 921737
474914 96713
858777 78065
999081 811639
669523 289349
236795 788141
114891 908969
507132 16035
598665 758772
496516 407527
354358 260855
495339 737430
334838 696786
992192 971903
352385 586783
282368 789572
389351 161578
822788 589449
21367 579806
876324 441667
855500 156847
656145 28624
24699 385392
188648 471072
787349 370040
946418 291781
260206 50068
977932 434923
203294 258290
362435 870776
992474 812866
196498 886970
570294 353416
716234 834063
936951 242308
851158 708457
738149 81089
278177 548154
358204 463210
697707 222442
794215 165054
503302 815515
371120 518010
230590 763770
37724 82106
616028 80563
785851 93165
999513 885450
193525 590540
767574 121954
876333 290624
849132 482645
872649 391624
742813 185300
555676 548537
289546 480590
823145 989816
871147 154794
691306 356203
282091 843427
690394 43037
654852 417279
271662 137417
410706 372321
370365 657664
339732 177754
234653 729366
469586 246083
634645 625710
585605 146005
349390 38781
993814 638226
722033 150426
13641 857299
321070 661845
779573 894077
22386 852626
451617 667824
449215 535012
253611 800696
433145 172558
334894 704196
638488 243088
452319 107292
226906 405328
209113 585133
285297 166468
794369 39967
125883 471416
826230 817276
263898 255697
837687 591665
964779 328359
273816 30036
859032 902869
647114 419453
758716 171024
138394 240247
93648 646830
724975 965959
136382 176660
574438 120595
524495 830192
262760 167034
80683 108475
72016 184232
209973 526057
741278 998572
274041 345449
793623 345581
32070 789589
932462 5127
278459 911242
975724 215254
752826 787588
668655 83232
186357 741078
726412 173081
546915 860536
186848 224226
459858 44595
930628 798701
183969 613202
976851 765398
121011 410793
910360 570331
337218 117898
323551 933585
781412 24932
740014 992598
747654 511562
728075 917648
214801 545693
557557 530003
199860 483097
174721 796999
728865 95868
615791 821034
816340 556560
272991 114220
948674 396955
480599 876797
382953 828819
489849 542450
57289 574317
626319 89184
3699 129917
480320 307793
833346 645350
851983 748118
5356 376852
750387 140281
580960 747484
599991 296837
773949 650338
688611 784306
425342 178298
634162 427704
124603 760898
607039 601307
75265 503067
379663 54416
416781 901851
254874 965024
207725 512997
557120 351595
107425 297058
313689 663490
678512 569049
126857 117075
593180 13701
16329 750255
65397 28605
330749 386389
598962 712694
133016 48786
284866 538141
528144 405089
907205 436726
258386 758718
932091 166845
667522 298692
244267 441694
735582 611054
90686 759248
774662 270909
809378 45414
285800 187035
541904 944012
513680 384260
661473 685942
181930 474403
715424 638407
99546 432968
433525 408803
396275 964182
80025 100928
701417 784635
336207 713185
235128 245919
728337 107291
699965 941026
505734 265177
368821 271714
991649 124459
428246 492415
229406 79103
902221 938012
598225 934128
14063 598437
997813 769323
174783 378914
953332 921275
883925 460595
429935 356853
672039 768929
483151 231609
725367 811855
215650 77027
746206 887814
584477 277145
835535 878242
965208 277910
557376 766952
893758 377430
408314 23911
83591 507399
886690 455798
856668 107805
13321 333503
420142 40481
960585 462077
463441 661958
908573 602458
498675 110209
474521 44128
991581 741712
975520 351292
337124 465245
40359 391762
988826 603670
456449 407603
725511 773165
279748 909961
336324 70863
58147 227621
959877 831565
553041 758429
707190 515741
98454 649961
206780 673351
101166 329789
249710 572563
178412 148439
73714 264231
665723 319166
606582 331265
923343 840935
730196 375550
573856 235364
586834 247238
509785 343381
77402 195744
523146 706960
348854 129567
209892 44084
533770 404355
923732 472796
806987 218700
548163 636603
917670 500306
808060 156228
719794 975064
614639 699386
930637 527939
413032 901227
385206 152149
502159 345007
268480 509241
903987 989380
5984 377477
904100 871763
884289 407740
574350 667867
813618 404654
529935 331994
115555 573662
468030 998315
56895 137962
291937 49843
350935 38558
521898 788089
591352 337668
557020 663082
473977 437031
880674 50913
360188 233170
519855 505562
440729 277523
58819 582089
775111 674280
559709 856071
82970 478670
675062 744577
794589 899925
544733 758979
740861 447
451030 508416
869634 795102
145905 898372
940277 554602
522213 496907
375091 648150
975247 143216
878425 748853
939653 997570
179313 700230
427951 68309
433994 955447
251958 681821
383880 960924
972513 27212
298657 162390
35949 943180
802777 204314
343377 935553
180469 499231
227972 258552
67307 385750
202031 132477
820191 219609
955456 185469
480648 438787
626390 5186
777744 586808
390398 281622
348772 51128
681551 219138
771536 704474
891562 52669
945366 171092
274639 916971
634894 352460
55990 495971
93766 347206
209444 482076
708767 298632
831899 796714
624780 746098
956889 841311
716207 823363
387454 605890
94225 613173
950417 577243
626145 390026
353362 165833
658843 552923
161846 960516
379723 534656
225757 857464
680554 288788
537597 760636
441320 139723
264225 512526
574500 413460
592895 337780
892380 452621
545240 101111
70896 801617
995087 219387
87682 929928
960399 3630
182854 219653
59784 395099
966426 474429
473065 870952
585121 626528
122025 733784
104675 81552
688960 82090
300312 331327
42900 872608
995318 538969
305210 5000
984619 314646
441576 374160
721800 611891
386437 776230
843820 44232
893993 743581
993059 194078
680241 116053
301671 827178
68343 672368
284012 797843
720740 867778
989009 931674
987397 969508
648047 8247
283340 737215
736378 495237
739914 836812
679755 472840
663985 389056
151071 627209
774179 408738
790650 64808
620838 714874
949548 884836
174688 687612
17763 620883
970800 523873
116759 740747
182179 769585
600368 663956
139936 316160
929983 236746
701395 798096
294047 735924
870035 543349
351465 311930
271352 972740
165671 428781
599811 245764
674428 963523
96539 408169
977566 270599
589111 478062
244569 961431
37694 653000
672880 578024
44524 694113
458779 999203
377908 397925
392538 954799
32327 145131
940378 165929
678833 473164
30787 948096
969537 132394
449611 382021
428618 146384
474467 643223
268722 901152
503007 772143
135838 234494
367625 65671
968348 922150
91948 673179
420295 416157
477333 879511
635573 685453
703314 691093
207729 535953
495094 865139
268122 973069
395328 179337
431906 368754
299988 587119
757218 692245
235448 995676
345618 153659
739936 762792
426666 408074
727914 987337
328631 553610
176279 645712
745526 262232
769259 408275
581115 956229
14621 741527
931073 244433
702822 811144
360487 750704
985372 376321
605037 21290
649310 799985
502334 571372
918297 960197
949573 552530
822113 540715
949709 816141
238652 436730
171414 980583
350682 694632
928396 579117
46330 1546
606172 981690
995189 778048
185277 902666
586979 120915
917717 305040
663074 175093
64799 935471
110145 282867
177728 34268
179075 832243
842334 476778
598187 356253
92932 57492
984627 319352
351065 978070
574169 387250
995224 740344
880033 220874
329304 757521
13922 535275
680030 232940
638575 676378
949854 103646
552561 373096
932346 299290
611064 670929
876286 342391
522530 253119
220634 947298
796564 191589
370543 441852
343486 45372
147759 92772
138030 737234
329552 968448
811962 469748
145337 551284
283667 841417
279659 854333
706143 680445
286390 501447
311545 337121
811594 796857
432381 827492
88977 747478
123526 604658
254614 289851
865343 137655
857764 431062
94330 471532
420373 160059
42852 94744
223847 949941
257096 144580
743340 129012
635844 140091
510573 188795
888387 140697
294669 514028
162175 713549
787901 636434
406559 598958
755295 835262
870046 917844
73836 915496
63112 301637
974056 560345
625969 291941
429137 182801
179361 651956
664536 288404
499239 409391
427437 448955
370985 530558
183426 307779
973385 814991
276745 554203
949103 577678
183002 392243
273580 283279
465810 340621
114584 117400
352068 562991
484774 767892
255816 781849
146878 529757
473721 517890
752977 956531
139990 253831
466189 220176
249445 937006
399630 461775
138968 229300
475289 80403
954120 546493
440721 532705
876575 441667
398159 417457
265485 743200
988870 313830
129922 487823
961485 639278
844 227278
653208 979727
730909 705895
590863 70906
76309 733300
945638 965705
201860 747643
494106 733738
343604 287919
786044 337229
988979 965233
162634 813912
421742 975106
618478 164060
213476 403358
513686 429978
378515 393472
671469 478900
980852 622640
319355 930445
959659 425830
519204 977142
255078 636583
230857 168508
865034 509544
354232 957690
729917 641920
599924 540400
289507 880526
826705 135157
704146 467777
527901 30732
492558 470658
58143 850874
630579 931953
296435 873886
374424 98002
891021 279241
550969 399898
833654 909362
208970 71667
927471 137563
793355 716666
106310 468297
610562 420139
21422 946261
978752 105481
965906 516460
612885 378865
569316 988938
739864 379017
126970 638561
37322 847235
515385 426107
722584 15292
735981 211888
155525 17480
620487 90473
715931 415781
753143 294572
878520 810151
968317 691457
841654 755571
370805 77512
540674 847724
404465 445715
948923 577450
946366 355708
900242 820075
332295 851538
179415 878577
46863 375445
844996 522545
118347 25068
37890 105701
322825 999660
731655 477707
703137 334376
265251 557338
339476 908348
572311 639532
695930 428623
795400 654559
187974 350902
115561 63924
217320 751766
809285 166507
798805 839057
607862 844198
735195 53664
607756 963627
625982 426140
955755 523140
73744 386020
388443 474539
393529 809345
873476 109618
804968 92084
403887 8280
346841 512247
733141 51455
216398 347766
493578 634476
892180 623103
749382 155633
483603 922973
394262 334296
918443 488173
290039 818890
357136 249271
304019 747026
201554 192782
108734 42910
394689 811367
763253 123309
871474 369885
351337 733165
910140 779565
138896 310274
133807 865712
795983 766276
280301 368456
781791 106175
204891 689981
291759 904507
795568 947341
222286 175124
364066 573602
126846 86642
385192 979400
277537 797047
627642 201500
155826 67353
481475 865390
824296 361229
715517 426912
303793 426349
215087 197876
11498 291298
250485 517313
782896 943431
274269 56648
985447 253451
560186 19863
274987 210550
527015 84456
500746 246144
604190 519463
70648 233800
884976 313755
37065 1090
872877 768632
658972 902306
843222 393002
216321 771898
105354 980144
819891 75859
925882 723148
833667 705403
414091 450463
335730 690665
211394 246313
552961 519703
56004 460913
374438 779886
514394 185014
306065 809881
174068 781416
182799 31335
419146 762774
601400 483929
403105 238026
636216 728246
532332 283980
166341 716273
382972 825095
149260 716613
395774 814841
195993 186788
540379 455879
126279 312442
326516 890808
11012 234613
685946 374574
389541 248117
1174 11604
928669 914003
216817 396486
5455 3405
942029 717445
195194 190412
615053 817656
971640 86750
921488 681740
73651 542381
270351 151154
349811 752468
164138 446568
662069 756875
167026 549869
173224 325572
107383 832108
399819 595536
694443 317335
976282 764944
671160 745281
786470 63808
625825 395789
578178 339924
365930 17786
921865 304469
250457 433200
791509 785757
207918 516731
288133 80851
694200 615740
665858 823231
514765 75100
616679 107788
718050 107601
669842 4677
556822 336829
852711 818004
17004 739438
945387 812910
333717 607363
46190 943071
845238 472158
128745 956696
729356 308928
781043 585456
578705 898124
539949 599978
237327 637661
475090 851746
998449 897121
708261 376252
864733 449568
924719 593935
539940 510952
820778 391094
820099 465021
409585 686429
680840 712694
805334 933789
158693 391503
329639 12972
137581 529275
432725 35348
858245 759153
929070 65439
546705 338176
528594 451890
567672 223896
367676 339677
132895 10089
956314 723766
275381 941846
724238 744876
358169 1138
10359 846252
164745 295390
184632 85269
784766 189620
108034 461436
214710 404928
326683 601634
49178 57412
990303 294372
807503 202794
787575 490985
638033 790050
497165 339850
83046 362294
593161 642073
439381 355230
469441 610006
947768 864553
712245 702099
769433 338470
404396 31992
871483 41993
752789 287458
217495 243245
502169 682700
585090 928923
245836 317539
651324 852315
23810 874624
218768 614349
131406 490622
32868 685885
651805 78252
693953 892788
253211 290421
574883 76008
886066 985517
93933 773833
531622 376474
569158 799170
807573 616218
587706 294246
807446 140251
438514 843878
492321 280907
622354 603905
105993 612636
243218 612076
944582 958441
955540 147058
679509 526122
620032 559669
614814 245052
899613 344355
214718 876031
91581 904356
378800 66319
172466 101552
816428 873989
333228 627196
688355 4470
41587 168488
633359 598484
698714 139978
104858 448209
507337 121309
503919 756628
51783 390636
663505 907378
738549 469533
884117 98468
726045 977838
94130 690211
822129 720481
103037 435792
301458 489232
973024 77715
711914 735340
923863 774613
176296 701797
828624 892630
973267 741633
388645 60365
410297 628440
249216 235559
446006 384228
622250 575818
944587 800519
214155 105083
34886 16532
952977 427787
521584 145035
642254 182692
427836 221396
405619 165020
601279 195206
675585 388216
392394 576347
715869 448694
655602 633675
634910 371000
337287 227363
283254 169140
167534 681869
514367 842615
372748 170871
271602 597188
753620 367457
487336 121644
724869 224452
870919 987277
519949 179977
932008 806341
295156 397731
635145 612372
486732 36216
982008 826826
169273 216526
913784 948612
477314 203012
221346 732235
682701 358463
710940 477828
557982 4268
975017 807162
619485 361681
209874 328447
320282 331320
56177 50612
246471 643854
477234 245345
722751 808546
614709 827900
421442 545136
587838 623160
668115 240589
59986 262657
668044 809877
773318 948382
946033 724273
298275 868050
403812 873208
423476 341886
547904 144185
933263 394521
497122 662080
176586 646957
137899 253593
684067 787543
764367 747302
773708 893810
960767 994847
130225 144162
701800 414056
731590 120498
982885 177699
804050 924070
254937 496357
551811 910051
622841 959136
783353 525185
957852 920612
442531 522293
1492 741353
30039 339459
401972 390490
485632 665672
492529 565315
501302 439449
73864 267191
414974 288475
153907 694444
146616 332352
679069 993644
896327 33968
866271 456702
515081 741001
617001 541187
162690 682665
398926 330719
656702 228209
890382 700343
858133 550630
77678 870612
825154 865598
453897 990235
804560 384792
181112 169541
620459 786497
281663 570790
356559 182486
507603 597115
424097 877961
828886 577632
32331 250162
659500 31029
795914 478078
872031 855504
584749 435040
527832 794058
680384 71898
857806 635460
695168 662542
245570 832020
730644 234573
689626 869460
22588 348991
380929 173755
10829 860032
976357 679864
58163 356165
993172 837118
665846 768130
563452 853218
85277 602475
17533 878066
540137 288713
278133 359463
631454 371106
191942 256772
496052 414956
285049 987529
268878 623349
561511 268710
522505 173911
196860 299569
502984 548214
143901 354389
816178 80608
728200 720088
437859 2313
992254 656331
211402 805551
261788 464909
695903 21906
190006 21425
734388 993669
801962 974499
221009 362579
477371 736097
240365 539537
182254 235042
74314 961005
246267 758150
954602 448833
430300 86686
715546 812318
50719 770491
190897 942425
467929 687424
680749 735200
893166 81388
570072 660584
519983 7597
368311 711412
154205 249388
425637 329136
569714 304151
863801 543977
497430 808771
356856 309221
295093 937518
17039 796863
523989 845996
333853 392508
1492 315275
1829 588876
275054 782171
89800 125399
227094 421621
7112 59828
831833 44037
403026 693242
191709 280519
264067 793440
741915 536107
557472 7471
286201 967087
527630 406993
515053 255233
259019 450118
679874 693806
195564 649194
745624 815828
126262 878630
720475 75407
236834 344937
244131 394454
314677 808998
620930 233560
182138 267037
867525 760054
396125 130632
280891 877331
754072 536226
556677 160108
6400 960674
108034 406012
396723 978780
553613 935402
760307 663794
898362 661385
123766 392689
441895 976911
46997 37425
770573 870959
75722 796590
768270 545724
244398 418730
534993 374412
127321 970879
503873 561100
697821 447148
652681 380834
602574 46003
842072 453306
601959 97006
555599 693583
477721 255674
227416 198042
71675 836105
843172 351707
279725 152973
936967 956156
64747 915567
383738 622280
567794 129219
649144 152279
964066 125404
711264 639883
158797 964638
16348 312859
80987 632718
806847 250487
632583 507499
567778 179725
813027 438926
454801 902628
910490 796850
556712 175100
190237 862669
547697 169604
680321 906182
888058 514107
210477 455972
701699 53435
17693 871387
874767 149623
398555 421792
352975 623731
276049 24509
806575 905369
999430 964201
337116 755552
206178 137844
394611 673969
610053 479647
483092 740569
443790 250270
733481 769730
404020 479032
470813 758121
460149 852022
887594 787161
898106 932889
798490 16443
737128 296792
248026 303698
182306 406914
964708 901360
461358 327218
741095 350931
882433 846384
406037 462057
293642 812404
710425 487533
193725 946951
79760 197343
157765 201495
928614 112127
173107 92677
996403 742723
275074 268638
583698 814662
123144 972825
976427 896059
807387 326404
895284 390996
527666 636838
345659 470194
583614 400294
911832 214772
573097 329466
928604 393432
73705 789843
940641 963451
505161 729561
526007 15723
867109 192027
780318 3807
48685 395346
384275 312450
999602 212517
734380 416564
227776 297063
221335 767880
537341 790288
768341 355343
66489 209524
478514 207611
935547 532320
847463 477518
436875 870311
866110 635679
394040 560740
302697 335811
999066 598199
971284 982280
145111 94447
162218 815475
31220 504126
396873 931988
253053 12889
393886 526228
408797 609147
352488 396517
974761 561491
71598 241242
411514 2090
606628 506153
430810 572
407992 446706
46510 509168
371462 500999
178810 218135
588191 5795
992082 28149
691338 524490
339588 729837
83812 568667
360054 643211
179057 218936
567968 66785
138941 815111
697318 422992
836743 923850
244836 612157
628097 860389
628336 692789
576809 821965
257781 92639
41073 829125
205750 9675
285305 516167
837034 444960
925735 218271
230362 206210
342775 790350
760443 515424
281430 105449
959274 460250
626702 935870
873768 710515
865194 87278
544218 744318
112708 62807
965462 362615
729787 83829
516475 812665
825496 58380
955894 440604
465237 538846
75205 228859
89583 946612
452006 931158
73433 173209
98503 970605
60403 72586
580327 870085
69604 865819
88957 504061
474634 459665
665393 478802
895803 50381
19271 225932
218550 979423
807566 436850
344193 187018
180419 848793
487214 450918
638322 352768
649678 505861
34294 628978
913569 541627
447748 440109
215213 514313
297990 680316
493505 950459
904872 290313
860619 359848
775944 245839
708199 132210
587454 184438
382636 857928
762595 193975
246425 924494
973344 956018
378439 940621
319480 166438
572888 769409
19017 3216
391589 817646
478172 407677
349635 694267
54196 101724
632567 50954
488078 921113
903809 322103
422834 999248
954429 435808
104635 528510
910506 393225
814425 124069
893355 737856
663211 917333
476849 488224
569199 808973
981304 871894
149866 60080
833957 860271
115368 851032
777555 170810
466738 412722
832611 244273
879174 21492
