764507 348964
805854 745550
850982 363291
389301 815186
151159 414744
920452 581237
401257 828825
667791 846146
72498 732826
862010 358322
145002 101972
840175 112990
852994 166519
52821 694049
793114 828505
343862 807845
658214 545023
181121 839235
213240 414645
787318 324038
914035 541165
479429 453386
539170 314709
748752 15548
758020 282620
131695 653573
983727 497268
969137 888198
218955 185448
354654 272286
857746 284017
141250 68198
70452 603866
167991 828426
629003 926168
369417 780671
651088 361043
210783 340163
539066 802978
118618 935137
902575 705930
478749 97722
648608 696796
719140 635606
928179 698225
401447 192441
89702 103454
843667 779712
850470 162433
91789 291950
893685 23606
461671 985829
939762 393397
786052 525366
135363 394109
220242 651418
149543 231162
608944 536583
331233 193596
943540 21791
34519 897791
809744 694408
286424 31204
615615 102423
815559 361664
601992 755613
444269 57702
250873 410451
499000 165729
664277 523868
168737 174608
969494 418171
428202 932271
151741 299663
868858 272636
1274 704514
329990 843174
916813 27945
565856 506225
302854 356808
528322 36711
761792 641222
301689 412909
405550 580494
415762 903217
808018 231834
124292 52622
419020 691043
577419 530652
57816 124315
803729 175638
300381 298658
529097 719056
453833 872870
370930 204236
99166 467339
638675 678462
966806 722201
816385 915720
337531 414752
997218 794019
400669 100884
326774 534648
658357 47532
895792 662234
812871 994069
856296 784101
63568 300691
988619 666234
166536 446000
499288 28322
176095 428171
585909 692552
998677 818362
398830 585035
701180 497973
49345 254879
171351 233225
911651 657175
330076 557798
238532 931762
314997 360615
950928 41585
103869 602157
922357 325312
402435 928018
84582 862724
643322 401850
442537 800166
338302 338827
675989 967690
548813 304999
507081 682712
405277 705000
788713 230176
511614 407973
565513 903935
518974 839313
516960 157584
121700 842776
589168 379019
828872 666080
443586 119172
128964 148612
995894 190456
524033 547372
834633 247856
586023 460371
684172 136366
385391 405236
578629 893115
892132 835269
166539 670017
749965 270674
385009 925705
170584 254721
682476 638195
34352 311389
278946 774209
349382 539458
822663 611728
94393 468569
176318 430159
549033 578760
37231 375803
849120 476904
525206 41472
143281 7790
415 702987
341363 505376
852125 369105
649646 347469
786958 263445
132454 438430
745906 572654
589337 594603
545077 468239
275213 376558
700261 772342
107486 254437
829805 814009
637343 776662
661200 465025
190436 236574
32686 711676
506227 509929
302618 952155
896315 782720
303698 259841
859323 690074
629742 432050
2142 359644
362574 102139
740542 824172
508550 122764
868710 519282
849677 118225
774014 980719
667528 852410
994796 822061
870306 665167
494423 84921
200599 564553
777763 412512
11564 443275
737228 637562
111098 252460
864080 567782
583282 792349
272926 96860
199313 58851
426779 407070
567777 695073
70534 244528
353506 724362
788847 619164
936707 242890
853623 399024
437642 748206
147883 93275
366819 509659
180570 136692
94197 669295
292020 655732
198909 94449
280234 451066
952569 484830
147777 68365
82073 350707
814957 625716
690470 979840
543716 168409
372126 274773
77958 775918
298558 634220
656040 310865
580350 592474
621808 541946
56023 377530
26775 455148
963312 913499
676641 297794
574955 174862
857175 830532
946439 944103
951760 51840
839815 593900
185979 905073
763580 209349
257430 421855
993461 451043
661110 149193
59095 816023
585541 47972
544511 89504
548324 391264
57547 343885
884887 507067
478179 590305
181514 79143
247758 34539
935229 728666
873399 417789
192895 808533
129824 90359
903094 741587
495642 323856
785818 767261
211836 138366
536555 880300
798370 609746
235480 935848
223483 496035
261637 990087
451155 446681
957239 70634
344849 913102
393911 942164
318962 233610
172795 241145
254253 200707
999185 94228
841285 265361
880848 988555
962058 276470
850978 915151
338135 860804
270498 240510
714904 403155
234549 383877
698874 44349
152269 47417
762288 108431
541617 576717
693490 578370
168426 617536
336316 926870
559915 589143
8793 90932
134364 598604
713137 687889
217363 685019
830424 964525
481582 340253
301282 907441
544055 228340
41126 607866
219618 135850
365256 919476
598979 927990
525465 868926
510054 297328
85255 430816
427362 460192
623990 389527
807521 625766
855301 446141
738312 597341
870203 974362
354142 685004
955861 453058
847504 690131
577841 491752
140342 53833
507301 473415
818812 326013
203536 75722
304135 474962
187046 13320
811448 256341
72487 631441
726700 230249
665920 70524
916535 781609
867527 822991
216668 247893
621119 990099
194502 144614
837743 35014
321331 774366
195565 516532
834420 572455
672580 130987
690312 675895
788742 209105
338634 622508
907444 13589
449963 571513
919704 653960
128311 771038
151007 542780
325617 694787
19079 857441
142666 713008
580687 86157
506306 864547
318791 664155
591890 644664
72729 317860
187292 192153
449086 731091
98979 433586
25100 800176
837459 232449
296032 803506
760191 171588
359855 201673
872984 24846
763564 900645
319123 661613
110776 169663
971684 433129
199181 76588
524993 415975
230932 401287
8410 219824
375668 270275
279709 267384
980204 574105
669021 100852
686449 368385
30970 664432
296010 919287
693150 508323
534621 914428
740101 362645
450469 501830
972005 941103
921465 665654
333697 97601
679365 162231
549282 605674
378992 808635
814653 795829
114641 558849
169026 14815
547783 17500
924726 740393
952492 616564
73313 20582
77344 756400
771141 389972
149631 91656
483172 288314
814555 914920
512662 969184
577399 774428
876735 394701
623318 68689
453024 805359
223519 174908
275897 373342
667182 331497
290663 466349
459578 592186
101045 15621
663823 327356
244053 515578
912609 582815
644160 803612
734503 198540
391469 223225
719435 830774
703906 73921
877007 619625
251649 30839
798282 562618
492146 349866
323107 549456
834197 927222
113567 757067
556490 78886
300647 741664
473892 105422
387917 598333
40962 562577
111403 118491
904972 480770
671966 696995
13437 900695
723783 497542
865618 186918
619596 313263
996456 768227
972407 136867
565965 290156
904645 226804
380802 70607
412099 196218
485574 832851
711121 310774
272949 953572
448240 500684
363299 374425
789897 594318
806524 795262
635233 819354
602906 486994
864239 797649
291783 788899
419331 885292
354171 340317
119602 94576
81120 38176
106201 942225
931921 93927
592281 948423
793025 631572
770916 931943
3376 248457
333132 925127
566987 660396
654786 694329
119234 532036
610004 143688
617665 193433
582674 944376
593917 89145
794566 807130
923705 243558
35704 780445
235638 345188
378753 15661
726641 628540
542116 961633
689789 451816
570 482881
719149 179662
322086 391
692570 164067
612179 197640
102279 745427
150336 603888
268347 88756
401353 891331
95975 882706
744706 772991
655775 945384
801000 132120
304884 954215
199669 67044
898717 341214
743257 916332
397933 70944
168875 94627
361940 226647
481433 161190
172138 313135
674282 368965
655013 409580
631362 868966
789349 880766
495070 673583
468309 233220
752365 787031
944061 197416
199643 709565
650370 937759
368958 690589
976772 678315
944746 978758
387765 312192
317615 981522
326994 263045
460996 496820
99254 444895
474066 141198
205082 700049
294953 104884
543521 924160
478321 425549
34155 787955
49011 848047
966170 203238
447531 474964
510 170378
347899 636146
591264 414803
909569 743271
199046 215211
672047 527503
233084 893342
425923 77901
507937 286828
188001 778437
454711 259766
109134 931674
518660 394898
732775 892116
535395 868117
697153 581202
776048 121239
961231 153530
445148 376035
647013 206090
300249 21175
199035 825782
524362 485174
847436 94290
629381 92797
121232 245441
192655 827507
690789 894450
323917 860343
516834 988097
625777 400270
266336 320930
548601 14401
973199 732637
643454 891048
520912 724994
67007 565318
982580 873618
759432 423410
508888 515692
949009 667135
744387 908877
922066 13281
67637 240710
749998 659336
36438 841037
934053 949566
46250 630313
46141 597928
888519 350887
784935 847101
186516 405256
190986 203315
70448 370925
692830 452941
713917 428423
383595 744538
494304 479773
483301 229765
251102 874483
115780 73307
442552 810735
538313 292605
729111 399938
715502 774607
590256 664616
564162 149356
88753 415754
219443 750442
537375 959931
459697 721267
877525 450192
288292 400383
769078 136747
960555 537593
917579 22562
819433 437251
929360 513332
930572 158440
960277 606217
415578 688933
620426 460193
571506 182648
980243 925155
32941 489553
929746 974850
26202 790631
509025 821803
858325 698345
305073 669956
801795 724297
466043 504871
52613 487058
173339 275406
523761 693437
275963 612752
641209 293346
642881 212407
839544 730192
376555 960103
880157 470968
2594 9243
835554 762283
775276 143345
594933 495929
870351 734411
142524 290875
40811 604910
143225 978869
72635 304994
304599 791129
773780 939743
291917 986239
720594 303002
102170 406442
756456 773589
208146 283347
263022 596778
776600 328665
743164 971742
579399 173112
291496 959496
977848 65069
673803 573505
701983 673220
842392 666842
50062 909853
302342 564614
953898 294655
446477 776535
622487 921573
544147 321352
135548 917468
452399 669804
137572 416097
990090 726612
483606 675136
840328 416317
431033 965396
352806 890834
427405 963181
471403 558989
790232 170205
452417 864447
105695 957221
709565 896718
427026 614853
439011 707127
899499 718979
640593 173705
105861 672066
60262 814275
615593 365605
81700 776514
598222 788158
274872 952755
803160 523844
124982 616228
402176 19482
344501 266617
665349 343117
66532 430507
395084 667938
582473 988243
903494 594948
413107 39385
358371 17629
474626 177138
997869 753813
692487 116207
853166 559433
665790 910091
745686 926018
390674 165222
122057 471991
688915 177581
310060 516828
782280 285785
507587 840551
434355 176573
80916 241359
139889 637679
361214 187376
617863 49798
124408 395314
632146 176877
367209 605138
395884 223683
685114 875860
772433 560688
536989 848565
752740 463997
788979 925718
477993 706776
475830 441806
89523 208871
144281 743264
593586 297682
835066 815848
146716 733223
769100 384300
987636 141942
540683 834621
908821 994573
925611 477647
104043 637304
735123 128014
280649 545767
847652 969566
100840 898654
470730 158420
736720 974527
752700 367811
831044 861730
130408 512810
145530 529249
444965 58791
95243 170913
374432 479506
317585 974767
77495 118762
587722 786768
48903 248962
578938 715747
739559 788444
968789 610158
551419 961099
913611 152448
612436 729037
124944 953739
880326 57475
497461 234935
313455 703436
252497 757218
619202 509551
506680 63473
852919 334311
368357 753728
814752 685135
774661 101634
133907 487602
407749 332874
665532 153669
38907 244759
890521 388070
809906 394758
554716 828297
809177 620922
636618 244969
748495 301189
764460 761239
692328 830724
785214 169414
757339 111668
719411 674721
57116 560972
291092 275311
999719 666084
635509 406216
139483 239698
606760 410627
632936 501329
435046 611225
55148 214661
713583 420953
219663 434942
461090 109589
251313 944299
753481 262608
304548 101984
576910 452624
795466 129873
519805 167961
880849 465638
332532 454693
237122 651580
899068 402851
977957 696634
546969 315322
818180 591173
518799 879446
619953 817052
823020 374974
43685 723056
154525 19972
575788 141556
699081 549690
756923 787235
327155 726227
756697 794185
188676 179642
590389 631421
189812 175580
782833 977374
107309 686298
35244 65230
650567 803742
581181 262413
317462 297185
161199 64256
820963 328448
369882 402421
70880 255669
277512 776825
807526 349418
856818 888539
498714 536325
530718 536616
21921 565491
86842 8746
712338 94217
456342 675837
443071 496183
990727 208371
162015 423602
112293 875144
316533 362208
280769 955792
746859 983239
608056 558679
186355 977314
613171 775924
469887 738019
617577 82658
92200 903098
366109 171163
811830 960694
425932 944779
717573 309574
104849 180236
632915 306265
599271 877749
787936 801465
121375 78437
785355 468633
738202 308454
915024 89836
799948 254817
804810 40797
848138 410876
849409 967751
114310 518400
630364 636764
783081 495044
472447 525078
921724 307328
533925 856221
582644 957714
245185 481418
147500 119816
742874 401911
883418 758804
267406 493632
834517 725315
196560 75812
277622 279906
160988 730695
63235 807833
165833 873658
647721 694430
214987 404627
309508 997191
793178 934351
825548 428103
504594 298116
688932 681498
363996 834144
148921 187584
469426 544509
342533 47928
778601 496117
975778 649406
184189 548706
782525 536575
846512 241414
464345 819104
791996 335592
61394 968009
406452 514856
284385 863276
409965 497520
535279 844016
710280 500511
645322 551378
816168 933011
660280 628700
354728 816699
297915 338259
141008 218356
367691 231887
745089 660659
824843 241953
29231 289711
27296 660
579754 876454
550331 325113
960188 715860
233999 971113
285249 970362
710569 663636
248186 526898
290187 798888
314571 304248
256209 361155
925991 309362
480028 113280
201092 156756
182340 119459
274890 113680
439348 305080
654249 341566
845282 565567
293958 388214
435625 328970
680240 587264
787433 127996
630284 299425
356873 635917
548954 893581
925790 753937
446112 376959
453245 70718
27607 85723
63970 765437
839136 523719
613490 970588
474467 18717
654824 769188
359793 858757
640653 446429
458628 40818
150216 249034
480642 483582
636144 820453
408738 871142
199427 312400
903601 376650
872390 60960
719175 722029
151567 901143
604143 710909
93758 113647
523089 197686
571251 58963
780352 965981
607360 347149
589269 278885
501907 330740
819245 508332
301707 117582
274391 915002
715168 530566
839866 317750
899994 208448
434243 680871
300815 218976
598229 266170
957246 584448
836191 339395
620032 185074
270465 813784
111402 327042
138026 626284
531507 985496
493163 341676
594015 37201
621925 302314
880555 165964
522628 793632
15552 555829
67243 820215
726041 474241
313614 785606
601486 563998
110909 131643
982531 673960
77710 334084
861723 836072
680081 478431
705079 357888
459490 105516
195798 920118
190272 399792
609700 360105
686756 395573
511840 558010
994149 104306
472257 707780
504397 648358
682322 122905
319486 17337
722941 760202
106777 941273
526 584653
719304 154315
187828 474959
688492 286294
876283 240681
186489 514022
587052 312094
556962 418110
990369 11364
716149 189392
827704 379165
129119 223176
797941 619686
531475 957988
114190 412687
746406 916305
16629 865735
591761 820879
45371 245736
616926 449994
135280 183853
957165 894124
927269 13782
820443 418642
322141 439385
420109 387034
752650 777297
810349 583875
582463 713643
958392 970346
681104 664594
918839 722277
610803 902967
873247 26083
368603 750757
275788 638519
176963 83715
910806 675013
459831 922793
37515 84072
159967 466670
732237 476952
162873 512415
307526 670835
540415 413020
774170 986825
177689 65940
92424 743566
495345 420516
3968 122409
2704 644418
756356 620977
534618 74651
866374 633577
922987 377599
487826 855199
160866 46122
658024 212247
990563 457134
964063 612312
807851 806178
339575 22703
732142 652680
468200 440649
98249 308080
476036 257027
540235 710132
851183 596281
495743 598814
539893 303756
521458 950117
960487 546432
594415 918795
16970 995205
714723 159165
704675 431061
887766 302281
894186 871412
840719 926490
699670 821401
221190 397223
129341 962992
576762 153304
490452 865735
273528 825315
676000 774459
341452 114793
198494 385078
718603 314342
988967 512922
779905 739926
907655 623842
130804 971917
388819 686978
174557 798007
936307 366728
854081 390735
68195 130414
79848 878483
819453 30338
933796 378290
596221 851474
398336 811157
95344 468107
680755 592761
386770 608108
236451 176194
758521 159184
465089 425384
469266 855269
830624 944302
957366 593525
655273 138546
184565 657758
903624 469199
181962 224696
248982 870840
746302 661760
205907 350380
47425 695914
981830 166445
250848 813275
414433 652085
953210 945693
643378 853160
676227 565101
270446 554655
507083 467781
433811 812825
594947 792762
964339 818342
134429 971319
231562 207662
352969 174240
863577 969037
953096 945400
645466 74876
344167 217425
157326 313084
919630 649672
693574 408475
134823 830656
386980 294709
50241 108408
377892 36748
567757 97647
220499 94677
563335 479235
519512 591222
181400 397228
23890 121772
155080 72585
325891 830789
510395 41705
175840 475506
42330 31730
119048 333417
613943 241368
415116 897417
186426 435797
781145 314117
629502 331772
443878 654054
164083 909071
953219 255804
569157 729857
968195 604882
750335 199880
215949 937048
843349 901500
503807 447322
440779 389652
800232 541913
833029 620300
43952 96774
155066 798427
850674 145182
351983 408112
912406 924171
987267 941493
440271 501847
990111 375649
183480 960103
868528 699741
363242 753192
61048 891629
164391 287922
781760 597093
23377 552943
541164 954978
106911 748134
312277 72953
521324 184212
954818 615827
205811 105470
947844 34412
448561 518618
52554 922456
549058 589577
863916 362625
707696 822819
51621 488618
396761 148326
213008 952181
315808 550422
888551 666787
493227 723843
441241 665337
129161 15779
296000 626044
21123 930901
312840 990035
480648 13740
132973 361245
41573 344503
517288 377211
542774 199661
79144 849540
948145 76424
581759 310552
685474 24336
27943 655124
949163 603140
929267 445606
723974 983518
113434 268603
297614 139331
706616 358982
451187 66368
883765 343346
271698 984043
719020 496284
169632 407349
30310 112881
524291 183415
526633 337284
766516 176576
49617 246188
360115 387623
172534 186767
559771 976841
237343 898523
176026 235960
183232 381439
625456 594048
372941 40868
723797 855674
396923 550423
63801 777248
526838 96163
672833 780078
910420 928260
209118 859177
204920 507374
43985 956296
376031 713322
561495 596034
716634 506233
13147 179652
836800 907238
180176 638778
379131 662737
271854 375733
945641 592103
28231 698381
798367 581880
613794 790570
607909 755888
95078 774600
72434 57438
748832 643857
958457 152535
818052 760272
988742 518700
724385 439920
34779 6340
468249 769220
66593 712405
473509 494546
174743 927484
269619 620204
490825 15172
86646 773934
852566 320662
283166 49270
772608 992115
403054 355368
555196 171575
895819 568305
290320 118239
951858 734277
393401 525240
73901 279217
241864 836650
481712 861134
282728 823369
175831 667128
795323 37423
113475 839502
343152 891217
330632 612431
564105 405031
296474 975663
943635 422588
605023 140770
247459 749131
452294 695397
639140 943189
624993 256195
393202 720467
897556 115157
369225 293418
692844 371049
445745 348467
711177 403178
508207 803817
437219 36394
982518 774339
236477 627360
191389 248752
508192 668936
670813 707789
770474 307079
30009 239316
555398 943790
104281 470320
329059 656536
273031 514141
283157 128789
388885 440975
914778 204334
561750 691793
76339 191869
95026 931790
186326 916145
664817 740652
603419 640766
84462 636287
227348 119633
498638 33038
793493 425248
339323 140698
949125 287987
851942 692615
690355 793824
777616 230720
156508 265688
566456 683891
221016 469061
927557 347571
84323 405761
261420 437698
432688 136533
599862 399335
823360 516311
229758 540701
878641 418699
549197 650360
485531 209024
970475 319207
398617 231853
919777 800849
287111 625744
884928 465290
955212 397994
624468 742588
242458 485448
770162 35826
131937 478024
812010 819792
982182 564622
226214 9615
