803826 57300
77261 236275
627133 113711
198876 859113
616638 818394
461097 489255
757042 303103
671406 40521
849085 394527
423666 213541
22201 26687
140123 838531
117250 960061
924010 83703
112985 320309
74805 423385
557506 464713
992200 606961
598880 145720
755997 770627
18855 782361
889078 241606
340313 140477
619388 314740
32970 911544
563316 685924
300003 851414
713271 563623
582734 180439
91162 592041
472626 521786
264647 925378
345284 920853
934982 914341
479149 347659
361514 443604
471857 323912
146107 102052
902184 871994
589582 575833
857417 636482
837252 195029
940705 689093
367228 430939
555364 337811
365920 199182
134060 572600
945770 50106
354790 896847
935930 68411
26893 19711
721413 898209
945158 166711
333147 588849
801560 529488
700983 173832
407216 986093
844282 122483
944838 954673
893705 199718
233072 935730
121954 398300
562477 945036
939052 112098
951340 299351
389933 74796
148755 110484
265524 713465
416964 447152
841558 296291
664736 849736
805921 920321
326452 535018
606341 750207
772147 161892
133464 291209
165047 715548
299297 742754
264420 617486
2930 164300
271245 792621
18180 309684
920113 233762
732604 16513
807097 373523
919655 501425
961178 683239
703764 188005
298432 464545
747276 794146
69625 491098
472945 286765
514674 882678
653366 580423
314571 353327
723887 360599
246980 879627
356412 315332
73873 561027
279392 555044
481614 631066
180646 715925
79824 457346
235964 843495
311705 509362
790327 27243
659853 772305
612788 497093
276521 724378
877261 851459
744999 349543
961395 659442
372512 882109
28668 686949
976044 81456
149905 630663
562684 549244
355586 762875
365191 350400
437363 147633
440202 661612
811948 107386
360274 619531
229627 224427
542311 418892
924651 370386
631623 930768
850002 977322
396653 321602
397548 531661
235106 378503
400342 324798
484051 835366
615630 248773
441111 839402
717968 916462
191856 506173
676899 848475
310602 920393
416343 566085
547142 667452
286945 858735
485920 426050
364184 568273
280225 898750
798904 565702
579413 804845
64214 686914
996571 149489
713093 64232
460889 465937
123826 754707
461354 762765
238262 627278
353597 81281
651685 542920
462570 445883
210187 11334
530615 394484
474998 346035
428662 578312
727837 261322
884853 218161
841331 615054
807949 782712
240287 168934
500530 813406
97292 415234
816465 65609
708297 926971
841691 499676
598623 768122
918254 701202
671244 693263
270613 520780
666402 548496
990237 43129
215369 979063
484517 611276
119731 613539
917066 938283
172270 84547
596250 197580
738084 595440
822469 50275
920851 771941
432330 885319
399198 284907
810971 307060
629913 526204
348633 574748
438289 315673
142924 867138
384724 470718
772164 949234
775167 698508
808875 238689
315623 248954
793547 502945
438956 381112
476478 734739
335246 121200
489355 94236
266505 241276
178124 372750
398330 591168
876001 732580
327502 363643
206616 424107
404462 193253
276871 812360
412014 107039
738082 503790
518963 240104
719158 1514
97953 42217
84555 133785
183010 552836
256974 961188
126322 754777
798238 191589
207780 622400
653050 275971
29018 419394
457478 381615
305288 965582
212875 576799
290516 834701
548949 521542
346822 993879
814447 165099
7271 606267
359490 784865
685916 47840
596010 641274
84038 695078
208040 123685
672293 572934
618760 863200
752577 934983
641373 835552
480773 396761
238000 752827
226432 951543
975084 632615
678149 523277
949032 580954
339327 785851
654851 643744
606687 581031
582234 690696
828109 177117
76225 250948
875659 558704
346702 632027
433905 897038
358604 422313
575170 396705
844202 762194
717560 416753
198890 490956
800619 19641
263619 922594
683686 499052
874364 547298
38910 666095
179021 782150
429750 461507
291852 104508
959426 807791
49002 570994
412302 620420
413650 987505
521740 524170
251351 665056
640816 906675
276066 475943
774026 871705
223558 587720
328302 239369
506465 70230
645638 962423
997440 820477
480260 851596
398990 861833
50118 928238
789726 125516
941663 359914
475352 613502
784856 931195
143020 766543
822098 36016
766602 480051
204377 584998
926662 251264
476610 971351
582498 971950
498764 650735
864881 408790
819481 676407
743591 40508
347385 103634
159128 841804
805959 19639
448765 918582
661743 93326
332494 912317
602988 885445
463639 539434
168892 432461
314159 671478
654038 169293
927494 430734
431999 87145
884801 960492
667302 94509
945949 697130
57468 300223
953101 349952
581071 76532
125973 485760
227801 279109
772879 202765
654614 332632
516678 730621
571286 822463
507459 701549
392131 126978
603558 18459
746956 423428
744931 387437
19375 977624
555513 764754
972242 74465
388419 130978
76147 950515
805264 361340
210333 788743
953517 415733
152306 998831
550179 494551
129779 170213
473119 379834
857232 364011
474323 738677
738142 155249
956081 862853
693827 10342
149788 335096
775147 453898
367341 881923
505917 197168
726966 857075
305998 786682
239686 111246
387447 763441
137485 673201
320563 899303
616112 376252
625440 964631
138999 884743
584060 43944
558134 906681
172482 142484
751994 229229
454991 230082
377532 219325
259748 948931
211284 171511
599561 296736
799822 553492
854176 146559
30464 395728
662629 888538
641262 644013
49076 350522
394725 13446
675932 564074
881072 571578
347537 685238
291423 137599
32592 442792
642494 194287
902886 273696
966941 462365
681665 28412
636348 472243
693967 91082
215604 871022
597466 685270
626382 216590
821100 186726
480249 909587
362236 202907
89248 165599
794945 782545
239028 524666
542768 398017
258851 855840
972472 693310
895549 910706
871192 379844
32354 197326
760100 775852
808611 711970
418666 250004
169566 695430
913874 298030
985255 167733
453788 892110
880930 781686
37612 997431
909237 623960
274761 848905
625014 402678
950757 723383
158796 911605
880666 497896
199525 760310
764510 961694
649798 641557
497298 587680
496231 752468
307197 509496
891372 799962
950993 40942
588561 822135
487030 741535
477282 374124
751684 40691
105279 427943
523753 81709
500098 62396
520677 347490
169996 817157
212783 417649
21150 229386
577181 709076
760822 92639
438906 136820
594402 312058
377409 867788
660614 927418
282288 514466
513607 267135
23985 533193
510652 264301
571821 528650
24020 762796
332466 754878
622079 131332
144106 593463
185359 698060
25417 107357
835572 77203
445970 210492
991894 587138
7913 850966
416281 893065
404456 971389
296040 224095
634247 340467
596231 16171
244500 413232
902553 463328
157829 8424
705069 45787
288138 64492
352468 61040
927091 216369
117728 810208
374436 585235
693475 247105
323185 932457
806750 917038
687317 547348
428009 905803
902106 793993
248792 428738
104671 903736
581270 96576
614383 360254
714593 938375
855933 315056
727225 356503
50516 250446
488331 361592
922596 507775
294992 19827
371005 603911
721984 727290
905815 992136
362347 524769
593242 444697
620469 760484
447749 931635
935052 503801
481389 857448
777956 470246
243830 14523
800275 758532
695271 90026
635960 338592
874055 77401
338200 284152
849787 539528
976901 181782
24235 721525
34485 783741
864396 248169
162050 901181
274799 209105
210300 838869
723533 47554
266133 625026
677796 199016
936426 653784
964153 834902
54084 447960
889171 873050
686264 767270
656485 78990
838652 172699
530348 239277
273999 201705
771390 795597
873752 275553
345622 959292
855915 907475
346990 171798
384178 877071
233912 266404
268259 937101
335558 359860
664301 780859
853866 638334
383909 802716
112556 241849
879639 550630
603299 667459
946423 37440
855139 362823
587698 222939
904112 454201
543041 391009
203667 735525
291544 748630
261749 542622
166715 812801
261329 633130
384632 960375
916506 229691
501939 204084
899887 722227
258396 646156
344316 627074
356633 557358
972920 936805
557860 163132
235093 389682
227732 780869
234554 577644
697387 455619
735663 282777
463449 708422
431564 269401
367356 877632
579619 551949
695052 261256
468167 257017
718633 356267
886110 387366
619491 138185
93208 216355
756130 196751
370256 89049
505037 395764
47182 404908
882603 402192
130787 246475
501240 756369
951411 130092
697439 402560
226422 734424
392634 916022
583529 144708
969866 339412
321658 567212
825265 869810
783467 297707
265421 157176
11296 169385
704956 206814
633750 11294
537328 545616
29506 782423
252910 301117
750729 597913
695553 51208
117879 953606
475903 402768
668788 944069
511812 617359
911408 101672
184344 76962
766095 709200
851813 412302
607817 545269
838396 466516
210100 923328
712902 597119
36139 767262
824163 300932
514091 794504
903176 341877
829430 848583
795322 120042
191782 372782
951735 672250
550252 347228
698146 149284
40977 561177
671948 967781
419452 293934
528347 756878
8620 433587
306335 812195
83806 695989
951742 917531
592495 37116
138713 731569
166496 263586
750268 156194
804216 398669
533365 84418
934129 843020
990644 184218
395761 254395
585719 759086
23753 79413
832837 415965
213004 273585
288114 589979
625073 770414
45748 237939
452602 909012
588647 44889
403907 192923
675131 624649
150734 518427
602338 100591
20701 560892
529338 677005
270215 488373
118446 999506
745624 2757
941643 346299
96619 662464
296348 428469
307027 449215
571915 719090
613063 723263
970053 728963
349777 224313
267822 457025
192521 455347
407206 634069
926292 285378
165815 397382
895713 833479
470882 359836
466859 258031
567230 338206
566941 255846
917101 205729
384866 893878
783064 562265
895237 888524
457085 629540
181359 608558
536531 690801
340281 611036
471165 373342
538154 470977
57841 523627
158559 233978
624463 221893
45796 808907
110046 467825
954425 236671
631899 267715
85966 485302
372642 50650
721431 472836
896306 401030
485946 717224
217062 797707
772469 420959
862149 564593
64875 390662
758099 860698
676028 128050
614653 220233
989022 362501
215070 811067
970909 230737
939313 640408
928033 774684
752029 98552
94371 681001
915558 776809
84860 897044
184898 10723
369764 453005
915066 614184
50147 870754
428634 262073
794159 205720
794174 43736
542106 398469
751992 540408
74341 629957
172608 439787
138427 210643
348582 343210
153309 853481
230397 133220
860739 391806
612678 478616
771962 225967
4706 129920
462682 733369
245209 554198
563663 832823
486828 477171
593287 880325
517602 110649
722910 598870
692334 616184
674544 72655
963025 357386
70730 703843
201654 503634
175362 998724
641333 231877
651621 557367
733964 985907
618228 222216
429156 398456
137043 707562
455774 460555
721975 37303
494562 604304
747171 319779
198893 229246
522418 55830
934689 156620
527662 352814
930973 487686
223907 700491
466057 971585
369508 385777
585704 628175
262038 421520
867916 164780
956558 366219
439826 303222
475323 175379
766781 893294
130457 370541
533028 675460
434665 204146
341172 861258
136033 67899
876694 216979
517027 564764
941713 576866
205573 49052
293191 949662
108227 68728
295898 985171
361534 227410
516936 631968
273448 61327
693576 984781
737845 612087
931054 808136
120103 779693
755996 590812
789822 837113
917057 362749
646649 590737
38132 924123
617395 161218
360070 761308
27062 832210
450344 54394
60975 640488
258817 837659
625357 514271
114204 803367
373894 910933
179275 813991
241737 571608
386424 287314
938876 817744
733668 958736
398300 141703
455122 112628
848043 183462
700939 145102
641505 535866
222870 551582
864678 765541
425399 388831
682473 784339
117039 200040
935067 899539
833375 949462
797014 98019
774242 963356
392629 709249
689540 690806
184742 482345
830750 741467
834545 759348
986814 814895
342102 853568
109381 823674
286306 353456
299657 385269
58512 251021
827635 729861
268990 564151
526868 586902
680306 489632
5563 881722
306401 654892
569737 369398
808270 380443
690473 350078
294325 747893
27768 687639
498837 14202
801333 829950
317293 790146
747153 540627
837091 555668
171786 829795
922580 526807
153671 614169
426559 365336
727648 481811
213580 131187
78825 12089
443377 444961
140467 535703
425737 862332
838515 971177
885485 861578
528265 291217
576078 734229
333975 526467
704762 562805
550610 424130
85125 837814
453076 503635
366202 672988
839023 726277
717380 596203
800225 36617
277027 917725
857330 592416
446999 385736
152438 175270
998035 326961
493271 699360
666907 807839
626155 320698
984075 965446
175732 84130
623916 408241
581599 76443
881253 144847
799066 975256
291395 132609
518280 290516
737481 56695
246441 884279
307076 655609
755534 153282
125095 974102
444369 970574
905248 387977
489552 398808
998068 414660
526879 382703
731429 288856
604492 472489
922809 956265
20082 114125
130367 49313
233934 151008
391877 232588
503444 282109
968845 838444
15365 49205
855343 264948
380252 299196
31017 100337
762120 221612
746419 766046
286899 241726
118886 69356
698231 342746
76290 939160
507006 843181
996862 332976
234970 915842
790572 320215
780465 714705
920966 874785
6646 895543
510544 210538
558536 764698
414528 527520
279433 443124
667799 12611
464339 495667
152525 987592
691740 514006
243399 286506
723857 212757
74764 302277
730727 584568
365746 592026
793854 355445
571187 529989
750668 339902
620566 697874
157738 868910
324929 971352
834441 698601
286026 837730
697156 237889
965269 587684
31408 218797
706331 911255
305140 714679
73865 731027
10953 699878
71233 964171
5926 127669
460264 182442
90388 956773
911138 303972
519396 658917
233852 949794
280729 146671
125458 179917
471880 816972
71883 963026
651815 960449
422312 954517
720479 648163
906279 373377
497151 863514
846840 271021
373733 403756
963113 756186
436288 143514
203796 431430
570718 328997
477702 661825
995595 645373
748914 678153
229832 114923
165936 324958
39753 811016
322904 433986
626716 392634
478519 307674
757138 227260
578138 278599
37341 717035
683510 116062
659198 842938
458129 5920
631457 773038
953139 101416
577387 945198
606666 452544
707614 411265
380719 763552
404418 619490
292126 692964
948979 848599
470956 270396
766179 692975
592075 735294
433711 774236
757581 501455
64082 793324
708891 588019
684026 986078
907631 193170
899110 773607
918478 936452
753382 920390
30504 980725
816180 329389
987372 82405
164412 867118
514234 548888
400606 81359
81190 805561
680802 639834
784081 603837
817287 122314
264332 269664
265625 428853
30730 93485
124119 668344
264019 844750
996177 590878
381420 300345
522820 915531
521872 334720
866914 608987
792910 973703
446162 128198
754668 631887
750905 813579
834359 166960
153634 396579
981555 247884
763275 692859
21 369724
797263 426367
232785 709832
440782 883738
341582 356813
879935 273562
247334 787477
466305 219857
308930 7297
471477 227998
224129 265455
210407 266087
420067 898725
450687 324327
624747 435001
800694 55731
656225 59023
579018 508468
446806 982923
113355 464376
294998 689997
739101 371792
977061 31363
356850 520753
847059 547786
118867 537325
673007 279672
159842 727236
87974 742205
649503 303662
633989 824306
372456 973020
560732 739511
168265 870581
638278 582980
86522 130692
614707 936994
793030 262525
94719 823075
926677 842071
673656 705234
15842 397667
75314 277737
566757 752000
349744 333749
664549 736184
757600 809332
254584 268656
391034 283398
631119 149771
783703 796447
275133 298357
131940 698181
481983 806528
494206 681802
540647 633899
929527 172000
585612 925183
843399 238671
266781 223165
247372 112978
795347 859197
674704 520168
725202 717930
81189 262951
834868 479695
30824 905675
91390 563057
545167 50445
533904 623962
494911 351997
281285 64863
913001 385317
31003 379540
653665 590941
675800 538728
906372 247449
559933 575406
22249 284054
223058 443677
4649 664548
52254 485546
135543 8334
516970 623330
11588 802653
619127 980134
141127 399934
154369 767983
275216 66280
588216 847487
617692 507746
765857 3174
906396 762867
60739 595064
359248 781018
954074 147341
900224 168046
317184 172887
10910 521177
751890 695895
301094 91251
139057 481969
431054 542972
291792 853715
27766 760742
634059 261661
881056 332007
179909 360546
350161 136106
399846 290186
942820 190355
730475 217886
195910 693243
848777 275961
747572 619180
973404 160389
745321 141971
992401 331322
932464 250867
988866 320015
885601 151356
218235 855921
628774 751513
347271 495455
182268 459427
273362 858460
97945 712099
524211 528892
212408 816347
829075 933397
282057 97792
439073 997950
544820 310803
254480 654237
792957 584561
778978 803620
8948 704944
606515 82662
346148 221382
192042 537710
4 491452
173666 575400
714004 559311
525413 502894
117590 181303
593933 925275
271849 883245
76742 193609
287038 70346
444780 585052
727977 823673
767108 623331
650177 43236
421267 576358
878924 248285
290829 816992
553226 246432
20641 740966
286371 18403
768683 257853
566646 551031
972723 807233
554865 101953
888630 851134
258849 300411
373734 474112
604172 736898
506545 520613
769143 386828
630894 498161
145881 435831
109956 683113
298631 166505
706131 422136
646164 899255
147075 830849
838947 252117
993118 455743
268705 828956
676680 64262
898866 344773
884103 128403
396938 566774
737850 348273
718933 145461
44373 693258
449823 91224
811257 977870
601631 165402
912002 336223
419307 542145
386014 749247
941769 101743
510696 284045
188101 954999
629625 890431
884973 830910
102501 798664
985471 446241
52806 173837
745426 893871
20762 270525
637431 540357
59045 409241
353591 774180
575508 298763
366187 656860
563263 357541
901301 602078
87831 490537
485116 789146
814221 926876
728439 900645
548800 299395
940283 647656
602445 171568
92954 395680
844100 704648
945042 826649
935184 474799
869109 482998
213642 925828
907496 234884
965204 665522
491667 774284
732857 4466
641227 254626
368486 344425
453919 190543
446546 728198
509520 429435
320748 117288
555795 929091
814578 463598
20506 72492
301535 623336
342369 389301
462947 294541
495669 988921
673064 671874
545806 593833
736655 636440
162753 427915
144294 431045
648731 331386
613297 166739
389613 676864
742903 159077
784721 927806
165762 568964
676291 941065
679495 339000
138886 171599
765195 543196
26826 632429
210342 335428
85425 775867
437095 209340
982343 925245
339678 693382
59733 31937
396793 35546
211632 825149
657937 547034
328767 457115
257316 307267
27007 765481
943921 804281
155257 325857
529667 76326
521528 698675
339704 973513
739731 398546
260571 771228
547478 966733
305226 623041
640096 93638
973930 592945
204175 740852
184701 239644
880906 520718
783297 96971
615168 442336
32739 81818
226850 10388
190439 612618
809826 378620
923379 369632
424306 470301
863816 600225
588631 297977
70403 623105
789634 273070
313478 841798
611908 513896
942654 696742
81025 466309
410871 329565
212175 304656
226697 248122
541429 229214
999841 884113
698333 409396
414258 318954
335969 51119
372766 699912
92799 72528
27367 933632
133462 481064
800173 335890
979529 464019
197296 362606
394115 905048
807963 553140
576740 924589
609395 675864
95052 54515
539070 306874
652202 153420
744916 884927
158711 149560
459498 486780
589534 93170
298049 81070
431294 139824
11779 135028
726130 494687
794489 91721
631110 224818
388727 450528
426742 98843
673700 752906
596003 790058
62246 883460
162616 804358
608963 82384
850805 778750
291537 507410
892189 502246
590630 554798
830807 415137
359063 253828
290795 834969
932273 507562
441694 519997
423533 197366
707281 380885
331848 816444
498740 145482
937957 403018
984987 342351
433449 307737
381947 323480
977368 113516
280212 320010
329149 663995
515872 256662
31094 449424
95358 605132
608632 220816
980381 77669
357584 13522
6155 178070
301855 561665
769390 823376
216320 626695
494481 742049
937153 981763
131002 966032
923604 970991
192822 412855
479268 316602
838336 760719
908883 100944
849980 919421
354219 187959
754459 484508
878195 845417
330796 664407
734003 967315
476637 361141
962490 420664
193418 53208
200936 512650
835487 725556
423992 657069
493366 746287
465432 418299
352376 942966
139645 93719
978176 361404
586788 101057
127688 860983
684127 91702
264355 215999
674394 853728
477194 651788
772286 861073
226077 178587
327416 838054
826817 209825
58924 886954
130008 489993
79906 5727
135191 669898
368914 951262
643447 793354
849082 292933
559732 748555
530203 701150
548941 629891
874050 457071
61713 481199
622136 663907
262157 577334
541422 970102
751898 143304
677885 5447
209691 666081
852310 557729
986646 794074
26533 680826
284316 945686
232877 996894
519327 625754
8829 918116
748602 524582
585587 236796
878529 508199
828035 868267
483003 404987
416346 337315
171972 119001
144063 70915
208770 136280
851656 635357
771161 762376
383748 299040
637101 39889
623487 422190
175274 894525
393691 731563
702818 801344
519768 306476
404841 79801
673343 148273
144436 81671
921023 136349
902351 95094
33937 197826
40511 75115
107851 637029
453948 936803
431636 758009
989879 425543
50596 526733
900018 625780
838808 209733
186398 28887
969137 222037
994350 530308
832371 412155
569570 856337
