807788 549839
62988 779993
391022 845381
710028 131136
558033 358477
72843 287477
564943 195122
266280 679984
191204 484327
823612 352969
629196 191680
62664 845458
987816 126065
586360 853726
895822 68816
387014 358116
82058 719787
90680 847507
757734 565887
701047 530594
360952 387719
126467 340078
263272 892480
853559 679497
236016 237118
273219 993832
470823 214102
272128 269064
397884 504269
496590 373324
392085 652940
890518 65699
891184 633857
376487 603328
663192 912461
157317 502811
312290 72565
174496 391749
903132 688426
703430 40248
808750 600355
865818 803100
53416 566932
847028 184723
656310 644960
461340 774487
122466 662671
102824 363813
557152 11948
494511 56007
380593 608403
96065 135460
679363 597364
46522 487873
934749 476143
71968 137548
260774 955542
557783 389537
752789 354282
355900 625496
31683 127556
106573 160589
967692 337025
513656 125975
457327 50633
401486 569582
659098 75924
187363 469733
746983 350477
793281 914605
879461 37204
221826 602124
64471 958047
70458 587186
307704 564074
12627 773268
340708 635785
739908 31233
534148 156878
999595 135945
507893 994841
827955 582711
734006 677443
465561 5310
34803 772581
785965 853447
723319 466517
144746 993722
995378 525879
29448 812044
501413 45521
107944 500287
942940 751678
44669 492373
967397 698239
412866 222632
782043 750411
61755 370623
661139 204525
47957 758661
281839 137188
36795 155537
350044 723757
986562 35050
445808 330269
499822 26800
998345 699098
448458 512716
227869 730564
85424 887201
607906 96096
212042 544856
751758 570439
507157 741900
706034 332975
448221 444452
518607 435361
591699 874238
146493 487850
411827 698981
380143 765474
346075 650708
233195 8896
865623 482067
204731 387516
113428 579132
852430 475759
243062 490230
928182 713799
449765 149819
218844 794565
436369 310593
136316 554456
942848 425581
375534 564833
659455 757769
418871 267709
896568 593857
631798 749893
836779 192268
755000 378305
388347 528198
66490 834574
405805 228520
662008 560500
885805 906931
87175 991944
389406 19007
823938 410427
269883 779288
350314 478154
56176 909967
295274 878452
356160 194398
782213 385437
582927 155819
528209 781711
540640 936891
662872 294436
134749 157213
816886 861576
853738 663018
355355 524296
233203 715593
157925 649343
452797 607481
127323 37165
542784 127611
356331 94200
742248 689
435960 64174
861303 211601
689741 109584
696004 629053
534062 114077
434721 36734
202474 935889
531267 728749
825740 705306
984050 318763
239226 666604
726618 428921
257740 103108
174385 688147
954270 71395
417217 258652
931723 819127
173393 672463
517555 287011
677789 315924
586192 82222
908853 49691
520139 229830
100307 55323
364782 908872
244274 690576
61309 168801
318503 449932
254367 521289
302337 474952
870624 242122
619702 255087
234243 561864
766888 177799
949986 986632
22377 377074
264866 164758
165309 307919
120956 448518
339023 360938
410950 444133
248802 416396
464900 907537
711238 69836
132694 659845
253924 686185
276037 763556
794408 673616
602529 298596
826479 969512
675994 693980
112564 890183
58185 488083
62522 550759
409517 735431
890874 115522
970940 761332
318105 707387
29464 46810
37511 103753
191014 687779
517672 111706
19156 833536
760418 15463
792670 902208
895408 77992
897728 73209
667511 529741
452175 334832
634783 15313
735999 455996
348669 923779
994890 336882
447481 262607
469561 230020
551446 413668
597256 245262
68147 594723
569913 515684
575508 807060
429533 741428
556223 863734
777734 945001
119404 956888
467173 168496
412112 985252
988725 929231
376768 832045
254735 109344
703155 445326
38476 552312
296167 229256
471484 871825
55691 239111
351019 246679
760056 471068
836996 530841
354496 85543
27172 301765
520056 520874
409775 58477
624384 508592
940188 13055
413988 222197
748109 19145
917350 426071
328604 268833
258637 169888
606336 259280
135363 923303
697036 343429
225369 615446
175620 633014
292683 794670
974920 638823
500601 932032
644114 604726
197850 744193
459884 979558
212201 861520
546734 136580
38967 523426
792852 102004
520156 515810
967064 397021
138072 559868
726810 154783
336285 875429
361442 422359
33274 131244
544281 39795
298169 429953
205434 887756
830596 180344
66339 585737
936778 189083
239087 380955
584740 563262
110461 538155
171228 442956
723266 485959
458839 273913
75415 763057
29287 454585
993123 719031
422612 281531
458118 906292
321304 739728
69924 451022
587704 935244
619404 676366
862505 534029
76550 629374
987669 288163
987542 660510
83784 404059
877509 604784
119095 140451
524613 494690
129986 132440
710658 417632
762787 899539
247133 202924
802218 877595
424639 146182
581142 719683
699083 609352
23937 899047
134375 381406
488208 588424
105462 736668
678472 709644
208785 968956
457807 447925
236592 581689
525833 582016
483577 941846
466501 764583
349464 943222
602781 392576
340457 163877
730896 650590
541362 643806
893939 329372
63456 103663
644389 751784
910471 807293
185580 840906
615830 282382
374519 826952
906580 478606
543728 652796
815026 746809
245605 731502
836843 368192
921071 327567
943650 126873
710278 418426
980771 219557
902414 247942
788885 264262
675479 191829
934106 612262
560387 521885
749492 833313
113623 238593
859528 629568
118434 606903
635174 523680
492667 954241
611315 604180
924014 74193
797481 745841
62006 368990
110649 747032
950486 646490
354867 646694
315446 68266
830132 919505
634791 620189
911707 147277
112934 461239
719315 861583
122633 489315
105456 512971
4689 82015
714412 397595
180374 922720
966160 859423
81357 363362
212770 119648
73813 101626
67527 38257
815041 3614
231835 521573
828396 354162
653369 381546
201906 718597
316742 853654
855795 688337
384954 529335
594952 312997
113185 620273
193189 57814
887083 28079
298227 475723
330499 634985
236254 977994
269817 838259
682979 804549
40218 825553
44903 176121
642121 778200
412427 858104
754971 104958
689506 802279
381559 174731
125379 897166
388896 660626
327409 458087
972281 309041
206664 911840
64807 219731
679240 211543
232565 890583
260768 528735
725518 939351
559757 910992
511381 184395
696423 917892
458961 32260
404538 241346
576429 230709
167572 929552
108900 797479
272141 353068
681352 188168
618054 349317
481986 327063
464761 370277
404364 761255
94305 494615
620661 392412
937752 788742
760540 901286
49011 716927
845640 241453
799007 510735
583321 42684
994038 678912
121846 851104
386021 118216
958614 184658
670211 358037
942273 184765
500375 357665
389699 560355
835936 707887
290050 284648
843082 103391
959574 599654
462617 323279
586269 59964
981114 1511
737849 160714
723916 289548
577278 632065
536528 656378
818021 575277
900681 961112
395049 933608
771274 516025
826448 442790
469858 999466
755906 68144
658444 852320
515544 593066
984979 379774
652906 809940
979688 321836
813761 371010
144150 753725
619817 501321
855290 52071
49125 206786
372781 789635
498058 593134
122084 964011
321091 747521
855626 497170
685465 577637
898391 197930
185128 231069
624702 73552
409070 287818
877066 944303
414896 608061
899048 10937
259511 505529
544679 722689
266000 824252
503619 474788
379262 184483
682936 241932
83245 216111
530689 573609
376512 61562
964662 254391
126278 251386
932707 196399
958197 419357
156970 218148
129519 226831
915136 869807
919535 480353
522271 935152
964868 883911
938674 817043
10218 287909
418180 624195
151095 868573
170209 490969
837331 379603
17484 340737
338443 285488
617122 735893
873641 35723
852747 48800
853866 206228
831155 219643
601358 999186
569849 237657
907857 510791
96100 798622
237308 506132
278126 318474
350130 610810
250512 713462
659964 72592
478613 677924
795754 432912
732201 332416
144404 363468
418400 888667
397345 475956
908534 539928
855333 987575
856966 739808
44628 921828
151110 950244
880909 238724
360277 524663
632799 194666
751856 286073
889458 933779
669529 538805
56530 608652
300029 539393
521434 716012
485333 534596
947914 383261
798908 873237
50789 990783
630456 608166
763535 831072
490080 345104
208507 410286
954349 673340
740993 781618
852140 610571
11665 648789
421146 52822
470044 283148
963474 768841
381850 176454
351364 374899
851842 874013
406270 54525
101330 477340
726140 9705
710235 653378
357565 481635
731379 468701
970393 451752
559376 522040
441225 221569
1423 829429
499365 793337
852652 6907
45331 134144
540139 143236
326156 839757
830482 435917
444475 588092
589563 645015
126746 976785
267736 666475
807030 768992
860457 216155
99315 627006
901125 232333
868656 271916
774076 929227
408804 241052
220023 243771
832056 804936
454179 662359
689291 840142
628161 381991
770521 474917
659212 587150
40999 736644
594511 938135
85138 442980
739848 780536
440673 379558
495138 614816
183614 506788
913604 474056
577643 857114
891535 340212
149386 790845
872068 143741
926188 921874
738229 821707
706201 57083
215608 331564
166552 444004
146350 460847
901355 212994
355155 686516
259516 102483
382063 197682
790884 634153
344346 987101
257406 731992
40857 957664
56589 517916
579971 965934
753512 771070
42279 857831
775671 574729
152195 408432
802545 797078
138822 997174
262796 841736
201085 739045
672651 908094
586732 891866
269527 534338
881341 542586
678565 557430
595543 192656
257953 775319
437290 608599
171090 496128
631662 585428
676626 257374
996539 529138
292712 132206
598066 433331
879759 815971
441117 478361
476381 478039
916548 302564
421649 186802
712234 424867
476757 708298
67888 293290
334676 518560
33313 830806
119987 657427
245412 281209
171381 421635
41272 579217
61959 324974
799723 642028
328567 555941
790247 390579
402167 423968
739483 643612
615330 990825
313957 988731
947540 575333
743783 897550
678948 245087
185094 92982
801085 89528
343234 163870
116821 238360
80478 900758
508697 113124
98347 824113
562193 535861
163167 763973
560048 905072
958132 540423
359879 390301
424147 855681
441716 956086
327446 57884
812015 909198
978862 509408
773003 966767
521042 639496
718843 521345
937214 304005
176565 568209
619837 649292
245653 790874
914621 131074
437417 426031
606786 652271
164835 701022
583702 35948
919305 366549
374031 379417
997413 134191
681240 906081
726188 958643
991969 449097
48707 472357
160909 497824
541125 607606
737310 143595
120443 258570
769857 797834
719823 880704
751571 857239
298993 148857
468173 229369
987078 979580
388769 376994
479644 170735
422066 407534
454737 775774
827228 995801
772295 741553
302134 864371
420418 525191
715755 163409
928285 976023
365113 486703
727515 441679
640399 618300
738924 394792
545108 276579
783743 756607
11901 329251
384500 906217
838150 781266
776860 358297
362139 500014
266245 377605
834116 351903
882048 446621
679480 565089
91984 179379
632181 959336
171309 635999
589808 502978
799103 142464
192219 375946
543261 118782
43576 560513
909665 660551
658989 98889
647186 824193
765977 727226
357904 358596
141182 755769
880164 728701
311525 194325
887563 32111
605652 841526
331457 361503
863135 574806
617958 509592
966101 18374
667008 663614
424244 980810
695741 170128
50120 479869
435877 498336
910830 268133
331241 945385
848595 183903
25218 284690
392860 550638
699240 755775
744321 326161
907782 542894
589072 175060
984293 560792
136281 301412
984139 598062
604592 806607
341733 158914
653396 550067
504110 59347
861127 68623
978834 231596
126965 219560
696282 266516
754928 586001
777453 809705
971616 823627
664037 311179
616009 700685
496798 845874
498934 208630
909259 211240
964805 707597
123333 155612
269499 896553
425203 516737
298649 861394
168755 600173
50159 751494
234819 930237
104424 779998
324364 746371
550437 923413
232156 380590
176726 83800
141463 379994
217452 637531
749414 34845
176298 176235
48469 204108
538535 384719
466458 52202
529042 796274
257076 275766
894405 221124
258185 309553
675713 827436
755523 392524
823927 390174
234866 376961
716032 372613
418032 871693
414741 920839
736448 241975
641610 140328
427806 409460
382017 340980
462831 101684
836122 584105
714756 932043
618758 71651
405704 231922
324853 655017
461317 46779
895652 668252
878403 674878
882790 139559
526362 70576
500231 588528
934074 81478
868498 208595
857206 611334
103043 427354
615009 875280
308009 350577
115255 277501
728813 871881
446494 816651
99974 357692
559746 432269
223469 587854
387212 308630
1789 207620
281098 192607
892248 527210
172651 954554
335732 299529
902841 321861
651478 579486
348021 481756
925507 117897
624442 514824
515432 562567
379185 692748
347142 322092
166946 431364
88454 428142
784494 640648
325476 297786
449462 18950
422767 480218
515634 772136
676659 555218
653282 724844
110009 177551
994646 513480
823629 286152
307078 172007
600757 539067
962008 953875
708943 137632
678565 32272
262944 498519
942408 638260
48881 396991
70214 186701
4280 80036
539030 610023
74409 205316
565607 661461
80784 594767
51140 257697
16648 790260
331848 365346
516836 54135
658113 704482
328668 784560
52781 990353
333057 860319
337112 262480
711962 160410
229628 491244
602064 301114
605849 124883
719 383594
845432 825717
99049 715020
411440 211991
988800 386132
23255 366942
810205 264279
431070 123534
596958 790774
538429 984099
967922 169342
122025 805583
935405 88273
564605 637096
18173 411466
538233 749721
669443 638822
273795 684974
554724 369558
936091 217692
523917 461186
993902 936224
586368 553982
636117 266578
147938 902816
775436 536452
992652 374562
534606 581546
413186 589743
707185 107902
789595 829544
395564 883635
150053 197265
442440 466118
80285 918190
458591 251186
958257 200769
886246 494754
596607 116422
223218 391167
649726 62361
621479 807610
542268 969659
226111 688984
101985 797444
712382 389457
115147 880212
235007 477049
174844 627852
466306 215302
270506 603248
340078 25877
199954 134990
757880 528533
939574 390163
491635 461119
536393 745615
914476 19137
909975 230653
461150 238261
176397 611187
400296 803215
268712 191688
670544 41726
369095 433925
108340 612385
631436 942373
664202 952764
199205 54045
737821 798495
174618 668834
165146 254839
455488 701694
477949 956036
380582 840639
702320 735718
97101 224372
493969 964626
695341 842083
633878 293484
397539 584475
470639 849996
517937 527223
283874 227616
766164 293753
120705 296600
357019 515241
401009 320266
503414 830436
991146 913369
117390 888619
275460 886357
121448 377515
570705 602149
905944 136109
718202 10761
29102 919239
298987 227543
172350 435060
155118 541156
313092 270611
851879 440171
939705 483362
958333 189546
925115 801271
251733 435547
652287 914161
61770 396394
972136 62713
194398 664587
982671 600334
12128 615100
495506 473808
561127 364978
688040 205182
398969 645545
784446 547543
485181 331703
875898 444410
624172 256835
826066 274084
886586 26822
443686 780641
619199 282367
999023 652605
926004 512133
946799 622768
195895 153117
437152 108932
403634 271230
190367 503239
204339 349887
617101 83361
562203 885294
371772 121280
347575 694168
493713 19792
13408 531972
56139 633123
500138 335343
276490 289166
521755 806739
582811 681061
347588 342579
717849 88240
870320 878388
704490 248023
250049 757460
612649 936923
504728 291121
606486 482957
870465 86119
992588 796264
752632 302367
701960 598211
907556 527116
419107 144207
337276 440406
918977 178319
594303 426040
469538 123920
749995 273911
112432 575795
25973 195621
923286 242696
230942 244475
893252 819849
758297 824183
408556 653980
175391 315078
680042 900412
390781 488168
358877 908585
898210 631725
982415 809718
232432 587492
453217 440820
188461 252633
171421 858719
487398 231135
785441 362391
242107 965041
34058 60611
610259 447112
923252 347443
456819 64764
474193 692973
79079 509518
504061 480360
420338 144033
146932 261013
47564 177632
140918 574071
270773 675392
828823 525379
68630 333992
492396 829707
104267 134190
511486 413205
365295 649487
396600 870180
485262 505316
108747 315890
875166 804489
126876 763424
972271 869642
825016 297466
844341 51797
15293 235374
528962 802109
475316 616628
669737 845126
591692 130627
555743 481679
713275 494471
271911 839577
234203 27271
390553 730321
427489 277590
700072 879166
851620 255981
363527 1707
476707 383337
356052 29416
159351 215674
979959 787574
804634 193756
990310 127153
602129 223454
975841 930085
40855 549051
867530 702435
288360 640042
90821 162535
937493 345724
681156 493798
524902 847751
11247 759389
52037 758239
477678 34125
457707 436393
854866 227819
984213 41412
793572 415741
357423 321181
418585 852560
117687 171965
766612 994673
986813 498975
109703 248483
204145 473063
421788 574702
147853 364965
975965 941860
426550 411134
130868 36837
652546 737419
531333 273967
370037 458605
962534 762316
532385 275962
172098 443694
317162 869117
941177 606094
506969 271335
578203 598438
404457 947848
576762 143289
918819 363939
509301 765443
404189 894489
718699 662586
813182 152446
208253 591379
863173 789597
502851 907732
838758 152398
375473 71844
880228 897788
396993 981913
596798 930653
163487 106786
191438 927123
496253 5763
933835 238730
200553 826326
385730 513680
58275 716030
548250 546102
856049 945530
790983 497635
64295 303423
897209 310612
347107 89147
361963 289265
198090 147774
606371 632973
147124 985887
861733 672767
24462 501131
115940 569543
554 737460
859612 280973
621681 149261
961295 249126
951090 301061
494665 914798
264108 863042
201185 889209
477651 318388
392699 792007
406615 971320
133870 534256
809741 481268
431769 99944
549253 484399
264635 121833
475845 331333
181355 298628
938085 534164
388088 604524
974667 654497
861441 297495
156666 626665
885045 491676
911147 732933
247493 350982
510537 581852
330435 284751
870902 61975
489611 882373
131642 790161
632584 349948
498961 787791
203290 274583
436810 712492
819321 324864
480897 262812
392971 936312
648119 34580
91518 983064
400795 288537
935648 486008
318337 445760
122123 15012
309449 967505
278547 536124
453490 836116
79553 559573
966312 301616
931160 812885
980207 435052
517305 872254
680627 38526
408367 484667
47634 525451
244237 744876
619733 428705
342457 961823
673007 274080
23273 763259
314445 609209
719703 10658
9970 632244
893965 668482
621546 231476
410847 845936
770464 327074
340822 107578
302849 812423
91699 422713
459499 92252
225949 394254
286746 123475
268896 615541
960408 652023
339798 123452
164493 856991
268679 403079
478249 244070
99514 308170
773369 412072
96190 255912
191699 40946
701185 106227
916415 218412
159501 591638
162362 718518
2034 104812
318683 856128
89162 983815
548346 513633
323501 962494
102444 912373
136498 909616
29940 63306
193679 717305
507907 146962
641329 788023
335906 871098
721414 946132
816655 637560
967185 487590
813917 892369
471875 747159
741760 552804
955146 241313
211126 907330
457533 261060
584803 517036
665510 642199
334792 733680
950992 75079
884661 5520
116556 819033
631433 248430
931878 679024
103320 320589
444181 992335
239196 635344
778295 146349
226911 127108
8010 452773
386246 197750
603398 673183
482350 595718
535238 583721
677375 931844
854966 344046
744371 497175
893155 497837
223752 927646
42485 421981
159004 783342
809210 504794
849126 601366
425085 641645
167011 664174
854629 334082
981755 327211
673401 609774
815675 500742
898653 413248
658294 873988
822075 862922
459775 358623
855809 777839
237936 999842
729145 422708
319549 573075
376497 439716
90321 673251
177861 748495
641907 751757
125381 261460
932227 760422
597474 776934
274914 481341
906166 572384
141308 492447
454598 969755
44549 51582
885458 279332
168652 83228
463541 497284
630171 83709
775697 567014
833026 969312
213216 151995
774537 881527
989891 447528
62842 699029
735595 531564
753895 478921
810562 309333
738044 544262
590431 941470
440802 503257
539296 722461
436270 508631
690772 569999
415091 406612
376167 389971
840676 255153
996932 830224
306142 499592
24725 365438
363969 247307
927472 582421
13731 994926
674941 255614
489087 444846
73510 270267
178021 264069
918261 366789
151989 775893
322687 996608
373260 89445
582840 686391
977976 358563
980522 476829
827514 344748
946029 338518
278557 538993
488227 735223
755272 333771
979810 465057
279718 93367
768690 222101
330579 53962
739389 549788
118972 304135
699083 112253
218555 217708
344975 425624
988962 696157
805909 885479
775100 720573
270172 906777
397137 303209
957850 164259
179840 889882
654545 369459
881156 536635
952463 572567
734884 507359
477847 370982
785093 903997
936947 743390
752282 442177
884988 568500
732445 592548
98708 545152
833325 230680
850823 686110
289647 536054
956591 327338
273384 385623
539290 839024
461947 184841
154211 893434
508137 172044
755190 782328
696538 879594
438759 432293
618753 995422
138665 284009
610620 601846
703522 308166
891119 740141
841010 807208
15331 708824
449834 702824
672010 964593
736569 312705
481738 172863
252167 501390
167761 379836
476539 603335
538985 18112
155093 463645
367413 828210
151906 398168
454958 491772
73738 230339
37129 962674
379076 396268
875430 495364
867625 397138
578410 222317
465059 371680
281617 671210
486296 22541
997560 436376
913162 51913
877269 678236
171971 596460
900616 980459
804612 439494
940086 711831
723253 312590
287409 36898
665398 621712
319809 214511
59864 813462
94196 980553
298722 58937
679206 432726
584504 676379
68287 39662
640483 395102
947675 837858
407427 514480
130619 11104
482735 93243
548790 288571
302204 864558
706012 591365
498840 995599
873766 420306
19968 84843
130842 175625
631636 646642
869908 289328
506654 992410
486150 839556
889553 122774
92202 922520
73499 877605
379982 535293
848078 975255
184297 275334
690343 940030
678633 132052
834461 499291
564994 799248
844484 545126
440854 331016
622676 672465
796837 242063
254080 961650
147890 485428
460214 819551
59317 93592
211081 746671
299875 54162
326825 421117
527080 789218
151445 908616
736595 365361
360811 869173
715046 560476
668436 787843
760088 390438
553149 437440
727554 44033
227986 842552
659189 555129
228567 413817
581506 197117
904275 503666
879172 334489
504073 164752
822978 805100
213370 859370
547730 402889
767356 430243
195911 510932
879131 557214
513828 427261
514955 751781
314836 441989
691331 984511
187007 598894
872742 990909
984950 520805
19478 252857
83573 264948
970038 719444
283232 759333
258963 575920
798735 272280
329867 521441
981351 114242
892175 507077
641698 67005
545899 382421
357322 538739
180018 590396
238365 913984
785914 577378
830419 954862
464725 818932
31832 838409
69531 945099
550465 412750
43530 172308
313974 358608
68564 709029
490922 155432
542141 941038
607041 656634
135966 801654
454430 578109
686368 999636
964109 391504
843351 978405
722850 600103
279919 993868
584849 450254
238462 571680
996739 587929
73700 793178
341267 887943
79413 97966
900617 78205
421657 380304
705606 848171
407955 216058
680421 287805
457066 205255
505336 96752
635326 422961
944107 307376
287515 887662
604062 305884
957724 108845
962255 888977
923690 214411
133059 744019
482995 207184
255110 460478
838734 372645
326689 627962
77688 940700
600946 608004
451079 460806
180492 646533
387969 346969
907490 1080
66131 677455
36304 594902
858406 749635
537340 299286
54371 262485
54836 55300
645997 114229
86167 90921
609584 276481
996841 363700
683745 769374
472787 177802
265576 290765
198498 6523
439213 817223
862603 260348
333625 921618
559795 547048
328230 643968
718015 450949
263392 61237
650645 411464
309004 81647
346147 436525
730867 949981
869766 476929
684603 836410
995664 247029
230173 313797
612275 215877
743117 27432
493792 670140
836262 323026
239625 839594
179315 140322
996502 754882
534404 480414
206975 401434
329481 364258
780857 904977
734586 746585
517249 887824
777887 707860
922825 210567
150133 397784
970264 622414
585485 732945
522918 535818
145323 540543
784242 617198
41784 949758
962364 773935
821213 448432
176922 839358
102200 656210
26770 525102
238682 745758
774678 468109
863406 168166
308113 148476
401403 779488
621966 579558
769793 212701
313342 20194
827101 798336
207740 9926
297113 643046
504592 768646
709282 700505
747154 490772
75410 250901
783526 835357
119503 338828
558832 491479
440980 661277
680507 995850
376463 106794
914737 985887
347537 852093
324128 440247
55426 566747
411657 623983
878111 246939
904005 19812
726329 66584
814691 335340
629662 924256
986876 44290
87508 100548
275463 781801
150724 834636
820736 101008
1264 804975
815122 676338
224162 788031
128895 361578
93197 718757
874909 775213
163629 349174
375765 676747
854484 777027
354749 662385
878397 481395
558879 45045
496680 493036
748931 270367
177157 59641
775633 782670
69757 8126
235891 998054
99832 584320
692963 86677
62745 465477
668582 230420
980814 724409
956560 155139
962484 301806
845452 70516
907498 826582
22426 268588
767952 112101
944023 566979
918243 786884
36342 800571
814360 481411
26857 240005
469982 238143
563421 170862
623005 236443
329845 966249
852196 720869
66502 801524
386909 207717
282893 27774
31181 951970
863973 30055
156709 763527
693119 459594
163957 973762
760357 524960
733428 160209
728576 182818
632800 873474
498046 265355
872341 784007
672847 596703
319942 930339
895657 314550
569073 65251
678540 720380
120859 719336
482045 629298
120056 717605
377383 11408
560567 359741
389223 876853
830590 539300
407699 157971
192676 607673
726978 79390
407024 721987
231501 853765
160655 251877
992125 198324
7776 23332
969469 764955
194781 424557
708104 557738
958181 485013
927326 267986
439793 357082
564668 772959
319871 677772
766456 877658
325065 253666
45730 297341
85406 772592
832948 511135
319415 590383
680314 482233
213827 467109
977718 899702
712063 23718
430703 592740
742997 759204
854197 379377
245608 725597
671492 967082
470587 404381
99024 435898
554480 647757
771263 906127
560687 516850
181830 476178
168462 13729
617039 504300
451532 870887
849532 638244
440759 161711
75255 518748
659212 296764
273451 680217
698 73454
103366 765018
397756 152854
455445 489972
253884 238579
908967 710596
755762 537947
653600 255302
84363 317682
671707 549201
383252 534613
945813 835850
730406 347963
113528 281416
578413 183118
360952 325357
150221 225454
909404 145504
168834 113237
584873 273669
251604 270744
874030 848500
443850 500457
101996 695567
819636 961447
403892 656171
77863 136145
935043 728262
905998 969308
705104 101250
273323 823138
964661 927267
992565 321670
701806 825010
365927 44679
745438 540735
442850 414720
516358 645831
583925 714967
656939 491679
302271 714030
99869 915579
573395 500230
983933 67872
599121 82261
783728 372939
581580 322377
586030 714714
240144 570097
325197 31758
261458 827294
300242 743063
430516 766700
968099 773646
31620 153900
75820 581612
776157 24907
824646 454865
791395 201888
852869 462690
297935 694791
957512 16999
519905 935478
136650 554226
368138 334161
812198 894407
144593 171295
854507 683682
993307 561097
973067 912453
746068 628683
931079 191642
60712 783166
691191 293846
407632 196215
501630 131677
89041 137800
144568 254588
49153 937482
282635 117333
547921 977436
754323 666529
672844 502379
810088 463843
581877 114830
304534 318490
157736 837478
869214 882801
595198 80669
869545 866642
323219 789622
106867 248382
819047 444268
31174 954946
874095 236421
113725 193002
756866 94002
571414 627590
943756 89516
403829 649394
185749 336275
254745 372313
293860 472296
776764 643224
555461 240882
883369 491947
93087 832461
802617 358283
534962 505519
868344 746449
610372 634764
553889 26683
830520 685696
315436 728695
766252 734202
349939 526846
684510 118187
463672 319373
183087 764861
487872 813228
465410 18768
739952 997422
285149 952534
69048 641928
660116 145930
236491 794978
631886 405691
120287 779458
423882 604832
146636 66065
188998 194442
786436 709814
458047 476817
817308 472506
306829 646892
30585 852041
744009 51452
783121 679996
75043 743497
257392 112857
461803 267430
511464 427462
685910 599854
183014 699969
