961981 171157
167902 219800
868850 851910
456942 905036
538634 900064
233203 357964
402343 369446
600709 165857
883635 399980
142131 965702
38534 288037
289646 675827
718934 57053
434949 856178
838148 395855
736180 325636
467995 859551
472452 433157
540497 595176
68813 503643
615774 139378
925357 941088
141501 414519
826440 659060
321245 156591
110458 803170
929157 938111
895493 433763
270228 752688
574714 648245
170861 602170
468522 163732
754476 148611
992371 598191
336163 192585
119980 828872
787246 739062
931806 210877
316228 894738
231196 530483
566475 774513
396404 472112
103642 86909
979456 679751
436052 934483
450323 730638
517698 11323
872897 62404
471386 62713
175595 432192
86210 352338
801066 388021
856403 213438
831340 752258
642486 370542
688245 866814
207666 780781
893310 25435
416107 90108
657672 827155
647383 117188
104440 222200
940221 241477
545214 630830
668530 931630
319611 196869
82581 973321
883637 955023
132786 620956
525592 372051
307390 12817
224753 40172
223159 811218
921078 521479
184130 546855
855859 229178
663699 679105
772941 799927
580016 136246
151115 838698
601623 652416
321566 910632
564676 706819
45156 697390
412671 235727
559170 177536
906053 498485
110142 889646
248401 485057
64092 982422
448465 176845
117369 246240
578947 45793
110315 374147
624650 936842
549935 877631
188923 375574
369805 786655
240922 527414
722549 741175
968224 467760
228826 643656
258720 936493
875152 442233
513202 177332
932253 317274
875668 956154
807958 597355
259986 543829
370568 280600
587999 360888
206019 887416
662334 920417
145384 696469
204817 939714
68745 235564
426777 295440
118162 963903
239205 830950
162934 415936
881156 536432
766624 873938
154884 806186
466277 11713
206688 863922
835413 571037
315339 991124
206591 424866
443356 544291
139140 389172
488094 438681
657699 695812
726707 425147
867941 138882
120927 754300
175560 909153
979226 18975
156311 342113
240702 474275
178975 744030
411186 27237
305677 887802
361498 966356
665805 13151
553707 558194
391263 965721
237919 385925
528114 115079
648268 168717
195207 349323
791291 614421
50571 220628
842770 513595
935014 21030
990763 601971
125612 726028
603144 195366
386492 147025
886097 467768
762393 100269
343321 665328
775406 368069
351989 471056
119607 776897
937831 444632
439236 722887
247000 228839
756234 461428
865829 197857
932316 811160
798472 240378
504633 54255
625427 429854
126632 786686
7624 669137
631302 307269
643817 568642
417923 126024
237602 646571
220058 896926
149306 125937
314571 392437
676340 995989
843296 798570
892582 592773
566295 718511
337893 973549
67059 354686
69102 657751
726057 751779
846425 10431
666890 980118
443819 531979
518387 173735
741746 280639
192213 986040
1457 453762
971611 68367
831931 529887
230083 878490
652649 373179
922723 344282
96995 353559
903191 729218
635616 872188
217429 100216
893209 991579
629880 434039
821227 113972
562793 911029
252729 357957
333059 729090
972808 320857
296019 729157
487384 512194
747654 225093
724326 875871
945142 720884
375021 1147
760944 153217
727263 318218
56901 4572
736972 821904
1149 957452
870228 283951
918395 274025
13876 208544
338739 994741
232179 256859
138850 754058
456893 434509
351483 799510
312936 776385
176560 681592
857327 862152
526719 362856
898083 397999
827377 794283
875841 93420
70914 129571
970613 669411
486788 840938
232527 615445
539939 44176
287294 912983
500836 316509
807961 570557
974796 703767
470934 633736
950617 977895
418769 432809
164274 984343
846056 591172
167558 461144
308908 343479
255497 713377
41873 117012
563198 908442
915889 401572
675093 317409
218451 202371
355128 300981
621074 871785
91965 235978
604435 816622
964116 599786
333254 434664
809461 255715
895806 875093
787582 919178
579085 895818
784150 275616
7924 550379
598856 56185
803544 912687
484977 668258
796202 604282
606643 604604
288259 725014
836473 586572
342287 340636
881953 196355
323755 103681
800411 845114
196108 925296
341669 108686
686857 491702
189074 289796
730545 252449
559978 491464
304389 217258
589172 739909
683363 905910
881255 259315
994875 425596
501595 182694
420794 255098
80605 279851
747919 211258
900341 384756
236199 389300
589674 542082
501027 473669
335140 453994
571681 590688
677670 885604
336530 195421
746674 419212
885750 714239
383243 964725
921353 96865
378002 784787
975470 401810
703990 129624
144129 606519
297112 629527
922116 910968
603896 278945
944370 274680
364334 641433
677188 959156
548903 623448
60282 999432
68240 265142
288052 170563
617060 589948
85623 994700
445838 151807
734448 77957
913309 982531
396734 905274
469183 540994
568558 953716
7722 113852
958009 344881
572816 364118
613875 786865
94432 472907
173524 868503
607852 800274
993373 51464
92889 987904
191154 726874
954209 629653
964720 36204
138914 133397
991565 50472
884604 941606
52062 247998
557752 84560
580791 206524
324362 600176
705341 700094
132121 304699
372002 212668
842794 172231
145524 19138
249194 679764
963248 569756
642297 299922
2316 222743
440583 275045
59756 301156
804723 490730
357112 382834
715011 647819
435611 792138
114622 124604
787391 569361
275630 957934
727953 22953
458402 983937
238341 170981
736087 873335
501256 184903
270223 72482
64751 265636
894424 518112
258970 450252
173662 310152
277174 888825
36989 404689
530945 128003
251000 513478
970141 447318
394460 295496
621337 988178
99823 638031
966226 45166
16714 831285
13935 580204
570564 358060
442740 498291
359906 481298
502779 982156
354261 106885
646779 727129
147412 347898
85131 718694
344018 550149
