113572 76421
382427 853486
420503 377462
641625 647792
827679 865020
657207 806918
150167 565948
82096 764756
62016 580747
472370 818005
299893 466313
996844 79411
952619 441924
64400 285740
716295 697675
148278 498884
558576 719707
144953 406028
274900 412967
660886 213242
290197 94592
145969 150278
287492 66204
731810 986889
759308 981818
31117 496124
717735 774071
119260 125515
464330 133298
999344 372261
870389 463703
877938 699201
325335 608953
478374 421534
591170 136183
44476 655677
253067 758908
818819 993511
179322 316294
753796 223391
343473 348805
554207 57546
767924 814733
119403 808973
931158 326830
156270 70622
512322 454609
120324 482690
415788 658053
470467 339752
191549 206231
539391 620403
122047 105910
482551 924979
63337 998692
872417 5854
476233 882835
457678 369542
140200 852379
483534 280104
687754 463163
567438 131079
659642 562307
221576 494158
686471 76146
757581 92866
530586 382140
653024 904240
875286 83730
551886 955296
45105 478875
257489 976401
719770 937144
971804 619382
60208 443248
340275 376471
850198 454501
118812 596369
700446 203053
106250 751932
194019 723589
982906 705289
213031 218223
244153 431891
324137 567064
983535 814174
121578 203432
929457 786161
438124 893072
204321 900669
803075 313788
682116 182273
963050 240193
433474 399080
476334 699321
653000 480508
325422 381217
700200 864781
434750 337446
614373 339708
380498 819342
84159 907178
253454 613756
261318 245420
414246 149971
497958 365609
537900 651987
153867 305668
200212 104949
342739 735028
10702 120190
770338 622027
564910 325392
518907 52067
792869 898172
416158 550916
767373 658142
885874 12828
142400 281053
9253 351701
753029 944283
654087 317427
44523 212221
958978 108264
393594 724248
534196 406694
786921 870252
470393 21016
738725 770188
859328 48512
941328 144017
238483 416246
326978 418602
97451 286289
525501 733980
517409 885508
863105 538578
231638 7949
230131 925020
220664 325599
264476 918148
461296 589253
753235 101504
563878 756551
987910 502276
866662 377696
376495 295710
400951 203499
901580 992745
425787 617198
160279 611995
784273 542780
302656 782352
647473 39823
619017 641336
977317 586755
152906 759967
443461 938538
679454 603978
337365 384220
120002 414005
459493 284244
939703 103300
382905 584225
498491 912422
365755 60977
420849 128933
17305 842513
475875 94580
740646 760031
73480 757582
431295 686758
265905 617236
201634 440754
298715 70111
416845 8927
301882 575974
71667 540323
618343 526072
368196 874434
43110 536938
704622 987781
395256 486986
948666 486907
437325 403927
44896 346385
852345 35614
238488 652523
338278 851587
500858 461218
103816 571043
983764 574708
755864 977480
391014 845510
392203 47023
710747 328528
511924 715935
821369 644763
877719 578105
314113 300955
