394887 924083
184912 76822
330761 365400
87128 956682
699040 684320
576371 898384
864601 464397
586481 633381
546519 193767
110095 475923
770274 514076
19770 973967
240959 388226
657342 876572
337712 180225
856042 28714
977465 855409
694704 671630
380056 109040
616856 387165
825661 922021
132544 96360
838944 729969
386250 458197
112234 743760
602926 544891
727451 167263
304796 929807
620431 500568
64997 68335
583664 425837
802870 943456
296833 401143
172212 522757
903013 48958
654295 254961
885952 334392
814844 904343
943596 199941
232146 159172
700235 838237
835227 830403
846886 456978
571590 520595
809475 774378
552380 215771
858614 812166
761646 125083
16827 536351
812600 356967
688476 542374
896851 827386
839834 648964
210939 591539
971591 141819
378758 739867
36129 766213
324435 16611
924429 472450
601113 878767
189774 522721
490913 368181
116259 737884
260287 299228
741366 108801
901059 791778
115083 795542
405366 496591
302114 330781
393682 239360
364251 633156
923042 575809
299654 189639
350436 80165
788848 328261
577323 433490
242465 276512
220553 279636
215340 975575
708066 366285
876229 80872
344646 687752
781720 306932
119262 384427
670972 297259
966103 814585
260331 265967
863248 187747
248055 595021
678686 305870
201229 275128
833599 893294
654372 508904
944639 987348
572860 607438
941222 805024
440789 21653
64392 824385
297281 604593
65537 56459
890852 493292
905674 767656
979061 580869
433221 905372
796179 872776
72535 161891
567326 369501
298967 292138
761727 914825
660279 862856
381405 182713
175179 485307
735981 335843
577270 119206
918340 41706
843826 790040
23687 707229
405662 851639
369417 656446
756633 211147
429326 581931
271178 580357
272693 580681
980117 689482
859446 176332
796647 748576
518814 699833
20255 352427
91016 882122
903046 816979
762210 854549
90546 565457
782252 141276
753655 495278
54947 285961
820206 56962
542780 943403
424008 852819
535926 157527
274082 574618
960130 909300
746078 131220
967642 351914
668362 773471
536100 877856
937525 742122
832036 332780
579941 604637
638767 479139
776260 754368
483652 164535
456962 481622
690134 713533
830766 75136
482936 110514
868100 484576
531426 246009
875767 513934
845384 226091
889723 883408
373162 872039
783989 480844
749507 805988
379279 854451
243572 333397
545204 563490
816112 195671
28054 815383
759674 46664
486737 416114
985813 540240
315007 584322
223759 269247
184164 860334
922800 906732
80805 213766
53689 911832
168817 456038
789339 453969
940793 530943
120171 106031
884238 46666
232709 560972
893682 884678
646611 538003
101697 970866
709727 402798
789785 37853
572473 169127
256810 61853
815189 958505
295151 399690
457065 476943
601462 715384
485461 466138
890869 191645
227784 87722
184364 543208
398846 257794
424710 983255
739564 301677
711631 307497
182600 359967
585222 823359
379011 763729
991593 32319
46593 552352
961604 495137
59600 309407
459671 870085
971796 64725
140345 947786
724808 157757
494929 616057
365210 433038
242901 72774
236500 210432
113170 374672
977752 679964
586338 539300
441060 975328
70199 544150
228376 665414
438544 183222
991170 695624
973037 805657
312623 290038
691726 422186
743109 305305
98900 778137
382639 310712
211788 83653
714727 21560
867881 711316
282174 304283
265214 918547
49861 884174
469250 219218
554632 42746
123807 740097
55842 858098
28151 105384
335948 271106
652930 49009
252367 963760
916970 18732
322054 233574
129331 594721
564362 869793
974762 432359
7614 202723
459247 268297
463256 785837
8972 359575
798334 135128
467495 310660
281353 543487
382719 975029
369645 912725
454469 501293
42278 689138
328759 672407
665924 914961
978313 507225
124254 832110
754114 413803
228274 688820
290870 93369
536411 904679
40857 331489
404221 469542
58450 562759
923184 861101
824714 429722
317411 231184
550716 25927
598081 973906
644301 399686
772370 13978
650747 618798
913107 130799
997139 779904
395048 443173
468287 280116
143889 446510
722960 403162
870728 937004
328283 53987
912116 486851
767402 340829
4702 642782
538716 510396
595406 212306
397233 611417
555879 504310
708518 61956
823697 38262
220196 648078
337420 616987
694044 251773
572461 186142
190219 873548
759987 522894
393376 444522
302670 880478
219518 542395
603664 75036
353309 786641
237447 416756
479778 112289
535481 714841
311950 809102
502133 581294
685370 85273
389320 518560
432795 130049
188780 997462
485365 821000
982996 154501
350268 868541
411063 289908
469716 747879
898395 785042
345165 935700
651126 104078
669639 155110
469432 765733
58190 663293
466676 632759
295431 566284
144305 315115
114807 105547
82618 814753
771642 474681
824233 8011
913823 260461
626912 669078
557389 366926
674532 502633
104672 413728
538339 679829
976193 360564
198628 898210
848061 603817
861004 223453
726956 931285
126832 739343
121230 839933
325481 946471
287854 794486
828207 282981
701732 216748
708199 830314
962355 330295
970414 695128
353810 660902
580687 360124
180515 343014
373020 488135
505542 564628
487815 568957
943530 193713
452384 527185
429397 163188
847207 338772
417724 713543
194585 702995
709289 525513
674196 531583
230584 278107
37314 444328
213996 20794
417591 903395
918064 333204
202639 733011
277471 830656
67905 902194
544301 520230
960802 110950
70081 879315
191908 223454
657909 439216
939436 824277
221316 125062
543793 681741
540519 401015
538299 107403
965150 806926
836620 130449
895249 77066
68767 714293
417588 242869
634039 332293
425132 195459
451836 396114
852373 598186
748538 362196
473809 971238
689270 429910
236362 724968
562971 951123
174200 488976
882818 272556
844222 684830
217517 870419
267639 449894
249068 673042
278878 628912
947104 825813
582466 554460
689128 316374
625615 286319
951989 87556
729778 97987
734064 491464
352125 564749
145608 443032
113473 808806
160176 359655
49624 377263
489496 293710
651150 617836
171640 43375
512094 724125
372671 592709
244138 658012
303705 577823
217824 24264
229584 672643
52171 466210
697799 322556
204176 272813
709078 112925
877963 1784
137868 635414
744217 402516
618036 683286
259672 376581
142403 974860
345429 819895
199675 199129
846871 383386
601296 453408
237795 787722
411349 269888
430129 850230
56075 833652
982510 578085
476340 926297
753494 172358
466324 579662
135190 738021
254084 364772
528462 906903
136094 348775
472718 275996
521020 434384
702294 520140
190656 736381
980477 267855
547962 423300
206150 13674
853958 228690
370085 374568
729865 74342
646253 954355
383333 66664
46467 448450
629919 532403
175955 564310
670185 705762
817911 595255
367175 428321
762184 767529
159369 790535
557736 565555
857667 601486
172794 963834
867463 374802
448381 906732
59 28611
149911 318564
404674 457377
321016 726766
604579 82492
870125 783113
492635 709277
266069 507927
190462 660320
343427 26368
927537 381700
969731 974074
129272 661442
514613 320341
974371 921365
944173 776344
548741 931545
231029 524658
130631 253325
147350 835789
498717 705455
349245 803141
176291 232499
166767 224537
249764 68005
286458 272510
718548 395076
266929 712790
698780 631932
244277 911402
26119 102512
657692 878574
82172 554750
148043 867418
497236 954379
195777 733293
13023 465378
350015 552073
930231 232836
423004 950052
185747 805719
619544 656858
968337 494803
792917 695370
829422 421073
382333 66344
559727 460153
127304 543727
344763 345184
275964 966593
102776 686006
801753 153421
688578 385678
259249 456740
506136 40993
779863 339147
805050 907445
32090 634270
544843 271752
961066 405476
337362 764617
231705 237595
349923 385456
82439 801446
672415 90515
355120 600983
511104 275326
661658 918606
358647 821032
440460 978904
343944 351041
770428 398353
855049 572634
419266 924802
968638 447495
256818 821649
162967 824491
929916 432743
90976 86626
116083 785003
52358 822925
616857 472561
566230 859009
249969 532225
24015 515123
262001 585874
102029 705755
276529 4872
228396 591555
395234 297657
545738 282453
492534 522853
123010 312616
441959 568580
624342 212823
239547 88615
133673 718028
666584 170113
267629 851599
475907 259154
878687 804420
34448 145824
804263 322692
633598 585420
892935 87611
375147 215718
415485 908077
841688 490199
96254 772612
734514 522506
249514 205622
801870 951663
544629 255503
380931 122584
159127 523010
301805 338668
480127 361631
65816 139891
771376 827986
8082 570238
128594 421871
272457 120273
971325 106251
94697 212874
254915 547629
739402 875920
84632 379032
757429 54584
257323 845126
89066 768149
603413 188457
680923 416882
295090 876318
486047 515495
519767 773455
189810 87222
914090 541198
290258 273112
995012 676566
570798 793084
820028 310949
676146 687051
688777 311130
605783 685099
736953 224298
436054 800807
33197 808927
551956 159484
160477 599738
674353 208925
723813 537166
296945 415665
747992 700731
120204 926159
173816 685660
403365 590059
914048 882371
107203 126103
982756 558149
845189 491938
585649 69530
475268 590910
906056 91090
520540 834726
762365 165216
714040 187842
26221 142961
692484 244104
114746 962626
489535 397742
224982 386322
971466 154440
134882 316955
776589 97840
942578 426074
982681 336535
865289 31282
20326 959085
472405 67296
788814 380905
368949 976544
883471 883206
405636 828826
83222 965115
201345 218400
617598 173346
919728 623526
101892 522609
783974 902752
901619 662403
606906 668920
182580 720097
467021 732521
747680 971765
219620 109901
792811 317172
590944 310914
340441 808883
624052 652268
321829 893785
987730 707112
454310 642133
255438 733318
881684 188592
115294 407936
500629 153267
515424 408968
197006 624395
196003 943118
33304 443919
757580 492881
419692 932169
545614 346759
982824 888171
157795 953979
526684 495138
401067 343547
19978 807070
843379 746251
601288 841376
944374 686607
920410 456233
207586 356897
92147 65798
107495 662658
269769 582566
292199 857890
276807 861691
651058 627368
119016 901774
719052 159867
202248 662530
168857 861103
914713 847841
977023 949932
630288 170211
311958 930723
734549 281383
686722 561272
918637 129670
419360 4637
68529 614679
839906 43184
641073 731064
241869 338928
510048 508270
943249 256981
260947 342225
329333 915161
297910 190899
249091 150774
861477 892234
539433 588769
498967 558738
206155 265617
417065 712387
347913 95399
312181 932558
953396 476477
245309 476742
887276 219437
573707 911706
68660 596955
188845 444007
109709 856136
512384 833934
424131 669441
415576 88484
964712 763197
655014 581264
421687 862380
57277 796686
237153 728433
644819 821425
643350 9165
820765 95062
659577 964519
646637 370569
281950 118668
791730 707335
627797 994026
529959 58222
311600 864273
238443 923131
934623 441328
729666 366631
87031 929980
50446 814082
205124 448716
752205 161350
852416 588742
816651 80161
206278 589242
760371 890897
568775 469495
519057 178225
883136 107202
67922 370717
924655 244681
178435 631455
309764 770058
230346 797957
376899 902807
448387 346678
429382 38635
363187 468099
194445 758720
821040 354954
336433 99194
611043 637811
295423 599685
204638 466354
121365 748081
473789 1159
664873 479447
751361 484338
699399 522676
866721 959417
135507 416141
632886 504821
204298 560254
801794 88367
730225 253961
457999 486752
636562 77928
787079 834978
571774 48832
817807 466868
443872 952296
791576 244803
783320 105754
972730 712830
525290 775070
536089 412911
25017 633547
560571 255275
415573 453911
545465 319143
486182 689727
312128 69892
801498 115309
440231 369066
161206 207674
405954 698927
320030 636396
297696 279536
916642 502667
93446 527244
189717 284235
667487 247677
256702 545512
553750 970978
177130 170619
135902 102691
249884 132266
216569 898415
402454 391604
310994 626565
786679 995164
882998 21673
417627 875552
844137 14428
923501 689169
927434 79223
645825 701016
422166 277
935208 586212
459865 599782
732004 942793
593106 835876
347927 261268
215848 462850
962814 765294
399625 254902
674558 288835
280105 128944
701993 299919
238106 380085
676402 926255
427802 351087
229968 134926
360515 318783
822356 491235
366475 117162
164505 495317
587146 523228
901097 526418
701991 382703
577231 591493
127866 860755
867741 520490
877586 528093
319686 856040
559870 353674
386141 32901
215342 2656
11997 975121
796208 318496
396343 86059
39455 284410
424863 859894
891731 97669
569822 597165
53095 793444
558065 468977
252212 754714
652138 522034
162636 113514
389340 519923
520817 882375
724424 853645
660878 187679
891319 617244
319237 508092
651044 620241
914564 587730
727080 317174
716198 179791
492841 695308
912601 665303
89121 472368
143836 61558
299586 273316
665925 745731
308880 392042
357082 715115
355104 432731
213128 89815
416289 690923
572277 564984
476520 933789
767859 979220
569441 531208
455255 226474
36161 920094
78723 320811
273154 746967
571149 277701
456744 276105
192270 335765
400662 390585
723308 353084
924549 55870
670935 251393
95062 44517
293789 929549
653784 622620
979151 521418
933367 216603
662369 909501
128185 66079
277948 691873
836763 495195
77958 848778
720428 938480
151690 269662
494202 174720
702514 751994
517020 641950
223043 506895
104956 441807
388622 462048
349466 831622
322644 61119
55040 706512
829263 546343
275851 982865
193275 84468
941671 323293
976915 144957
107219 364371
201332 212838
517539 837951
922160 56733
367773 92679
595306 814262
49436 517252
765945 978609
421777 671823
512276 212698
400497 798500
946680 382999
600260 136904
556584 839235
690050 319854
103497 245648
915195 898477
397734 105182
324602 275156
800275 652412
444917 917203
118424 901949
28444 526832
579602 975657
297306 933408
402877 561514
173958 689144
173836 220340
678642 435233
681080 67056
631513 269883
583467 971147
463035 275661
397195 882578
596234 120356
410110 928741
949110 15127
438342 841214
47112 470052
661478 261198
476940 268153
400397 752705
313771 654526
823494 53537
594407 588834
966750 682577
500917 557556
668685 748187
938093 460516
87131 776611
232953 374955
551972 392373
841569 428150
749118 151177
552146 573517
432400 789688
321103 751201
603409 19640
553824 239139
43495 334349
446653 908691
296686 979114
929122 754657
584370 695047
712567 576754
987096 278150
751195 912282
371496 400402
271822 910631
484160 87210
409711 394748
318551 359334
934399 3184
134907 83337
805283 892172
1112 666357
499645 840407
809178 632270
40028 964678
735490 417384
598668 971594
675950 218054
471869 513631
5655 408669
828896 62488
373978 379325
710265 742804
193985 481857
419740 534464
654976 64911
217255 911004
656762 282896
342165 269901
306035 93923
415055 458726
183126 90434
636330 413504
102042 411396
894228 529541
978723 861694
791059 907420
299362 111277
510976 374419
197405 104864
289101 350422
640757 874002
194339 23798
317849 936252
304215 306220
329124 869541
139154 171593
871264 433509
95144 449323
737779 711946
921267 905338
297327 471382
606470 498588
804670 3711
907320 673897
185662 534588
124763 765231
780757 910123
664515 501419
1503 414505
67882 756620
435064 299638
520045 287711
135398 904378
519951 902511
984562 804581
954572 22498
972441 791845
552427 140113
447887 645638
449825 147018
907208 543213
387563 439052
964888 491430
365815 716532
985254 885704
727648 571618
247110 206873
987749 920614
594087 867228
891637 696821
577107 698927
330042 718939
982119 26128
650528 577459
576894 402744
972807 240661
344263 945881
755756 477383
270969 328521
436059 92817
928154 703204
21203 814932
253192 400338
670688 154289
871133 516461
728169 2253
801087 617277
341032 199326
436742 43248
302780 781254
2242 464027
569695 998159
279024 80600
703170 554338
50029 826875
591158 858341
863863 790493
378742 332258
502492 711932
607291 497027
199455 521994
445077 7333
985050 234209
535143 115533
244134 268156
779497 708130
237307 554417
351027 718994
379506 990192
36769 399506
315026 868980
843854 183644
402774 14099
15433 279135
588002 85434
326080 615321
145984 987950
403467 831195
640114 78464
986090 943058
713644 6029
163312 373986
750760 724232
785432 227160
65400 326942
835710 960002
859296 954612
375909 727773
484228 93334
820390 403604
534254 512401
122752 234921
331985 820703
782676 557947
475906 924238
947666 731475
987914 827050
489980 113729
564467 146279
229142 396051
65240 889255
454086 228434
251485 797340
194935 82983
993596 991871
600031 150012
820876 488659
939392 570720
365725 615524
662373 28415
140148 798509
947405 780940
866972 796229
187308 134909
40173 196336
795808 432973
165816 121875
80879 454953
746352 600395
942845 735592
251530 979169
596517 909220
926301 618302
63355 747584
102465 646419
744300 233801
821682 330299
224387 74401
81790 597383
718131 672249
234866 650533
271792 118051
444475 467071
540283 669097
35586 728444
730716 447637
678874 723746
875239 152337
360153 682586
574020 884022
308460 414212
48463 609382
92277 802835
614654 531836
815339 284180
431305 599138
417593 750933
600873 457516
563697 63770
925460 890999
932358 149750
39875 220622
192487 800231
703630 929510
963249 639665
850779 945493
279919 559696
683558 681446
935518 924334
693071 781159
244385 386064
162641 97604
88165 589852
827430 451698
773184 640588
753205 493985
378789 979347
378640 29548
486334 856531
286205 1211
646741 295045
895054 527892
772633 165339
435165 401829
276861 803008
563813 600397
557761 209067
475151 582846
747516 54076
511390 373927
640250 279985
313871 324649
772740 850425
548437 554228
152120 445451
559897 392826
555596 913843
143476 563674
724859 102873
287784 999019
838522 298458
568617 910747
604983 383600
480897 270850
513326 166913
147981 22246
442185 819964
273759 93297
725212 87845
881031 87538
344393 349892
890261 68127
295150 346561
66871 728544
505262 129627
785404 660569
435177 135708
716479 512501
704339 958714
778384 550989
479995 17924
426646 4489
920121 42749
84616 460908
345977 471472
754315 257009
345169 585287
969362 634831
115942 634160
153804 244471
746036 172968
164194 519833
47376 44265
14625 840366
748010 285079
134951 956052
818927 627748
970000 37045
211511 513990
37948 389234
48055 185522
696836 180526
502535 66732
932055 804486
559375 762383
527445 618854
1125 178714
981454 632348
613500 291876
684696 968831
786909 699911
325042 839918
827746 575477
168480 883072
210921 266571
889990 569367
420971 311719
740917 544688
199724 246496
118854 824278
612795 969046
999696 135746
403611 925537
148502 408144
852998 567995
38739 719691
708618 999158
904334 658333
744302 667239
26759 478081
772689 528587
579049 57826
78713 537101
700099 977109
440250 313361
223098 357994
408603 376141
161419 532864
7969 741440
486688 513614
643246 22685
876005 103527
358475 482760
300109 786150
636026 978082
992580 398258
249854 594334
316698 988175
568573 963230
568428 168809
468909 948677
459810 35651
112928 664050
175751 917561
341844 894101
811950 418934
933338 519446
569516 908216
822897 371607
965209 841702
6980 216972
584884 44784
880906 506195
781144 924196
127280 871100
768961 983896
224668 171833
684036 44443
109760 674978
28808 254714
939042 467812
499252 164904
494720 623916
888263 168307
632961 400614
785731 189376
527310 864707
788511 928634
220101 336756
93296 26769
45996 573677
330912 370716
87495 141065
622132 415926
320765 447753
883015 155880
699044 603748
355518 45234
195508 954545
667756 402189
280152 681085
249764 970352
371061 126635
682439 531679
139739 837947
29367 149788
175328 950138
954732 654048
946847 374214
715388 942380
680777 545250
990223 965139
472811 304826
952585 472123
841258 595675
277513 11567
27963 35586
206127 236656
463246 533566
825545 69019
841648 871026
989140 546807
110330 534432
584011 512918
812473 198729
523860 348722
637337 747329
222771 983984
811520 126203
462453 108584
905220 65408
323426 132752
107048 378225
928469 893735
965091 994012
238585 514783
739284 174895
378276 251962
81809 656108
189705 694647
300785 260910
940921 416067
613035 590493
554122 538242
162081 467850
97010 204071
914399 425955
53880 770398
808517 943227
307983 557505
537234 402270
84060 87675
877338 215670
631450 436389
380172 29958
225630 391886
68229 816175
195798 453004
475951 421724
389254 944712
834570 637986
500021 844341
462399 537249
60208 605411
291623 241398
390068 953701
612375 295395
611683 285890
87650 490562
730853 52555
822551 80123
389173 332429
523959 498833
6099 595846
563331 848375
38610 349785
867376 135005
168504 694281
460623 274649
510091 296617
496344 921031
56163 484376
760956 853449
400651 351924
839920 231233
214 501699
862264 16237
556356 364937
238531 31072
173862 782172
139700 621037
729549 995513
752482 349267
44245 755687
930538 327911
282890 524604
496432 375007
37169 677989
275845 717594
836329 930542
454916 39313
213479 460912
832858 420493
11338 509330
985842 847297
986859 923143
623303 960196
644275 627609
97737 416825
704898 584452
752222 636195
452604 571159
301656 218350
246412 990550
390561 559843
404144 743847
229798 941918
366724 383824
379773 639242
918473 500011
55133 167059
806429 129022
542798 278107
689733 593159
235861 388591
914284 73427
30424 625405
157193 321579
650339 361287
705339 608742
679719 338594
377880 55655
525784 866381
502327 768396
879767 884909
523697 927528
676157 381962
562267 514515
153001 906401
56338 800040
692895 908801
93618 392187
614285 87135
750688 299513
664051 718668
140654 233658
84703 954860
579290 252395
434719 417581
86007 367773
235761 441548
438955 578422
994427 62928
808426 621236
587455 162007
758788 332901
763247 749996
65527 201647
854375 39752
887317 697820
714125 156076
942808 950909
633011 275371
628667 517106
26450 268231
106099 256571
450403 24699
932534 934684
627672 961526
722690 454570
287313 781750
572796 373825
576514 459570
90318 225007
417711 920135
319603 676518
249147 634387
181811 953762
166801 275553
725315 693162
392493 66898
430475 176088
437612 732744
562921 453759
315385 96968
48487 576886
887900 377907
768011 17592
99073 205500
482628 780728
265538 817723
335353 104185
813621 484880
936478 194086
695023 863222
91753 644245
336790 479555
29653 643619
213012 263473
221657 386681
71517 294235
805470 781998
682859 118517
510474 152864
332565 100237
242996 618965
310163 5735
858073 183891
29149 921424
600234 234108
386525 342202
644731 744395
387634 609372
667732 142992
261700 913683
913707 830858
960302 149526
466533 777295
631765 965623
506453 446146
780288 197724
492485 428096
37074 255347
644535 54517
937376 716123
966009 141816
699658 181151
505069 36538
926174 613698
363156 937986
628805 106833
374818 75449
978746 378554
255063 443988
98252 621306
675688 389469
420918 370836
147053 880137
326116 710961
307777 877275
397580 262390
267706 319176
255615 445600
867732 282075
700059 823720
497779 861895
495649 85906
448088 702720
152761 855073
823633 640731
511377 845988
115306 800116
188471 550085
157083 834575
457245 877422
562615 378727
522248 268023
22771 921486
447076 22740
599315 795174
657216 271861
582503 163889
750430 332314
68566 940367
577112 108479
694638 590891
932149 798810
331219 197549
178549 678541
457092 787349
98777 193558
150023 682655
692650 28469
760343 592344
833832 614141
341210 238084
502810 217022
391685 262407
124165 611457
106858 507863
448881 820394
402650 697418
897118 744559
729115 553962
505216 671535
244816 665998
750846 609219
851092 230925
918982 705936
616267 495613
376446 23039
150438 896450
489624 610259
595987 473507
805665 644117
169993 202687
33027 881920
595620 850679
489897 223105
486514 2934
594802 665758
164679 586014
332376 126024
911481 975673
249323 248557
490704 246906
513141 652209
638482 645405
829556 166454
874108 26447
751476 818891
913499 418849
471895 626785
151935 464320
527584 504821
90817 113697
342399 347072
867875 398816
830505 814754
107975 218798
503438 815278
628714 718160
460269 374084
125638 798188
391607 778240
777098 884497
363010 853442
618476 407118
303537 523113
257640 325111
579253 3341
275164 939453
389618 89763
337479 245869
252622 658652
559500 967863
130319 211425
921348 503402
875897 795082
776493 159969
965109 659506
221722 116312
702073 571818
486848 402902
786799 753327
552984 470828
25745 818883
22929 526380
595826 440019
707372 168311
48258 782643
687071 470331
292713 994098
642486 740705
176784 895876
241322 421619
189240 511385
727303 332700
160792 33161
384584 698083
203562 62115
342685 868613
181002 858279
755708 618745
570232 809835
579556 185449
882466 173275
652093 792570
992244 317975
224894 994938
49581 190084
459401 714261
727809 433051
764214 310163
351506 68075
634096 214609
947071 813318
603047 961790
81481 408204
604710 489221
967553 818442
839129 335402
272913 746947
932173 209635
607353 791047
980725 668864
232615 884113
436350 820900
432899 605683
136207 58742
584674 229660
967879 473497
642809 71513
933925 720792
9857 555062
580165 972293
519098 128414
472004 11743
60286 736209
348642 812728
51393 588052
62769 507175
49510 795471
760249 45880
874102 95296
766835 477360
606498 917154
542665 463824
192343 280957
733994 438790
159959 83756
954166 337062
959819 241775
859457 729250
707468 597430
30577 246424
371413 847883
469660 206574
995560 350000
486556 851818
665512 919316
959446 782447
15742 922185
763816 462974
160161 506160
309421 664715
946727 422796
667807 580366
773273 808071
926541 214658
349956 52773
32713 321734
29035 324160
356216 981295
948546 518525
771939 617269
395683 715641
927455 450823
143568 682987
446780 331463
334460 154391
237112 748394
470481 960069
999787 4602
213589 723482
517755 917323
325265 399058
346482 556453
629785 912979
506987 53085
966476 99349
5094 750496
278046 212595
960896 145882
303535 425061
75400 408842
193233 390609
483918 854290
85420 109735
266791 313758
864913 846256
997159 1418
475989 564161
638810 6389
638037 980879
670081 141059
352364 861359
290780 369066
369154 53439
655386 170129
552946 633200
581469 307219
480025 901070
101422 32470
410530 26569
422325 525412
151018 287177
37244 76450
486921 689723
944602 569379
84645 342416
262440 982800
26153 582868
838875 375968
753446 125773
275009 172830
292703 584384
944667 509929
663932 369502
80591 26341
551863 965660
592667 255305
63760 486365
315977 15767
162692 917694
91419 169351
362226 507758
651223 597250
324981 20543
228728 464688
925503 985290
49313 806519
358748 544924
860611 307090
305116 935863
772009 4171
462720 693085
952172 939779
988077 730770
466330 296175
18073 276332
144673 884739
997415 115732
216980 443514
723206 334082
910011 561941
536212 412940
339794 261366
674143 700274
407646 709656
505381 289151
407280 809193
732115 502609
549621 687273
245371 881915
56607 855894
929814 309820
247443 619650
302373 22104
946939 721889
397582 551482
77524 443401
676814 179333
899196 640154
946287 819639
644595 946248
939367 838724
203406 342088
735197 685325
671175 331289
103850 183938
122061 802509
817215 105098
84276 160343
918758 694037
756540 253432
25775 641168
955103 173935
429666 279384
196069 270814
502109 60049
83923 67730
487412 771523
614682 33910
777913 114079
495521 791874
851275 502063
669873 934208
795369 676408
329263 861597
680357 447572
817920 967037
878014 164748
81309 300820
920635 545883
684445 93371
359824 298221
142942 283677
249162 147077
939589 599301
205493 687687
169324 392437
316076 239700
369953 935149
3852 359158
255573 762472
775489 127680
188342 499955
656549 765701
960815 980858
102435 417704
471138 475508
840679 768030
587642 204669
410036 484384
251760 909161
794410 237022
235408 952171
854713 279186
313630 67106
237967 495575
826076 265782
105102 295834
551475 157013
299095 885069
611722 502975
780386 230998
127283 217989
985265 410800
406231 217992
159240 69725
865759 994389
472752 220638
484877 335910
493248 266529
826765 70524
163353 637292
746301 298079
766593 888865
978396 163830
972450 968697
709100 129588
219927 851905
816557 843846
99965 853201
931263 491935
233940 735816
361210 353497
885147 547116
684106 119903
579954 44950
954467 179570
419456 918137
542078 393780
123024 451197
340894 599914
935539 321400
981719 513823
308465 488736
397936 308402
698592 712348
168684 709449
934948 329386
765172 498923
927484 284771
405314 734304
960455 951462
801258 531112
459798 372514
862556 490459
374913 970735
998815 464456
791793 339579
469910 37041
312291 446943
212772 805255
479982 379883
467287 478976
390897 656493
666308 704944
905949 326908
632485 304115
462426 813280
588433 456968
220759 268028
190861 12992
994596 186836
824633 862995
595573 487253
649022 369756
334698 381781
398433 751974
426453 125770
49291 314810
786374 166587
725252 811848
391169 589401
944817 634628
722541 935006
955327 720119
146021 620942
145232 752019
765363 737531
655980 874192
439440 686866
723206 838021
738396 746921
719191 692210
996679 840839
995047 620621
26061 654389
852028 28254
273737 568752
487033 267774
574123 172458
814081 545566
32597 629254
774388 186969
366095 976245
869015 97038
631889 898525
843837 290090
886107 152313
365865 304400
795269 449810
29998 510669
257729 889301
416972 241937
201396 34305
282846 755699
371080 388209
612069 661158
730508 759573
267569 550019
142821 820276
983181 747409
266189 591090
453233 177037
446895 984218
937972 359124
13850 727061
406171 501592
362500 888231
872546 351615
802419 708293
53803 592503
707361 963952
706559 278481
362151 703179
849472 600612
891569 802357
841670 815549
106994 248522
832808 663633
713683 270344
131331 925894
760729 280342
430687 383323
824228 337957
521748 977244
402061 640361
728541 145906
913815 202814
596437 388053
577508 118610
531574 352091
251147 644671
190579 945053
230004 447521
852453 363466
372291 34739
89007 876991
222489 18989
726770 159922
597676 952113
12294 440644
648896 177055
423765 352303
137726 767532
64781 398634
495790 844519
344111 604362
383558 912342
793547 27352
408101 193306
926181 991367
913531 548331
364442 788679
114929 744735
920198 2516
797064 244681
624563 981591
54781 488261
140356 157216
686783 433168
646298 181139
526794 615790
341027 776095
731721 969982
236360 926471
440186 526633
407697 2323
619054 339518
514880 434455
964399 324369
825308 20748
80490 280361
961979 552156
52609 349192
756219 890042
781213 254343
848308 46861
463729 573902
127596 570806
989821 490756
962937 287454
769275 317154
895227 114653
994013 997061
51067 759694
755378 418801
494403 418325
597503 493872
466569 759433
72673 590310
186080 945226
970561 33358
453862 337850
472781 597777
654233 894806
442164 176368
551501 951662
708349 950347
524138 194018
205720 574239
849561 972094
831969 555367
142092 450410
504613 523258
852420 709049
233840 208367
112334 754847
173928 952390
354914 409548
416030 830867
104574 11577
759417 724197
631608 747182
11450 309961
608932 464350
852353 739786
717807 313160
933613 419349
370985 500697
581480 495657
539064 931621
852640 584444
722573 356573
444699 330375
757295 771748
97486 858263
536430 182407
413802 778839
481091 845929
455085 884605
758447 280966
923702 532064
363047 95068
475351 855430
249908 212044
775370 416444
570150 628797
194437 753288
363309 73169
606920 239225
285210 434199
152608 990045
285763 40594
353363 430765
449248 671587
720501 339257
665259 419231
195340 278291
64507 849236
144438 559289
825794 285942
182124 653718
482284 56007
874911 828024
505039 34374
562454 928785
180861 891520
196037 588791
154404 402791
29866 935231
642873 582057
193363 496112
774480 667693
11201 922407
537491 973429
872795 852408
735011 74270
143054 931491
827139 904845
503532 660669
350198 944353
264491 713899
522356 949769
322793 49089
620597 36402
637138 444158
307821 92085
708527 833757
529049 488976
948094 992766
405432 391834
442075 765308
775489 487309
470953 909577
503830 718532
967817 136881
300000 849964
508331 445341
156978 318940
533995 667446
766082 306647
457778 512373
155535 398634
626020 548645
875396 785092
198220 866074
469299 674969
573303 785910
586159 532916
490914 965567
287789 160506
818794 605936
582286 796676
238723 969398
345118 376859
464303 400043
980501 955935
871714 17754
744046 730770
296413 449822
63532 46236
644391 921037
659220 89804
188915 545875
186782 889667
92789 350487
624101 414173
40372 945096
344828 503312
40040 381521
891149 741396
576654 715695
83273 411156
99922 344331
419240 390689
303234 108311
200022 733032
460282 14142
637151 672550
378784 499462
154765 238861
409756 116235
66531 601696
792517 46477
516967 164964
571497 789748
653654 571532
660158 329924
994236 951581
938135 49406
555933 469657
978430 21872
110852 121177
887952 508879
163191 342385
62341 319008
368387 279615
819348 694562
33890 821557
753403 267670
594222 932704
204419 603424
300450 956598
629327 111977
823815 5488
532367 825827
823501 973202
233597 774621
84088 227208
226107 963446
384005 199341
211946 696521
14179 21559
240306 645383
672097 352774
872541 935197
925305 205137
298695 27884
580728 565638
664222 941649
241396 764974
162055 250368
995987 440075
469532 744800
350480 97253
868214 450792
341701 771473
410173 898421
607185 63799
376152 404848
154803 141335
323227 419624
693482 268437
982928 771235
65294 213051
668206 25630
361625 210730
41208 58711
46128 144918
201972 971698
831263 480146
370167 802153
312738 856150
995814 158720
648168 205890
656504 475701
917426 424924
6859 873689
951982 933727
992742 799989
549592 900264
357619 294165
155359 239757
577483 272830
281596 319839
311162 154522
89826 645098
892872 302690
560648 576171
208545 753940
187775 340482
181213 159598
750504 113747
796983 393244
256452 262824
573709 922816
850944 637263
965142 196741
697830 677310
648347 396470
838425 714286
741872 688875
108938 75323
311378 676722
182216 326644
12449 140250
277096 844605
790296 639708
750540 923659
883274 947034
938587 862535
407513 435108
933564 585201
712103 317958
566736 173739
949064 367771
968275 826389
25421 424373
188296 635843
327977 489433
787452 793115
736457 505482
478217 946166
99583 893535
371140 269703
733394 482688
707670 92286
558198 487776
27374 769504
588171 364159
545306 599613
585879 445957
635648 339517
903166 167918
17735 62185
196746 450077
840538 555219
671254 804747
777101 209081
931817 534356
905065 680156
589506 371532
78932 16764
398415 20766
713151 359328
425482 751886
222181 537491
558940 658695
598872 514496
637598 668898
578228 463212
372203 240729
787268 540847
196113 261378
351147 47992
797748 488477
82086 869185
23698 24344
272049 711743
83530 928945
118067 941049
943285 784644
687431 547141
216194 268110
825875 846597
987496 511217
388269 227789
467529 613039
812770 579809
63266 81352
605618 308947
112523 511223
290492 772700
762200 942841
709297 979961
856642 708960
381604 339323
544152 982132
819104 548767
621703 446517
161699 451579
982681 297839
422976 846900
169719 706383
974160 976148
661513 975663
26717 763078
336502 301616
323979 180977
701607 889498
969098 782331
957158 417840
21403 455687
978377 47898
954517 571646
481472 97853
439497 142591
282239 228615
379373 399111
55567 34351
195021 19247
200908 155875
80771 357634
284090 69374
113359 452629
844988 569391
338752 227719
809020 887924
868127 976700
600526 903722
578231 106231
758768 310760
285951 15486
999859 161145
463377 747200
614328 5329
815501 777614
117783 581394
553010 90699
54042 319636
805021 152054
338494 904328
492229 171828
740157 916699
404012 593742
650495 938566
881011 126470
105380 977831
884302 397281
551376 688536
394470 464002
640165 928003
772343 148447
144029 664869
334891 696894
893670 792841
167374 965325
945605 826291
272431 535375
109769 571612
353646 925260
610095 788570
727498 610295
752068 626109
423025 342
543066 401169
120049 121341
208472 652031
189663 539056
271115 488481
66948 72805
618180 42681
699175 164906
624261 756527
586199 142558
962174 822265
703623 128163
125762 97451
33292 469071
17100 841369
310386 507498
492011 945052
803406 795756
8525 503776
267730 857761
941687 252332
270517 655981
581559 126128
711645 86271
376553 784660
629008 274722
981888 904656
858376 539854
562251 614620
773301 365294
277678 39918
274802 371231
517694 738222
231742 494018
547389 431701
392242 182526
493372 823381
128553 396619
515749 813901
304990 192440
198136 287516
485578 217477
920954 666972
778167 239506
949844 242064
132447 510744
863169 998547
784616 244608
513226 206567
357940 186661
418046 66825
734297 704267
608531 351386
529146 685224
937690 811517
416690 665939
508337 927667
659969 964146
531031 973954
788869 999334
725390 638388
262811 311626
849837 412666
802048 234847
965142 747550
988509 11417
268122 946385
735988 345369
509693 634359
954332 557642
810964 683787
140616 384635
70562 910706
991798 764954
175311 730863
380544 712125
653802 18815
168025 784731
303516 774295
309486 249142
303280 302189
731977 46454
333651 449476
128774 893999
189417 39150
57285 652870
854855 431063
181117 489496
580031 170329
49511 625789
188276 400164
283612 868462
455542 255453
589766 313471
959376 495285
637151 634210
743676 308437
844132 866282
214389 656630
775650 678224
88381 974170
152792 316999
569879 85137
996201 497689
544911 685056
306266 882177
831984 815752
38356 582918
431017 54567
21129 462614
992419 117658
992055 243291
819023 347755
646473 364404
314746 844368
692455 830183
956784 5585
238936 939744
260541 946255
670692 718878
756700 148488
195964 204010
788659 76106
767369 791468
921635 129833
986671 568002
692673 160556
930420 626927
992131 560009
513994 150919
224925 265005
613151 46848
485917 749081
628638 522944
617469 953456
845802 808426
459273 833716
55588 182088
345044 261724
502415 855140
360476 486105
146624 234823
146951 238755
157533 320738
667738 218219
502197 984089
606559 442276
340707 39009
196599 115005
245737 977720
955787 115709
554183 21473
817274 775630
313800 208399
525640 728513
207111 112436
698565 229528
113742 182097
977655 702032
577542 869495
572976 757740
951310 117009
614292 261935
762047 193652
715634 177475
310735 599400
119903 536074
291840 886025
760380 138322
914302 456357
15048 356720
715974 313706
218510 631661
850906 791668
517786 274796
342762 940049
878451 659463
53975 199014
96786 717952
313683 450513
653928 201976
633803 340816
690712 636664
368404 48050
164823 945049
696930 359255
168019 284368
653808 847834
519211 386775
253042 681107
108604 950101
263173 64679
93080 629574
363205 963124
353965 535262
496810 609752
320642 714068
508490 580633
576029 869297
451394 82943
167703 752765
761627 253692
992540 735965
992111 845614
774255 136667
170654 543514
25797 154373
42595 790467
42302 303257
955242 97611
655983 22026
824405 105869
972645 904011
909660 140305
100501 869035
923317 220432
629822 41685
928624 234372
362577 739473
260736 657233
222601 346723
522230 962323
720423 46360
499806 657798
872662 729530
282410 201024
83353 440836
95189 738197
958964 5729
151550 643815
194334 207323
707595 689325
950108 589679
357183 225876
468975 976508
244183 448355
611208 916961
426575 342597
788605 148180
256626 810471
297346 805603
608124 851617
836409 962255
521737 892907
741967 711271
741961 662967
74817 660862
268820 826332
374842 651154
750907 937614
224059 531352
380603 858733
631438 571046
577403 465178
629954 775369
655297 454811
142788 829877
147087 336926
672401 501516
936719 776535
389146 681071
342073 967271
531341 255211
727233 998420
83491 407990
253133 662532
909966 148500
403424 27728
933545 197721
958908 780710
533258 5458
650450 88602
230531 821999
765502 445016
374177 218288
782288 253371
579807 383014
72196 1710
459759 824721
511256 157345
393579 847872
264234 652735
236280 872871
290235 78602
870029 561097
696945 424242
827696 472318
163917 182439
917922 699284
742631 862787
242121 274647
885117 656297
981065 209680
194188 487213
682270 140915
717342 864396
206853 209469
163664 642275
263 220293
305690 847250
170560 659660
442693 962003
429211 63811
35171 332271
587555 839857
195966 824700
19054 97704
234187 295084
241044 265725
706117 797307
925006 215144
496745 950407
116339 223619
89955 285231
353259 643992
400693 248154
175800 637175
981855 268360
763698 963270
40436 256858
330399 646830
414757 264054
872956 167006
181721 849928
795845 606133
284444 977560
898548 282384
340638 196461
499486 131702
729628 514808
495258 974364
977035 467470
430105 771394
599213 164624
456482 18719
714148 702556
166213 462414
864094 922314
409446 279897
861559 274156
677169 755735
535605 238136
949804 751251
589216 389049
695943 481992
483626 326108
616516 943080
198204 319113
850171 279984
908050 345265
335729 755143
30859 757393
161627 3059
427543 513479
24583 604368
954912 916512
152228 584084
965192 361648
903215 68368
389127 147614
993388 674787
793709 903283
88336 497375
562861 485783
788412 127617
496653 447763
377931 451635
159047 610862
713084 575582
873932 2061
633572 127948
386214 423852
300107 210079
73719 511784
575040 490364
811977 227969
74870 679417
303853 234955
199846 284458
856706 833088
626077 265935
847769 344072
200125 829785
525957 94045
483592 199772
719880 531673
513498 176223
505936 843783
393379 551382
565111 344774
242117 98130
649740 535058
668677 301529
675012 792032
416916 955256
523167 289197
466605 254229
581815 482085
343173 246725
680468 420324
104502 424341
54116 750083
652939 335299
468278 767093
46451 330636
737807 343898
286789 331119
629608 758042
219662 745975
53480 847277
793473 508540
460930 901126
999128 359101
972146 295741
917471 70460
492130 346543
589629 65923
181615 25317
926612 306108
931760 282595
4254 262341
42216 654047
835463 462884
133308 362436
497746 924200
995653 805242
656081 766550
637399 923842
628342 215099
223458 924557
481378 641483
847345 157293
60791 32219
883617 388423
83307 500751
520421 13240
54563 78489
108214 858720
87402 995052
489321 650886
924977 828443
19733 463791
853017 808751
479151 119824
849979 808854
949862 456128
572502 348832
663203 61377
367993 424949
874399 390954
917213 897533
902009 292277
465336 42961
549500 709164
726408 296458
204684 396921
990486 531854
958170 598930
858581 405702
370600 51050
791700 324615
731785 535777
258539 939648
922214 417121
517858 27676
10882 722242
477578 769658
714863 732888
120531 733927
535123 974025
325367 705607
247937 853091
640231 331958
465004 70155
224737 193641
624753 505038
6387 810039
747574 316767
277806 838578
745962 356323
392360 629688
872579 343640
488726 985598
895851 668467
501845 626709
272890 295036
102287 854133
473585 699919
35616 166142
847385 267173
329669 367224
425465 586525
830574 382093
160303 154962
344302 504853
348650 86301
712038 677260
818000 50722
686758 748343
784264 581572
887221 468765
967397 269135
742414 151420
353433 437776
616266 563500
528874 315939
790603 245363
997189 223350
844138 880210
834536 465595
892611 39464
257018 646198
314233 66121
375959 114913
613248 303226
168258 55445
378517 665154
519172 274189
447530 547962
366152 942334
50731 130836
86910 733199
295116 455375
265917 204173
343674 353496
513957 332667
912002 31842
380876 704012
459023 568927
224721 892093
820285 635793
871084 578175
304612 424517
486497 265882
787147 716264
717477 161604
573697 513187
904651 418222
409096 945070
376215 133315
522638 921115
254057 304514
339976 805842
442038 990292
947226 685391
424101 943076
302337 438505
533544 953027
850813 351707
269625 698127
93639 388946
807906 887736
465817 985320
206179 537606
186361 492546
596960 551899
27140 258727
736317 674753
231385 771234
789039 304812
634220 77021
214548 392415
797874 426839
520372 124251
209887 961518
231012 770915
486786 567995
815768 16146
835142 424008
449294 501892
397112 550744
276768 754752
72916 85143
703489 835432
447887 709342
706291 538404
413437 281568
41727 148114
451651 623149
305728 116174
46546 228574
970917 988319
985785 635070
905484 89557
308617 596598
158281 95870
513784 703556
679133 193201
662432 699066
46385 500541
683021 130732
602365 808340
993167 595598
42491 793906
9352 424835
501775 885581
26876 794858
895014 62451
893336 833970
396518 384922
153461 551855
74960 654272
721175 750513
481519 892685
653223 343772
159373 971024
906685 666595
827818 12998
660570 671355
373409 392100
913597 521613
419409 494694
477036 215768
235865 524915
844580 65537
702633 234407
873481 955000
416275 41751
767853 147988
88403 396798
849304 285790
857920 961234
936124 749257
110493 640345
694191 649906
521222 312409
251813 483991
285966 138238
680725 109953
968817 707008
451917 444371
953108 99722
25545 504753
822639 724983
362934 426844
71481 678947
908243 416115
284621 586107
599231 614157
813890 265582
545915 503029
607258 378607
139413 643042
803433 831834
334298 424630
164837 642063
736167 231745
881064 138417
576828 40049
164015 895415
900557 768909
929124 544293
706380 858319
918360 125813
80931 738259
309318 115612
246791 339806
947879 893963
614617 867916
318553 501191
90441 766149
844195 204376
655818 230174
447800 718024
68331 95205
452673 854045
950503 779935
71730 197651
6868 499134
792404 788315
8682 88792
846519 916100
547632 527009
193231 678974
285769 522596
471986 237791
874701 289946
990913 151662
924771 760842
208073 181525
68976 811777
95524 368373
440703 485124
410198 468288
382285 125406
51353 438579
50780 465663
565077 783562
634292 349316
229486 205998
537625 534088
19305 745961
833102 208254
864582 859030
876364 500828
81919 546308
568965 533045
65128 868651
439999 889480
658555 30691
334697 430294
640223 703045
273281 762587
101819 239728
467240 22490
447176 289838
90516 124201
148095 840392
555360 164189
486619 375427
335317 679451
794585 848093
598361 971915
138885 518132
238239 232816
439610 40817
897268 92247
884135 398196
11303 839006
616378 389480
698780 551607
207879 207878
777930 931668
830276 48311
898163 463617
131082 145248
650402 584236
451703 744104
540791 437719
983288 265458
292585 944195
649079 51253
124394 397700
343703 939500
877445 333305
709650 531589
572941 51328
495827 226956
905879 872071
631298 815105
957291 146041
82202 249297
379232 694165
175029 280206
811554 641686
427156 875089
840894 577188
931678 813884
280921 469782
836046 751378
658398 824166
503801 74592
995117 889115
562820 898596
256309 772600
349314 512456
56023 339823
118045 255586
149162 873424
392804 390684
770580 279955
306992 237643
57376 905245
287617 993814
406342 789957
297424 100573
880456 388505
756398 153461
679919 553227
305401 949183
659952 853082
804831 882582
227221 76688
112380 669195
31342 664525
338592 756131
66806 998540
377214 711960
547600 591217
837411 826256
35804 982791
827343 206930
750001 94498
418945 200295
718629 35721
903399 671908
138240 735650
364038 800452
210968 119247
430696 460552
102125 704594
631337 451689
186841 496161
971911 543232
389922 85044
85674 335529
454455 75531
934349 739320
177337 261967
70765 972568
921550 117372
834218 173369
746687 628748
456360 600296
486196 220655
624970 888361
465809 465738
535266 651363
859934 383865
758592 53396
625649 993296
205856 17513
589306 289570
291654 334241
675512 861136
615565 801151
932552 627226
190560 482117
53259 717036
970867 243280
620797 486481
133306 731860
764063 572223
394455 35675
988552 629160
539929 619197
178805 491144
119989 654150
364965 623125
838211 655110
957896 984615
23648 338367
695989 730806
610512 727169
875744 696963
439424 457947
645532 98206
104885 590677
144856 503154
802026 994624
852501 992825
944212 93267
632913 530638
595366 853937
1777 434319
681831 995364
989332 496943
898972 551363
889705 667521
69404 77838
752024 530207
451802 330612
158377 513344
747277 231811
903114 739279
18664 926789
684606 376514
207575 326312
459055 156279
54103 961505
896975 550734
737140 592368
836710 607626
963945 22489
237684 186122
756556 229540
524977 650631
734232 746625
73676 842064
171291 734494
82786 341320
27899 827713
161378 837018
672710 20255
284449 77644
195355 611083
90297 116989
915835 197061
291548 214345
570554 872303
243520 60205
824938 928447
873968 106924
921478 471085
852870 947391
503986 818540
633356 818818
327245 667087
92573 270673
850000 22698
185636 343018
705056 706287
741155 533235
207628 580085
956577 474555
811933 861436
36019 219548
217902 917235
377943 811724
169873 971012
931419 702931
813711 505221
827095 51273
643509 680237
805006 732757
460950 509404
606464 243004
155057 723796
47119 96974
976864 180508
163075 798207
617560 258553
508356 210291
57624 114797
729932 542590
324869 632863
802298 452407
436380 153081
617380 661233
506013 234166
947429 278368
16230 903247
825301 104190
88951 531734
200764 101202
90232 221355
794943 435537
610802 644747
699381 681577
6435 484081
720995 693019
217110 756281
411531 577961
830621 651823
920938 128250
157918 290357
266529 791652
102266 868726
900399 172301
636326 767568
297848 698005
909374 620781
622312 524140
640269 87407
861262 508915
553479 144660
154707 130402
176360 595858
992281 650213
43281 837219
5175 553247
366807 263112
444754 346818
959131 559697
640349 131461
575289 925770
882875 624654
23897 262509
5101 951870
30327 893922
798140 950921
20346 177174
702749 324370
693002 867969
439470 188066
963692 662408
981956 420219
23643 143249
652872 297790
928257 292607
929660 199122
301318 741824
221932 538253
324188 537221
413590 576532
207057 656416
999644 874705
958267 16335
582718 519512
358161 793397
571855 214450
92593 411106
510050 17873
484783 888144
190894 590570
994161 451791
288966 731219
35000 655490
604075 391294
915635 348596
843333 888447
756198 873364
235608 121798
908773 799720
985885 401625
777967 719381
168588 421178
978908 736482
106602 682471
463309 878162
555264 323694
105742 317407
139378 557736
636650 590283
888822 662317
722800 788289
785918 266303
42497 389436
195263 773309
976403 799415
803010 430003
124971 846529
566976 997112
768467 178619
82363 674182
813434 87890
209415 700756
554938 317404
501733 786007
707112 233425
842164 792450
812631 345127
19481 405221
66656 781276
707337 560120
600700 944663
842551 703419
665021 840831
132020 553364
52478 364155
141088 115273
566319 616138
842371 621634
229962 952951
326441 686133
682316 814904
160168 815505
381967 349150
653436 903096
503964 901434
389346 503584
400769 750573
650686 58224
414237 350334
25964 798272
455352 398284
212132 681291
557712 775920
146881 568318
353478 523770
939003 290621
756194 919859
116138 701414
661656 367090
100389 978094
557355 68513
613175 291411
327194 624522
708773 3971
819647 463417
376638 398723
333618 317
608787 393652
637205 543270
483182 230808
150162 830105
991880 841238
524760 417340
287577 715960
411530 531580
332154 922266
652475 669847
608641 82026
495870 552947
851723 640593
223190 450807
691464 891735
691407 759555
330243 420221
738474 302917
703602 838882
863163 4426
977980 726640
568940 531932
959145 947338
933053 322924
388074 434521
264117 280091
60931 937370
657887 207287
238243 891519
606214 459082
967973 392803
744498 360150
856718 667382
730207 424494
647781 305796
191926 4180
792911 602126
516865 494663
456024 243928
490466 298970
965957 337074
916712 457278
265188 977146
129244 818482
688057 840787
738808 644927
693199 911653
763645 152694
883544 656887
947452 715790
342263 643032
954627 871227
630478 412678
507971 302689
753639 619062
323686 96338
25500 124037
938506 548644
50192 794644
817308 796029
282027 495418
476807 603102
567832 939255
169085 213574
121108 410290
844989 38537
417798 707000
988337 53018
597 159624
982960 296660
8293 756260
813520 314848
21523 305123
565913 491966
837176 730167
769613 206112
705985 366369
687673 215162
124440 920708
349904 664934
458833 381292
518864 964373
189774 1480
705553 447359
599425 424561
895239 839052
657315 580211
964195 164106
502023 148700
383241 722820
176066 625532
668438 459871
420024 177326
278655 571400
988761 873277
906207 362692
163675 438186
802217 790238
658967 728587
242493 927920
908747 523702
397391 840065
209344 612454
324052 489253
500999 379812
15691 452146
120122 220006
816888 544159
116549 650173
121451 300149
959532 572437
266002 652382
594576 742147
971068 48969
890629 477339
209417 300204
661922 140496
902222 979413
648176 788571
928778 802529
325906 285279
628015 116631
983600 718594
499221 666150
631998 779664
211862 751396
77068 996550
774710 341640
598620 854971
585072 880403
707255 620838
175769 646515
789831 81587
347794 526222
318441 582620
87395 620333
804134 566617
217413 273603
925577 519271
819414 171024
425886 967954
905863 353642
31073 183678
72463 627600
176410 827409
177223 140723
528587 384014
697721 399090
111714 898955
684519 85440
217903 724114
548711 34166
607334 295400
165831 992051
732716 503721
300911 968969
512257 890334
706479 923577
334294 834520
297507 931178
498342 791133
262352 577649
964320 974083
1544 767365
73441 850033
109028 897645
877408 421625
967157 755882
151784 114236
942505 521299
395162 606292
552069 618366
525570 171038
367164 132403
209140 213378
775969 311263
715180 362552
565495 962896
136804 724849
194402 452083
175406 119803
981530 936674
125913 537460
29423 73299
599117 919732
262211 102189
982729 860916
185091 38124
61337 209367
714347 280378
721973 935003
569763 763267
673191 692084
388783 189627
632101 3451
157285 29360
646936 88215
972581 903757
460036 279763
36464 941688
821324 387105
759995 810785
860900 10646
461842 418668
153382 266924
278195 812860
488284 370920
136709 376735
109434 109530
678454 562646
130669 451301
309100 347513
301366 982023
598491 627493
66604 604101
824620 123137
686684 690599
279705 367331
108975 554921
592634 39551
515865 678485
342081 910020
701733 574444
584788 100262
759623 442112
798811 73798
436109 819944
242928 317188
876916 181714
512533 373856
186449 933555
759165 643911
650980 257138
999655 828586
80953 876242
715957 337906
345675 99345
717634 673884
96564 670821
833178 739890
380701 891062
336743 959549
448702 39552
202204 467334
338560 616399
860598 365219
711614 241287
489238 160361
765769 546829
733649 801617
344815 274654
319135 989136
831027 538295
149217 966377
189496 179300
711763 719222
966043 849543
913017 199239
123801 289310
576471 376528
207223 834162
263930 191019
198628 399446
270329 206082
800835 283908
2410 708484
654290 338879
731834 975434
489446 853872
23547 792116
747451 649520
38310 821729
852736 510140
850959 503600
128044 520334
755693 19415
467283 449718
650898 367531
896235 176720
814042 963104
585823 612550
294266 486578
390924 925720
296912 515530
378382 178152
912308 179001
836922 725018
389855 902705
486572 982588
102737 122171
491542 133422
545399 346636
972719 187088
43480 121118
813880 959563
226164 514559
87063 641913
364968 850214
986663 596033
979284 340481
643595 360906
356663 783912
22228 161459
547023 550253
185645 297873
776790 657885
657197 13514
217572 872919
251090 873876
711435 857228
59026 790261
5481 209744
774698 367246
705151 15732
140976 708547
850938 285413
772354 34284
868894 628211
762387 21701
354126 750521
708623 562923
477644 480932
103184 527383
489538 940281
341762 307782
351755 377658
473115 914441
973150 76855
127545 525873
507524 764781
990095 605367
912343 500059
908549 693057
37103 185152
736508 589229
981243 137602
940709 508661
674451 690484
83364 790458
911236 366922
188247 336912
364593 764990
503032 698298
996233 445657
284844 175033
299250 765532
666427 486789
583987 842510
126398 980085
222399 418232
856407 514460
668522 486331
413933 202631
507800 159926
43388 977200
245074 260798
644088 108963
59905 832225
973161 738913
986973 315320
322876 704661
841819 439776
791831 823173
598967 859573
181308 392419
487976 218021
236097 77123
831839 298319
974945 676386
467658 179338
229048 366554
483305 875712
264435 665560
185903 858281
191242 343950
625877 4496
732336 752585
675976 72915
299586 882728
633517 880178
931465 895980
665174 500795
10179 16511
689980 115769
494184 551720
722638 552256
436878 582004
838250 162192
306356 294628
490567 999763
30873 286280
110517 451726
87279 930703
120245 777389
705805 511649
367230 797206
63642 4638
867469 68535
595579 406248
400560 453976
836699 904871
410333 863568
471853 124488
307018 685546
387025 218802
952008 990873
886760 411203
171536 701722
279231 343607
501828 674390
923659 265994
857359 171250
944754 107928
649137 290882
297356 114952
397214 593227
553017 484065
779984 993648
678219 421695
315851 293683
115061 950817
910318 615116
597504 771049
696192 903583
468770 208291
486538 986748
632679 333351
198748 758
437924 618021
745594 389379
62358 736320
514615 477840
89792 167725
386097 321532
651701 526045
85202 661916
140960 180852
161756 450224
228321 598630
74221 736807
111185 281845
47963 794203
424816 72872
981060 343541
679177 574849
527107 870642
633864 572325
307044 565356
13043 557399
438349 502156
918390 15660
967098 222331
456555 596183
774136 127097
210147 501888
845643 409375
608336 42053
327480 678955
167448 70144
513562 993543
358254 27255
646662 251396
210862 847980
79033 104175
862228 870244
826747 454183
19864 616269
663983 299794
983750 489365
184896 844943
282429 289615
134566 603197
98472 826891
489773 347751
595471 765181
393037 853669
869159 83577
325857 731117
444012 677884
140112 735190
435870 694380
719966 781118
38523 413460
109446 73202
360631 188348
948498 297038
153880 777296
68116 926423
9294 415020
424535 461172
804962 675793
580637 103090
566911 20813
484304 832431
905274 255947
769232 638945
663221 426954
686610 600175
194318 212399
667029 348427
3549 984192
77157 768944
206632 858124
639015 635216
230847 669308
649146 239302
105284 302495
644367 37096
482232 307224
435963 339168
955126 72419
176976 341157
331088 491069
607287 86167
753527 675661
973170 198833
90410 229543
493528 772007
188973 48039
189815 56919
802211 82570
824058 628244
812213 420299
521369 59414
959873 860829
680084 176070
57373 341781
258164 668672
154178 96766
696855 624316
604124 817624
294157 803492
861260 652099
772268 573446
535420 363243
851454 790264
85611 693073
156214 19776
879345 143759
631962 811066
327867 51505
442291 597791
132823 235130
688462 162371
636539 363592
814563 144513
438223 815451
817536 619602
976649 911061
209560 148272
491232 356867
330356 902713
455989 374796
384516 399884
584731 374583
458154 807001
940628 86577
817510 979861
594237 30465
169163 866175
947402 894463
344676 952896
783315 601326
955361 69761
1042 134700
460546 883036
223781 694395
771350 191569
422745 488328
510561 328318
597479 315227
903395 795819
277109 669496
399388 780594
303571 7786
725927 189503
751542 915511
845545 495622
514529 362584
792171 437103
479284 670467
603145 695506
984812 385417
815365 352706
492604 493584
865155 998861
191038 911501
353580 829157
182874 326773
281833 882608
241390 838254
330485 961571
139110 890220
740262 633495
513109 797598
941220 211997
886779 237967
526668 717072
556354 384510
409805 871183
367171 46291
563330 694964
352911 400027
460879 99312
900065 286319
721886 162021
344043 161320
798413 367747
161396 627630
711526 258848
998897 170458
587087 104006
981895 279377
746551 227014
51283 178570
754907 97136
221574 91167
786663 212033
100437 427655
595005 412076
648921 562497
384697 459411
122909 120010
892282 261228
495739 300181
558652 54628
820825 618033
58048 192572
374000 489153
929690 548459
918601 219687
715112 923308
781175 887320
930690 636063
523335 957237
641682 858180
993630 911323
52024 594515
466350 182516
786298 626776
238019 688180
207970 970526
516544 644615
438883 193321
596126 895712
74692 574930
253628 910499
733562 729823
225453 419013
824312 507742
930091 504831
767443 180033
84920 122897
400338 50287
60315 207439
772835 775924
277555 499831
118867 275496
94753 695589
294270 948783
634303 313144
405807 609384
346518 821733
931748 433260
337896 143176
704470 81629
919003 690369
232223 626089
384317 367032
103691 872479
279080 348559
223979 302206
870022 751812
866804 456911
367108 523064
894346 353839
269893 660958
411034 522043
484190 352890
501724 448348
329238 523123
685370 367716
938932 904591
814762 311748
360533 146587
452505 291064
884520 293048
401103 832338
884943 119579
825520 28503
344481 740524
467404 738507
979478 283739
870960 306427
889277 840992
69677 64372
920472 634865
316047 942688
992 723018
138891 151608
40258 693378
379279 167255
68645 122969
338858 263066
855772 721021
842653 459990
524381 760015
693137 53794
516922 122772
22621 460938
631576 668253
571391 781960
136057 990089
242794 13421
447489 295680
749066 247925
801064 55264
934396 969325
731568 497637
302118 89367
32823 147862
752889 484921
734949 584897
250732 149121
621981 220588
189585 516176
602981 614132
166511 573283
879727 638388
76552 646433
377368 434095
174415 677088
544403 481176
310057 189830
456968 698637
183817 326856
221260 217018
188333 774379
918345 368616
110780 561922
532015 181024
681901 769376
210739 685521
420205 805260
164166 433821
917080 474978
743361 96841
465595 417060
618174 434616
179972 320448
103850 153556
958715 270085
316812 990849
763220 725652
71815 700493
826984 505087
84290 811893
689159 623610
560610 631322
705918 977667
678993 110204
271971 313164
375704 44350
702008 839924
229158 588770
400789 773442
40500 941864
509395 823082
956245 886874
404125 367212
985238 951424
746445 100698
647525 997305
352161 80652
328121 744403
563168 806758
736918 316144
413623 325001
521471 987681
15388 266121
669870 86280
708562 968733
987455 245060
999626 919082
4926 783809
297864 689988
236361 399039
417478 940562
236423 11003
114862 526776
895948 547206
520133 820739
548962 134771
122421 82241
985516 485090
753009 641545
998427 421792
742599 23002
137900 66794
309769 440909
516620 188185
368867 299128
67168 462007
835166 307701
859781 202272
454831 830302
291673 346963
630982 115627
763021 939553
737382 953615
239616 413945
973409 672219
320024 971459
681123 834140
450087 398216
592913 303279
419625 321832
553629 567733
644492 128362
932399 472082
290426 383537
800500 566303
659175 108453
872989 212874
204814 217397
168325 469504
598674 400505
157631 737132
546456 463144
606401 649538
172089 128503
578715 265415
884233 608384
55056 184172
250600 891330
819321 76681
632399 165636
950078 499084
849685 950653
878490 259044
115721 202078
346161 80684
428354 719632
732754 386845
428543 125451
769079 14724
367860 358562
706507 350934
909437 440785
864287 141977
19834 413316
823678 673027
82706 550772
88358 910784
779925 759375
31570 354948
90672 327350
760732 888320
735291 884498
588629 701181
699830 158181
10655 979239
981600 669222
76978 349943
845034 512252
102866 259201
504467 35802
618571 182479
213419 106587
907278 527806
217181 544373
935202 527163
699249 962841
540094 683299
874156 165943
861065 148296
955414 822883
252986 737340
620392 831932
962986 186280
728486 662629
341630 904910
100904 159785
776536 970107
291822 567451
625013 868518
908590 916317
423942 878170
234442 185125
327425 745018
985846 469571
58234 919482
653127 947850
681908 970108
418142 187047
928233 415360
812755 996279
496171 663605
885639 263160
693223 942305
734359 137077
196550 197479
321943 853803
131814 723137
428900 711053
730115 87136
338318 668874
601457 929737
64436 651553
899947 362254
882724 216489
162791 875874
920484 914977
878477 668771
323402 670298
21820 870588
305525 883108
833595 861734
923766 186608
964028 614130
504819 557386
546715 548970
518627 847608
290598 714980
914329 663920
634955 256440
100499 101225
272615 382576
949938 641249
647354 291816
10380 650413
153277 195993
266512 776271
982108 635537
169642 275641
703971 428985
674338 678220
562972 521109
577540 484660
45418 702178
805269 340992
853620 433948
969613 805398
931168 912484
45781 493973
637547 933623
479300 224059
371434 878408
166650 530110
103326 656099
622718 867462
724717 806504
771279 770814
927609 87694
476825 443644
473700 446804
488730 545676
838742 380350
865984 629418
142789 825759
231836 814779
451512 311716
459986 908935
64672 831959
402702 458355
297427 750336
463896 717987
988723 818008
503476 372587
827177 51544
679686 315098
492813 950291
381279 539760
172532 285878
993132 819128
634536 975997
314610 392695
198674 349359
364974 77690
264345 409238
598557 270470
780818 646013
816278 446062
383686 563623
264438 839260
547646 55068
334863 671002
284206 28132
348941 99371
100837 354828
715974 624492
159863 257066
796118 803896
388946 804156
541528 33085
607776 754490
598716 656130
542905 543592
297002 901611
846923 48404
4878 499008
200504 576634
660495 415351
605625 613730
428805 540264
651103 565534
933926 643687
354361 320293
821818 584132
116997 795843
252573 533823
835157 733086
240066 442161
873481 799413
264348 70129
199761 927196
811197 802731
670413 974252
641319 467119
137105 464855
797957 913046
976525 742821
635925 833163
1210 974626
965968 283975
201150 698797
433264 297683
920230 677820
542338 316148
710982 288848
587747 178937
440955 966594
887540 787411
396602 447134
182377 847631
918639 519892
577881 218823
185150 340643
833289 686256
794949 23699
694065 419895
501881 720836
130729 502176
11108 8049
311943 978376
491600 915018
738743 264265
882808 805420
328398 457215
172943 982250
911697 228563
447193 174291
190085 949078
79407 656509
459759 440602
337867 145421
909188 853067
196452 657017
510042 777055
579334 223992
10007 424226
203826 294434
349391 97682
967374 423466
856848 62087
287649 224964
240084 33737
620584 784686
651719 687087
683243 434927
162946 445864
396403 926413
800235 854101
35184 347269
825373 120002
819810 477491
948725 471736
989578 833123
426387 650556
440267 365491
583974 936553
175070 993047
423234 505713
