443780 27877
164990 439353
101778 577147
264751 402399
847098 776462
821896 641590
170800 305777
752685 40968
244265 355901
948503 95949
644088 899972
167168 831959
286467 101015
701993 123647
281373 41921
147549 146139
184114 925154
756508 808282
775979 909007
262250 950890
7598 431605
166392 157446
381648 905761
526484 191487
969731 808075
533598 73945
610423 590615
199788 702829
778099 851974
604068 3750
737263 400081
736194 203283
510067 978169
511255 458852
160645 156743
242941 313774
275777 161142
574255 551366
43493 818025
12266 129499
732712 998710
294837 899469
489323 17736
447399 918012
826381 488953
752655 327598
646086 167277
383467 558266
159617 386372
520340 205985
770385 140659
73850 453922
982941 814555
356919 826492
350537 752066
660926 166797
119202 174457
760531 495115
941266 169780
376887 990714
75255 353453
652781 600450
43295 742398
780574 162560
769128 74770
905548 89034
470326 351737
563464 863931
249834 816939
927329 930560
314203 348238
701575 545635
827531 246128
866164 814036
891454 132374
668443 275059
351219 864243
963151 543497
562055 241088
420279 771902
128024 494006
56408 346735
203297 593208
817043 884813
770370 912196
154846 679716
60506 890878
346578 108184
566203 347841
714866 856304
883742 734811
163662 199985
543391 520615
72531 978065
621233 509372
526175 834548
765414 895392
280672 911798
391367 257719
26110 354308
262524 148730
489110 763239
414758 390391
644372 784372
196158 713707
310331 108664
297223 264962
477618 870663
616674 747773
87956 902454
671024 60945
841227 551461
822270 995139
498230 152483
50329 206147
289626 355253
511584 92892
450267 64686
887423 417556
136649 522789
842132 825216
299427 619928
553592 293897
463647 193710
64083 130806
136833 236404
127519 509480
340266 731310
220638 302780
113004 430600
474719 62372
673270 595949
108857 929775
535859 876909
613626 503698
811252 432692
577577 228077
841613 685208
471835 379375
192584 919496
928111 82699
500319 339995
794779 722937
821465 978684
275523 379857
200951 827702
262489 843893
419846 273038
248189 314989
982540 952041
632281 900337
529707 762171
930752 515085
830168 250581
592093 866290
683121 162998
372474 819999
891567 64724
170640 425490
917645 89733
475072 248328
274582 92504
252229 742537
97212 529688
485346 649739
514397 634278
284836 123663
684115 779403
25371 387573
99826 899115
344797 804055
376194 680636
138256 269708
159478 93907
652943 778933
535756 348370
650542 407265
316816 981750
987155 19244
650221 971546
384715 363790
197307 281990
760483 585472
21172 807310
990589 752629
102919 176575
369184 226399
443175 71926
266411 571912
640487 159072
898751 472489
851447 55818
734041 489248
668992 834681
203573 259468
682117 911408
323057 291777
686038 328384
203190 378263
391153 728890
802621 792101
641266 564671
618276 140894
952843 826055
726139 943779
752760 320918
30763 51247
393056 538238
741871 78576
348033 274264
483404 277200
108847 173915
876800 423799
488496 985344
267131 875118
750772 922995
693258 775441
158204 854256
878896 21914
737128 476964
85382 409582
752399 909662
968522 278625
74940 478938
574823 663191
403160 427052
751322 49380
387497 572175
40693 979728
595525 360832
513167 831932
359296 631158
594724 320200
511961 113152
567949 12506
429314 858392
321209 943117
347115 905310
85396 529589
723545 624718
644464 59913
499376 613037
268228 121334
264064 791475
169156 304749
721115 294322
764882 798202
455 448353
788461 950508
314392 463938
286423 678734
339129 524699
408132 591126
629547 995270
939586 94388
790891 424052
106818 823347
212110 449859
781342 28640
711586 24180
167571 479029
69360 595820
681639 460761
581808 629120
404809 284419
971275 397188
347558 998717
488744 802141
196333 409821
754650 303884
744655 546736
51478 741780
744469 740105
757009 18525
445500 209536
227418 363671
871824 154493
810195 56047
94395 415835
809373 226661
202061 583689
91648 25938
108201 734713
90082 292724
34332 509800
999163 981042
385372 435050
224850 170852
327839 540109
583232 629066
496645 70206
982671 900805
465784 74507
919620 573005
908085 917982
471714 441868
636900 906567
362548 467430
97313 421753
63404 339274
77459 890899
67401 707154
896117 266327
45628 99232
223205 86792
118703 112435
567418 656109
677464 564761
756488 842530
743787 347787
430039 23806
390571 128957
332989 229820
942835 452159
275794 998657
920425 996890
114896 442018
347013 938298
582165 20674
492635 660236
171358 430949
401037 601034
142203 37649
997437 2626
632499 169923
392174 729560
143010 712220
286936 551923
193461 996225
303394 359032
616145 331873
140482 740154
17239 729049
160585 321635
799313 18243
755815 603470
219237 171085
900879 966232
43042 34578
685514 543780
7456 637339
168026 654201
603312 406681
820405 333807
740911 174356
651567 290882
357826 654408
634123 963717
18270 730747
354529 52254
949885 357827
282581 562520
679579 544173
564651 423190
63866 853657
105287 17399
471329 629547
969389 102068
419591 702068
393111 649495
835026 668468
85007 463994
499115 518212
691144 842707
955595 21201
208668 330422
321547 92812
234783 807949
50879 885214
261111 216429
287811 964434
40632 218950
188355 188110
127950 938215
778387 447726
657431 951875
872478 628480
533981 831914
271149 853381
554098 354885
608320 345783
811894 430526
695355 160420
760841 711396
420540 741133
178114 741879
663839 961221
185178 822297
832841 831828
625128 941167
14214 84675
9373 692710
132899 532020
30089 164708
655172 251619
393622 136289
159180 858038
415220 363327
543985 7234
547800 124102
683946 906462
316199 15890
911494 263438
707241 439443
822428 864158
991452 456684
514236 650474
134726 953482
602590 383975
631035 853795
151620 866567
286090 355772
782898 450730
118132 570983
407019 163284
595754 943924
471772 837814
628194 552973
451651 80228
732824 732232
578372 845931
840413 142540
964270 701241
282811 34562
819282 709341
213488 688988
877398 481478
357859 958859
284226 330411
73301 780884
204802 517532
166030 533317
704759 498139
656409 274811
420667 744561
270200 196743
332502 128726
651062 665025
751000 774089
412495 458877
481097 92318
641989 564843
175969 263087
278488 708330
680350 750372
436794 660671
651733 970385
795649 508379
546401 155255
882343 309274
583793 473999
979677 124725
62758 668052
436962 692801
228476 550406
916411 281178
586490 298936
823304 261581
529020 562652
204066 197185
509743 424962
144797 652062
149668 130498
713449 420193
599646 689078
605672 86053
917393 583572
167365 241583
968208 471757
186583 43366
160191 378043
804570 836696
747077 482375
986704 387587
214386 734380
883812 998755
314845 104872
476268 40613
237223 292417
503479 349109
907860 553321
866247 532552
376313 225423
556399 815645
138972 943305
657078 569177
162816 646749
191872 473807
478480 292113
460344 376408
450253 557199
114375 311401
470519 739904
337378 511600
42266 805602
186497 432146
898713 451146
547571 545133
991246 774934
121969 865086
225031 968750
999941 256356
504773 281030
57052 18138
562306 722720
772176 206870
981221 17996
829283 326037
733070 436145
436883 409754
270514 727352
354367 363126
867912 669111
619075 74457
195460 420749
937254 823449
960842 245673
62505 627838
527393 724099
3087 273162
634321 251121
34947 109151
647453 767703
955131 866045
805732 571453
476113 954596
93084 695116
518019 877102
943894 579024
637175 305004
269 523323
999115 958983
791840 737375
130598 839155
409792 786805
322744 137424
692408 515816
317003 181877
897280 113958
14616 179866
17635 476860
729012 709968
148698 880762
327702 739533
183292 384722
917471 867892
169088 507348
457774 408098
381647 284235
920033 125707
798303 528306
219706 275508
990713 391423
950182 513112
87402 931853
504613 219220
704273 188155
257084 974505
188898 624013
242850 364796
246705 955032
120084 944437
868647 602995
655941 795200
974711 36449
811498 232262
640827 575039
990569 703428
697700 501034
868971 171954
177098 463232
186696 577127
572157 276909
875791 491817
980070 544855
692179 715224
390145 138907
203813 112164
667544 179894
236834 755739
37082 153492
222895 762507
466936 746223
424359 79150
49686 244061
226105 162775
828445 327386
547678 133055
531323 438953
559039 645435
179335 485263
540942 519464
841858 83428
764160 249304
921274 951730
79554 408502
196266 226097
415202 689766
827794 541447
517721 569763
968752 902442
983437 206517
204021 874655
174937 54605
886541 568827
201491 614432
75121 718971
641071 110470
644780 514818
142183 770171
824054 205491
363072 884086
233924 877879
920874 342195
683981 79675
501766 461090
730658 205430
29220 232569
641257 579870
292197 918765
290691 456036
129665 95691
722019 571192
65858 297528
229847 518863
3650 83193
87260 559749
921284 962659
748164 564228
734295 284934
879494 809967
991935 440654
720190 350411
338111 163269
77025 422181
878359 232469
225607 66676
628085 377025
480072 178507
173811 437921
813873 235803
268367 267592
479910 243504
766152 40223
824682 529626
912588 473368
440717 412833
380776 828380
623492 405895
666870 494318
606753 190738
126940 316716
670583 153804
614772 304551
378061 311087
697442 508904
422521 161994
570612 350096
896987 668054
411534 431366
518353 604966
721836 261686
510624 459555
490292 407199
73529 516951
365041 100321
791371 726527
208209 497276
2597 351966
935885 660152
352609 173784
678135 323959
650798 802486
593146 482151
408827 829608
802131 864649
816675 335379
26421 21786
150529 252941
559908 53248
658942 702963
629624 302970
943145 977385
417893 894107
810581 115156
965247 444620
468020 55982
886482 635463
375194 679741
963609 186206
729711 305056
657994 742893
710919 154184
126753 505885
73904 701333
272761 974838
401995 688726
185402 64249
271679 245698
936165 650432
687070 157449
104971 266612
136208 121338
516666 388788
717456 476079
869918 650534
45748 232532
363333 923814
454922 969819
69181 824049
876788 618544
489710 88171
676564 178563
222765 740083
253514 536634
218883 13544
746827 903261
766220 781499
929468 175253
600439 508949
897818 490748
994121 794190
433109 477181
349432 271038
805465 531871
41483 787922
272912 180212
515157 693495
696597 210985
178756 988836
840940 629139
577778 806314
176014 527863
659431 48045
786555 14103
239496 483045
91985 554844
40733 692038
423917 738296
522198 434572
860074 615614
79771 962491
112345 66578
622777 795859
860501 998136
237504 926305
974085 11664
18182 164099
497186 653743
97201 385551
4509 294473
151050 968909
312096 761653
133555 430361
399473 941551
510394 510131
442978 519383
514810 699419
587163 472316
92602 154402
714503 414898
857372 838172
131878 239683
451206 39302
161224 74051
168349 561631
392985 305169
910846 418589
411701 286055
197152 263386
350269 697590
216431 748308
945714 533654
346847 426687
570004 792114
777412 758329
533046 357865
996191 145619
88176 506787
305683 255300
919899 275568
689618 704006
798737 529448
580577 182663
413378 620818
778524 217955
663845 360827
533928 711596
765178 50454
297203 171515
302892 260750
363663 105536
295115 595150
551051 328553
441400 558162
511702 429083
598420 919934
573948 966863
557537 181746
463915 167263
28631 10554
623342 994315
516442 393924
491678 345288
199194 470562
54527 489935
45782 210012
337127 519968
631717 960586
527062 532932
930372 388978
956173 265174
609435 782492
297347 766361
104086 219557
412293 958587
614026 901481
313032 973247
549054 965309
795928 282214
991696 201985
674966 965654
438278 142705
663031 340620
814966 977457
821426 151546
99330 555113
724087 261749
935187 64742
347830 445057
725022 497098
192547 64892
895647 856529
830104 331432
385997 846384
991582 249372
764158 879446
54315 822742
106969 315335
862980 461703
347146 86862
785814 139043
426563 364127
924027 766400
123173 528462
266691 64770
901906 61227
82031 587037
64513 115877
340857 264389
949437 533597
571476 166688
710370 466221
27467 781300
492465 657710
820357 461992
622980 49920
585178 125696
598386 555033
919042 986258
647946 47566
905797 125076
366826 133928
9650 207068
126676 207318
912072 773955
384402 831850
195662 194769
777032 736691
769423 870109
561643 91845
911567 976382
796129 360816
119005 624879
75962 668614
227960 91289
978301 124016
746337 484926
730409 523011
384969 818164
287508 844446
377470 282744
620286 38174
236627 561156
661371 305437
222951 309651
886731 991304
952149 862273
27664 833608
441066 25018
971085 999034
17911 607530
810380 704162
165864 112591
841674 667585
768551 75598
105720 274896
223392 654571
356184 3553
483634 782783
271561 438107
279618 389138
174938 848773
408759 706387
947536 999080
497049 70967
298963 959531
551288 876965
365400 505977
55631 146046
393860 665851
884528 584918
10479 267009
296363 852859
272471 338634
451779 961499
873821 550489
735418 713920
51320 967827
267390 40002
322431 417231
109899 775731
648979 952697
72841 452528
747448 962590
868950 460045
498736 808537
793491 774861
539583 979085
972941 105996
23824 123761
948846 967658
830753 674750
286081 790000
273834 281877
811826 694196
502138 981440
987941 335462
44060 271052
377994 70640
808192 282604
454362 754799
25460 24710
484827 823168
3739 687724
285233 381816
335519 655873
667539 188804
948760 780394
993760 491437
2731 6520
980870 451238
603643 938017
506066 822868
948597 77774
801725 532292
625095 358034
608949 894548
392361 926265
495744 375916
731627 385687
944288 860974
355226 362738
76489 547748
892762 681326
634580 458406
898709 282889
969074 372040
47001 322436
204712 791842
682936 834685
723231 909077
907995 370282
470092 114590
574621 314675
917768 305832
281824 39873
423883 988126
296629 449184
581647 125868
668878 313002
313756 767587
765718 745580
920210 146082
343272 397184
257429 97435
675260 604055
289711 329794
652491 440179
877198 840567
625445 815154
534201 703668
334987 127144
256506 733188
500138 607154
335475 880827
617252 700091
667667 209544
117506 950318
587695 752221
483467 916898
578159 468551
748650 289200
305899 749090
427659 218097
546306 592454
415966 106102
366898 910055
559881 77769
269302 28548
589316 866433
293875 940262
744882 798285
116480 732479
125875 333372
90617 862232
261347 573528
611472 881562
386112 692908
510136 183474
414539 671207
182875 378504
418360 226982
744859 353326
99108 44973
436176 292202
153193 700659
579017 241170
833676 579671
267429 630166
658545 789894
601942 770106
60843 870307
563333 429641
626552 646878
110588 583387
152768 679403
62972 880333
26186 242412
704486 505575
846616 792616
74795 359963
169855 106813
165503 694617
195744 158402
616376 819220
938907 116103
751744 429313
39595 452701
324671 862360
595239 402885
366061 851507
68523 765636
89055 666603
207475 594924
440813 885351
368463 710217
417008 237765
466165 717383
735913 583146
608416 633357
39073 404784
439846 204378
702781 459854
478451 571652
300896 392922
120895 506119
266685 924938
928769 976492
74806 333210
845834 827161
88443 572777
36060 49475
486923 524869
82116 428140
996960 403738
485327 515222
405843 271137
967892 334182
559670 923755
669097 794281
428343 355239
324767 788181
522248 374070
616853 977943
296526 923616
12608 832946
467791 296793
789964 170641
144145 568824
935429 657114
950588 534690
998530 277035
991897 982350
431948 725895
14725 998722
923449 996173
600629 285402
590095 93831
722062 518546
408873 366607
176790 535917
749387 125497
366807 224750
195197 668071
305534 747581
154752 418284
658176 745586
983614 409965
560435 16742
397195 566123
493702 467603
654315 792989
70204 833572
819656 193944
792065 393131
55697 939262
747077 556523
468661 928801
562660 922107
952880 311834
67981 287709
123320 705978
412429 529791
1663 504759
748926 359810
133693 522727
595339 883977
974202 843710
436160 465498
158785 777993
151416 158499
18572 214396
776758 604016
555422 301417
944774 636592
105264 182536
161492 108757
847813 784631
584735 939823
434623 98095
725357 917610
874268 350753
403105 3362
729542 20655
192425 516889
41999 203581
344514 906149
406612 422095
524611 184717
131170 883520
614804 327498
667778 274511
571679 885637
479864 949423
981300 333553
355326 959563
343241 892938
744602 792189
458291 571567
596338 339659
192187 46949
4472 271135
534415 501283
320920 993576
377968 304121
414537 142957
65620 831153
792519 371721
81397 844194
45780 878335
271310 970314
989219 419305
349461 563058
708226 810608
483847 626393
387475 464824
107278 744780
525051 450699
877672 385645
910985 35586
467766 78749
31419 17002
509094 515351
725064 275443
747207 443113
155487 112251
739399 143710
117705 837571
981356 720129
283612 774447
775074 107257
480993 783206
249600 600262
647803 212072
775705 89975
379310 84559
388398 751075
643160 613116
802058 430854
488246 489722
147306 243887
613795 933426
82781 919764
71606 436451
587890 200647
74883 257647
138973 632220
11295 551076
755505 145459
162604 476741
542057 931693
896472 27265
386492 23330
522312 405382
771038 211788
562548 853895
493640 509912
992040 264765
728951 85105
715930 435101
554768 373600
347210 735806
922887 74277
28487 765358
47618 292712
516071 781522
127619 735874
577883 620869
415383 940439
842776 731976
699695 491473
775327 78830
834245 976298
147350 399361
538958 719500
605638 986246
137781 813730
964988 992543
120971 879138
984017 319679
635110 709717
979857 892526
260503 612220
505129 310497
395885 603685
542622 227299
823043 866663
444071 834881
744383 202546
484210 841266
849763 870878
977650 878818
918004 822721
574574 284319
380638 767687
413930 969218
386814 310785
829810 232094
865749 418111
146841 332414
896012 362419
488790 223507
539032 344455
380131 498757
602908 50214
661773 964661
416293 736699
981583 970432
679091 881000
247408 235703
664884 53339
302460 385891
625398 360832
438514 95476
427049 529032
119245 781927
270869 82958
142069 92836
210911 864089
71469 587934
672764 388431
512263 873526
269973 616542
813425 275430
334253 669917
528086 506672
286041 75780
249786 824974
85357 765961
598148 513346
917186 823281
70015 617432
507465 933593
7054 959275
153632 216517
424876 300332
661673 58035
145027 991645
561707 664001
726293 98911
997710 593102
854641 559539
782011 642674
258883 489458
467715 312585
860331 774645
369312 827845
78518 300843
335076 287808
545485 724094
200054 197292
286199 833594
246470 895262
843728 438371
682556 474908
463825 805378
328215 695475
209242 514771
776275 97878
150940 736454
438211 302227
842648 492388
572525 780308
499084 102800
665172 927707
362218 246840
914478 140488
229532 912767
549529 145401
736610 759737
237977 595295
643832 908936
845045 138366
879123 82063
190039 547243
318839 775812
223709 97744
666947 912218
968699 407037
562261 487394
457795 777497
174180 918012
542944 699749
862264 343455
855213 534906
815736 953462
565505 768123
191091 390625
602223 304908
904953 563786
490004 41626
2897 981255
83555 348219
435361 818476
181140 925107
879454 182767
645775 677721
91270 686964
543012 792292
178526 733701
485733 603630
741155 506980
391889 909582
509618 589463
949084 437279
482412 683964
872789 944975
727883 636278
352399 486992
256107 447016
724169 849171
945436 521586
743670 622602
268636 749130
98225 29758
725926 467345
854991 653744
840528 834937
8020 767821
136240 775244
558261 979875
292531 847818
432564 260088
552314 278394
872481 222590
147164 693331
210689 950745
947796 515974
13970 84359
972845 839012
695956 259110
898637 754406
380526 593691
73543 696475
886816 338842
534522 924362
830510 229771
765117 161557
493797 639802
567631 712742
836539 958759
117470 203292
951719 8329
718276 797989
113522 849158
73349 433948
913913 996565
783682 651136
996345 303149
878920 185792
594911 820358
38839 386546
855982 364248
780842 751767
327320 260775
274239 752636
381772 425239
789224 341330
757624 987841
43844 65556
744137 576926
872205 741879
493259 837980
63552 395291
978796 425350
564383 806543
520010 524324
421126 995770
71188 546388
214233 642839
585758 410834
36035 360715
228788 269489
371281 75141
700058 683129
708919 293648
812086 789097
619214 657907
343223 628692
396656 25681
117478 690492
561371 459207
113426 785106
786699 457536
972657 493553
454749 950532
40943 494239
848437 97505
357943 262833
26320 41709
375352 106489
681100 986451
267594 82223
58089 960950
429698 793378
218319 301271
156548 303866
58620 754870
684338 946232
53760 792807
939139 197384
336177 871463
158831 820317
993971 551240
333669 935165
982097 494726
564934 993906
484893 773008
979237 430975
500586 575087
560934 649871
412145 671235
668507 329588
27760 149999
934190 383869
250331 947866
840015 664641
3486 947475
802499 835500
83924 535416
535347 870926
389885 381098
947781 213901
547522 703659
601534 346177
730609 175837
526412 79534
343806 205476
649838 711882
463228 200242
631410 819877
559700 157663
804556 467525
940313 636545
463960 986688
287764 103262
375657 527080
540064 593074
261697 651570
408042 896238
180377 248383
306257 723062
871947 27065
619388 897289
906920 940158
155470 884225
102149 885311
949834 421572
457709 191799
274626 252768
930245 14954
379827 50867
26570 705135
554683 181721
959759 667545
931401 588438
197963 344158
109608 628724
600295 648186
686649 303052
18170 815289
674607 816296
64540 602057
954851 750668
784876 179597
785165 512526
110387 429564
225262 586512
616642 77265
982481 652523
132579 256567
717886 284554
512780 483721
76981 75955
300516 196445
714723 246560
438001 919797
544908 13110
495193 879491
598574 377328
529832 695638
956336 378297
442372 854775
796750 861759
844365 356012
232557 191228
353607 20349
434468 735353
966240 996315
482420 821550
338536 598796
350751 884223
795466 773952
723809 328642
918991 137194
344600 986637
123034 318587
269982 372657
159905 122463
114899 158449
312295 557912
850713 351050
846222 90350
626026 765951
958265 632626
118890 555564
428879 365184
296007 812317
33724 556601
803329 448720
572065 430278
71580 137088
180727 908031
697139 311507
36019 429907
411137 73784
490017 758190
553010 183259
161285 864179
134798 365088
962878 708195
19571 71039
277372 384921
162820 395967
234243 363424
801724 409334
676739 229084
366737 804700
341153 541797
44218 312576
371162 604154
57961 778547
643827 305650
877020 740903
182829 491041
885284 935112
943001 466767
776323 190977
845510 146699
931835 2152
609526 318149
363537 154737
964395 42362
912684 980625
316446 490603
744568 809712
469792 75105
631558 560891
248052 638086
626563 569511
395048 983628
423920 78261
855674 444379
961674 109754
984572 192255
642703 132693
233738 24753
156835 308407
211720 982583
861506 152391
694141 176756
59143 131040
755080 77545
836552 237902
62001 635965
348091 717397
469913 445782
707163 815420
220667 929765
299475 521542
257955 233296
166109 888176
817963 956523
236306 803593
498926 323152
41451 571820
2276 445067
306929 744838
132759 570788
971277 952130
993422 838645
708379 576086
948951 10225
819679 681390
672247 756776
5732 557141
375093 754761
24369 573570
999666 774457
366506 191724
989133 119251
806316 228596
809459 434971
302264 811543
798348 291036
257717 929290
998460 494039
162210 770258
916110 246747
967218 598300
371154 935436
406399 539081
14509 86226
876426 612508
773393 816212
351815 809320
401091 426002
907120 480926
560797 634835
774103 942920
328845 260005
811784 810340
251272 74689
828080 359554
217199 806924
376253 697343
821723 51626
895686 954951
881631 340201
28643 855034
755443 529301
114372 506069
840814 171181
973674 713870
637237 646828
644131 602935
17633 601761
25151 414950
120515 604302
851646 379620
978379 114011
269329 206923
768947 402848
830328 285286
215123 285051
152531 268329
511675 213197
40305 8478
985076 158026
111032 836889
459037 800321
21666 779474
169810 223323
227818 296401
847838 399428
189496 641104
476988 805057
356326 872671
765966 266968
559719 515734
520824 135799
492568 596664
538818 396538
462646 191931
322880 202850
64698 713914
674781 920530
811886 142357
434920 104227
425612 466629
719607 187775
643275 734069
667492 130727
463495 466552
605113 408207
717462 6145
832554 609819
353083 270829
826489 558549
829714 781047
370789 923153
45428 307207
19299 472698
340658 590615
935585 578152
874413 549683
152302 67924
94554 424670
793668 4352
917995 278423
128685 31560
158410 242051
864399 987977
921584 559423
48849 975438
670022 650224
855554 807814
490484 373202
681346 745129
288274 68362
950701 442260
777213 633495
833909 63577
755528 142394
535818 262500
6812 832069
606526 232714
620437 526700
177187 328761
990235 181446
171656 952547
278606 450437
718751 926247
647177 492313
37244 687356
875013 26689
882605 837993
398521 484689
980289 992238
48227 657478
890243 637591
271916 1148
956611 532890
887355 296406
504927 605605
543166 557592
217413 862567
595506 424042
477452 233916
935055 704947
691550 264638
381389 667896
984612 879733
603053 493283
375720 639068
273884 776664
43842 857129
163179 753981
237708 563188
240956 581000
927928 240745
34855 312388
553400 231493
220630 229306
196165 279889
978065 228822
181020 804506
942852 933878
20205 798243
255042 998347
484527 639730
739615 739120
814707 113546
57330 664387
743578 796574
986369 651768
989409 121534
739616 4299
610777 574054
962636 647293
517029 862264
982222 649382
726418 958220
195265 621078
412945 215102
421627 495115
694788 919437
236930 73944
945233 480190
505240 863004
537420 410703
17012 978299
83454 476389
595996 956350
879373 15279
188211 609487
315416 87398
814066 747678
676383 282096
812343 837310
830210 531428
590376 236131
29 349547
169312 427482
197214 40902
131822 942552
823787 48099
825404 273261
878218 795243
459795 154349
20082 866226
842982 122834
726473 168143
420607 758575
430343 792056
909441 992844
619019 391424
92583 768572
45054 841065
180889 489835
313341 630236
20771 606374
70895 192822
853467 601301
867928 265312
7325 138951
311993 761524
137960 230349
737410 391767
676906 988005
777279 214821
457607 538363
196381 133174
829643 795593
943876 785141
898965 807448
658349 522088
301890 903269
781550 839569
457879 183292
98019 28518
886359 526242
743143 507641
75855 465159
899620 601628
985798 658466
237662 227177
309840 348707
978324 735942
785370 447572
385137 313359
129183 498229
796080 109045
480992 9937
821369 106758
417949 111704
961094 700386
300776 635408
134604 15602
260097 93929
740209 44664
421990 400379
39917 46157
36473 417462
692718 68615
877254 804458
598283 938752
708558 306413
681267 704423
43098 450707
411980 319626
648710 435717
324105 918117
453077 122798
895756 540435
936614 877456
704255 261864
378204 756052
542990 873597
110603 101210
91765 680181
574675 24910
923700 947976
288363 942133
927430 349990
870246 198609
131145 733752
485592 673595
457096 66540
337795 32995
662522 360474
107085 333749
313075 427334
150776 242579
430475 178849
280956 856604
672665 69880
78223 945460
476136 152335
69794 559925
221010 630996
977636 425636
816511 768039
375428 826473
186058 528806
456136 836365
666988 980567
969097 365846
950437 536902
856011 702490
760712 407272
911618 703885
191434 72163
16109 928945
537334 320596
884954 476268
625990 722753
856554 506800
638944 512368
606899 944641
976715 504129
191542 573276
691420 257695
674740 162584
765186 581814
494780 794672
905359 683643
967644 379969
115293 315868
131872 826311
584098 708225
414141 818760
439112 663321
740004 454342
821709 995365
773280 509974
191594 745962
418481 23591
107491 305415
646287 376797
563843 658053
317828 538043
677520 777481
928361 90292
488285 854816
577934 96707
789478 712565
928913 54250
356404 542217
989847 60559
454916 987380
746894 388986
923984 385489
994309 961644
414085 417812
251350 543402
517678 464384
754601 481630
735836 436293
931738 938784
789785 239445
157309 986353
647286 771013
521010 653643
681507 423562
736583 959603
705486 367763
154392 962162
366640 949728
372022 301672
924350 713903
13398 759241
612852 622359
127783 511432
103809 981229
247955 985041
350435 77200
305633 546462
391334 142711
573352 196718
966717 814908
125398 880616
198545 393213
49756 258167
242809 958479
299254 724445
375134 4697
601460 715475
764130 614557
883972 196715
244719 307703
271576 774216
898168 230877
407433 281966
981893 694448
590237 987134
887615 727585
417922 585301
285305 529139
458403 544978
480 573257
535750 190741
405800 593136
487270 515075
583060 967359
253083 403352
190546 586516
553877 616033
78148 636506
597578 545299
536377 5760
447091 936675
168351 820291
109044 682455
860092 256292
106440 142387
584541 871852
50112 807038
807570 6594
907364 928540
564041 102362
15257 48871
745231 813713
726236 22538
957496 152993
87534 319564
905353 197295
417266 153314
949424 782658
703033 766056
730749 62172
272200 388302
754174 131041
40937 659177
531993 806608
4618 182505
920143 374902
997459 479756
337743 835387
259311 350055
919448 699888
625456 793698
487484 623106
128669 722433
676794 959258
620631 842579
288174 795027
381619 787285
974624 638830
601277 812320
326390 576858
329776 707048
111962 88410
851524 209465
364176 169148
397544 200021
216351 705045
992672 694837
876744 38966
865608 16134
473049 291821
341843 978745
192863 154418
72199 45505
766393 69496
173190 544362
464122 890860
929573 382614
778699 928478
