540643 386072
264152 834752
194833 306499
106588 87461
922745 979037
554060 141964
810311 394798
651066 934708
771207 603728
453660 100997
691970 861025
574762 625104
689145 193003
155965 413222
926327 337233
467564 125964
426129 93640
720055 59365
301508 891538
490135 355145
655630 979367
638348 231024
518401 777382
329165 398179
269575 237969
499841 470569
149574 471454
94150 996667
474904 703527
471984 803326
152978 494443
228352 611302
877456 201453
876934 662282
518413 699182
887267 423189
71928 443692
448200 208702
95684 197063
630224 884191
704441 880574
526301 432724
833466 688717
477259 137594
871345 470786
741343 428580
439652 332512
494510 114651
419239 77928
111417 17864
964111 909565
362282 381732
57138 964546
784529 927864
332752 265419
937879 639200
797807 199567
248791 417910
649301 82925
931275 864678
666543 179250
103474 390496
211361 279873
918375 350627
822794 838452
584283 157361
315928 38560
910690 494637
377503 34885
50931 87073
576786 214809
915978 654547
889089 998979
89690 194610
787247 892389
637675 71612
109675 903353
107727 959156
511277 991582
182228 543407
959635 851096
511122 762491
871884 899493
914717 478940
339597 290089
95905 79516
433597 702649
678301 684031
335735 700468
667741 477147
451599 155174
7846 746750
102403 284715
229976 746857
646241 315971
111058 144150
783202 542327
116266 349067
374286 419172
288980 59744
507547 45972
151551 951572
590503 589114
388602 536690
924954 197220
481097 952778
474824 300244
219968 464905
847972 338882
163455 294250
236078 513458
215917 677091
829998 348868
322139 111453
138633 488601
639966 29624
79575 486036
601329 234892
443414 605222
145755 333197
70243 581408
641329 378996
530491 142204
881796 699875
365527 257759
46987 22143
237021 976055
461409 927470
661297 427311
566288 750415
842239 205989
300072 321166
498772 882099
825024 570969
263526 11459
81767 154543
155341 540852
703035 782789
994593 878792
243458 315370
35099 286013
484271 918496
256626 543083
663518 577472
612408 351899
688201 215175
344056 553417
713052 911470
299973 109463
207340 757718
987946 316093
361520 94415
599057 876781
664412 855020
359308 229708
349607 482301
739345 68646
663108 186565
148943 847210
559921 962267
30237 592274
392607 969318
769423 337735
407192 174413
861774 198050
660741 683254
926410 900675
580184 489872
699195 350122
781301 981704
608226 105585
860284 875864
205950 70470
628777 140498
548785 26950
149935 269545
811326 552245
130709 987985
261166 867096
361648 438507
829464 322485
90112 819033
27328 673237
955555 181234
820833 607180
575152 953602
947971 232688
203078 220157
764669 10062
889271 490437
928700 811628
966568 653396
861685 241030
778738 111880
644762 859749
883660 428684
369995 496405
901045 432252
786893 316367
686522 669590
644812 479523
723880 747019
831478 692005
456248 869790
319368 936638
786516 126229
413133 956394
500893 536443
35851 61415
290923 195235
899072 201736
119416 279846
392796 597429
439866 570652
657298 699410
86593 887465
449652 818655
566711 17577
530790 965373
688663 799076
978539 198964
832641 213894
164855 936592
480455 943349
413738 270189
127161 518728
98798 45675
656386 263789
329781 852722
821583 900155
709552 848175
557666 812589
597887 732224
756987 894291
374497 684904
107617 50048
672149 271811
980352 153202
823842 181645
363481 854895
237558 782386
104106 223351
254024 128877
727807 724464
108995 78589
661894 149204
707259 619243
357443 314681
934366 676233
541000 932604
766924 793383
122179 391113
573307 834544
831269 949823
819089 711354
147429 198530
665324 956060
527328 540207
532065 237969
910164 68552
171272 641131
657430 562169
273939 622533
159723 83202
345573 496863
531895 900713
214329 365200
324737 81468
495572 881690
806659 552926
988522 865716
825142 528109
895765 842967
675813 507038
807731 315565
524840 542117
947541 685076
173972 52354
514438 118319
225768 631616
704375 363065
50560 652760
11190 694317
322783 348028
539497 936160
386215 299296
130318 640179
545113 559200
456816 547279
708957 779607
660703 10363
857176 883089
149733 326879
531035 729674
296557 906645
191762 535192
475613 225110
995858 760357
841215 723580
219192 160850
27721 2641
478559 210453
684376 372174
965084 949963
525645 790925
357199 878728
314757 65392
182757 786773
301106 318422
792539 970463
979744 691891
31284 907603
696539 297
314342 771694
241757 548520
171206 983292
170711 736659
142710 873588
194461 910509
261441 131252
37810 82136
560095 306171
380606 666153
234624 237605
754711 18802
560572 631652
50978 380160
126648 31143
354929 315391
907990 917380
490965 128964
628641 64075
554562 813053
762046 800116
818713 842446
654299 665455
313212 246890
366800 275587
210018 813209
600810 226155
237012 8469
337453 959506
196360 854110
660777 686111
3452 820231
927728 366562
388835 451779
137820 93481
113932 684776
833764 765092
508778 72199
667051 714391
855683 205281
574056 819890
9892 16411
510146 73497
967246 762865
197693 151846
496479 559346
203107 825540
591775 342399
141418 514555
763804 625069
42116 190132
607105 234992
517274 374376
97603 619324
626278 410313
361569 651846
792258 679803
274637 556682
729774 637285
136584 546138
776915 89000
239708 947649
774999 776782
974380 892154
44590 58105
774082 119707
92049 790735
327032 519472
886740 535280
451852 845665
667572 901335
64153 204007
494728 586007
835574 247481
69317 242379
385841 753476
865287 9082
275866 998604
413184 347807
958950 385702
10281 49359
395384 164296
115423 465046
896869 341172
187116 926968
705058 501256
567055 729924
471755 849400
648945 45546
530379 921851
65928 12750
708881 158191
66790 176734
185625 62028
364841 212356
9018 345836
135677 814349
743423 56973
276121 849980
404360 958633
301247 540007
336379 780611
726919 774080
120933 991524
731958 878333
589917 129584
420753 373337
262613 453773
538304 319626
121279 304404
952498 342032
119109 972752
231827 262069
890589 565781
649273 825677
446980 356668
196074 422672
308903 367384
555019 279916
616123 981059
389200 942398
55651 919027
122013 955288
896720 675079
641751 181161
128168 153500
502763 747642
531015 837205
483135 181500
13481 205570
328673 519633
495393 77717
468947 316393
410079 736268
367144 624405
405400 449063
606359 476351
219529 665980
625131 52471
701973 557932
652637 6216
818401 6706
144667 688032
505577 526072
108318 329388
133692 261367
964211 874597
223505 7064
254563 868778
591789 389665
322681 770324
791742 805858
610480 350210
281446 204167
384470 379126
110414 78456
262923 564587
303560 433018
569726 961282
448190 814964
806648 510593
126394 51583
286384 807376
312145 521539
31989 893663
525166 460914
369176 614020
845035 621051
710151 683835
975162 308664
495768 21662
631466 797839
908961 428782
914727 528146
228463 447934
772738 83749
316769 151291
572025 207926
479470 392598
568378 701548
328372 402510
701888 369046
557806 94940
975828 138580
869874 361545
873639 778142
72206 150685
636415 63621
965299 415306
619325 672541
216219 818260
337801 970880
797414 824599
549309 734579
197225 759790
843031 905709
830130 263984
213783 310150
895732 855964
383322 490377
503959 617247
813010 128995
448320 902147
531648 774974
54247 549525
531024 529102
936719 783529
984432 440379
415780 299528
198889 425887
397208 91999
410235 541959
530346 715036
181504 354688
49085 879233
927232 781610
7233 872447
87963 576361
208091 174922
58368 496390
182858 97331
483228 681912
345961 626271
710528 565326
774724 789208
414865 853919
507824 877519
52126 794379
654769 477145
314340 506303
13254 829715
506073 283050
577103 737542
787964 553241
373489 18803
259751 535427
600952 782832
436276 717923
734518 983813
889048 416529
323529 739235
362754 796994
669647 994397
370984 556690
972262 874173
195510 46093
154299 372456
330085 170496
771595 767350
347205 925030
378455 433074
168675 635085
606831 826738
999404 648830
354718 917500
730942 248075
704257 931074
230035 833427
121139 548989
938395 147853
452893 388731
645358 989218
341529 414117
538054 891113
750668 448356
679262 365975
741437 16792
181752 535640
256081 518039
180829 858362
932829 685109
422061 358369
505527 204749
32931 39251
745038 723925
578442 805732
733309 972168
633680 585587
70387 456062
43907 829961
531428 657182
107209 336361
471728 998848
346100 589385
398910 861416
843139 948782
10614 232912
313489 798231
401533 20099
964685 641671
884175 552101
70404 548119
617464 356824
196867 505856
778861 135043
938255 353030
472118 189654
71233 864102
354118 609789
863063 492210
791476 11144
808314 973253
480167 202770
184748 524012
889541 363587
873104 457356
330629 716316
813512 842817
649942 302827
61688 151540
389077 588667
670649 602767
44310 888282
552789 277605
237189 92578
273954 338207
774079 526224
934302 80087
998106 849207
71858 420997
654360 515041
105632 547720
853664 211372
386213 223354
390896 22552
974863 93651
23507 557543
837447 905377
789926 955854
982650 723679
843095 571625
849087 275923
488086 960196
275408 926284
476485 770994
748824 193326
97856 883152
198236 702482
910376 483744
281923 56788
525381 480042
201226 497747
837956 292424
822075 765730
396051 965401
345258 249549
14770 71511
827146 484484
369990 433757
5846 108461
543165 799792
56303 458314
599138 269801
297571 891857
629950 773877
710666 656396
664173 17884
60889 873932
380760 611805
803294 17206
940283 865617
817435 59070
469749 501179
395697 215204
61863 331546
491662 762783
509056 420588
822562 822504
95573 712566
106143 384155
589961 960961
551391 52989
124772 819179
325794 958000
795086 576121
674790 740105
614826 101426
409604 794300
435806 716831
31052 413773
311814 223441
222187 844439
593898 805365
629526 192163
194259 6080
188616 305478
125624 73139
19277 544115
761698 832451
547969 412146
921123 797835
229356 872362
854044 904358
146924 850071
709720 654228
730059 491904
275990 205202
408273 64315
738176 884364
488098 48467
57370 367911
90836 89023
376705 258203
764778 84004
24418 4043
439794 610145
212352 502416
970409 96223
441513 89572
198967 246543
599120 617169
466923 913731
771841 193343
224700 668092
714594 186720
405724 300176
16061 639363
963182 83694
788505 838199
472298 592078
438892 371956
686329 430254
49937 470424
97886 262851
948661 545453
48448 989726
825180 280148
384036 280389
150787 971114
208727 600178
349207 868395
584238 812085
786407 639075
632272 332585
354869 268462
935381 694089
833575 585923
301083 218561
133747 807735
883586 598607
74706 858317
592136 289071
828513 509849
667653 76300
171605 657059
223808 544052
254294 75328
270595 870884
861796 275492
747726 30272
818629 776796
46854 971172
150626 950914
82847 518014
963191 277531
434895 531874
918368 791005
459613 741225
796469 69936
641543 738912
209603 321900
821669 875384
568288 468696
246405 943152
276979 54417
486661 154279
138577 379392
814750 596184
545629 591200
986983 840626
347129 114590
957207 545424
891407 549512
766395 961008
163364 799475
783116 186456
920780 408912
248796 806234
55824 789485
631650 504630
381914 791396
502619 294626
298083 556016
332972 592766
948247 806073
951857 734336
110684 154073
650943 101152
592998 100134
112546 75635
963782 350973
577595 109679
579170 539369
82294 460305
539973 155731
107517 967585
246127 484177
502741 878806
566974 529932
371482 161247
374523 163444
793289 210203
339340 89701
954830 374671
703567 728751
409990 196487
844042 797714
534405 655560
354203 943740
566892 407349
456109 962671
898201 665455
191564 336981
775540 857555
105040 356845
471589 365969
600521 848079
978804 371995
561572 4218
148474 801954
951106 129943
543951 789104
604217 261047
735162 204656
633321 42249
336701 460992
494359 745669
748908 815114
323671 264506
647022 466277
212356 680546
393200 760715
166074 977241
181152 579473
985650 920393
539397 671861
903999 69936
223411 734470
121990 20869
60545 442179
587377 887694
783593 933424
218094 68508
929576 11345
593612 556394
636413 196354
180995 224176
35372 145748
979988 22944
933245 803303
161557 34889
607449 858726
245543 371576
372336 129315
407634 464856
526096 918387
622280 783901
843118 73137
928022 913845
178238 521246
694508 85665
234259 776971
495016 969096
303559 933471
4238 490298
388733 722656
211256 322249
567449 26307
922477 350755
613050 607268
245579 228844
149749 971750
143679 455357
87792 332458
776014 537124
711920 456748
780463 574780
996740 930943
748196 332268
128833 823320
597286 776394
931547 6526
857356 658670
858957 798413
521587 102775
743174 831155
776545 194578
870824 153757
432527 818936
404682 744262
686806 931778
165559 2592
895354 255038
137204 837761
46185 795515
56843 943102
62342 646197
305297 285607
105186 65706
728474 836301
685842 904580
855954 841626
558919 216076
603904 528965
841296 599552
540872 924379
347257 735418
532808 348693
534645 869258
292768 875636
192062 383222
286380 263767
247285 161533
929840 298203
656690 753972
6187 706900
264671 161053
97315 781431
801424 943458
344927 851880
112663 836414
622118 56349
969888 564445
544356 507506
55321 362635
76689 818731
288874 673276
625006 122422
300041 212057
712010 586212
680725 166895
585283 264617
46361 948904
181659 333795
737763 302194
743931 308981
516803 488870
759720 406451
547154 822949
69077 330012
981743 777851
141609 119724
209572 75074
129805 684730
87673 32429
964631 80018
496789 738163
813236 483632
937271 123971
596197 843232
333437 273274
487241 512810
736603 106022
232377 498045
620754 268977
993151 612492
669932 377818
726867 661810
20197 601488
610943 488583
851606 330713
950361 409901
576462 751285
92964 631010
559732 772761
304627 443823
755680 758695
836058 590835
292665 421202
344725 629634
835312 775705
604840 331491
895946 220019
105438 544684
255479 356060
665559 853696
148906 988900
63644 110217
605034 690497
585639 48311
310890 186350
751216 581463
286853 637622
627504 477436
56162 208226
876240 577373
127574 675336
741273 71144
718060 334872
18784 631519
805433 480759
531254 802504
564575 294096
948646 619602
252476 235127
100698 195537
752263 879675
636516 855521
41507 823557
632930 525369
588919 585563
567773 829031
933549 618327
318236 600743
232894 312700
159202 625863
257424 322042
397525 643122
262698 969291
558160 855127
117681 608721
370405 291670
929219 879546
723681 45704
836424 463618
829792 697527
757811 646726
504283 165850
746408 80537
136023 688840
731662 710438
491480 826748
45337 49392
553641 171859
930360 694123
757811 459730
236801 696900
660882 646023
495234 457751
148990 425489
372268 464160
391535 913961
440747 553342
908415 956350
561754 649037
240092 6204
201166 267304
653712 907539
643328 933876
776671 15305
60247 53581
16951 557169
273198 209309
493492 104147
255070 144216
648286 538734
337020 656136
649210 318455
359487 271829
231058 587528
750670 745349
458864 413805
193469 476622
784540 565714
190390 847300
799743 983811
550062 711936
929480 131009
258393 102876
998734 463302
235058 561250
339198 295430
948409 213291
504125 999148
902063 124336
254866 117133
252490 305585
644908 978806
377562 846306
887953 935797
216567 909240
12566 395787
954860 250484
660224 182957
130167 973713
914247 315886
569428 23885
378554 259260
586424 192476
994981 296740
131117 288406
238692 140655
296750 320994
414392 259303
262536 100974
270829 761112
200986 422992
536612 983870
549717 724993
541915 779759
177920 507452
866612 84251
707811 696422
429267 461042
97436 450210
436225 527037
559897 440096
710997 772193
913229 382257
439625 521067
303882 625220
570476 622654
193543 834832
630338 928904
497836 196985
310745 690030
741951 906335
363260 130710
976751 616021
5427 594250
355090 883852
403947 715347
311807 557941
431832 24515
331614 338456
612689 706157
585672 482572
219720 945873
88824 442989
579145 250806
80513 375347
340962 358660
849338 238967
905139 280014
339260 857773
39968 927502
605411 59943
896112 827289
478733 83415
697201 733431
661222 557278
692583 282277
450880 382410
753808 880191
974810 900586
53757 368747
65684 62862
877956 263033
935686 220283
511952 359132
504447 925292
393953 147471
33352 509561
298092 710987
485414 818344
61365 684528
731231 549771
828066 354988
587297 258368
104429 186273
455350 23835
591702 721153
321842 663525
41629 798155
193657 601822
686739 939237
983963 152499
709056 351598
687448 636015
812064 42665
512266 801203
251028 286257
29422 410285
875710 907148
714872 787583
49616 420734
227317 110381
239107 429060
680571 143565
773543 98872
562241 135337
97632 451696
205766 940709
626573 658001
653288 552698
837132 403168
384170 234855
4915 355131
952556 740873
988412 294557
496108 643113
560290 751482
204332 332975
956537 567186
450552 827482
364738 514755
100280 377744
360287 712111
283862 925787
402914 484041
351105 277428
851042 458020
738213 543318
838433 868463
383477 953539
270342 431557
758995 204090
319 583652
725172 82170
16102 688809
248839 589247
425143 476443
153823 272601
324213 276668
702413 384520
674111 977154
577074 559966
752213 77922
360262 984489
529563 214915
831041 749596
823887 478461
855094 716918
776970 564249
533882 726494
95381 368852
300592 499515
792324 683447
253760 760518
154902 989303
601163 935976
565735 555834
376224 300459
42420 427021
922320 509310
832958 553236
313801 932286
484770 870888
304378 237225
275320 471684
316482 208741
930707 365285
397897 97537
242330 871108
886672 476987
630694 188772
276101 35591
61595 397396
381471 989798
163146 480223
498190 424271
468118 289155
418720 57202
132678 202522
495940 225344
10042 428034
479838 603010
944050 408865
886376 256869
851623 470184
235544 821384
500181 152566
481017 255959
364329 428593
326098 14678
480086 311201
538887 156127
596226 752064
419720 20503
257884 621690
294572 923223
751237 208
401698 277426
799027 352589
919546 453459
586410 797171
294155 167371
78367 789306
881208 615112
683171 256077
268928 706025
730850 385039
979700 140022
337637 668195
425369 613467
171499 736798
143521 715108
196714 372802
215342 25305
269512 366397
930214 910936
225340 739519
310608 965782
161281 103383
648209 369919
556061 679240
820124 643791
708321 556870
972931 1709
312639 650828
264899 473772
475742 76057
704397 22859
664920 569772
276357 512940
533222 328810
329382 942723
739501 668926
719518 94637
630195 687189
508504 730856
587238 979704
246598 441985
473480 32095
295594 481448
961859 514745
106989 43941
375087 718607
113600 763026
911957 983437
962655 766636
830576 286372
645502 890168
132664 179917
86395 168014
79705 544000
474037 279361
394942 733668
201981 462188
619757 207818
138639 759410
990770 396602
109471 979535
814681 417742
123164 398972
965342 142307
301681 260719
739622 927796
719570 843008
715489 573597
526314 57622
870993 814785
55668 158893
607800 845791
995655 696064
887642 817319
852005 735477
86427 36606
483429 464764
945324 360424
627294 212514
41610 439329
40615 552493
400110 132684
546776 484836
386710 940082
729731 685315
925664 671062
117865 850447
983044 804094
789490 160821
664310 68605
344756 330888
19723 798552
876833 562305
719755 394367
54545 890727
265599 398869
575919 214563
235167 184222
440505 573510
442376 889067
10375 822930
436124 503595
516550 381085
62986 865350
918488 346412
675858 410263
229929 686060
53502 225743
224605 835620
198764 360750
520999 2756
92038 990459
96189 840490
339336 893085
30674 251457
57430 976872
750090 639767
595543 967019
188338 447790
64728 462847
596809 514809
119433 771883
89101 309561
611786 817312
103303 789493
930112 398110
346797 217262
127502 427959
363133 82604
915300 271554
761515 218333
684077 65554
778952 955233
401419 983144
941765 321513
536933 504669
103799 845319
824907 684050
860004 974945
106925 969167
668006 207345
814974 192288
577385 687397
775379 162048
110039 501140
422758 73607
412021 553345
35372 301389
759363 661195
466967 730941
322826 844457
703383 932063
548817 47093
527124 210183
264768 580403
61745 699269
577651 33598
694604 382329
741696 204262
297139 583856
489202 293945
85808 46302
451177 552810
50282 877217
151005 394943
208802 7297
384916 624756
962500 843828
852676 856994
479329 253790
733354 839951
689200 883276
503295 589250
575983 647198
412067 858987
434612 363788
408480 320057
984652 335959
606090 544919
529317 383984
984263 692279
748569 714907
208266 859737
776161 676200
444145 155177
480314 75116
696238 902075
764544 988518
687107 244496
953822 884413
685505 790251
592096 146653
695039 560976
593546 468247
216580 343792
248134 999635
514840 741479
395910 336036
193616 61827
96364 140559
980311 646076
755972 975509
428948 663427
769085 537470
13324 691265
285720 497796
296706 910214
776611 809851
1891 314170
495144 729672
77665 848922
256891 778753
738455 36044
276409 541519
534298 330645
695529 652620
862140 588270
791253 200930
609773 639899
533414 941590
296534 527665
820838 482749
418124 298031
262036 830512
753076 836758
774662 637897
878858 81898
66868 216780
966449 607577
226249 365413
887145 670906
987690 551538
721206 825216
31385 426975
501812 516529
820074 249728
658642 476831
185115 989888
226648 99364
28570 765497
34808 9559
311554 918697
147775 689841
710835 705706
12789 69859
128509 702043
212976 873155
115109 449488
611974 925852
860833 829842
249292 406785
128361 265404
316832 670826
968591 903328
846759 919752
173971 112425
193992 433954
64426 70933
508865 926094
845008 715890
260340 546962
825969 251777
321412 818549
135284 404439
832801 434667
987197 433084
334132 762745
123532 912406
736688 748749
505475 185354
930839 731962
391867 99353
89714 637846
779149 554984
712224 261314
459455 123351
293532 961026
776156 251068
420193 976796
328592 486800
648292 415251
582023 134209
806258 12696
487894 385874
281872 933167
559275 384488
169102 611730
354716 136945
217548 815546
348863 631004
148980 346005
147570 195407
392368 602301
483820 255633
627376 621971
150028 421915
172568 359904
885387 891524
750109 366862
50319 423068
339032 307916
798198 600382
769144 161332
479170 200626
690297 951465
937483 581792
8240 509149
54799 721787
598888 80261
57446 704219
455717 175269
873227 51110
537815 541900
973304 813928
763721 266468
177561 906220
516691 455808
152012 705018
71449 414574
715169 349171
168345 696839
98246 96147
338071 794583
958870 932979
964010 943872
393602 30427
866769 775985
112387 501706
453371 181403
268870 663544
752715 877835
805815 484782
460495 838824
502959 700230
31837 292364
774233 174888
82135 918136
524736 198176
737305 527740
9321 454376
370500 366014
319846 146502
75442 231575
767125 768520
678995 388861
930369 742050
438641 277662
975663 284143
158976 720555
79271 249151
930938 727350
31185 142580
996160 6931
795235 679846
871916 81478
133170 39046
186024 666003
196118 584536
536743 917251
677219 142815
258974 222516
826231 215462
551043 16233
104137 76863
571000 17761
735789 600657
659280 796572
128428 802824
385797 427804
734342 154259
617546 790508
645090 749184
117208 886632
109384 604893
711565 972815
593135 601027
302233 218990
947826 799767
594418 773414
913828 212615
940539 989027
982625 501438
481603 91499
188362 781919
144989 865615
428493 945281
512816 450461
245524 167573
788180 704880
839375 391515
578688 410651
985120 99117
263376 596548
437301 236015
867614 987463
782634 197530
609476 550984
851742 754678
682130 310535
674301 694243
800073 884707
307811 411405
597266 515206
630937 935038
77770 962932
358587 311360
235706 60682
503658 282713
933532 407111
120599 622052
895158 647948
771487 391717
962339 109604
90157 156569
103150 432077
656046 29780
98900 733978
35945 634764
739742 875731
364161 882534
593932 231479
884378 593121
840523 514237
482462 807956
645049 593347
57261 567704
757933 640069
559732 849167
505249 611896
495353 74889
236202 966421
162826 487913
669865 528459
967915 726975
830353 51166
281709 982552
757032 710460
107344 309189
316986 815374
257954 433375
666154 696357
666605 799837
761481 289000
482590 652365
10995 753382
912338 599172
631643 600398
247783 647744
571093 887582
268119 907810
987237 391896
818865 252977
665215 305573
313814 87956
466128 785678
725235 629598
687147 449049
420572 960748
844642 137014
996975 143168
335590 294919
940259 673379
857224 445570
793608 859375
123065 379572
681549 800078
558869 371768
94972 997109
756633 394068
255415 101229
61770 643650
128030 577924
261542 164013
884574 34369
294991 339109
938395 277275
438498 664819
593186 460280
668686 412439
564851 28277
766332 560825
302209 332097
271346 707115
51230 101815
612214 603045
662133 250646
853147 488287
769331 190701
583735 505849
616685 686157
196312 258053
813190 996727
368973 786909
986418 512723
116844 85966
921880 544786
523997 779474
426474 845087
938132 404529
776267 708188
382407 230907
428313 51027
384122 270587
87369 246452
989747 731703
128477 147698
649933 112142
758543 120934
637177 919852
138080 137662
471307 80525
593125 446962
933857 482716
951139 274868
964579 365932
478933 141190
284483 972314
134392 191737
324964 967403
868406 214858
398524 100557
809550 376265
346592 838876
435097 250754
414449 24962
865711 944568
847534 803555
84527 863679
938997 114744
123461 913840
610071 750101
495371 325569
962029 445800
657441 718603
563461 106140
609250 751415
903031 917973
162972 17897
430804 202264
786197 645238
505499 690928
660279 840327
187978 149219
736647 882130
704839 291551
321898 741341
89019 284958
135102 913869
400659 733113
372475 780255
53873 770884
225056 286123
25035 478605
485762 130267
958836 478145
408264 253672
432349 825076
98412 457652
153746 507429
749186 542448
37650 921036
711831 595404
503578 909337
166741 827840
458188 662742
264659 840935
486020 919568
661250 559051
730830 276221
704854 316332
534816 12395
39596 132898
922534 534663
421911 219809
777471 111350
709286 532940
842852 883046
815886 442321
460848 640128
74607 158833
863647 435787
854392 248561
945709 906611
801731 618348
504759 675707
980193 207758
921212 765405
735573 491136
952141 769619
496074 861816
549596 672307
338448 522674
10690 403367
195918 782385
103996 434907
467178 313289
569943 197543
263008 664135
63846 718944
100766 182149
176877 208770
363442 813692
884534 663824
692854 880442
253466 593796
844428 711657
232422 565332
666538 130486
929233 148949
572762 179339
744977 452777
471411 190057
336089 495960
622538 913813
905834 650362
974728 43255
384058 11000
633853 386773
324977 617883
90179 996022
746654 790618
787291 858156
791763 781075
842548 250314
367792 313398
35125 37491
708782 475890
742052 681516
78188 474018
974543 963675
873190 792422
773772 24691
515455 345551
180595 150412
448791 430746
573042 857829
619979 152655
210750 439418
402746 359223
621759 718927
225122 399983
822260 710
755451 96872
685321 329528
696525 196228
329556 456502
699465 223924
83349 28679
348724 16698
618375 504502
972913 410682
378197 610476
523810 396636
916480 919341
883041 991892
790718 633276
106654 583052
69015 181950
795022 482284
745454 807522
682681 248794
169663 62153
319833 889912
481945 378816
663099 473577
472903 287884
101894 578110
139032 907920
939178 103420
208756 994473
20671 552282
230553 34279
537753 826074
472944 706017
297046 500296
350267 6818
569268 381344
581108 263465
274427 968941
888591 6860
390235 731239
322432 713582
400944 477995
519926 331402
837781 910246
247997 273270
14629 103341
170628 29061
95340 258421
249037 347601
183563 139841
158325 244444
670498 578860
230702 575803
662781 723945
763830 377865
131546 853742
166450 174140
189358 140893
801542 849210
977418 891382
40804 59781
848088 88986
536602 843096
126210 795825
161896 435349
421392 716175
117941 814353
246631 183824
474530 24813
474698 632566
741191 160998
901207 428868
987252 128539
67312 11354
698662 316569
717367 753085
118339 442791
905458 389152
177576 85743
128973 30346
432745 582478
138730 203927
978145 944207
685264 978749
137595 493719
297960 361874
784601 837165
972351 5819
315607 189637
494100 942001
222564 332853
945776 544223
11242 868404
792380 730929
353388 813427
652352 749314
101512 498892
224937 975983
650510 206946
766812 954582
41525 624320
953464 558294
107945 630464
180779 604682
817762 466259
253967 158414
991264 62765
377927 134220
794673 624495
132442 477681
468930 585177
145078 793677
99893 303280
190168 795610
387335 960837
796342 744807
205081 651054
380032 369060
775271 272996
154819 583712
22863 484115
623937 795027
501348 954899
953705 948167
435771 959503
908586 940793
832203 743591
676766 757236
9733 754673
767879 561888
803175 164606
212525 363097
765059 168767
34843 586202
902708 920806
720909 849388
980518 854030
880249 80697
168410 547587
355574 244712
103120 521333
409894 686494
444666 361927
198344 500414
226005 469066
405799 94399
637310 666334
240359 685475
470686 867924
955770 208580
208419 787281
988600 7206
991730 837721
886871 925757
924777 264548
503709 232709
348665 618337
249179 618582
46730 850245
612002 843930
744236 143088
78620 257885
254409 624425
200155 667085
452457 392110
234986 576842
244157 751901
520713 994225
159021 198195
992699 712397
8184 759351
899786 872465
766701 918355
611483 83163
322013 287505
212238 450509
386807 73157
61242 786845
226870 354297
311913 906805
754270 281374
633019 149103
137978 640191
310171 788949
397711 806829
854218 388342
827433 962754
198975 935483
487198 960403
717977 903348
218295 62265
725368 141954
352693 298946
783829 991815
621666 584483
430262 155130
646507 310346
80330 14964
517594 342605
803937 240127
771986 527773
661750 853585
460685 77895
550343 735334
387500 959668
552512 406509
16124 709068
531929 62545
411885 35720
557459 943291
802391 536886
908845 991934
851669 158758
531037 104349
49748 652633
702264 878212
906864 296752
665130 832323
340662 217208
635003 598084
331461 741240
613830 609473
876471 75057
509205 81993
315728 328576
41776 625446
1039 90270
184853 690631
752869 449361
675828 409157
182805 106164
905682 881383
497807 121945
370736 2113
965878 349846
377272 257860
37626 438708
647195 712551
757755 93414
94895 84423
710854 832038
209820 504817
842460 3005
595891 456032
495480 64625
831984 912437
800333 855420
544117 754363
97685 753627
434549 682640
468523 537224
23418 735160
715071 517772
483070 222225
531319 812924
964799 21469
283722 200526
513352 963413
335211 295607
769644 969654
159715 514905
117276 514874
864531 536322
681424 966859
793241 845596
96762 93074
255243 295323
21925 590372
906337 504739
868612 959273
216517 879481
462429 68733
762633 645703
809803 141460
794411 554722
227685 474912
918271 318231
689395 48457
390563 553429
731730 742521
433827 213266
60329 549234
179219 707765
596819 868822
910741 957141
347084 477845
186322 783854
221412 294250
242991 362719
681835 260654
815746 817274
362949 207007
148660 869607
74940 704804
481450 340492
439877 742526
698892 694815
898203 569921
359977 269045
460481 944118
895210 114233
778654 864826
652091 26799
946555 260798
605841 936387
672006 708016
134845 113818
968558 18399
826071 372602
181218 646641
836264 797194
291538 652049
392401 644683
385769 640368
810090 16295
790062 623196
956928 397544
599482 466840
947018 68921
873688 904578
356545 665764
70678 348913
528435 827741
587454 740790
357570 457605
661692 806598
136398 459137
543822 347528
153096 265481
178709 958443
770452 14763
463881 503332
29801 867050
593455 278039
57649 867240
537825 23415
426133 246480
851310 459814
900528 311345
235352 91801
646351 277375
73650 880615
667974 314087
318903 919349
120527 61756
115773 674292
383006 104912
679655 935977
696901 948019
598248 310701
219857 687797
418081 48137
556062 875132
878066 288577
773682 160473
512343 320509
916799 372057
868986 372176
320427 575682
937097 752494
898578 358285
52327 411869
674901 38453
302653 859231
485788 30986
390195 365677
279580 742216
961128 74070
729279 862746
823501 538781
557340 521502
191144 516047
143169 379523
323654 847503
561282 414615
585896 151600
650014 525601
942387 145775
16896 132715
216459 226294
721179 538734
501531 241248
300583 154933
117752 652804
831814 882456
730642 341006
992904 54015
747351 322931
879624 250303
922256 931037
946582 954345
689643 4368
640965 808067
620968 670276
265291 529122
149076 187896
455011 294266
785576 792191
88443 371170
942729 954814
980057 541024
12159 509635
492601 437205
321143 865897
330667 433275
294852 110348
183689 982616
203650 730461
530656 547171
57865 90243
255512 350004
66560 258575
256722 55634
414247 167419
754337 236835
293904 160373
105948 481796
159851 504306
143134 975839
324957 24486
592318 316387
761659 340496
951396 417355
666209 969577
152605 92323
323909 303774
707717 884448
64093 39167
875946 187588
442964 126890
899022 241875
137337 135217
77127 607982
677947 677787
347250 934690
903156 469608
668795 481979
947739 401802
169837 616360
825508 807829
558773 956027
57032 555263
776059 85354
470962 495768
674424 888210
561646 203863
354613 786689
970550 374837
446390 210317
301506 498444
45612 853747
136130 669697
417324 403742
898352 527282
418703 785105
584267 480951
598479 676538
847537 631224
622413 51248
619722 319813
27634 611550
375696 112734
185389 87192
378438 804817
659833 543149
824984 224555
675154 25564
623174 861366
49462 143314
460399 626075
479708 605361
979784 737498
878609 508881
933695 765973
655030 383554
233238 801195
422397 809486
602125 398286
811384 130191
907607 595861
535318 871396
26714 407282
606803 969238
255047 622507
602239 153051
109846 868108
52592 900309
434282 143456
48947 339522
961514 467385
567249 763370
728294 200185
161349 885943
85114 401617
653459 582817
439899 939576
850548 326478
121266 709727
500985 885689
726304 521749
444175 376726
422407 67424
517608 288073
205439 725443
560413 945384
67234 848974
623375 854972
937916 649471
778916 490728
570364 350651
410487 527711
308025 355985
442990 262793
401877 108123
486971 28477
926872 882943
512928 166480
583280 223273
7469 988942
872273 586234
378217 914608
839569 183457
118464 824112
451765 389643
169494 118517
2337 797333
615920 51472
459370 665346
139167 918062
613799 703130
57558 43991
745109 470508
872885 123594
412842 21341
591904 949281
719407 363564
173819 731573
463792 31296
427868 888047
348668 743703
889736 336901
878087 706520
770139 552238
858906 979397
399480 552469
802978 304502
399828 391801
551823 756073
502500 693354
754857 162980
473172 465433
972583 308771
622439 194168
667482 360703
821131 941885
582665 304935
922701 216828
171015 710291
475320 308473
964759 858764
986111 848106
609167 582625
196753 955187
506219 964931
653435 609796
811542 264901
781487 521376
518534 655553
921510 818052
234067 403499
892261 449861
113300 708328
926194 864304
322793 362694
350953 290899
102859 990399
682903 782797
347640 675501
728173 705692
222158 302794
642078 591636
588305 86734
211591 654959
479511 369220
775952 986439
402057 593456
415437 233737
990877 217905
600359 25680
301225 162610
822820 236612
82585 946489
19255 231928
601263 200910
706599 96157
238704 938051
880388 652850
509896 29509
283268 137322
119332 884510
24786 83405
700763 363599
445513 427927
944967 498123
820531 864786
535620 357362
949979 16997
866027 365113
63484 578728
108694 963308
15475 911687
56769 137686
820967 405744
411304 364758
900760 421957
693654 370142
781872 792583
843823 748502
822517 340196
206655 813918
760353 875823
723754 624744
419937 739128
694171 898296
695371 279271
951593 525226
151007 772593
774369 641413
554586 711211
229777 417268
91901 218445
72848 5439
3464 933164
451685 910756
664204 721491
985433 997965
889276 422109
452224 875888
951103 936341
451776 23159
910881 35922
914163 496608
447974 295272
459299 111201
963372 919580
408212 254099
950178 953057
872207 438037
262490 192013
317437 50113
925384 330866
707492 840934
456510 378202
756729 606882
852768 659698
732242 467699
214639 417392
14300 982030
86501 825030
19107 341425
492910 542380
881971 376448
967076 986640
857829 33453
850387 55721
220413 369863
323553 621229
524534 782664
475738 76836
946391 919420
145953 727288
331765 659659
781072 49030
707724 651538
961216 105747
471712 856212
710287 391666
674211 276319
189816 256099
115351 382520
271318 508242
47931 875157
136239 457625
870697 317283
584157 597466
128575 625473
253464 235911
230583 546525
101341 428157
249415 19386
679505 570841
755065 952362
134480 462721
175730 865480
8677 948053
421457 988805
422235 397388
278040 770622
150485 936103
638095 98929
291327 497795
376660 632583
195717 808731
610344 928996
766417 302915
270723 916584
573904 571443
410971 477160
344529 479874
920475 902057
685523 332087
824785 201807
589252 429204
598757 876957
557411 78891
86278 870510
844477 432769
641721 224418
808905 217874
107136 715464
371283 655082
998225 156645
741186 686284
8127 519689
341169 578177
695514 549620
972676 853233
753372 62679
665476 148250
839229 359042
868942 311418
871264 456924
679475 548320
632847 973748
237839 515991
937253 64711
612620 927777
613295 196476
141218 995906
883793 421990
261594 906108
219996 867730
287939 167549
613388 623360
506610 165972
765172 90992
707986 105124
562080 958865
883936 55856
465684 553025
997440 589976
436584 369153
56512 970267
930003 327826
455751 926684
250022 941209
905305 566764
148845 381634
487607 491528
63671 322920
241410 917786
626337 433714
548667 318545
152290 71530
578059 615240
689929 784237
574415 928694
545832 588208
375224 172758
715042 759106
460136 430651
366270 749169
612601 133076
362586 761462
455945 959362
121590 663066
517638 350403
952947 315930
43071 753247
301056 733033
709942 572567
506578 614789
325267 287316
560302 713239
794457 816059
75569 761017
271119 522328
414670 994468
40617 333469
605245 998164
149771 676537
368941 729558
258492 246525
804555 413498
733322 613628
554201 874274
397207 402131
66534 123272
540124 2050
776966 227345
873492 821024
337364 247885
255128 838687
579454 820530
50890 673334
227694 490906
364266 874702
883709 913174
211251 242385
31392 552662
80354 532063
123546 377628
638562 788906
491979 933395
49814 257781
788066 484000
972108 784713
435865 564434
807020 79702
955853 498514
885746 922496
591595 37426
171160 543063
927120 8693
469040 359839
171010 734210
822860 408070
756429 105232
79357 867928
726244 513642
933638 110815
875853 566311
625559 808165
853674 676799
47711 222217
973363 347185
196535 601829
568384 370837
68052 543236
584915 917507
159944 141344
488564 224030
640031 93731
381629 858775
260464 813946
456743 718181
500423 249141
634238 954381
815476 379621
990061 197349
696197 840837
98331 490643
608012 681907
841377 619350
987864 541093
592455 234848
85986 604227
732635 603546
140261 461595
411136 253969
744488 17844
708572 805237
893194 631123
911751 67524
152586 345326
533626 836403
467064 591877
604429 534251
600068 983659
737133 226088
197366 849643
697090 17826
675403 58436
316066 663059
662928 919982
973166 563785
304708 428831
760576 56129
177262 44755
244248 131461
628261 287666
789492 525180
726062 366763
419843 447623
126329 469750
928568 955571
899629 775165
808832 494515
479318 946465
647383 608287
190063 390205
982445 214900
115822 272025
759738 258677
567306 50260
472116 485530
234163 736145
756345 867112
407509 936452
808685 867979
581102 907604
701636 884232
324923 89694
336517 864738
17602 763562
796155 235696
201467 107433
161967 578153
176581 37816
399473 951745
95248 774129
110373 992092
221341 776446
72145 715367
335253 796681
298611 92240
620964 124250
98926 96861
599270 159952
797273 27348
765386 566327
633675 778132
253261 5983
637552 203861
301013 124951
462352 47730
821085 89437
488284 385855
371006 585228
658987 496465
642312 895929
357581 929889
263660 653869
951920 282711
567428 579194
694652 604479
635419 158111
784356 900793
967319 263475
690505 95902
902711 738541
350714 483751
735072 917041
628405 973541
730503 662351
661831 242259
946409 501980
281736 961392
352603 558421
775069 656643
941978 670902
80696 459553
674090 861093
692835 890044
722323 111457
121853 326157
491042 437388
768950 862852
810337 277247
456805 510911
662140 930106
871355 300571
593826 539392
924436 191968
124616 317552
519887 200612
469421 436649
83702 929273
616585 919263
375506 35037
912518 96665
829435 969801
135685 806659
965473 352620
241279 76360
301655 227717
977220 507387
644873 793886
255129 547500
86745 330766
303859 257194
157603 899617
255276 628256
68513 660474
306619 789966
823061 16944
258670 8311
674775 601377
840289 226935
793371 597420
795492 199047
686614 216824
427571 968698
667384 257690
379207 402032
216353 368369
947003 798260
458023 672193
302597 851990
74888 740476
769578 345235
772706 861052
195774 354256
636921 114870
155562 733819
785206 46876
919447 880240
169918 377241
543697 881570
299076 391696
629949 970403
511972 443636
13596 762022
742716 65819
269022 246678
260088 779907
697520 663365
613240 905454
565799 547703
408195 502341
854950 662397
582291 728830
48833 161439
601966 972680
133888 640687
322692 196336
943275 229319
536347 89407
176606 120660
543528 152437
115540 425482
893464 124216
150171 242806
457890 953458
355337 733670
425336 82118
613995 321008
218273 912605
843507 869731
466044 54505
556090 945737
540098 623539
424975 448179
556963 296712
430963 306948
810664 915770
136323 121583
90198 441335
248313 25803
934202 921334
728808 696469
761004 795016
804501 513983
410818 625495
61425 659575
605656 286494
228740 379787
128542 673950
742400 265547
410274 769519
259275 830737
908723 142178
248479 664898
296499 680844
500559 782028
3341 689669
399332 799994
669662 332321
177874 471978
572664 856188
89913 985717
58384 710309
496076 389968
124304 755173
172938 574823
586652 391895
410969 950810
397591 456069
705620 903280
123359 387864
794049 903399
610969 115779
817859 484278
630653 946226
597909 121921
845880 633949
837194 332837
290865 158340
839282 850271
463505 622346
499417 398748
328493 698719
619108 779219
1465 585431
538044 956726
231446 280894
30119 758469
486170 225894
48781 115078
954566 898495
828182 528316
991506 96167
93031 796690
272284 783669
403301 263584
657651 772527
755019 900714
263510 640983
299156 203090
149043 624273
13763 151343
673241 32220
421875 277938
184327 67534
344636 431683
867322 436442
639942 367928
105043 957015
999382 452087
624373 843131
528681 32868
528308 683140
135711 226889
913026 131594
413019 945670
409211 524292
249686 795613
988916 83251
477722 67374
46572 656433
250511 939853
862915 803930
540393 174719
539064 965604
929919 724165
643217 641024
684497 189632
562026 154770
302582 470596
501529 122381
923533 717772
893597 130076
763603 549114
968110 820949
883394 964839
51273 737103
518792 898278
773054 947381
349020 909509
738313 297034
688350 128259
627903 15443
783496 937770
105003 158205
594618 431469
44310 187762
886112 403876
394905 454021
187788 810138
602701 804446
969770 616942
860386 803265
506115 987712
445292 876593
646548 157456
257015 843942
620003 85955
821962 436684
661338 556909
479998 989405
350670 725721
216549 70009
557687 651213
843179 648704
736064 957972
445567 735995
251391 569020
693593 121779
187553 599301
341604 294220
148802 774061
423233 666912
522143 793452
12015 873309
44265 273000
720197 797088
350455 567101
695005 725400
812821 606949
895236 152544
473113 296638
687917 13283
892940 447135
487901 352964
674747 556002
209123 566899
462018 728386
147011 48728
648448 289983
491214 393462
581306 175904
155600 982391
297576 68715
539705 609996
230936 14078
277963 850891
269283 116417
448529 746732
173434 227623
918869 469580
159459 668205
869282 874852
195203 490110
775324 563161
358601 169656
652014 886344
11896 51519
858793 618583
324207 488285
171346 188961
841176 789175
726226 373196
550160 681871
837828 825730
116598 404962
94308 955394
798490 379772
615907 307792
131794 717040
72810 354732
222089 799528
889433 860766
884667 408227
932380 933463
631439 646583
878497 681631
424018 371653
252352 317904
227781 357490
15148 177796
660016 254938
130013 416490
923140 622525
538722 952579
162860 651840
693267 983761
21501 418462
534908 647893
170385 475861
210305 328609
881045 98603
116657 843328
390468 979107
898431 5251
10615 693688
331643 807118
765952 527130
607023 320059
608806 379041
594154 277786
844667 648791
602732 543155
338208 332330
481089 863454
115479 726165
485038 708026
699967 409663
207304 9685
810126 621452
28238 345771
294730 222500
776536 376882
173480 275821
614326 331643
460541 21340
764504 289023
294622 900187
564153 293430
356046 482751
705656 110567
206275 616602
154197 752439
660609 860643
147330 60541
412636 378975
128305 738078
426029 495225
504633 16342
434422 215999
956084 481436
636065 995123
222064 574621
266781 311733
770720 699285
627534 874176
409804 427378
181200 750733
915531 197612
765019 496396
722437 102821
360351 447074
804560 359309
167284 386567
433702 692980
107178 693686
80908 482067
20127 774623
802751 723505
181919 592975
96137 551999
805 660554
233248 738718
730950 264272
945978 258077
509061 162335
333892 397433
415293 302509
375612 633048
571322 75077
276436 591900
86880 698167
197021 927137
162334 156781
881834 456196
29282 991637
510165 455824
851765 646284
118930 109000
63208 199954
113829 299202
7654 947410
987167 772021
462468 960650
489017 401566
49795 34468
623679 347403
328305 85740
832747 311009
515838 598642
28324 82137
613718 155264
191588 857434
231625 885186
513606 424838
990508 758013
901645 165995
326106 484027
516940 685132
67222 212414
329085 62442
336272 607181
722828 629802
420756 827665
88291 409772
105290 24246
395471 832294
561191 619178
545043 922301
583316 140820
808568 868452
238833 316479
443476 540907
353332 207207
422898 550396
745500 855981
369565 414228
871363 646576
258265 831184
245241 499380
192345 815317
229518 472949
550540 77207
793079 662428
304777 483282
360425 177597
782935 600746
740965 266958
266008 704132
76971 490235
311548 901269
859405 672776
822768 650946
910659 214943
879950 128577
602438 955900
597899 629342
651778 263734
169873 830693
313067 44481
384521 843492
944039 663177
803383 807114
431614 200144
427017 474564
931846 289923
327073 167811
417641 540647
695363 357955
154162 911178
320846 45323
155015 644508
515929 376195
365359 400044
509143 909079
162567 430381
165653 250605
751635 835042
613492 635758
962799 500407
916149 459739
510676 314943
263681 309359
876132 504347
781359 980081
7616 296078
621398 476972
385362 167781
206721 160583
312632 319805
134788 602266
991440 909232
445230 211553
261703 231591
39223 38778
721555 375542
512039 750059
360290 257565
517806 669479
932571 656731
633491 829212
673570 958259
861956 276071
858011 542641
529336 346366
359796 348438
773516 289628
133751 591447
952483 480238
567768 840647
838602 520598
811093 63188
188744 135909
368286 176644
729831 115057
649260 711911
744358 694515
285116 571723
542416 765039
438277 524160
437802 286866
232329 572612
919908 271034
946109 204732
701935 807435
973604 630047
4296 506839
163592 937913
92126 929332
538229 231243
500464 300956
169405 283736
423802 180795
233306 756104
317794 587850
190993 846283
143351 224870
736432 26222
954699 153396
4530 334263
852614 624995
426842 656078
472511 928916
898048 294065
646261 254168
806046 4364
111672 634912
917813 53009
776468 389365
133908 394024
231490 453294
10473 273838
671017 225966
494456 678275
7868 857468
453318 421234
159626 648779
672213 431738
40655 619894
296632 392834
539890 359160
779914 866872
174991 501315
480477 266453
727664 811448
776734 30279
270382 275441
65029 683939
689331 401991
978469 528662
338655 202747
936709 629807
843199 90544
185909 232811
752956 380004
752164 607839
17224 569352
687070 98600
879146 20825
93456 634487
226227 807689
476401 434893
388346 617759
171336 427727
405916 608564
869790 270133
968134 764720
866607 817374
810084 791666
391705 754361
156611 845355
363294 157325
227911 261613
587533 595088
588250 851819
196823 305321
776676 729252
178519 407430
429555 660929
145653 467774
478547 674662
682662 674128
697323 462821
392280 773050
873527 133810
414252 493946
741861 900052
459655 150891
269209 785134
281656 979447
962907 44651
450734 191210
618057 989459
813530 357863
471202 972378
997446 351864
857120 566391
72382 270503
580931 240725
646382 236370
707802 248132
451014 697728
828349 940790
52920 904838
245209 97306
884568 851882
380240 355289
805010 933243
39255 206448
385514 712057
128567 283105
986455 153962
586824 135279
829337 595011
373134 831224
33947 720083
568731 214360
348472 682868
223424 94166
685035 403537
493957 423715
772164 799973
153891 888828
857168 440083
866698 506798
903725 202792
378813 302959
511671 669535
248382 150621
455822 491031
740137 547002
699352 336306
188091 482447
205667 230675
188525 522314
711253 985879
604602 578835
324959 619191
117389 532339
172655 823740
381822 696124
439239 306486
123715 931292
286395 779555
741349 293291
964166 758610
61258 777345
134157 401914
21255 982871
600355 589668
676051 458317
442009 684101
34548 695836
64827 150183
419947 138312
848436 687189
780093 494214
639660 373907
157159 392789
756592 298300
724724 39305
992782 581865
905735 120008
519979 27273
115685 586064
861219 809404
985973 185767
190752 798268
123507 679825
138089 386495
465880 786566
146644 392101
551590 63519
644968 513455
125053 847785
481990 665398
951040 956277
654499 306408
510290 289557
845831 179900
17786 714955
941863 699404
923230 280729
163046 937217
622729 384344
935731 16008
436946 839415
846720 389557
573375 228296
634799 843533
239569 338939
460822 440405
543201 882390
734522 477195
712766 961203
883196 96198
824514 396208
489241 386030
148331 600458
686761 24606
378520 412824
724643 5609
245600 361231
983068 15649
701816 698933
50489 940214
271477 367606
802877 893582
73082 375919
726452 281751
94757 862629
900266 465275
239010 598309
543561 701978
434461 354316
989608 920076
820647 52787
394902 895505
415774 243941
738725 433548
483636 537695
351735 835365
245530 257426
141370 297863
878013 526785
667133 845209
849222 405814
22272 40888
767280 811541
666476 786646
105844 953054
248949 993110
913836 2611
213962 266019
180275 364423
29170 423434
920516 367951
196627 33744
779334 985703
64567 671256
36384 161816
522107 721663
686057 532152
726156 806595
692585 163612
998999 733236
254685 77920
864148 349174
285520 751024
851324 356338
657438 901868
443945 385250
413657 540495
726922 893803
129793 790918
564925 240808
5047 615510
320319 328209
694523 184423
706085 980204
334714 401670
606737 894688
203708 111102
682331 809479
88652 729875
846322 168422
830879 652790
336529 681551
294102 839855
82404 565948
949965 265494
430407 7171
449730 931303
384327 10645
233914 982404
391575 4912
280982 187117
277791 528441
563908 449865
347797 819389
568764 471538
872595 596313
506529 761783
639431 333118
232613 75989
276432 952232
889885 994215
428208 809080
653297 844747
886962 935313
901745 524444
983899 415421
838064 522838
535721 915116
899731 453633
713814 886461
712662 818148
921491 694519
546633 948644
7505 303243
311234 584348
798483 325862
416594 508886
781819 612851
436054 656183
451832 291911
232053 684014
823819 948061
112015 808972
56200 429504
555541 728724
554092 652543
382125 549303
918156 778992
402953 871742
546854 637110
141882 102701
290242 923401
347143 168995
721249 921850
868026 60748
161875 726331
255876 857177
534497 980578
67681 418315
645285 760866
964650 68966
273713 68813
673587 391777
117944 704273
395832 125935
262973 217545
301913 712014
778645 603512
477146 268162
160747 851640
751660 611223
254419 258401
257762 905500
737496 797893
160123 693960
591730 802083
666727 825748
67905 641889
681547 423314
137039 364483
72501 139450
629108 859590
474754 312315
541296 715073
666524 750737
524135 185848
970366 693079
139000 193400
46545 268662
83984 552783
82757 774186
856890 964803
223103 461972
235840 959311
181800 495559
572164 304326
153436 504661
972675 24103
382964 934291
218387 725632
860679 792967
134804 309852
217776 301293
20073 383240
332205 734491
156900 800879
63137 331849
785161 445423
178490 835243
765996 543601
670459 30149
864213 127547
841512 417417
597559 496669
768167 280134
369442 317144
691182 522
741225 481498
44920 561004
306902 197331
731390 619061
49729 351358
384482 392258
122963 990624
539734 55001
960521 172926
532424 47878
625324 708555
635538 238719
722262 130801
535420 482218
979243 967889
885495 456246
619827 617511
178002 856243
385565 319494
739065 460829
93699 858981
7730 192854
806811 411888
680142 589393
790889 296863
83955 909021
337601 661079
294402 67513
91886 938465
815100 784286
311031 85279
689395 997492
894375 964473
899840 490163
309249 485171
864656 966514
479428 838631
905004 325407
933999 39611
539696 949582
277955 5715
224720 630509
307659 563933
471665 270758
867205 627535
656151 894337
581835 47684
727747 242447
724428 664249
344439 19084
816761 148934
969947 134363
786752 442257
661322 360853
681532 830431
152781 199428
914345 981795
17962 586293
279125 351876
375189 296662
526785 794894
426111 647543
911873 527754
940134 115174
27338 973034
819059 174929
406060 263575
253789 72192
327922 416273
492775 356099
89651 230718
911819 230390
763750 833344
777202 25322
402481 61134
682970 605391
854829 171860
968850 338692
248657 376543
871976 219587
500948 853072
838683 466403
235890 886180
581250 890405
485212 532620
166050 990752
796445 7261
269045 966079
430486 686745
902576 864202
447520 559975
573856 145604
462997 67776
754737 427261
551957 327418
96515 810309
310346 510744
358933 386642
634120 358902
909921 926122
31876 312372
383930 802239
115704 835938
987612 660227
849751 441659
850640 965955
19178 236423
813266 914874
785244 305651
986589 460646
217666 761307
639874 182206
955498 72668
94908 879976
302446 994573
416512 174068
113358 688956
155337 842964
204700 443204
695316 13339
939565 953926
82917 501863
201613 312355
658775 617894
636348 567519
545053 358110
119534 105665
523053 213263
484942 95542
656904 574673
635987 628410
995737 564410
877292 382702
799277 765300
598842 432601
712323 131700
875156 327793
741002 725462
225105 478143
21601 61864
173454 861423
868764 936961
755034 806995
408356 166334
831079 320785
990409 653861
758740 993166
617585 253603
171650 382822
253751 458607
269569 214981
576881 896149
227626 739717
283606 470519
459228 210541
651193 273996
367158 327787
376273 342740
582018 528990
648429 788281
287234 474456
76049 436203
895256 381233
866963 215412
481496 905494
293106 897971
636415 473062
173254 680642
870551 4
755616 794012
410878 113417
471854 281646
602081 431945
629989 240460
19764 948516
368175 245097
889706 80002
480991 668652
209619 543628
818772 770968
49807 839203
214591 547568
65570 996712
627273 818649
818026 80508
96762 413775
676387 28880
409350 756790
970983 893252
669338 339394
667749 310537
352544 774002
143540 601146
710780 402366
486077 843087
397632 866290
599864 685048
790950 678355
810441 281852
130061 494689
359435 963025
84834 543307
839830 63657
907061 51047
59552 888055
800970 787412
577760 103409
517521 884004
801501 631946
542315 633248
929965 565243
742113 892152
837059 567418
413460 919012
29131 220147
251715 871282
501012 815611
599895 445690
617239 335286
463395 974832
626682 784512
8101 583048
779627 499870
245864 510129
553516 930183
59707 278744
576802 385967
827293 298869
737066 839061
635131 481462
917917 802530
664579 520382
555107 173209
679790 909640
644260 509677
476353 423725
477092 251633
337555 565369
23783 479775
475875 971313
448723 657638
42039 85946
406171 71616
927723 220489
925256 70328
163851 493388
214230 926581
820415 768418
337415 790590
691392 328893
838304 943971
598898 519230
936436 453256
877193 755446
198070 410711
848004 744238
513023 131534
970515 834719
17338 1576
415394 843672
674871 862755
641623 256090
342653 8266
163105 833293
314340 40670
288327 72129
155260 22453
997709 813893
479166 891337
986387 567137
876429 61352
861624 492100
363347 768652
506778 159709
232763 67850
273424 22986
676519 95533
713496 444720
561267 567771
893339 123386
851575 492979
378070 136132
342163 701653
625154 608012
515532 286172
957437 613379
554749 783733
811675 890853
684191 927184
619329 986755
124216 862541
655918 96240
718434 835338
53912 254922
95173 498101
1684 811943
674986 83961
115534 93224
541985 681678
497473 64150
699218 265757
988082 92857
932168 767677
516682 7308
842688 869801
139459 56370
656314 570206
525849 516895
553635 227140
841587 79448
427652 261726
611991 534758
642136 958988
965810 84458
61464 292192
875425 690498
237527 776059
767670 656316
971308 764414
527758 841276
912793 10529
27619 323996
38221 310319
372942 61161
655213 704127
158407 577642
414426 119474
173959 821426
823760 763416
484977 952055
672532 776133
443124 374842
542071 601197
839165 405507
336690 561983
733272 446565
657580 883992
317078 629474
991451 321069
566866 858801
819837 310121
788430 410526
839630 957539
492513 528033
831435 393907
155646 87735
606707 523357
191651 448506
694685 322910
713179 475533
993108 778716
78311 945895
755335 601844
589315 722677
777172 628920
37823 189014
999133 287274
11516 281805
454236 253423
597728 830057
773089 295157
586714 301452
862431 448154
699454 34006
686337 301585
948224 620553
263329 353189
108735 146595
575300 103107
165090 62440
286741 213847
328886 946351
58329 109830
294527 434781
645748 568873
13038 719490
809311 560396
803874 332108
457718 207011
874506 99223
627470 718283
458439 470932
842411 815556
160894 535699
529029 883306
657104 734056
444982 275742
84023 825336
235529 329665
631542 658972
530512 753039
285696 230166
304790 707573
140173 843227
675432 598510
821274 218952
535248 551932
280857 791167
521607 95892
232316 726694
86003 220069
368975 781674
877414 985251
204083 851783
340367 169725
46262 260889
945859 469941
608869 824209
646943 936077
234186 912088
252421 837823
590144 709095
547711 819653
829012 909611
999179 25335
248939 920
728381 375685
756865 413082
117513 856214
693023 77846
655918 810051
169173 744549
903995 368233
607118 933159
671888 962049
902184 294961
615503 291333
614271 438397
551104 392760
622977 281519
375760 436084
395319 815315
45462 954787
256934 921196
591581 32364
815284 654294
855674 136928
38020 572440
337815 649805
894651 496887
828904 552827
641371 188768
395695 284304
439699 55803
552843 176885
613389 92624
97934 307258
324282 52179
739775 266497
2727 835276
170129 24459
390508 37593
769228 105870
811621 530914
873495 238968
553916 270489
561246 965786
295000 705852
674308 662463
955530 287766
982185 781808
945220 484227
730371 309780
876594 450008
769823 489670
485380 244777
484046 110721
55097 493794
784264 109300
405893 824462
361543 255548
301369 585952
269909 881321
250039 19633
295975 97816
1772 676597
781934 596296
66943 627011
641449 625994
869359 978871
91371 139091
819679 950293
592335 974410
199945 515715
210730 869135
883864 648250
323566 634303
925968 928030
32274 904857
44591 846131
525400 496782
536165 237090
351008 206919
117483 694233
787870 619045
516750 321587
188714 1308
111365 32363
217441 94671
276438 734045
980278 943460
630447 71716
949901 967649
56135 953055
955375 243264
488121 271445
319440 719479
155084 425530
196181 218672
163956 485238
857921 34400
568954 969419
692268 771738
523476 962402
850239 48881
653303 721466
366891 337853
188559 680895
963726 198533
939386 810480
73834 32312
354987 544543
153492 776042
867370 6345
283482 293568
852616 314071
638947 975044
642859 708439
151767 397328
652015 933200
497032 470383
469632 139781
947860 31496
316306 405276
441920 407070
489283 331375
900430 60013
720105 633061
565761 222069
768279 543459
405960 464904
930160 444609
114635 817625
622337 463073
473673 639593
1945 582695
482283 29885
120553 163856
805699 208545
418662 607499
770405 169702
2340 823606
507424 611222
249440 536186
248846 701619
190989 765031
740614 266838
42857 580214
453482 257791
262896 240955
623598 544888
523424 909706
137087 11204
332272 677107
461965 148186
182064 140051
527711 989082
218672 777399
958601 597206
36506 31182
997780 418767
424515 554280
833617 931003
22956 77504
161771 244178
145640 28518
7197 611193
215587 717445
386746 10968
298064 501021
572238 113987
749464 154198
807183 355766
992343 573346
813799 365064
464510 662134
851215 304941
541181 375703
706047 728601
84411 541951
612445 967599
264586 902139
132574 163670
770829 567639
107402 903123
616297 623178
607070 931286
488919 35696
883756 963007
79554 595596
489376 760465
498449 546002
610464 247506
494331 991388
784787 689634
491797 872541
151435 563549
586975 213353
417698 834730
815640 495684
506276 178386
984030 549291
674066 666790
855346 983746
856020 205558
30654 30751
203913 803058
527678 807926
177253 680319
190141 335947
151493 404764
488734 767676
344389 781817
246684 620137
314946 686508
934555 827056
754633 811583
855366 536319
342173 317035
480726 188140
868253 569008
83893 636670
830645 238023
263973 666915
422979 148008
870190 997582
427631 181745
276002 286632
222431 36372
396062 556933
731096 663590
270124 148277
384061 326231
370474 555433
682980 401552
83945 545021
699784 805710
935726 209696
796283 704928
715469 708784
859925 201694
144254 875655
97029 791092
953503 135158
311688 954531
659159 270501
746711 210513
388692 661877
319202 256752
137299 578175
654976 255397
407769 308069
687133 694586
116165 329179
26966 937176
92141 699942
648653 934536
405746 874755
318910 109957
650637 800252
76053 501710
313504 661492
943164 644578
571551 278987
286808 168001
262949 720472
718390 941956
195771 210996
586432 162506
498811 313240
501423 117262
446186 144821
682420 410480
718645 767337
876915 287021
305597 417022
17853 847547
27777 731920
680348 262676
121180 701326
963731 165506
332404 880083
933868 76330
706152 974792
822003 236996
261646 439922
254823 85401
202609 607781
577225 577834
322920 551672
429138 119415
291403 515376
743832 951361
244670 361028
638428 886934
296783 361617
25100 386474
610124 241852
846263 900042
849883 767080
90261 883701
682784 492728
688215 266909
912546 633584
78284 90926
322754 758346
514037 98859
266628 653743
986551 663598
480291 876081
17230 263751
165099 571520
709007 564550
366477 656027
159993 826711
863381 197728
36238 485628
200030 732257
395396 374821
509481 228343
37909 722253
231581 744960
139667 610068
385295 303819
914171 943800
111010 160700
625338 205338
264649 236448
392596 309565
23158 37564
39461 889382
90275 699319
605394 529605
256964 815182
718722 237687
448046 422630
923556 56386
978166 610294
598545 163289
941620 746284
197988 380146
389061 152474
549189 320641
659853 640836
622859 669043
283790 518566
568923 313878
708325 390688
555449 502766
875254 613056
181661 940587
702665 742039
142457 576697
714043 892645
549446 108412
882034 315665
241101 565600
491816 863718
261537 151386
234231 272261
340606 538847
471918 131565
932703 427044
713563 628453
408047 233755
693301 243857
75955 593976
718540 175023
106386 186324
857601 939597
798136 177922
866574 352171
131951 585409
714084 818689
813026 949602
534388 272989
421036 806850
137548 569682
179696 115646
514633 333630
805965 765621
244761 978672
218275 410287
338662 105355
420557 562086
901113 822215
812938 572954
718934 797100
933875 650666
292373 717344
396904 177792
369763 30280
528510 258221
182756 842228
331345 668439
478385 312476
332829 830725
322834 378748
549556 508050
264874 593812
861296 36227
834481 707407
382549 456398
265417 529556
553952 614378
107983 172215
983014 227239
397597 933606
835 507984
746960 313958
191548 876367
190021 661628
783751 172022
781218 968536
235968 454814
615931 471456
854989 194863
330462 806095
449098 323186
5662 285223
790997 385992
345662 580395
206614 784152
874076 8210
152596 267475
368540 360609
902431 219329
978087 841539
417850 194120
737986 879727
903469 406545
464159 129045
728816 458004
961687 838337
861187 643217
650870 376459
62218 950954
495609 516967
518970 142702
929829 955545
284260 368701
576103 838293
