402481 334822
568841 255422
187538 361765
936571 484622
406253 359501
934825 102591
234748 508327
259566 319284
559027 454656
759578 528720
385173 585852
860654 890069
725114 258744
302521 913844
119055 995986
242297 808557
931142 786006
614090 629095
884249 551603
548017 617358
799405 309801
146589 440646
80073 120117
902063 477782
482862 292637
222139 964949
773481 394021
288610 910220
323951 530726
134280 921137
439590 403077
611938 206435
734050 874054
562995 37067
90684 148071
810843 453234
50947 905379
857623 158418
901480 456444
487521 15066
724099 196108
413171 394850
890726 478665
36904 979752
754983 580805
761171 450573
966092 555950
871039 707713
410614 54148
390773 327939
688324 904475
753267 86678
129533 13538
749581 48357
467359 794355
745383 877772
188598 199421
574732 698696
641981 568080
129201 240392
63760 720275
28242 392076
511335 391275
38473 366403
752970 262551
173592 782947
956715 625462
477548 587870
792618 652635
336138 562841
380808 187563
86419 378911
768731 357192
409937 812695
956501 50336
222778 557712
845388 36505
979562 129102
852906 531004
857073 976348
780391 372060
405866 308435
349327 660502
641659 865496
120398 550824
697550 144940
825207 355197
623300 816823
382605 656345
993480 157393
497725 274991
202719 538825
13197 249540
356613 986740
560393 27976
573106 441300
517310 602423
444465 912931
99512 883201
269523 126394
207661 252022
808822 637223
522138 253425
142131 245947
362745 625896
337824 289640
851643 106008
897998 387545
912537 564427
505816 675560
196313 230508
843995 973380
300625 269974
316137 557348
891154 618119
662661 298471
177665 616162
183350 238041
872383 628888
903514 739610
162776 278096
529483 613299
860460 988028
28509 368012
260328 334703
129331 981458
97685 658099
67217 895907
627354 895541
390281 591404
336810 134564
445155 132552
803838 462222
941704 485214
973778 489383
772824 88893
25929 909703
209408 447990
868703 487872
363152 790704
825756 584012
269926 450169
407897 752715
106011 750151
362733 411943
764758 263383
327809 345141
225903 579580
648147 849845
647074 926358
218499 143401
919587 848873
668139 660535
426803 62369
956617 451130
983114 233146
3739 298267
893063 841986
209098 964338
378650 542504
803305 407831
780028 24636
139337 115459
482584 586817
309347 283199
936564 767659
68081 983900
588333 155848
469330 404060
835092 71017
219373 117177
879654 175844
642355 937735
646404 834408
487531 756554
363278 15954
152610 777909
824052 927694
57240 688232
722753 260934
788709 969539
562664 283508
482874 969762
411505 45177
734091 718219
416096 381607
247121 203721
538143 874838
450395 64580
295854 506703
524102 253697
508108 384018
737409 756690
438281 315808
861615 861936
927510 140631
560789 670435
968743 407285
679794 89436
8288 72076
556055 75698
735945 141864
556965 928829
772264 67199
179385 273299
561579 678977
186245 143803
789683 100474
798390 501430
827125 423072
909413 184334
114807 88073
952998 711662
4408 508310
658881 380094
739331 270538
526349 151825
164270 516526
278950 27716
255079 173327
50402 522819
497075 592974
479117 714624
579779 5416
5386 138320
36018 897977
250513 332402
946140 490713
29362 872814
677986 171619
814331 313954
361507 568595
219500 957610
472007 531002
406951 112470
685139 470338
102154 865950
217498 433415
377973 83709
968254 706373
217008 566799
345846 979766
51095 252813
441996 240556
78470 447572
598360 909392
182401 77262
569346 359309
240715 926201
917639 418908
615569 282333
902988 209299
91896 152069
92265 982740
147874 12387
338956 670647
782660 592520
709001 381614
434248 936004
867215 261929
587142 432976
799830 830501
818162 901552
41562 641944
20930 874625
761742 955705
680463 538710
569375 121386
459996 438650
71232 622419
826306 535264
484520 519681
299869 456285
855650 778211
974222 689339
391951 44609
286244 412563
968877 946946
84898 270643
513248 563290
484944 104518
273911 752702
416981 646920
438606 747286
732746 663828
244712 454861
221614 615337
807340 696460
94841 350861
948170 748734
411886 481300
107918 739735
984248 249983
109729 186054
610606 865200
19631 943811
279461 688455
718763 154014
839213 171426
198963 310676
469140 64343
339124 211737
307874 812940
537233 640703
209388 292989
612612 602364
23779 282104
642050 251083
841577 253955
250974 208583
885203 355024
232431 224325
349841 20664
77808 530240
765808 329193
402419 833788
941149 323387
128637 297746
442413 315200
166415 579260
308529 328490
453354 286988
191505 998380
565453 415468
205364 95032
995197 349555
369895 73157
277709 577798
631192 160440
474604 183783
588029 4360
112999 779519
578623 602316
361216 243829
981954 300652
775977 19684
756023 58072
939668 691481
461091 97896
704685 337261
222713 130697
155456 700173
287804 107337
897985 841552
721755 253100
539830 257342
330274 731914
572319 994829
336444 811202
241164 620165
746731 380048
375400 505007
941725 491044
969089 596185
214654 37446
350849 425501
872093 847140
197387 203063
665964 829132
564554 859543
867948 342451
467980 477922
686074 188930
477895 289085
425135 778460
733076 917492
432935 973508
245407 427393
73548 799974
824946 685450
17469 616835
555977 662070
875651 509595
62606 92236
228219 911154
919049 489140
715176 256086
657245 55317
857426 834738
5510 654268
358865 228666
472103 247665
350818 942694
618381 538663
294077 703391
280184 456856
706825 704588
719416 790195
510769 637190
354532 62724
774537 82488
590658 78403
992923 601525
253130 911606
103505 364389
396147 55328
514696 769875
450724 896768
84460 896387
950103 432095
78453 687698
538988 98195
854843 201225
449089 666069
526698 908617
273744 446575
861731 242435
133499 101203
925572 347598
627963 248199
75802 452464
106047 602172
902503 995123
988372 758431
677858 287427
334026 348309
977699 447723
193784 944104
355209 726703
17186 5564
111968 883590
284162 868533
349679 767200
213136 703871
362567 721730
549899 721431
812933 40976
765765 715902
577278 807848
198115 512858
332645 365338
827802 220098
500569 193906
895006 926555
741991 352054
239583 310316
626393 745405
944481 31706
838361 637633
691388 491392
945224 254866
18220 975903
29460 418238
656319 516735
668529 36099
528710 563313
108212 552396
570391 215090
250268 804827
655788 120843
305093 40145
525808 160897
637650 946084
969562 59980
629858 93201
246430 455059
803091 231492
982966 39251
755034 640198
177908 430464
226493 584261
325654 176561
177582 12646
963981 37551
45286 110576
902380 509330
851646 358194
983379 374718
447376 52436
192857 414979
500223 257399
540380 533980
755313 583149
885726 792263
662530 197084
14618 61311
24672 123656
388255 349136
570668 109478
467312 268247
335015 585753
889186 548962
204943 549267
637532 932303
527377 344448
653581 808697
295696 732141
170960 565936
104055 998236
402137 365892
196841 3650
417155 230999
321299 385372
749492 666247
709695 396471
181940 273657
813289 993597
861756 421009
864763 488117
867201 121003
982434 359408
937405 179881
400925 411401
135357 332791
624192 952756
374816 538007
635311 694212
455585 756353
518840 227101
84707 510041
883256 286739
787898 840721
179551 59906
676358 41255
21988 474838
431621 518425
908895 481372
33439 415391
341226 100768
116024 605196
287807 899001
774131 905306
321848 42610
90735 228848
400095 83349
12700 440516
850866 170861
284559 647202
443863 108805
558959 405998
901643 785873
554235 845159
620739 99687
808112 720982
696242 129305
692395 898183
565501 921840
769250 182557
662777 269939
316277 794753
714096 219530
435905 140493
179832 558100
836563 487091
104530 564253
641670 308564
650421 5548
147538 508761
266384 371050
285807 174892
443239 490585
310638 388504
694002 417057
652338 696775
12030 244604
59805 885340
734452 361373
735464 393325
368940 701151
550400 262112
349794 567460
685030 103450
477436 338782
450 999145
595714 545156
318298 439703
122093 118125
360326 343839
120001 812643
576015 493252
585526 371709
918688 264953
856208 779250
794366 916973
503676 582769
97264 823123
176725 831647
836972 12654
177508 718150
602278 653243
929594 933382
542396 285534
279632 76650
513714 691785
92110 714239
557454 406355
473088 501067
788711 341790
44580 19965
273453 922232
205439 980528
658485 5094
44213 70285
808535 184934
11757 124317
74628 415119
499505 724872
682791 141622
572442 748340
866010 319561
940984 469052
556493 684279
218646 338442
770402 282440
338358 384742
188890 417486
703916 104948
124631 975810
679170 795127
252108 817044
357941 531239
588131 555837
547009 116131
865488 777506
93211 238673
678526 342362
200703 341221
744462 825527
886726 623640
988185 559879
401683 333132
732744 92359
581982 186846
981064 270617
53439 125842
625836 351591
275286 538166
572793 180543
916510 695326
775004 745516
890068 57004
440097 339529
39569 768635
401340 709491
96789 948888
666866 730583
838951 220278
816765 624509
762673 803982
337563 718558
291776 334390
805354 889867
338117 304915
245119 88331
760057 290515
620593 849438
345773 299906
95927 698076
807638 703071
541145 36571
643499 73514
303075 85552
894440 315181
865331 773728
929724 786713
98734 920361
734651 35663
462776 365827
663088 215297
407502 33329
292719 834026
604384 99611
876436 658734
455323 140767
9955 449520
913611 679755
843742 288325
700416 795052
500062 849356
536562 732780
250259 288364
623087 354837
876095 252808
331536 504362
813381 635677
641440 916930
268496 833807
479332 524689
306011 842447
297365 579716
256478 471989
664853 400956
804423 286986
933148 740203
308409 79221
442061 830230
177744 227778
884903 595776
953265 945233
330991 7725
751771 250780
920488 617518
636270 643006
773958 326267
110601 940837
293197 748120
545163 645117
436547 503740
847969 898287
87418 79527
156992 350701
632124 915382
449254 781935
329499 567166
178124 93476
721005 569589
905373 266647
784994 195046
950032 186899
770977 501339
59580 197387
482557 746372
730429 830155
924050 75634
380471 664448
290845 964515
355332 580475
369683 601962
540265 849069
448095 710613
908428 467400
205536 721881
618192 710283
710907 462570
715959 6448
484187 982631
990321 57679
286193 232876
404668 854237
358809 66203
959733 752871
970567 723347
300236 397510
264116 47929
149487 923961
454105 808855
724650 226909
968135 651503
615080 148036
866887 645311
597865 774565
160111 280904
930670 753414
376362 678943
425475 250516
605053 431375
948333 53471
347328 152607
951442 657100
715305 469411
625460 874323
877795 241650
669342 978646
484399 143552
290876 908382
64757 166183
298069 93077
274150 305164
527377 770589
657456 615250
982150 248958
301949 586094
134337 674848
26620 425660
864616 644125
117120 243583
779473 651963
698466 654258
579364 403286
322314 585152
878263 487133
907106 593756
35328 549473
383230 705570
778811 663973
24087 937420
336546 968508
535376 959195
546420 416818
748132 41008
706530 732682
647208 895443
733753 651180
103090 106005
880551 925119
820665 745575
860603 528428
747205 197209
688251 379625
661802 843144
98897 714832
883502 422046
115002 880885
79322 572994
377882 772492
692303 533017
359688 9327
120750 920933
611172 144401
595081 701387
115337 898291
644608 828381
456814 592905
299703 283770
470724 650936
631940 419335
993040 896184
450277 989394
318422 995149
757018 102845
370444 382927
277526 828952
112984 451767
294624 248494
428117 427851
378601 115965
72419 272982
344460 368372
269315 151737
634501 901545
856277 767120
698505 683858
876117 121159
289428 393982
804311 151234
597188 862449
191731 641939
184841 430151
801462 720083
348235 84268
783520 605825
330924 232798
551795 507561
75592 920485
965168 566778
317838 992513
829165 601924
387578 119217
826825 209441
422644 821521
106535 253922
256320 717460
309 621584
117574 48350
826318 395865
120223 365781
967605 677000
780832 979641
148588 637493
189780 645447
318341 767728
933340 521773
745453 975249
106363 681678
731450 184683
545986 205788
931875 724046
997399 514708
6399 501705
751366 522522
744597 625016
25046 769696
815508 264048
824244 780885
366691 518543
248945 74333
596728 857546
469002 255301
969618 868141
455726 832173
635588 166116
910162 49210
644990 138811
368760 795341
504691 232201
138158 582601
480873 561507
682634 735441
526296 894687
886723 776079
295895 597210
126748 424752
217556 3922
755146 975319
662406 446540
447079 207945
818977 872740
810780 586717
668899 579453
931535 860767
157886 119014
946632 686040
454130 804774
499801 724299
901825 651561
125673 239024
98655 696262
789117 664154
832826 490043
498957 22480
454463 878512
239666 963097
544789 780217
150265 550982
413492 172838
50864 603967
640543 582766
693440 110258
41360 42638
719132 744223
742622 445371
491384 650103
543653 403061
258682 116268
562931 959610
183147 329949
736339 330533
2180 891040
895376 374362
291040 811487
726228 494099
690608 969469
18456 410032
526279 929372
950122 386693
796694 459093
381280 929621
767471 740764
813434 837386
494836 612181
850283 883562
847595 176702
945669 959103
424551 98238
863242 634543
275091 846933
526880 537260
224260 257230
279238 758999
992564 936971
98698 200856
896057 308847
198080 890301
985244 668491
152052 117341
169708 208423
668375 902583
902176 633074
687937 990017
160940 96511
297338 894411
515599 927048
546722 877740
502487 857799
239632 672440
545649 298372
188932 232283
624683 628878
701506 748388
313576 702821
382086 605974
739115 67139
854496 10921
139344 773376
919480 540432
221384 991625
207388 882195
488060 511994
979454 249118
816326 836202
708128 594034
792122 60495
491636 708899
172222 496319
164002 371670
409500 989395
130397 390572
758282 899204
569678 56686
724593 723071
306340 716492
142588 653713
472327 984833
791474 772065
187357 370551
664560 237836
148570 739935
695867 438256
703582 205191
991499 691653
885203 543778
12717 578684
764200 121575
120670 233496
333123 423882
29159 509365
949264 848417
52848 567482
202296 897631
18390 111989
538712 938560
908389 369303
356007 483311
405525 823998
293973 306948
277441 611205
230058 375577
875740 200064
705335 877623
393300 872388
61535 466218
717446 863106
929367 624712
264377 271943
676729 4154
824046 664644
65314 307825
569768 25956
468840 811702
870467 80347
643341 341518
261311 541556
671946 757718
550049 497515
538722 64394
667643 435352
91741 754389
482652 608479
46864 754769
21789 513380
58060 953142
43609 402302
940617 422963
150893 172781
541663 294016
795176 537020
254345 823240
641579 760955
808429 173992
830104 499680
523910 643682
886581 711505
653144 150236
550835 262309
257060 192985
105017 316059
484137 586652
155283 708510
40229 631067
550997 184183
888680 560987
636649 683201
110220 159009
156227 32162
422488 737308
596818 841253
326206 384972
476315 930329
218413 564546
325376 660420
898516 764184
513601 433462
286394 502602
120990 328445
800352 64555
660896 631636
951325 24773
513112 313791
63100 820525
888497 691774
361267 811877
123051 70647
829214 729746
448191 114533
837020 291305
53874 479245
763055 62772
946925 922676
213516 760980
316964 198658
542184 712370
690606 229401
464818 965289
183036 214
540629 406870
578764 898875
403331 742596
82965 689938
520753 753887
604001 28274
898613 342843
464467 684371
566939 905193
56968 606325
15246 745288
669452 213841
235952 126637
183839 481572
414598 574452
996742 706741
8648 918754
262500 842469
955825 457293
161843 248713
70744 973518
916967 532374
918810 633296
931572 776794
861461 581583
569809 93392
317573 21801
150314 232827
28145 549241
812262 71579
984602 808667
51707 709050
316686 10023
731553 706658
914087 473051
852534 510078
849424 625494
841912 970634
169742 264867
237106 44093
928307 322163
246982 214630
420069 725159
217775 653177
334289 123648
955112 465716
207889 180168
878357 498447
328399 734667
977365 502852
574246 922562
135725 84988
273769 463946
425722 768092
93035 965336
710108 97634
313391 523880
471428 397174
424897 388311
374721 219040
84305 677345
422051 22642
866492 664099
371722 507605
275383 789656
24160 259389
992651 147962
931959 542733
206825 761382
267070 848459
725870 811115
621580 454038
953094 510774
283189 274087
79165 658349
597396 961876
470448 784869
41554 519234
278034 186966
376428 64521
898923 281749
93117 308533
775323 163984
530167 799843
112094 587178
328184 891697
193005 564528
278520 937875
600513 455439
978613 377410
84672 369607
318489 950322
447511 264931
173678 18213
725364 483365
18569 981488
53469 752658
766815 344648
725545 487598
307208 714230
443846 363104
832555 466147
252985 713197
499040 861396
201042 319865
95057 843399
968081 657719
887794 474241
331000 283435
424324 770959
553984 182441
882442 729896
191393 745273
844425 335779
44737 510592
669386 949546
717407 866250
427969 714517
779380 935572
511094 878308
242639 547781
603236 746845
391805 457927
310111 404469
458627 780810
513268 552382
261525 501671
226114 634148
740263 56865
949537 153963
645061 815352
754313 519533
435787 493146
116173 513472
844370 789093
710180 937806
994639 336666
688067 100071
852421 195706
133794 205923
174020 353116
912869 804143
51897 482486
182060 726334
844258 567902
23620 542874
508597 417911
83486 593872
711952 218046
646722 167202
129219 109588
113345 877795
543846 398281
240356 179673
548244 653055
294161 709841
683674 912728
848295 106871
348802 677863
92287 395966
147072 874802
10473 311095
548742 483865
20727 108626
309969 335965
137448 328978
327971 899211
764175 732694
70048 316897
205175 964032
280974 722718
843960 619032
96000 582157
333266 476784
630872 394740
734761 170952
552001 297181
529592 513721
636744 212467
373723 621361
551575 643346
784470 299422
750743 858954
256406 764939
822491 784585
710537 994434
644129 57901
134669 738402
796695 853395
828034 416724
70518 584611
464386 753374
78005 956171
946749 652030
693040 326127
700165 190837
950336 565863
82615 734143
801141 854299
847099 428223
328620 331774
108625 729311
416939 935827
114835 393770
340959 621819
846266 456155
228605 970424
106466 453832
840679 675707
375593 83262
796872 649681
210515 420909
680368 389282
471378 691425
10389 601934
876288 232401
72367 901832
118693 607160
274945 415109
463117 561667
473697 277053
966069 920934
505721 675344
130601 772070
295690 39079
587025 213714
522860 486886
851749 76407
970305 148516
742659 75
436325 658059
611047 860951
200229 851077
66297 995167
963643 994777
685757 209970
951632 277233
676508 410571
72877 834497
266059 127318
451521 680373
403514 403546
539765 551206
819658 632278
286302 286048
90168 633549
649052 885008
38440 803452
522215 778486
761161 831332
370380 454645
766386 21885
519579 623395
9605 472364
111700 964165
846209 905171
234797 787707
966128 746177
726601 517420
551019 1860
33981 938310
424317 159337
787883 739847
628409 906295
979626 776424
245297 835975
822410 12230
733948 986107
978781 311760
462150 305444
341994 609419
325330 756530
196735 299742
418231 415422
708163 793389
573409 721583
928088 239513
911195 175466
854805 48395
259476 376044
214600 79054
351842 970520
633322 764651
235780 28501
145515 687244
789588 267601
984673 682764
172743 921370
285881 301961
526100 612160
434215 65676
357688 564323
887294 701161
111120 981079
572656 166218
871745 455178
990350 155086
295609 444142
634664 705642
714519 752067
713513 604384
152808 896484
987694 466236
90390 914431
724212 180818
448031 15822
975151 383940
508856 792581
22222 885784
247016 814903
71673 592415
221683 371941
151675 716672
13667 990550
353548 717717
417167 305417
309074 304645
373114 143341
415662 377081
434008 246129
856762 155260
709349 973196
539220 990838
959327 832619
857923 147790
274746 199275
833651 945505
917671 200401
347515 253369
294154 920017
457015 765250
722271 151011
684471 482041
72450 334305
906690 180182
523261 439765
476614 964185
388044 44058
909125 837596
625959 316029
942804 962402
85229 275602
306064 384237
603554 580042
412101 637645
252996 540089
513840 254948
216025 346493
355885 778568
426685 837674
836155 479846
477637 390516
226663 327982
189925 192383
33864 378110
201891 817432
982824 548579
497321 765251
944404 69335
773626 77881
24297 544749
216064 839816
303830 284109
986436 272346
429690 386219
412865 533152
650266 875289
877896 669407
681672 664141
839651 627276
525739 925281
863287 924075
68577 175924
275196 55856
458025 219233
595856 859160
721235 641057
623043 876713
780866 522193
719564 413963
805269 271655
300406 363590
250754 549015
579356 657761
170091 481882
264591 906340
200810 921617
295540 357012
427647 938571
37759 329406
720940 879894
969152 262563
892824 274042
955752 774748
170702 855528
213205 753984
388012 873865
742549 170031
487168 677445
527969 686106
703497 761774
311601 120403
79195 380384
999078 734256
608252 886070
105428 571371
323250 585348
396085 334634
290220 820823
65609 735191
849788 120447
841203 74451
943014 268931
826539 532062
353422 381343
638845 242026
123185 49304
980931 458156
607846 154982
142230 560549
706846 639390
23498 123174
281452 205246
654948 455712
16250 428977
435978 777934
106569 769876
817764 206678
596234 400469
467378 105408
239131 411607
134530 896126
49125 878357
87675 442387
134054 628644
839232 462569
719050 75674
264432 281084
681869 335279
832340 111316
105724 376723
46885 368287
985507 497265
516493 102446
351693 99000
334528 892112
482217 170926
666413 892863
219784 738721
728700 373125
372324 59240
147832 926658
497451 20808
220406 67958
676722 83620
839181 537702
501257 311806
389602 832183
260397 359330
570772 178964
267058 315646
4118 290737
664159 928607
598793 610570
70530 139294
104077 101909
756250 900990
671560 368745
9170 837230
824483 23152
847999 633308
222357 530944
501109 424104
266558 508330
157762 86137
414026 209085
524428 215261
307930 438417
569857 248380
911624 20210
875677 702862
685801 825349
940619 606808
114761 528202
912130 640290
647249 464129
662881 782274
703231 994188
763281 567917
149303 889361
917581 842573
187527 252280
393753 817744
319979 239158
990162 671041
535944 472050
999777 465674
649093 368090
494216 35774
74713 949476
817739 710201
220720 140192
39600 918913
151751 784039
509818 248999
469769 849544
570927 683629
112664 835802
442866 844651
567704 779027
843425 454508
37837 299973
86216 723276
966340 306643
967803 114359
163240 427669
305674 53328
378463 981138
189316 16023
257152 506981
702785 151501
448696 310202
217515 405127
709854 800492
61705 119143
721641 898959
474242 928625
755744 833829
846236 166110
483215 921567
100602 183013
23543 157551
909976 876941
14148 570043
34478 45497
79540 902720
358449 556732
881076 714076
36377 674958
117998 562679
477072 126529
723782 283811
4068 430066
939873 829841
185113 254253
303276 955285
961998 516659
713046 28449
434503 853862
31667 36067
344975 392250
336589 949053
541087 692946
231927 505897
878413 760438
820916 362555
343058 662089
381738 589993
635946 196259
139169 393386
273514 270739
109792 168854
679479 140592
974982 194312
209295 26236
978964 626113
934614 263200
301683 667882
407584 106862
454079 245379
677676 667449
10970 909244
799411 325716
575261 198051
312438 594974
71859 909968
977872 844833
143586 616228
110423 970442
744986 383645
281767 724974
404152 130616
333392 965214
602391 309119
164119 70478
755893 932393
88667 973718
552250 132223
363902 266274
913985 30529
693791 28075
924787 634201
950498 181883
655949 782653
974228 895632
5064 246273
45688 896500
504928 155753
652690 568400
205259 505018
435401 835694
888046 136239
422139 35742
971867 791941
773665 872133
762831 609810
94565 452640
35662 641450
981452 130989
729789 713927
240050 842376
740006 693891
871476 901517
838681 674775
948077 516390
294470 760309
794577 976783
179788 303214
892029 316636
692433 123635
77537 789003
314012 850561
180594 868587
4780 548777
888850 494723
194891 568869
424939 85758
957795 195639
418144 148457
196090 597322
435334 733856
58732 908355
974289 884495
499623 345080
856286 233481
221934 440562
131971 162694
664812 256381
191025 829255
603327 564412
324389 582977
668176 646981
306817 259037
860757 554645
320381 962245
36061 177726
890125 474987
892519 671486
402365 580921
761588 168411
968109 661677
160677 152348
602679 871439
856187 350715
592231 845934
974040 398388
895336 210050
47341 603314
371127 297093
495446 31092
869772 843802
789962 307501
938426 456210
214623 986098
280132 689894
613936 297921
647865 866932
678692 154887
20830 971428
732945 582519
121354 407301
795816 313816
113564 788586
301174 111714
510469 275313
742764 865033
214147 742682
681794 688405
298003 891854
677937 207538
146376 517790
401424 816036
996752 716970
530016 335469
466416 499989
281447 722112
31353 333585
348585 171806
840694 642225
113701 495891
155072 252891
890237 581321
183575 329883
630136 455897
255783 395628
527571 897181
982179 806040
503333 114208
693394 318414
136400 681006
891499 865186
159709 721176
954487 740435
999312 204775
206212 790294
229106 857462
618017 156884
108210 397270
399777 903310
597376 62931
669742 84721
637862 209318
668379 390989
244826 255416
4566 267681
385563 267090
571474 651399
892267 438540
543787 310037
868581 272420
418415 228654
348622 846060
939402 888157
287628 859393
81869 896013
145698 389969
7418 959923
425188 234625
871429 603149
830547 194773
36686 169431
948406 901665
958135 852556
694335 172814
93301 645207
889476 186838
445512 160889
542943 181777
330567 862333
344625 947250
871159 141566
608816 746039
906399 871204
750309 450362
842409 33566
354494 345657
638889 125651
683333 399497
632323 913077
695880 166588
29877 48004
451440 27411
578757 736788
880456 995846
571422 699890
931765 266080
692599 776036
252460 346622
412411 264172
164386 421828
88361 22030
772685 42092
660399 283677
870683 517576
871972 681498
82794 185422
591031 850312
626802 306190
744398 439362
22013 421384
762010 290855
176739 363887
143420 985882
259042 629026
811087 11967
167456 211108
682000 592121
749117 538448
177541 958279
998834 841420
409177 551208
544514 794046
913334 777350
628760 529878
451327 429938
678828 243379
372999 453191
822948 417954
204367 552582
424419 628252
670490 513236
239392 847406
521805 300352
105971 529405
320327 207070
190163 866782
604039 261107
795952 93537
981589 956502
200067 974257
754674 869045
218085 862859
681458 510001
380112 923943
968289 263088
561232 273935
923394 234836
524791 314922
349723 834055
754618 593769
419770 289091
834449 879546
932614 188269
81358 377288
299733 360747
864418 413875
231732 267070
657527 605684
782196 948850
591718 488867
91161 374113
23385 877505
488691 333785
308907 235448
872839 9489
144425 613288
331055 204606
357338 857762
392557 234017
268183 346965
412174 76304
628950 27472
950412 435175
76429 513871
669895 29818
398219 577025
542832 988637
332244 775823
506722 903953
507107 632232
721485 297260
385108 821289
956319 523420
68388 470150
864980 626223
849394 789519
770130 887855
27541 174598
431753 337374
930278 637590
240559 346827
173324 781807
788045 149474
870606 312325
473883 96713
222386 639636
176090 386730
766828 318656
153537 952062
919186 479778
787301 264852
832458 150549
611317 980388
356858 522607
716177 123694
900892 97860
711086 375012
994895 354722
595785 25194
546298 161396
339645 304131
110251 528192
760330 337236
758023 790657
355949 164462
899732 510007
330570 499021
405974 136364
824642 952633
616634 320449
199482 601454
162670 968649
566781 519032
991432 915744
661634 673630
384032 110726
848211 60351
2428 888525
881865 158358
596468 684755
204863 123262
317084 4624
336085 398645
900665 204486
735758 742506
402405 463251
162149 653362
301471 116238
925105 818341
380746 530969
201464 995287
990750 730202
578212 189540
125207 864293
683052 405666
649565 488436
409368 520331
250426 122957
432881 693768
766652 257770
293532 378103
893728 172429
831674 356036
616314 906496
862558 69575
424002 160829
756487 984892
55639 260649
620227 470584
433311 133177
953022 463523
294281 904229
192365 573588
898457 223720
671186 841081
81641 480885
109838 699148
772244 418807
366424 620047
431866 690731
831725 975289
853291 510880
974437 568091
885988 798779
944312 375827
694490 83722
99083 756879
267971 992569
85456 73788
669022 372997
154292 156805
824931 895455
509811 676551
773008 526535
216474 922605
23443 71473
122506 40352
595323 874788
693530 481592
529615 598984
866347 322321
303126 583842
32778 847635
729353 313625
740434 744708
383655 16880
784760 378624
440604 504503
704092 692973
338160 797355
180742 177339
9776 366874
802099 868987
107984 458505
426024 361291
536527 657260
945366 746794
201939 568886
808980 24901
386982 163561
758912 464225
901415 404833
757198 302980
559378 751503
457199 834176
650495 980599
832924 629003
475857 241681
518030 761835
752052 537519
929993 886357
49004 164956
265395 205233
694026 346739
981223 23835
411011 136997
117311 568357
706894 750237
431063 748954
39622 969484
841853 546955
509410 825218
873768 152981
685597 649810
378309 114622
134764 366218
9714 136624
821300 331341
302360 69162
699956 459078
692596 610138
863565 874720
108824 65506
538190 233933
928134 579840
335814 285292
396269 305549
842135 925302
734710 777703
68724 1844
718716 141576
791095 456554
201766 322667
747856 374572
853828 363128
804024 647019
180384 92194
795884 20800
924822 710676
519966 89097
227980 546850
928479 637751
982439 553135
431027 614418
25496 182131
986861 109733
356570 242196
681328 924091
631117 987351
616302 635559
104638 482013
514469 48753
776733 138113
51142 319921
638108 711905
353521 156414
607823 742597
201061 525688
905390 859220
229421 798086
812877 72729
11414 977014
295801 872333
968459 91089
546226 138212
990946 962699
165143 42349
301781 488183
565652 353434
581460 129727
985803 65239
854489 378048
499774 689250
242984 425503
220764 293815
962972 850151
980545 139723
708484 65823
149906 994225
705039 299229
757316 543736
497702 755029
183472 2843
516608 193147
982020 613830
111457 969366
832238 207903
873293 897612
556483 47282
279790 652806
821097 344288
568089 712655
486141 460218
771324 608449
191924 399320
125023 714083
969354 52062
222757 259130
247768 993516
29646 705349
617230 533287
722204 686203
825583 481977
181555 977897
967481 349780
31164 497169
448287 600990
633736 26695
500980 560470
602246 348111
980228 604825
864379 169996
354136 428482
674392 338021
283060 39754
339308 666555
390082 146654
502066 460213
945290 5151
600511 60531
258141 609772
335186 713060
324485 12208
59582 467034
827193 928462
485972 489293
316843 50056
278521 779299
133099 228156
453763 716881
406108 586299
220633 779708
225312 529595
829499 893833
624471 716064
339856 563936
736574 89178
492058 628039
117480 219881
820361 368779
876728 760811
395121 183147
383847 635062
463236 544404
626570 973034
163648 413305
255000 510389
175567 985902
246536 364265
500552 885855
505853 944747
286982 622237
667033 496484
59162 829210
414364 735355
928348 4604
675712 422724
873375 645072
108478 293519
150170 787735
709502 755400
930026 905669
947087 438794
180227 992583
861841 819302
558660 805963
398384 605399
687479 444177
89031 111047
61777 565499
839979 979586
272800 108598
259268 561305
660147 530721
198261 301759
612110 517349
552415 163948
185378 535427
864301 752409
948923 867408
482662 71151
48107 327954
464252 89986
394808 231697
887952 750468
216363 585970
422417 639838
207728 834538
230414 913645
742627 754364
208237 605762
975228 688732
122004 579292
806576 406025
499476 755174
917822 985005
178915 42485
709198 598629
587233 492279
12883 72767
33529 565208
164857 541744
950555 345976
587281 954315
551525 607775
433588 50988
498100 781883
616897 475749
66260 79984
583885 293701
533548 284864
642280 187750
637937 594805
635276 56590
418793 238367
14704 576000
834283 314531
550907 624040
72779 350871
950622 71747
345155 777414
440884 444204
604061 413933
232972 217114
847680 551629
533756 745292
248853 533279
435491 755364
493630 685799
409627 240225
518848 313811
163501 583121
160998 973138
265153 687904
823272 753261
444536 215527
31891 760366
52702 270128
396661 389496
954493 278730
300345 303630
929492 365848
281542 301722
864255 316465
923220 854871
977055 239992
489093 766161
197899 322793
950793 635241
123267 961217
79400 983603
579953 40522
530593 140814
478321 630059
641132 125452
675532 800346
225834 456789
245071 596233
898333 979144
839629 843537
57025 513094
934315 527092
498752 58272
862399 22880
893626 499551
168678 275206
274747 577404
898196 331440
79406 805700
440526 279731
701504 999896
851775 202079
153749 391581
736081 704015
886853 873815
59722 449397
56849 916912
735435 951695
756755 768946
295257 183713
744781 458955
854307 487850
852376 264333
840966 155225
549311 356099
688405 87936
687186 27994
108125 677683
939733 346299
554417 119115
936001 758823
631694 441274
247871 198749
695068 684364
606082 949345
616349 411420
933528 212306
173170 399652
749136 511977
154311 846102
682616 147699
873288 689112
351453 456676
826742 154927
451814 752676
114536 746863
214861 848405
199651 497809
525216 808104
978782 797548
198604 248990
571997 366170
100508 285189
602015 895379
838389 981450
801334 451354
563290 120932
476457 89638
481974 933721
46603 48185
820179 322078
136563 707758
91851 803178
262684 126998
383074 360589
686741 639832
653309 660649
324406 18450
993715 719615
954180 903893
998048 371980
696601 307479
624782 315905
905911 465559
206101 947028
692796 881847
385537 550939
748114 425757
639508 198778
597732 76444
560232 693591
125857 534429
489247 564099
153353 582552
437352 950079
584015 962669
575630 859441
21852 211437
336042 918630
282971 817296
837415 251915
995145 111750
856088 201502
23800 2681
291872 813024
950948 100830
158993 339926
561403 331666
503044 734561
59712 111527
787787 363385
981124 399780
898554 469312
693596 51421
210400 641131
635779 701451
661112 185625
525868 417983
322146 295936
548063 64229
331 199182
194260 90194
187547 746408
695372 766267
159785 752753
390419 512624
665878 413903
140414 277538
377794 364729
38377 770215
43693 152503
339436 257426
672893 138118
804625 571504
529440 627985
212386 451909
545590 875339
738112 799812
217009 658684
215743 161904
13484 838946
651019 622251
503402 653361
991579 594706
934086 934804
98212 786515
47314 924695
838905 953270
342764 645840
580219 983294
250847 690518
593058 91425
82333 240045
662571 290727
952873 892330
711818 972125
662364 441894
999220 497568
800938 627081
946558 687310
899017 191878
80860 398204
835308 429676
207842 196523
333954 871253
79024 818889
200908 299480
379133 711151
881024 656389
909771 578117
288150 628671
618388 613881
102656 717283
911826 478975
350307 976773
744611 3738
674805 659626
758724 712468
509482 685575
164832 498498
822611 172467
80145 470027
282035 866949
265768 479435
600478 521176
74924 876653
326797 239048
984687 357487
292998 144576
594198 809058
266839 537554
91735 355152
778512 651102
728554 209715
258119 975863
369224 745702
666969 606664
524897 745439
355931 351897
163350 477590
70448 515707
896239 587157
516540 889441
425996 878374
560348 198490
687973 391870
23975 667178
711846 613064
736957 791982
718387 758038
342913 553861
906650 106734
213670 391969
314148 128735
519082 117124
297782 906219
336840 630721
856446 566495
974519 229549
680974 221084
955188 713489
530913 680830
85586 19713
400429 371062
964185 230638
29622 968347
688051 807974
513717 478478
801913 294450
851899 556881
200533 685889
421377 691211
470230 637003
22570 140240
529439 947502
709244 238875
175922 970854
529658 166152
582021 316854
516198 508735
604696 887840
566209 218636
756598 334210
419287 122989
27519 345275
710715 837045
526946 154053
332949 366197
633175 466075
903889 723326
932142 932977
896095 872075
672072 89134
668299 260658
667198 892929
966107 966280
929982 167448
762426 583672
278458 390770
132405 176899
204320 670828
881949 740941
946146 479139
523837 68699
217726 693394
897725 519982
511225 745557
222659 767577
973720 891008
687458 860806
961075 150675
197604 115751
239424 115496
799347 20705
104588 184074
114200 950452
78258 562304
214212 746091
321391 928776
384955 875023
595505 890378
608252 711318
125983 321884
233718 976084
723227 246581
598456 593222
802814 194871
651467 420028
154848 138839
687371 50083
657748 301192
130368 513395
630557 447644
489139 619207
59000 79457
232130 106499
969769 769413
438479 361870
340465 635490
42925 345501
206357 229902
342562 946534
641755 41552
545546 917471
297821 221900
309501 83633
229456 513313
2618 24387
275059 646440
218490 417102
419480 67959
877366 405446
712525 767143
446572 729600
201074 306070
643754 40475
548226 34354
998443 488056
574838 28541
883316 842849
782762 119462
650368 509687
539867 54950
356607 864411
6952 540963
94181 299297
510792 767123
593256 156791
434450 877909
654746 876254
851355 698460
634520 527987
246015 127776
63339 374037
780067 356129
245035 842150
917841 655369
473892 729776
34011 679121
591827 886246
600049 367637
686575 410694
532599 677353
836386 564072
499292 966841
993902 909447
872267 850689
156403 467653
817222 856496
60309 720291
609128 862232
394128 851104
641247 586963
498543 130079
145329 454078
160701 445761
187888 181541
596878 445610
269912 194981
830380 487956
792386 444493
246068 519516
641234 847032
11363 972604
929554 564708
966588 951260
615692 732032
473721 547867
529854 740867
51329 177971
878585 856025
330127 506283
387905 672932
105798 933883
162499 510356
158745 620833
921481 687919
937067 381256
837984 575385
816687 215314
129563 275459
916095 260240
880173 945057
912345 323207
278006 452971
647308 750383
770621 781984
683808 536140
207947 298542
362911 961340
264194 105094
415829 856289
11538 791432
50941 781629
150010 552875
600210 160296
664394 911208
869551 38639
198994 734350
998633 926112
963628 291718
192012 656969
204127 376705
431019 713008
854104 507234
864267 94434
695691 212142
495817 348935
404290 876215
896840 599065
800684 495224
251887 195346
540766 585503
516976 305684
889486 255500
493632 339732
34253 918630
936815 448891
243974 899911
433471 592436
696997 919548
639263 702852
533064 274800
188343 570182
186920 765558
668020 896177
715517 502402
459420 91606
82664 309254
726099 996300
206934 281317
69914 528088
984027 180134
995466 846282
742963 966014
474917 878771
916413 18026
350427 269402
518794 727383
305311 955971
229992 62608
162274 519185
270128 693719
430996 266620
877147 943992
100268 841084
6328 210685
555846 652319
812035 92027
587761 215060
556382 49359
628563 636426
572071 177848
759388 673891
908533 576200
420986 411410
271493 594345
935043 750096
668648 972309
705951 816380
155058 567521
491084 264257
657421 486721
837372 26228
405305 317976
976672 652564
451833 322668
476850 229227
342430 502138
459957 981365
148937 122375
363025 370052
493879 339074
702600 484985
402429 556604
468862 259703
629141 579265
315800 969984
613788 709449
285262 594060
648021 658762
650099 385567
672187 839677
590013 514652
985923 696992
794703 98496
915427 306930
586487 275073
946940 764661
497844 815067
654944 507932
828084 626712
937622 355681
109471 526979
708707 417969
812100 702172
748006 895756
318281 689817
611269 321111
514081 961820
587703 79827
527690 419878
3076 188779
728545 517326
709785 933274
371396 661249
869689 112321
90174 418116
831617 996460
571948 721364
41127 198040
821207 579057
465103 82156
691977 695117
444931 118258
488258 329269
635613 117112
851398 764970
392929 841871
466699 785983
870571 184034
21697 250782
120557 188727
286278 385694
507776 88132
902606 491261
293181 310131
415423 518173
928281 594876
322403 348107
224564 922782
605119 201352
532597 594626
306719 357090
706656 803886
485771 169985
437914 505934
999415 880606
392040 365232
884129 532570
902895 316339
968380 545053
537325 895902
33440 847981
589162 187902
494282 518162
696269 139764
236439 55695
73011 587833
460825 139854
950412 641053
115118 384799
593766 668932
115415 837173
196965 977277
927972 890914
372782 463407
168452 306058
20003 611030
953095 11182
708853 208318
878582 745460
669493 338677
333881 212940
829170 878225
709221 437981
95548 766217
22669 975366
625324 483052
103359 965200
492812 648363
306256 818171
990645 285818
857955 810728
930773 329143
137285 770659
253454 937772
467859 519424
483971 831074
600791 371820
845195 754663
882359 349188
715491 901828
155288 438501
761361 736235
459593 225765
591668 40017
133707 268535
327006 913472
951558 331478
483697 798661
652238 660723
482933 853772
31926 731228
276138 14736
868255 987626
833882 718366
484534 164858
733283 237058
892706 405465
355674 265792
820542 201113
738340 900220
754230 589631
78805 908763
77417 703475
587719 206876
717338 769791
697950 738390
236301 526040
358638 857593
422496 819844
440475 113300
499784 917382
58832 559451
848258 380895
922596 881361
47609 623130
254615 200327
153807 683555
218068 781236
35359 819114
426577 350493
336479 393290
584506 136045
761516 12316
653073 486450
79880 897411
14813 442387
618627 907091
985341 3481
780851 933366
688156 911865
161311 596403
462426 145695
262730 257241
363581 137449
717787 961402
496421 496201
863164 719965
629745 755397
530921 53117
869238 330094
469038 389043
42230 431466
293668 201857
381593 989869
302229 668808
203051 294446
291510 784460
498587 778107
41266 340017
400817 502609
116243 243201
704795 257491
595254 903496
528733 207423
570430 863015
746716 235183
822500 304602
318150 173814
361821 554588
929054 79369
126749 313892
373154 96337
298831 657374
632934 581174
630586 686670
271214 852024
33979 631996
168134 459200
690535 681933
198917 301655
814367 21002
611518 502728
825313 353339
762163 69417
167915 361430
477029 2555
614614 90204
608154 276746
469248 347676
145617 380029
240450 837766
384211 395062
904693 400489
64487 528861
144451 441760
93092 539636
935415 716624
234912 680479
205372 563460
45000 650514
315341 857851
701318 131207
685596 575542
739293 302076
306814 200941
180050 566338
205075 224840
479596 447372
327389 108055
819764 863455
401616 691709
738324 247668
460631 239569
148467 327114
959034 273873
629386 747968
670956 165858
564733 352821
178705 887845
10207 898587
865979 949508
25642 340804
473403 164529
870503 455302
783978 42336
873595 504968
86055 974497
92725 621435
728250 66725
240433 3663
815742 785956
932569 519581
167621 356310
924672 135584
356237 525833
919723 454356
692519 791405
193898 684326
93600 154883
699629 625464
265726 217220
331911 781031
69780 369330
904518 765725
945900 159743
463463 960936
666841 26990
382344 500237
952373 64115
891735 269072
702655 896103
577901 874221
74921 512797
844657 677054
584721 125547
473563 492427
48974 971863
140958 121545
539179 316086
4558 925332
860858 659029
239202 363888
387831 647152
794501 307387
968687 364443
709699 830601
25125 427501
126853 74857
235717 69991
749695 842092
199437 431432
901980 222512
807149 19172
72905 965787
339698 574078
868824 188370
164840 664785
362104 206156
579833 751407
192169 13774
59374 404090
377438 883557
308600 257361
706708 505401
456978 689507
424682 983606
358130 606469
339277 34164
155682 276901
751128 294672
684552 677223
830728 606127
259235 354253
291224 714238
368968 448624
710702 602732
711682 267906
25127 260309
140207 131204
421415 717576
231585 484328
473464 532489
914317 517817
270774 706028
647620 922007
535747 871249
877828 98903
645236 175467
565276 122630
159124 183323
582495 479796
264071 331401
452394 287473
757087 560924
752322 954185
194233 268661
439858 400987
20165 544695
166050 518533
162732 794762
619300 92537
676072 283748
422821 638501
193718 279214
14915 563158
826071 604678
263871 214520
231229 294886
896383 224333
770694 274519
99678 554574
498814 333723
212602 621569
614205 601224
116799 938827
860134 813143
576166 640683
172555 783499
748075 877887
569453 737517
904497 548914
327005 47666
650004 883809
924740 322303
555535 324994
260699 138818
446135 382340
984349 332700
519948 2728
806949 644180
891543 883849
467169 781326
212657 830400
507536 398970
743399 823670
398128 23822
756917 872899
888980 491163
354189 852015
839816 401495
8832 470197
359571 604023
565706 190190
836025 365967
444473 902120
987091 755326
680900 307622
385197 25882
339395 52796
313073 177922
969969 842612
191592 510544
302251 889331
725441 644339
618570 450557
15419 216383
362360 954861
981345 296273
36639 230763
186989 151248
147309 685542
680514 601175
395539 959041
797006 669892
262927 155134
286211 503912
715359 500563
996764 100282
49662 78154
807158 855520
831256 106693
969974 271588
789589 514878
333233 19842
702595 186038
992024 978207
15993 551284
82307 20563
369805 356044
833562 598441
610133 744356
195022 373179
292698 834159
20304 254689
319854 839825
380192 20734
309795 154848
328210 569862
812332 194163
63224 361872
141703 713173
119211 400483
458719 291058
403120 518821
514090 565485
102639 466904
427704 941615
981377 841863
904014 278448
786861 659218
32353 940901
103870 167558
394019 271596
554005 806531
778346 772908
862015 27642
997629 500587
693191 410243
891746 606628
822284 254218
3593 26117
119568 845870
143248 788499
792270 598818
214219 559630
145416 772289
800016 635739
284838 437019
269487 965644
195570 231089
17052 35837
175697 645367
129594 782933
511999 102644
849855 819240
422367 725539
620749 591580
636872 266169
835891 313343
186062 850103
826595 415125
285467 633185
354408 892625
673026 180659
749129 117288
700714 485716
420674 252452
569623 569956
23834 617971
160955 412701
149492 224960
470734 913721
770939 156995
90813 187448
401813 834052
781596 25413
713987 958075
889409 331137
280295 834534
571738 309208
251233 931932
61740 911793
656254 973026
244837 324261
211126 593936
363348 985227
384648 474710
848841 856417
500619 42962
900087 985965
602293 443897
954244 370919
392150 404615
455530 475467
545024 320494
480666 903701
452550 74901
969428 919
376336 292071
271491 320742
390587 173745
57522 578979
922015 49225
72291 675956
65502 568022
357180 170655
528197 750375
944120 94811
590710 110351
171864 641284
358191 61764
423559 786023
874374 307716
955962 415958
957583 136563
439654 382647
723818 454973
199480 879515
167923 14103
467791 793074
440293 771136
95764 734052
644118 205932
376275 113933
367841 331216
785456 983203
657378 842690
699546 883673
399802 818905
440435 682133
452206 882903
858417 102467
96357 52136
226428 741667
220205 425284
600701 963459
447197 408024
28830 707239
841493 80843
550729 323007
730399 586414
442754 565854
360042 611848
802475 951885
958217 287485
782646 595914
834309 200197
413211 941789
315114 342653
336432 499695
307922 236246
580316 590667
938349 902919
165637 377068
30359 620386
873265 814809
632483 770474
971023 959787
838722 989506
609648 335831
199049 780859
498270 163868
806077 656689
933593 661279
896755 95306
289761 508590
816427 31538
256520 909543
296647 61278
757262 360240
522326 189373
866672 306393
242688 295006
506206 34673
629792 714933
585791 623711
543062 367910
360041 148709
73176 371738
99014 830448
176495 317419
672500 330246
714055 750467
95607 301242
566878 150245
385651 376277
353457 521237
326038 107744
534152 43007
676474 42594
756645 337621
16243 706642
67096 429379
109063 758658
192573 277875
704778 880858
298595 799126
921821 315584
599454 728684
225559 543942
998987 441845
299045 834005
195995 684166
565187 377757
647472 513451
944849 355554
293834 144408
289976 851304
386441 327135
321815 971550
496822 188117
319554 729715
353774 742948
272818 782246
803904 841014
694853 292288
966451 863001
939976 738785
163762 744239
918617 750981
670261 136879
10592 74281
116979 748750
917758 144549
685139 690997
366954 81747
366357 561684
761301 646312
70305 476039
326087 991075
10592 2207
727986 459653
308884 995025
229082 32195
433801 86929
848673 879407
295739 687187
196696 159834
180919 257165
917471 513453
673609 498086
960966 369837
767333 529064
282868 712457
904224 60173
262684 944095
897385 88928
854046 771295
939732 216352
483451 517687
186681 544619
620711 941909
101097 931966
589256 373688
752183 737266
406400 884619
230966 867630
973873 754651
556750 496639
293892 969324
580134 911112
657312 409345
511379 136322
581788 633620
624136 298171
781660 709699
394981 953929
218226 12463
289092 450863
99153 93798
459660 671315
444131 840847
151368 984297
40305 527830
526843 614030
671601 365313
198638 814650
465330 519113
243346 440096
256328 782070
184733 995597
582097 931018
780093 379541
798910 624967
522167 564275
487089 671945
296687 567487
118628 475241
954652 455981
206415 592921
639323 100377
861484 305341
314292 746373
855107 69837
644289 508232
910215 54242
681147 510987
377652 844061
902021 806399
358995 318952
873827 664860
353444 901332
457536 327358
305831 258367
415972 980306
554011 866195
828051 878690
622769 508116
907573 568754
234352 623060
405172 681135
463031 5641
499138 499845
432918 185198
814903 165203
697598 936919
517713 744150
340300 512324
112468 872719
391011 716328
934630 87860
654669 626923
486304 794752
788360 142751
238794 83230
496069 674890
740572 827169
510920 375707
239680 97150
322002 549095
651555 499164
518025 220018
399943 404564
794903 843105
70306 564580
272922 74333
315610 73506
631063 941986
115372 826168
314005 327921
130609 329830
952631 564531
234015 21976
657349 322255
74910 736869
869446 641437
687747 668139
192769 432310
653703 921289
704435 166870
863004 472625
234004 804499
286862 790981
102198 40366
635958 710513
517550 875128
304458 766395
606955 660052
422696 285049
895965 290404
343135 428735
671291 437901
943718 887271
920699 702485
713551 184451
774823 167786
201481 923870
802867 904914
894371 613314
482162 868568
19069 892362
229790 164728
52714 858330
756747 253000
582206 658752
715803 448327
276052 979594
851178 994151
113020 539630
213064 979580
304221 197093
443340 394599
845921 895312
884321 180104
931415 592235
407441 388826
882701 340075
969180 896320
388268 802369
249173 112965
317453 900854
272862 542342
355227 358182
346803 257721
923998 620640
361258 806727
652132 937183
477046 278051
586214 810406
455587 714749
404125 351547
306081 807019
293987 651481
86359 859819
807534 602976
501929 924263
978415 132113
719300 138356
639807 728199
607512 178013
582869 984705
764931 737347
201994 696009
512015 808704
541285 886361
630569 874450
419124 892901
29190 96926
53169 634099
117462 584263
843131 419883
897557 788557
713218 719700
27339 912908
675541 745541
194721 365769
273318 309084
580966 981923
360272 111136
941012 135445
439642 899525
585615 655670
179829 637019
743170 584049
695295 190222
431174 404116
831265 593729
484969 453915
219065 848020
221661 300560
483486 514616
849590 366427
186695 254506
802627 468565
629245 624563
89000 723848
358542 72221
679410 770929
494919 46909
612711 81255
146548 901279
367387 865470
107286 204978
368682 887606
985835 808705
951546 642393
344601 331106
767000 223376
868105 404558
471637 380054
765632 690706
862810 891757
425141 532522
826811 844899
843370 395334
319228 155258
338888 739801
654881 335665
683870 190995
348174 602682
730330 273388
598071 663172
651416 419899
751856 615112
221441 843342
91139 425487
22558 595571
421649 258824
101944 28243
773237 144120
955815 944850
778667 74293
904074 915180
345975 205284
86555 654134
663203 972005
348656 315954
241449 48238
926957 477544
275849 18520
188721 829358
834227 314918
602892 473571
818716 913591
880954 786075
105470 584252
497726 310464
986880 989089
233107 38281
498029 617806
350452 38964
339384 183289
70580 461172
752325 584145
688285 885096
677499 380999
218698 828451
429017 11277
854831 848291
440943 680642
722260 782955
958880 931255
793472 1228
197616 325666
359559 941471
434090 693688
612650 164663
121697 149109
109150 957125
8961 830044
324718 705264
866301 350643
752668 829594
662292 214382
651988 401071
51299 668334
229156 456101
68104 889606
572237 315297
467056 372211
525220 596459
136585 51024
516502 815681
876675 99760
749960 897412
286514 813974
48259 962956
629401 39860
113935 335153
439170 755848
856047 883455
661730 923596
73366 635803
464660 928974
268819 8154
11916 836600
237377 589079
900779 868516
10708 580164
20496 167937
689157 297049
532617 423448
460913 411518
624486 219448
496750 529368
268923 384581
184560 426690
495739 551350
452150 591402
833623 965598
971211 812896
717192 326437
22364 738029
280283 477823
108081 999326
509989 23134
374955 857321
177422 410154
599151 663110
930370 291686
415933 370098
627094 467001
51099 516946
494805 405211
926939 983699
483030 616868
309919 810262
197951 178700
538942 553162
646468 410792
153646 703177
40176 880843
886822 964434
716393 139770
746529 906181
368820 826970
445922 517233
274738 132682
432600 691761
763828 698052
764404 680911
635578 921701
125479 888368
704964 54340
877042 758776
587877 128881
115817 51465
212500 975537
499870 584728
75730 159191
686760 269120
189645 154673
741198 437212
152417 960983
12938 47466
853318 397295
480882 754118
114684 417349
642139 182228
486723 88393
778029 58364
631934 974932
907670 586405
366274 663616
347068 348303
401505 893694
182643 319640
444883 48209
911681 673057
555737 642331
695567 38836
88057 950120
12762 398456
587137 311699
971831 410178
697034 13967
823688 507534
209587 804892
540593 93608
698546 755611
84217 107155
766183 133435
920312 214443
392979 449421
921833 145002
385962 974310
899817 146238
586495 410716
444375 641802
152406 639134
393877 408182
633682 265450
409738 532725
466825 354112
169623 86247
159426 608745
649568 253499
272675 761953
190423 791099
322562 522195
829210 815058
961437 575352
34845 199577
298203 766777
553729 437985
736843 151288
157576 341891
202318 480711
697176 940193
527377 410984
492780 508181
45495 527488
595719 853499
687464 935981
533322 528373
656550 666233
408507 686941
503036 111845
56072 638793
266001 549376
509756 598001
824036 941777
981752 374899
578268 610076
406572 481263
345117 994529
452019 25221
293946 326237
704604 474926
513560 132857
623763 450580
343365 981679
899100 56059
264558 99217
419144 211912
60188 719753
442482 655675
674058 771011
350687 620770
41493 203970
536699 607793
724269 284698
228722 539146
223704 288444
476000 267984
378852 828768
443825 735098
354001 596784
485466 494037
881745 64204
913483 601230
491743 762270
55675 454571
662904 21162
352841 50659
184367 141220
86880 154413
681162 22464
183637 211186
903983 371410
168816 13729
745565 255387
519043 406205
826060 261439
930593 177654
401626 897846
802718 779294
235028 789965
204373 117372
980923 354646
727900 376594
562100 577185
46564 830271
200267 672108
317246 108823
164809 879953
194662 164712
343822 956591
162449 418483
282222 819032
67084 911590
500974 479366
787319 121753
586126 648572
141402 299366
497601 818621
834992 566482
232109 750527
734085 941650
199525 963161
604228 45817
202686 336719
520802 851085
355498 895927
21842 150734
673267 379598
835366 112332
270023 401341
766183 699719
139519 493428
27865 680052
768947 125075
928990 246114
388369 632185
832781 559979
848837 576401
153453 873986
650620 361255
651410 238389
918982 104357
360486 758546
816970 796102
301980 527771
809170 231301
840864 493708
347005 223103
332401 343777
961645 206539
170127 518266
318592 127460
389613 762740
543765 72119
683512 96682
50148 606218
549196 208328
923953 783270
828384 131244
801294 213865
583949 770241
237040 68067
826114 506395
824825 384661
473425 449274
642383 504763
442059 312089
499964 589923
691446 410233
896057 819583
757089 20823
583631 521880
42592 332839
411659 483576
920259 181757
244756 879473
91465 288778
503651 284993
335587 900139
469698 852699
207725 722325
487846 568107
971177 671014
775889 845967
511140 257909
3518 489438
817573 283226
773905 146163
285571 95413
607953 750263
26299 42403
644911 549886
259903 114510
38134 710161
80142 753256
317603 272483
454814 355399
685899 992007
721607 245358
808338 993777
661718 754563
195770 43473
397961 623829
805090 222193
839506 180395
213745 331609
255801 483680
88198 66336
276553 45975
892191 142641
283618 515536
499265 20402
713366 106273
508161 244758
962715 530118
491125 256725
587864 698167
900792 434514
815187 204402
797534 897084
525489 947014
539732 537048
583453 915108
816026 946678
984837 464062
387699 579707
624943 520250
674651 813580
801214 811722
288254 911641
301025 936696
654864 404773
475571 412291
877849 794872
690802 922351
476423 18689
196761 295599
239143 819223
81367 538218
906975 351119
752582 870046
922355 188927
586998 895009
816053 593472
637826 134508
528171 145509
911616 323695
687171 656908
232534 911844
275092 148257
307936 785319
792263 512316
755955 579367
231765 977828
972729 933726
388328 208622
810005 376476
474204 717673
23506 331640
16055 654704
692023 262160
838573 969059
438505 860368
219608 705213
772338 516549
530223 601210
510924 205314
515246 602833
796259 795941
837578 1162
62487 11349
256111 695127
773474 649928
422104 612487
633996 7262
214764 564719
112249 355289
949188 196042
969095 861114
862286 891715
746788 646321
39696 157250
395506 539769
871779 205265
507761 734861
950665 42657
210296 113849
915569 290061
688568 206099
832866 9439
550834 755805
856935 588068
480417 667946
763894 941332
530463 386537
857532 497989
942114 588477
849866 999334
881964 513769
114592 473625
439225 461661
853059 140797
911899 304604
124054 611767
758170 145855
682243 338788
974236 429165
401681 325563
959464 863381
574952 467101
15645 265174
289250 267950
507122 623429
635112 783383
883485 633882
657844 277492
840195 111206
250428 81958
613658 734383
569507 571443
953722 676583
746790 910560
991122 831589
590350 338717
209950 904729
567429 488983
973407 416905
466689 153385
606025 487188
952882 653464
406040 444376
384097 315574
39617 240416
186724 397795
466756 739105
207936 559681
74470 79078
859181 878273
488997 894515
510779 47425
53944 556400
486323 201923
620979 3034
202137 763116
296752 931260
106934 926156
301541 571736
747981 769787
390011 148506
285046 392890
45905 389284
864935 806171
452973 813971
728477 989029
154981 610890
685719 986993
248148 28540
233578 590438
688854 342595
76685 514896
582004 533058
239219 77090
370528 10967
521398 692005
678601 340809
683678 395281
704389 815729
513884 520840
304182 595134
24558 790234
133869 10710
648796 100236
401083 731429
599374 846085
886521 922003
342568 976017
85945 53242
474502 425792
434720 28748
745591 267252
29642 23668
896225 806519
951834 207990
330803 489446
138577 709316
966243 816243
916545 693264
770260 474027
744434 705240
700888 468733
542971 836258
548828 964746
726636 243265
165509 769652
416519 736873
133061 18296
412933 184740
803993 741658
279103 762631
543317 689846
342133 179314
85155 51298
61980 506262
796812 331820
747665 352685
567344 665440
418088 603158
985409 764258
948662 396420
929342 768289
630162 727687
772700 428187
610277 715297
795454 285124
72093 254459
41217 564061
298866 99949
566129 133654
821014 748739
440578 989613
642139 292048
849627 161829
73188 641488
80651 341046
929421 972489
210001 595958
638285 349033
128353 355329
876730 5808
76986 610420
640409 652309
313457 953858
391513 985656
312389 827961
808099 752362
892007 630194
654528 828428
795414 46833
127994 785286
426430 545287
787277 92008
950022 849234
874890 189279
738807 345115
987204 773486
681796 239576
513927 729689
519082 652945
671651 536333
514005 482453
971749 944136
483206 654106
963606 795316
506444 93511
580953 403807
391316 287147
648292 288434
463625 249546
99705 965966
316286 51507
733124 407804
181540 580151
227038 631829
674568 520673
591451 701752
573394 151163
337604 474153
937839 879264
448401 602154
557315 401458
593427 503715
546487 352868
272236 101222
783238 440610
907040 20534
849884 75933
783032 595209
251547 821754
865194 401682
178288 981965
149094 828845
571843 86993
8315 950107
897407 904794
915035 730576
840561 954429
59215 505982
994212 891064
215089 159671
622428 712660
217152 190896
459974 308437
349758 619017
978621 771532
56921 713321
366497 975360
22242 345912
317577 361803
414820 56198
670592 894272
642051 387002
91219 773979
529109 842256
880286 139212
204547 338180
424129 541606
657819 772340
577576 680261
283268 327673
2684 43515
342616 736002
949902 26053
455111 131521
342450 361520
605684 841998
523362 33497
889625 844390
882853 554359
484667 468800
680371 412020
950863 79749
187026 948698
246844 981569
988433 147246
143361 609816
387851 781681
13477 373546
179161 722894
287661 98314
662449 302385
854137 602725
56964 304015
199166 654613
574344 620352
193209 181658
588227 228434
755911 21431
295189 305401
785238 164413
330896 651659
584818 76067
122200 625222
217502 33021
518052 671918
438171 164892
728420 850541
118702 874193
980404 815572
642155 277726
391933 835215
97929 116905
133248 489500
962607 140574
173335 152981
852058 397814
763528 25115
905367 228519
278127 83844
966304 710257
553318 917981
390002 545395
156045 707843
457660 409879
971952 527076
515884 37691
374721 757082
61641 599483
777764 891302
264132 393877
887229 579234
758998 608306
696591 525408
687146 294563
680486 868137
535172 33574
597934 955650
101708 819155
88051 352020
717263 756596
324359 746724
443548 176205
412896 95227
927273 829265
953703 387224
965868 888511
21070 772134
284998 183351
247052 758847
991213 378700
816886 316598
168532 677816
89485 119435
588862 234130
442226 537127
630961 883984
596768 394161
212775 794565
451321 864586
370407 674236
342132 494098
633982 801400
969327 72064
64246 941006
321471 193924
492071 755792
778808 139698
320471 489434
796168 849598
255081 671157
33248 287736
581102 909843
987821 258718
321321 239623
291128 733326
262729 608854
217026 588652
528003 646555
344219 269825
20612 102897
738625 711685
242060 29368
573845 923508
448958 150503
312648 167548
913536 595651
36158 36374
897025 332287
274054 1835
893307 163171
746534 142391
658607 869551
933735 834405
650086 178284
673166 677965
901174 10915
124410 482849
774091 269485
705009 782805
448752 57953
914384 674567
644491 492185
320180 698805
84784 214067
335990 686634
454533 85796
884072 10822
689434 431925
706975 686217
505890 453176
486338 697200
363030 574822
723642 773809
119523 405119
179037 920645
650969 821169
494734 808702
633148 961215
775963 831786
89703 871737
597297 945171
156657 52571
712280 580990
835050 679856
590690 956286
2162 9321
880951 126504
93440 913468
362891 851113
950776 775332
699194 938551
842871 864086
570501 161781
218318 165036
872303 476048
979275 373563
873503 63986
493707 839850
338185 665067
672937 303537
982437 609560
766744 851866
246569 572567
306262 474338
227066 621510
678139 359618
240177 645183
754768 914622
961458 561188
795945 118814
33140 827924
423196 118820
459562 455656
350035 118669
189142 992440
638304 350638
108270 752020
479761 403822
574261 831279
466582 938843
439588 915255
514721 80822
725796 848199
613623 39521
202757 575545
842480 352749
517111 463626
674774 355305
796895 531397
466400 818575
993877 995009
979158 242353
836635 604165
354238 213721
564671 155833
419660 897234
780533 284838
357682 822168
274668 367215
931445 202322
351626 218837
456060 97856
199598 835101
567143 332395
385890 845471
463714 178079
856928 555015
556867 790119
251314 326564
96319 824986
921235 970044
660116 80187
607100 872879
230147 861619
405970 269673
25386 662820
144715 125100
793002 922871
552835 126722
991220 215756
470908 657914
524117 366052
561062 537481
143014 795720
635687 59625
769017 875626
341082 363043
748937 531839
852529 951934
148771 82055
473570 876401
33297 536638
61937 241803
214295 213984
51058 564263
820526 956824
123625 250061
503610 893380
320103 149099
795877 604812
866997 581236
89260 476666
802168 88303
10743 147840
924074 758690
288871 457549
552382 357129
209554 35746
241894 620446
301618 129515
102924 68541
534170 209147
517259 376338
296314 598983
72385 43637
340460 305433
89390 713499
813607 826005
175516 643727
414769 75708
243285 751005
761450 642558
786275 401062
550235 221739
188867 798407
411507 718333
425928 877686
673108 965070
204008 869799
436298 626597
493886 222821
7125 614840
385426 779922
407339 652378
505725 71727
330696 805102
904006 689983
512476 105211
314194 65269
486585 314403
109200 983818
77966 941857
800391 108743
361909 420464
415787 116908
874294 241043
665308 232571
550364 980827
183263 426017
750675 251683
614694 945900
883493 665691
384098 118934
129738 785499
197489 730501
275767 516056
363387 996942
190363 736240
174705 211634
339553 909116
120621 299102
375971 828534
128090 668949
814977 480855
445259 293391
681367 875666
10999 557297
660000 97920
536365 854613
319351 673925
194151 440070
171098 644127
622355 89067
73009 552872
443103 653771
740425 760746
991835 261529
507268 892338
655212 898062
897977 385125
833704 238508
704767 858930
983920 935198
880987 984945
575808 953897
477387 900542
472024 562871
720532 289970
44626 429057
55741 345418
905565 708074
429253 117651
715221 185715
453046 30581
193099 856234
560155 703134
682070 753354
471556 157491
509678 843714
143316 156862
323713 900788
987242 594608
42341 617903
300020 856884
943070 73947
690180 491854
324629 353266
426428 615283
203529 364311
180695 139874
747767 302262
62322 274432
747472 486239
663352 631667
742165 518569
942673 604690
184358 198307
963863 26070
276845 381540
485 491872
823212 960886
350312 945071
815584 99463
650326 696965
368332 538933
676634 980757
111232 454017
24984 175652
9305 834096
846961 969241
502556 284122
38115 640006
527740 187850
722786 797052
200759 445326
211547 788641
667472 725551
976029 744505
307359 986077
742096 431927
395423 444609
18595 64252
582023 360138
471920 381481
999640 692681
506374 73850
559794 913697
529106 144368
156256 807749
32528 184893
711793 672423
623276 163305
645908 181396
221836 688760
230760 982471
835602 667955
18724 300315
604342 176904
233847 198626
703975 503512
736673 713482
783287 547252
817406 269486
595193 36740
500101 942044
733587 567369
63176 612182
857492 599452
863310 877234
429052 354111
960129 968055
661738 715822
228630 458998
310109 604233
474850 839301
24322 848444
117431 197882
428607 389767
516150 253184
169913 300573
461314 305819
545402 481094
483561 489609
188724 850964
568582 332903
926771 827750
903441 72452
691928 943168
847491 724635
570096 610386
132396 732741
326158 795340
400030 563766
575755 409080
559839 956014
236075 788349
892179 419789
661843 367871
941280 849158
885475 416010
209772 316480
512169 174751
454721 38939
293661 562892
471097 961797
127118 618498
366181 765751
275464 887789
381462 980624
9004 693202
231776 915400
240449 267384
305069 472871
442292 234918
294098 172752
647003 920649
942968 780246
200245 714744
991396 17118
880831 236865
742215 854577
728235 799770
600179 708810
513118 287446
167194 42777
811487 886389
833094 995380
179777 109529
736792 900672
909690 973918
999598 196510
403776 802154
330188 322299
60862 433538
864896 438438
881445 472226
678013 862026
711054 495569
10632 342852
298032 602789
596698 147453
65865 656899
609175 452293
91197 836283
403983 660773
206802 166655
941934 315697
454481 307802
20448 281106
549988 643653
164147 616035
93286 491793
808685 586824
33502 873038
526219 962437
131432 231867
475980 287377
232154 501148
902549 351706
162471 862639
315722 821882
894583 550855
550754 499761
586676 326242
864855 100147
226688 266275
674712 999953
505581 825618
804233 496507
423208 844509
968159 73988
307182 708779
784174 774354
964427 4115
832052 408411
733865 410716
990327 907807
216577 292299
689665 250436
216006 28602
17172 161768
303631 971750
917486 437854
77142 989415
804625 176891
416975 134737
594857 81950
942036 60847
172050 37719
907801 262788
829148 334490
532968 557046
284991 762204
982928 252925
13849 414562
507991 19005
860205 628067
325256 941285
769692 628051
878939 226972
545263 914811
436584 578268
974062 80075
739876 920348
903461 914825
713129 903845
576757 212872
489796 300256
681940 623120
238524 48985
591810 140540
327019 915628
993157 967682
921997 823793
283474 389064
399256 258694
679633 765894
667619 531584
271937 143913
85801 780758
286556 4625
37698 960385
227458 960929
992622 715841
437326 32094
341410 641956
