872382 249045
482597 484461
17807 944196
257601 294314
221116 277422
220589 869596
452372 487104
348273 531547
108885 666709
989439 650370
713684 983783
918418 598478
626042 995544
804456 431027
366658 331083
342954 716422
272906 481207
934124 103342
461415 39190
489800 397759
68606 610238
529658 121677
281025 855323
457779 88843
110274 46816
439870 858437
641458 193013
377812 633501
829010 321760
282339 184054
674828 568827
59501 182387
772890 596258
97415 699134
745965 469052
694700 946510
369151 121152
948472 310174
218842 509295
302777 935132
403674 609718
206405 413346
66392 331031
302277 649447
509241 705255
442924 232392
317155 612086
360084 554294
124837 756172
637495 487233
739445 996906
487280 394143
833754 602955
244753 119940
876086 567586
266754 482462
365482 163564
700596 297601
795370 526043
652453 76706
104261 201058
313558 83882
737076 395200
215328 942818
821018 757360
806525 124340
318273 590059
666738 328245
199888 490678
809363 20157
814673 816037
153467 542765
315835 211971
628628 42403
623300 919742
732667 282485
554339 427718
90983 85601
382526 972486
98348 552313
630901 938234
592002 194998
722253 31124
137132 586162
675102 334047
638808 429808
869434 509798
690753 645386
188628 377634
69944 977689
510607 784480
134095 664423
493073 766168
695457 657315
76923 366132
152544 495425
496150 932618
799295 126754
361512 225856
821712 364963
797968 633284
483130 663579
800090 467945
294090 479623
877889 605835
719544 170476
791658 351686
969056 49810
701927 253183
962228 12560
53286 80983
941435 962672
576630 209571
291549 260179
784218 803886
184098 549516
734659 209030
970027 326462
745316 103426
877451 943746
395699 84917
392378 708314
853262 417983
982671 999412
766553 481345
34263 562944
873738 953583
148443 826291
657754 419921
143287 601589
337081 781575
801410 98206
875680 662607
529904 878384
746395 24749
748841 405796
350493 918274
851663 473282
635426 454310
551310 698106
635021 847738
835839 377919
872981 116953
571875 363508
506744 894526
46191 784069
942648 240033
467058 544071
33056 908203
485844 196201
248434 330587
490022 931628
360703 978478
560426 506277
395869 610223
911579 688063
168748 348806
203626 975251
811662 683898
844907 995990
10058 730563
642100 581966
325341 808223
312852 645510
739854 84591
81864 710330
651640 883697
986827 168503
950654 900143
779291 984373
329934 121439
756275 490820
288105 467699
537143 337440
852877 665713
182147 70781
584462 544854
303089 777573
970904 796299
825180 777601
836671 184503
175938 177481
103796 2353
652942 183667
82611 592641
981337 58758
476268 710105
479691 625753
153752 856945
906776 818636
453375 649604
379627 446582
90572 95305
35992 566505
385125 272209
389136 479732
688141 394835
24945 251470
391597 692558
510987 991202
840837 859901
298756 188624
941858 861286
621054 36221
813667 889956
976483 478032
706116 866369
182110 253856
812455 778691
138760 629482
331239 628197
30318 394026
381806 842562
992002 320873
410692 687934
21635 138808
979350 284480
833964 748351
850741 32684
176369 726816
299839 736919
764579 929872
549009 12633
233163 45823
345583 548406
756751 780544
472372 306853
127046 102664
385692 885725
237074 635764
69463 349952
913944 13199
91861 194595
348557 46674
721037 292165
27918 943140
501620 246254
650253 556996
103727 556431
113074 642622
922050 543124
303540 968267
357925 344545
905505 589561
883915 588929
131241 496529
52692 955579
788551 576907
840131 81972
376095 406086
694523 541128
604298 548413
986864 378434
247661 875741
44589 377045
848413 978756
841497 102552
588052 641710
435848 141996
483273 329912
528957 657649
570393 255291
678443 322322
992898 482552
246064 841103
595403 794772
241357 282096
61590 111454
513811 770341
698178 122705
581413 767051
541375 183655
338172 375351
988508 409264
942490 708335
421191 982141
955877 702303
232647 70257
987029 17723
793604 221087
170525 423149
565661 98566
154486 163261
45856 810370
330313 53998
638992 775250
57843 256891
893532 801402
504317 657280
535281 437896
936838 312320
851272 905845
966266 388587
255933 9075
481312 866847
369507 153770
405947 330177
461089 761418
525785 814233
1802 482396
913497 632607
640926 511694
777931 144647
872912 309388
655703 294600
145235 829078
731898 148710
222943 758201
750508 284994
898558 960234
461546 228
235688 625955
212822 864170
812484 360150
467558 773169
20984 54814
865110 180020
789180 19284
890148 331464
330655 577180
255728 46808
753976 613011
421195 250770
495821 440755
631384 471748
412798 405235
45933 537596
675962 141493
306067 18649
784272 907498
657171 529271
507107 982774
456834 59528
911295 297507
169038 439130
261171 970733
956525 483450
868533 338686
428329 253109
586009 114897
790494 528021
276692 106732
872244 104797
391697 325904
867779 584440
314260 338304
931991 391220
822934 711632
675458 331977
36606 582592
292079 837079
238594 215383
507132 644764
287418 704457
701421 692562
222679 955931
345842 856340
302356 437855
630813 894527
478538 206167
978679 26164
886825 991326
468578 625028
134524 673794
679575 302281
368600 763277
576290 177373
315427 158137
245398 657037
443085 669769
279786 507485
133114 606304
426799 455254
924387 358197
581156 715139
727701 968796
825804 549721
218023 395995
161512 415812
544703 160711
540064 487315
487861 890990
29639 693303
982102 669065
605038 882035
793204 280163
310567 239635
724332 219009
952013 106707
748293 825829
699528 564863
37977 578170
857953 366957
489172 701674
481781 40874
598301 373611
871157 633600
295526 103408
912918 369061
790899 707514
316791 108364
789226 811485
496444 713942
479166 996766
194893 448895
466353 459007
741126 726524
369833 81243
594272 824327
77405 839945
682304 474243
99787 494870
405196 989439
294703 442484
900012 135529
287421 69632
301969 327873
591508 781503
47035 976067
528341 835875
119315 298926
347032 802175
177893 176536
633206 927639
986574 944007
777913 354374
875004 135437
207070 382938
387289 854652
336909 752842
769717 96649
286277 46626
243596 877856
805411 136578
491723 137916
77481 522579
837666 543721
754371 311824
912961 939121
40874 999951
373277 247684
408241 543288
728198 335439
556627 9461
794842 674388
958414 318931
151923 312846
586236 355281
81088 551006
460695 356112
171473 398369
675677 422108
255550 184389
389279 667498
215640 749650
351400 775271
637131 552739
926915 146089
234096 144384
843160 67897
367707 204504
464122 581123
131597 65800
191489 564659
425423 267917
671616 788851
77393 633186
18877 740368
61223 362214
740982 252574
171678 108808
690427 671492
503257 466359
482357 857314
701661 498495
367345 169648
365002 536111
313761 906083
30709 691999
360707 15352
524076 431065
794084 882528
183540 830041
530589 8035
321507 636524
331075 729638
765849 300897
265349 498277
375934 782301
27007 664218
760913 472472
371098 397325
926665 827368
647311 75690
917892 864077
927454 132607
992730 698045
771428 364364
758228 751200
262835 868743
842943 735374
424074 997156
660611 363787
660333 34122
313399 454211
495868 52743
122437 440375
233559 482383
92986 939343
124099 386674
61318 921249
834578 244344
880521 380408
418801 45373
745755 484654
440968 49359
307521 915311
478789 832022
703922 38560
300236 108090
747930 408318
562623 228849
141801 599787
560026 939075
900245 355526
822331 733962
417473 875299
199573 429383
716175 137958
355634 63230
622222 254853
970933 557134
656387 620580
136599 279009
3736 248286
807735 759357
111105 696965
547871 954628
44588 721768
840246 31132
375502 636636
540575 684602
998345 138988
607191 190240
225772 756478
500604 196775
780994 743376
78235 336397
754215 839277
397818 469844
551394 464158
102157 85653
456292 782048
99100 733860
493921 835461
829569 251090
761417 217688
962510 453923
775055 260270
946184 392838
811253 948606
185958 267950
95573 851153
134403 611188
661043 63942
182953 964734
677236 432057
336417 511996
736566 575471
315538 75591
989024 91365
25114 959714
886954 233439
517208 578971
984349 988624
460744 152103
407347 66095
976895 690900
420679 280685
956904 205396
668877 454081
702553 331439
465755 950696
548697 412781
864131 870511
572323 704159
402361 59920
388902 281164
349153 923658
808245 501073
293038 71866
723253 150892
144722 421482
46531 697207
536310 310914
275106 418715
250708 296309
609206 485009
637597 768562
902865 943029
194422 725203
275463 133978
529696 535331
636215 45110
418489 450593
165250 584869
621001 970985
755874 859203
531175 793614
996711 368433
756491 715279
184173 37391
21130 403765
593033 17081
85655 381860
871479 163759
168288 657191
498485 655506
586320 758015
699568 484463
222210 549833
217354 213871
219999 821607
990880 192127
540928 646982
642831 497686
547892 505718
767057 690148
772210 67296
324217 775859
411232 692312
248459 363615
162633 885069
414917 158581
465424 231887
372616 416048
838801 154751
288280 866578
521985 163224
547090 357696
507485 94872
501490 126821
301918 567672
908785 995083
683676 660630
590236 17190
654670 697403
445812 548687
240400 16103
75256 461050
585707 943143
607948 719265
278897 643516
712058 978028
403681 373708
615015 487373
835058 278313
988905 201138
261977 230940
459032 863695
836733 899926
179511 673614
323707 934028
509606 801706
888127 516070
280793 263200
41331 384026
551971 28365
516618 798654
528631 468677
306973 692022
659688 643517
31705 192656
846162 538070
210975 838321
371196 491620
630295 320712
601212 919146
940317 200886
225578 96847
826827 757579
920265 966887
956728 268239
504041 513193
819872 658212
287391 317528
599320 493882
480272 182405
993928 434439
904826 132181
443969 786050
746295 782832
30373 692718
80246 352758
713713 892779
73091 341554
276897 157236
459000 606730
560507 534312
907695 370644
516534 321354
458433 29949
192654 94865
108201 979110
103870 715287
850353 217137
81899 523825
193681 272833
363198 649301
148946 143986
518108 881043
48300 70629
257836 613544
857990 752648
785100 327059
372664 69793
433892 834312
268375 551158
895950 715530
938347 460490
644968 285470
375516 312730
907199 937871
88724 751184
600544 60035
369655 858423
247658 349334
808498 617458
195014 543612
750182 210631
178543 514351
829754 111468
5397 683101
175849 525211
645877 67834
918823 380122
134048 63815
976977 654070
933601 858806
41703 368597
128780 459840
967344 349241
705728 328305
880799 796257
696695 24100
91246 651687
903187 511759
561041 433654
106479 369353
987582 849505
122140 494022
665623 340956
380832 409445
3208 225418
846478 746604
447654 21616
748000 975163
760865 205455
250957 612974
785078 995998
109419 943936
506739 666212
452083 785801
125754 589232
200175 86014
72365 208562
86347 410463
599128 286601
908080 116997
874405 513413
59140 938323
99935 551870
888466 293731
832251 717370
719281 750467
529713 686423
986580 678087
748218 68170
273784 182961
162650 952647
830155 293264
328734 336363
560925 420841
893369 189985
365925 530792
383819 10131
660741 588412
806038 971461
395849 261230
331433 456833
983792 218239
817648 846342
140433 656149
659205 625614
850907 38252
493767 846005
531606 785554
498452 774199
483816 458362
22885 291609
567768 889666
619288 966119
278358 256052
718686 30850
377712 70881
784496 864140
477527 624751
724857 63623
950698 282116
58467 160234
410822 25562
286096 381254
264387 142348
210401 457723
81182 353121
885073 739357
296812 987551
587360 911734
690111 890107
447465 421506
545184 828051
463236 76238
513520 302965
628823 590852
872477 692118
313336 605074
787486 594585
101074 269679
516624 18388
661693 145113
532479 837432
901335 579344
384253 268385
531913 803178
384468 262178
958881 448542
134453 63581
396203 160123
633568 923227
54229 829289
647667 883080
15440 430163
297435 994558
265916 980009
172010 122140
47308 277388
53956 643257
759270 525071
417194 997609
625798 249677
860341 164068
734631 219117
939361 743361
462971 643534
459687 860328
345790 670271
15554 268210
684706 889114
883979 574134
321328 376398
243925 82244
653735 886863
536635 515820
79131 898189
491850 604843
76882 549765
315016 794324
105047 333258
521655 374386
989610 129896
292367 590134
84773 690143
184454 356843
792954 714219
111565 36017
826711 220284
306855 979108
900284 520887
351274 190266
112211 651724
196242 488739
564001 620619
936209 909649
271636 981671
116003 36789
777904 251205
700643 728463
301416 8187
609335 48922
5442 652907
250114 451163
928872 261223
213921 783309
194801 922306
273140 674162
518553 721642
497580 363838
922410 130418
63270 116093
167632 974176
99725 744224
673809 927977
469249 240381
265472 631497
139402 796114
495407 556386
316065 915878
821854 779011
420076 421931
830637 836377
383633 730805
332022 546440
910019 898622
609680 91656
613644 159998
458444 838367
775909 720139
221546 912185
313467 326045
447684 447241
831009 757038
11030 50094
631408 945668
623780 276325
907920 564925
796677 241861
114020 852181
901385 11099
898272 685756
932482 510841
896410 865980
260806 492831
471555 312755
451477 821746
439433 74689
905717 745416
362951 345366
312935 810130
247219 847120
356348 869768
929932 724277
457053 502649
211229 814572
745938 832299
799861 703296
811374 763285
338192 369656
449350 923833
97481 778688
475905 175075
504882 841546
664090 996654
715435 800833
244421 356342
952004 25824
410076 587280
884219 823310
982224 429351
566975 44257
694216 776105
448501 49393
555484 78524
597068 396563
467786 689813
872549 204456
466331 431648
391049 125592
325232 191609
582272 753755
172508 563762
997327 850262
593277 633787
531740 248643
568584 763385
31697 271863
154817 945029
832535 99795
91841 717042
940735 398718
519570 889113
782668 909953
335212 352679
849151 991445
388690 894589
134056 358265
233747 626762
590296 33629
854170 236438
820659 543041
843185 365662
198161 193115
900589 190246
652880 870900
768357 203733
177054 534376
350720 713439
258981 20921
222261 971149
379330 269124
403909 192449
553964 483760
364334 378339
818296 355888
190255 110323
834051 532106
274608 129117
362040 597607
393012 636408
514084 132988
183714 860715
826901 216537
661759 323047
346873 210063
864141 741305
243506 35281
385258 313306
121798 926665
797912 627310
759297 355237
787071 77798
395389 129696
203405 753215
913734 800504
93713 172451
326268 686402
762676 541360
794429 692791
860803 53892
716630 339285
2570 62001
668390 565242
627472 335038
885291 536199
65782 431499
664842 854257
109316 645123
170476 413389
641786 946310
937577 445462
903588 305188
55297 754741
842872 477761
971626 747862
521317 535223
334848 300552
993815 908263
983005 903240
202295 568079
493040 284443
720334 893424
108604 561185
205389 957838
944709 476658
531127 579895
637013 953182
794538 51956
191622 725574
216303 818330
45530 595833
4237 721542
253007 610435
921090 309493
92774 450072
693610 344917
569862 608908
59756 813561
454321 184774
88083 858926
671895 790485
372012 599319
214383 740168
380268 71618
844813 406480
683950 686241
827631 975242
922295 579303
652683 945085
174815 400009
222079 312380
115497 229513
97484 136141
363980 794804
309979 522284
410803 422406
605522 205821
794628 326653
970615 797395
643901 92870
734177 288876
456510 697166
50274 514521
227384 655458
754668 324188
479305 900804
466711 599266
284286 664175
85494 351027
906071 825886
740911 698711
291861 644984
811542 992267
387145 717672
256312 665033
426091 993088
991143 366288
128345 581260
759948 432847
700648 527565
751047 542470
150915 131205
888904 692922
815443 987800
313081 824608
885569 409418
708534 903633
352813 936781
484088 437482
792896 615430
361607 496852
698523 134996
12961 664127
661535 785131
58484 866460
601916 271163
701354 850447
96115 746068
888976 126773
708112 386667
949458 693812
802347 901963
843388 366343
26535 368639
609065 23646
495264 618721
132612 73957
24703 574787
345296 99195
245557 445278
345765 266700
224497 5498
319407 939807
899201 382178
777953 130758
853972 954541
523254 764291
790515 91898
476642 318028
408969 959268
176304 181445
667069 511691
466739 1870
454612 576517
141734 561402
927502 201248
536005 453773
712699 114972
42820 155587
253479 67424
117580 306876
354403 272866
61668 743062
881061 5050
626192 575365
684343 834514
672549 227269
699596 254188
940720 947875
719030 653000
611455 144568
490360 828532
998223 254648
745086 720099
459932 652406
83601 326829
706560 305563
53453 703994
369921 730558
882269 941424
560039 985236
642850 106645
752178 645069
984486 939202
156033 468063
475792 889064
799103 490262
511898 621719
798099 247861
555557 298644
651940 189120
207341 808133
412138 578247
505479 548689
675064 397393
646969 703952
726660 997887
85762 214246
898534 175814
581177 742133
315698 84582
610647 732182
470488 574721
707982 560229
2192 503320
792557 807957
654537 544559
377390 653047
561113 574300
826262 482754
300390 187556
657781 647366
205876 971298
264866 66098
475452 963754
778874 462898
950201 10274
766835 335025
183492 479831
682175 976176
533207 380455
674567 969370
31349 46722
141578 378262
549978 537314
177796 34350
113621 467641
41636 107169
968437 824982
287500 900134
228689 203936
521531 542259
656250 829861
611901 835835
527421 294814
205206 586792
258225 461030
70534 912823
115984 442287
934577 597547
516827 369994
557162 395702
415782 788425
442113 398127
867492 952470
706708 344460
700114 690405
276409 156250
644452 504252
242345 878777
134490 616998
969750 384652
236693 33823
731706 875931
78945 99233
104246 274140
720844 695578
661919 72512
838698 559485
498364 421797
187275 107269
581689 237522
361341 530084
748426 659789
723171 164184
544814 253321
576337 329674
900793 51954
85666 108834
397408 961549
671940 595891
233443 529800
818442 942994
874090 722964
290214 894270
581454 96340
876921 49281
925348 275904
134505 642096
935535 37989
9946 116606
459021 522416
514817 315602
8593 124538
728347 379060
748860 914744
719485 788051
267507 427338
443684 375926
191169 17923
441484 429795
527855 357349
233802 861589
32510 87380
587847 639992
721747 353603
163284 718335
459061 839303
688612 899202
364967 364041
970298 93877
726956 482531
