659437 478692
670940 524332
849335 461459
454823 887412
729353 678761
885126 826649
162656 477926
965035 899762
444392 650562
223654 294908
264110 983379
815491 696135
842929 112435
926569 252281
1768 647527
284259 256175
937104 182379
764093 232279
464942 948661
110684 74399
890672 17332
526921 362075
103197 263682
383315 49246
854642 364681
566991 84750
629974 102939
855950 425172
134194 453803
240830 308990
545471 73196
483808 284853
836370 934360
718898 68363
687098 620934
642262 891597
173697 143095
468002 629147
836049 917033
608026 597580
931958 318161
255556 683684
52333 474583
659207 852602
933967 816727
71214 863404
389642 574149
806115 415746
557083 645740
51774 155405
88609 168098
798874 817188
631897 255190
565860 111990
548227 777094
774634 949070
326839 409724
72875 771894
256169 299776
772930 461188
171375 671831
691717 813780
150878 266656
724803 724445
635152 301760
826403 830883
127184 249303
112844 328656
841300 999986
413176 979784
398741 477903
595078 684145
429430 127238
459608 875643
105796 477757
354093 381540
752840 7326
15278 542034
664536 853149
107103 705206
903569 843575
892200 817161
387512 207672
50771 609429
786382 848872
751510 224160
84469 382977
175835 788628
10775 784756
192757 227485
418680 713890
453224 923265
433556 588694
568747 473710
347081 537480
290156 15540
821853 248959
106034 382272
750969 241951
815941 379910
920968 11798
342122 466005
874160 813216
903899 469615
592014 751310
101328 778145
504963 666837
275722 690770
907827 413247
308256 337700
910888 692600
585289 565436
610901 390916
458185 293615
897261 613637
962796 732671
403467 989027
612370 950096
396234 328949
443337 813469
370636 772694
724495 895235
574634 11583
349109 702616
628374 566229
528886 900237
294213 213537
324079 140592
415620 891135
822716 941533
936497 946459
446305 96075
405291 43912
89709 957620
940652 847692
271445 384372
163851 367097
308225 391279
673764 708937
70721 993367
124688 897361
372203 390754
864570 209531
723091 58743
127561 914998
923234 591057
441782 445946
192707 484486
448395 379890
120431 620251
93345 700848
645460 426213
56130 206129
791274 753938
372549 417764
812884 968615
836380 149334
409488 858071
360426 97951
988952 39382
261564 676166
479033 821167
386117 344731
802831 813181
290932 324138
742963 770508
505608 882080
495760 398593
166843 105031
738142 218788
373309 53950
367267 273505
613174 635001
729197 927825
410493 847711
425938 943296
648772 356699
610807 353350
281449 423657
200299 474490
501682 35543
792343 729169
955775 417359
613714 563781
621317 851802
578971 362035
602792 982679
597995 810852
234114 357418
629557 788909
766551 641003
601750 299386
71324 389902
944246 706357
646668 441629
75415 964496
93074 75721
196849 819696
756565 521238
180967 598183
162680 231002
153340 263718
388819 44310
819322 756479
634073 653111
564097 53470
59610 631177
796184 209615
196367 506610
178614 228470
866305 890408
351601 960941
910261 906079
796299 627034
590483 327437
633313 27587
354831 293377
551447 93796
145478 835374
162868 589082
97753 916434
737212 33897
500418 300841
322876 81673
120768 917372
7541 392676
525437 833158
877494 109779
513262 953833
782899 34464
126425 34619
248875 651033
493452 379724
361442 911975
355010 216492
149361 611136
326135 784352
145311 62501
60877 326992
812503 107775
81961 470307
59428 628060
766036 620510
309702 826601
880918 145371
169282 271120
166223 193554
461323 286006
875456 934163
541601 592101
425644 517364
671490 758187
264538 136069
219372 696442
642324 94649
811010 750764
660763 990115
285998 40895
141061 443276
908318 976002
261503 740505
89137 630322
339994 766330
538283 943139
811133 345535
190056 69507
258740 873735
812676 480397
275775 705308
982114 366062
647847 598541
778555 612362
395363 830062
206420 509869
607467 887871
218212 920970
323760 924424
532435 455975
304716 819360
131700 975187
62212 912189
137020 549805
435666 985587
861685 449744
525856 598786
505361 363761
230124 495883
198928 470796
91914 477288
403497 162156
937488 717913
10532 362806
908223 639670
984923 452598
628991 694504
922732 641053
248677 603754
863909 14005
757415 832337
584962 77130
867619 252462
414725 298247
148243 857794
342234 397368
162097 341783
745321 17434
945414 362239
49693 247655
498276 499561
94308 546984
393259 757154
496062 632882
75445 551452
413581 220794
95054 450154
117816 180407
471997 470127
824047 322406
643548 312500
887052 918859
207141 509147
63145 146090
62869 728592
12587 142121
284937 517435
21675 528030
849003 711519
168976 280021
187999 331476
751252 492083
430080 165451
768331 176719
367094 797048
978188 681630
516343 551507
585593 770814
856450 433197
989012 740742
755805 317271
666877 613335
452150 754040
132853 536615
36540 385985
198392 320366
676419 789824
280371 210525
435975 539270
117198 15839
987181 745651
997490 324433
131994 882132
617930 409335
298809 613086
666314 54430
745472 718196
362444 144313
13287 156856
90508 346780
402658 483963
94589 273050
628853 46969
741563 256383
730669 818279
372249 547720
305425 89367
665306 702251
912525 142765
392263 330580
113794 201060
558335 177475
686951 981409
821828 972244
908111 662702
662501 988843
87640 819197
919157 977491
644045 715913
119492 664877
383689 538558
89951 413660
86771 18946
469699 204685
440278 544503
356692 76269
119403 846855
178762 95701
750040 935147
53458 320406
426671 389936
394850 31385
747347 645330
349504 781848
861330 835169
940 915832
129988 800421
125353 563222
128521 320970
242572 541814
131405 1729
202627 756153
128699 993673
116137 594126
778429 816602
454868 657771
679549 205940
958301 496554
357021 993401
928294 933335
581602 973892
937147 396991
175925 239393
617517 869920
410863 230442
622744 912277
311723 553858
452172 146201
137480 218775
209869 264861
314174 503752
670793 150409
277429 794141
740764 1112
982955 194321
893587 548494
609856 943259
140756 329736
379149 999847
617737 157087
565286 152681
679220 83176
698534 858753
372298 439062
360357 589533
905850 247732
599106 358770
387726 833956
965207 61667
591037 245090
991921 570579
978756 729325
263417 144585
362675 814603
891339 614426
490368 642210
112052 751498
168483 108787
642034 52210
542300 631788
805051 689438
601424 416122
324203 566122
363731 773497
846194 981374
942319 731305
288835 906547
559042 811675
389972 493788
375176 179291
974285 598974
584161 892942
800787 618272
997044 666243
439447 676078
865705 123382
80191 780053
699881 198417
828288 11656
46954 629276
307536 219048
323048 664284
612943 357253
422664 128894
190893 718638
9694 28855
789861 401068
285541 768745
337396 221213
85832 6943
198334 924201
934592 125304
316102 519362
820468 790563
105678 587742
87529 677448
439705 751301
273439 737618
727355 136396
695789 294560
369657 620678
991629 469768
94474 829595
97503 529958
998515 216803
2054 396718
686192 601267
698997 407279
87252 95697
846566 189149
213055 988113
68803 641901
247647 649283
586528 941406
352261 70403
329680 1770
984101 279602
835374 770275
744560 156797
601950 911552
940545 114284
760997 215895
348104 385251
21289 156609
638075 636591
864632 306093
234659 374454
746343 369709
263918 968218
344774 197676
728225 60420
512208 899306
63896 911693
31678 56793
311399 604868
756139 18358
320454 985121
53718 651544
666860 601654
18107 576649
300266 922505
69550 740531
296665 231554
239658 368106
277666 383019
219496 449601
962138 11465
181638 71694
449907 398217
658324 370760
455558 735003
937959 598829
263711 134786
935382 940049
721885 599438
468154 160528
229592 395562
933606 622283
129557 341690
949866 224533
559238 388134
114435 105026
67149 912547
403629 422822
157685 733663
979332 99676
598139 161075
141616 55100
297769 226543
559031 58406
4972 77322
114529 163370
833360 972384
465588 711958
206285 55411
18140 576215
520452 21550
641895 23820
317431 33545
139663 727843
939196 503953
114319 833307
334333 937511
584382 654768
217312 897669
369614 913964
698322 125805
457788 283028
339799 409289
581650 656848
966613 174503
200748 362672
676496 692468
581174 707405
286464 105799
838847 783272
510090 685144
184478 182290
81766 424279
163164 959169
738808 521997
457219 303297
296252 329226
223976 989831
500394 41230
729671 726924
914818 904497
658178 660620
706495 250909
401457 821996
798221 77851
811393 639594
956327 594350
18246 262314
919830 278087
832586 523362
345754 783855
950165 785620
366344 465135
846598 367083
243589 905696
761949 901201
608188 217715
803697 573559
650221 887141
938000 933636
578267 822719
747697 997178
763531 41442
528591 196993
845881 717190
697434 536489
795654 820543
692688 451222
831351 661838
151723 245837
139209 249083
71891 625067
832869 62550
424434 515215
867122 511714
849882 736786
854 552450
272936 264749
638394 876735
123804 297700
337973 907913
750689 68432
519694 163915
49454 933349
360364 599184
755576 744776
378522 801877
186424 798713
473144 330863
709991 774208
487414 869814
798079 48072
336831 296517
483742 559531
631643 961831
869998 968394
228208 958083
792298 758773
734056 803630
205340 748608
418086 568039
696761 908589
54589 626035
63791 691966
568958 27194
778795 161769
105900 719589
279078 732240
796255 647670
127618 280542
841601 840748
247715 105860
512768 595263
62647 717509
891998 768507
518620 336167
495006 479896
39010 955327
716054 258963
113725 461519
653120 105401
210298 651287
306858 609241
423985 771898
933344 876354
294040 570564
983708 502461
807483 490470
245445 235308
557604 397256
106388 810014
902064 565277
491043 630096
869076 842228
450237 385451
514247 48791
67784 88206
174106 435939
588245 382123
492063 246297
645327 780496
890163 272641
76189 751237
462417 146190
707013 149288
290846 247603
244212 31751
305351 854641
419366 635916
968997 834952
708375 621
484444 813997
104052 98403
766383 441850
463228 972342
271425 531254
305737 978416
279205 943537
563512 673238
276655 473988
792490 614766
37462 374394
870116 582603
673948 239922
369071 992569
723176 50541
831232 799757
494492 60412
25264 436853
715479 517098
735713 344848
567840 507720
687455 830480
937308 543294
101852 990682
425221 979021
29863 445694
741303 89726
736239 54789
82100 565776
946311 322729
129922 874365
797340 719164
229220 206449
440393 397814
564571 581824
819413 901673
230223 758962
901739 8439
979598 301635
713629 413828
614415 316015
67379 789520
370751 900936
297399 49762
11319 316898
475990 756982
999394 901962
9645 780453
749268 99873
969569 639142
248268 94750
848657 226332
43548 421886
777742 171928
118897 592544
884889 35550
313327 319303
579983 691554
135720 664739
274044 448593
972325 112929
403197 714310
896707 142834
262768 628816
698854 215587
908683 66549
798513 728408
859466 242471
436407 778030
40722 800727
311073 295883
171157 762151
270987 69004
437080 933404
547392 600991
14746 254961
676548 549935
638199 122124
124181 887669
338643 786290
801979 822138
506984 120035
134617 203762
578493 847054
427739 524390
481942 275445
538069 284761
155806 861810
270716 848806
405601 303207
658686 785888
531341 233742
92819 75258
68540 209301
275808 894359
536314 709824
538182 141077
698687 134833
389626 20027
577954 532924
395524 268876
690083 327421
944677 712474
822088 644991
634153 755321
920076 815185
433266 143045
277579 43797
281309 918298
955032 830208
734049 275516
379777 941941
744540 839829
338820 739105
279500 248695
886496 313343
139741 130256
749109 52196
402374 445929
82943 696382
144349 694539
266762 854294
831558 919356
614991 764557
436627 338278
403611 765787
980974 505095
347138 270834
755990 194184
779681 393721
636805 198919
283007 131970
673519 260242
292582 656972
678022 726746
930211 514881
420271 85379
168643 597833
631266 280325
156624 768316
379535 191321
120591 488166
90201 876656
714175 319244
259574 2948
37277 642577
686254 287790
423005 989689
959637 384936
390618 775342
855808 40049
589761 745311
204957 322577
463058 936639
156761 970799
690337 530716
320666 687225
559678 582328
163319 347754
857540 812896
825257 553805
55998 548203
282754 784445
709577 782327
888945 25300
276810 511468
15644 946250
751484 368628
576894 541874
537109 201040
744453 262402
198815 520701
281625 488520
667840 949924
302370 333105
197297 284817
750639 888361
66104 116732
244419 350483
97443 654265
827224 337062
400608 143880
749994 480999
354195 66622
476262 379522
587902 455730
711777 614083
788067 907509
400600 613916
458905 733199
665537 358057
788078 486524
731857 443213
358632 948194
312234 231668
532329 454134
708481 182477
549915 504876
758972 661488
100969 451558
324783 168972
27272 568137
913044 422474
766981 821287
633875 381148
905344 768781
565876 985936
945797 71227
661868 167224
882741 426075
588918 578445
69949 981628
396690 308185
603724 191567
625174 49115
921409 395927
195636 856163
804159 519948
286008 286975
997892 402728
44168 194424
655138 710339
329126 11925
828349 307354
833027 488654
853542 783070
547778 539814
454506 971425
492551 180807
426696 159683
217996 922686
246443 774811
768770 976309
138169 865833
759770 858340
92561 730544
238106 173465
663409 776723
459532 630253
893301 988299
228559 345842
760795 734254
598496 755045
81616 398678
654017 241230
983577 738474
28449 946638
195230 781449
856030 516252
285844 254140
219500 153611
268059 760181
662395 354831
58427 740486
811145 972782
77376 622906
495020 407060
972723 564024
710479 615510
417147 254968
953668 501096
422081 36700
634642 610683
252728 304653
378019 974180
857453 670616
88114 935009
90450 826316
897529 415321
336392 851524
417361 200666
53896 526091
413232 981794
668340 776540
285644 910686
157385 490911
52703 20428
433226 962153
313646 89832
967184 214547
144540 331711
5963 155383
319383 158435
294688 494522
821569 107169
856096 251799
29299 123445
190681 525599
83852 246743
538274 242105
30430 895765
107643 802185
856784 492164
146264 283981
758336 792508
353243 205537
183268 892248
209687 637583
150563 4789
788817 783508
604887 919894
318349 306388
886373 711368
574855 785705
579073 301278
124761 517840
808663 566974
806242 347116
169446 618225
879814 294857
56277 491062
846234 638801
644921 133161
783139 182223
903636 529334
902178 286057
583393 259121
38698 779665
716260 601912
53454 243670
330083 883140
917363 492571
779512 219238
740598 958838
936794 745950
40286 375555
583626 698845
262071 111327
912577 661615
898367 352519
675671 438604
163327 641745
792456 699346
208539 22652
362904 688438
464325 978223
87731 52443
587877 188060
951353 242604
584664 496536
117584 970656
26700 700954
185163 905619
373954 996440
691577 292193
456082 263576
390508 706149
303794 167037
204189 839190
863257 659797
436529 128175
897405 873169
543461 119463
905353 273185
407769 582584
626150 235752
351310 872630
856075 985766
626237 898822
696285 764220
623149 567308
474721 922408
275632 950863
830243 929376
117598 952861
515597 27972
46768 305842
503107 408123
922047 378064
419483 817463
850768 230522
314389 192060
893755 267607
790735 150109
136063 96577
714556 29768
203992 950862
590863 634409
86304 962788
126117 568538
186358 733598
329201 419983
463718 458812
882360 402904
526038 156100
724166 833976
404675 243362
130487 694500
563845 574490
799426 122197
804843 476878
531286 669648
517508 691957
241567 371952
939376 66913
167154 231440
16936 901654
387424 539662
836182 978546
914169 711173
701978 492184
977530 712029
257887 782317
3981 660065
702181 784378
109624 182543
900509 323437
29253 774213
316116 508274
37624 379142
524748 865503
447202 544242
542212 579937
640848 82485
699999 450414
294711 326726
943886 660425
528566 839643
398405 791592
365086 790623
183450 968524
770131 665059
501533 166447
895891 48917
395230 319196
316944 193040
475238 51963
708772 170959
233803 431837
53242 396039
780596 35820
459767 216068
155565 933404
773356 526910
401912 935470
71960 803605
511578 847370
763918 912757
177993 532545
807296 265127
222374 554825
355380 575887
851521 12039
810794 117353
129967 698306
303857 417654
378039 177259
614878 802713
800413 86542
984317 762648
129645 797566
691048 763167
465405 726967
272508 843239
364006 658988
343654 887290
882053 480913
392758 450581
144825 109369
814145 918720
330228 130182
570913 978743
803589 527800
156565 983600
275337 52448
467717 318375
882225 965041
379582 38788
505369 895197
26421 582804
352380 56943
761091 132277
339795 312857
164049 157079
867235 873236
643174 717527
888883 422159
884493 179349
819754 730984
531476 393918
498023 861150
922738 234700
453358 409372
908845 739944
665001 515016
357666 221627
301351 137098
607638 466262
225102 799858
451990 780460
985754 134589
630938 517846
261117 127437
831078 842743
80882 788007
554722 739197
3269 189167
769411 738576
145218 433697
347699 146335
624856 221855
461815 531606
574094 717622
384808 165467
212661 154096
613818 813938
91702 313803
622807 941197
825238 84624
940047 685113
412555 864133
522909 385894
823443 434557
75077 414384
160274 119420
214982 95084
104916 338361
866270 49975
931628 206534
899452 418687
297063 286631
712560 492067
606292 863719
596329 641122
147816 535107
836644 575362
254938 929196
304945 494765
140532 198903
424915 512110
984083 457122
862908 302202
210651 473269
343331 903724
547336 417784
600350 502741
368883 589639
331799 228137
222394 712575
32003 382421
938782 613252
800411 525062
88144 190710
948536 370630
480550 631868
275034 386629
763647 174612
488922 211277
911455 881791
413111 916883
609247 746751
617816 507705
185258 336656
421730 476147
727269 696615
902677 839440
732183 810865
928492 835497
58889 627615
877071 559331
709536 493026
543093 624406
55743 518437
814076 770729
964496 107641
552991 10887
391022 761909
607777 605951
44946 604739
453573 442866
604937 319184
753397 324455
559725 506778
133235 913154
310493 994279
304490 756021
261251 165324
557973 711940
267484 302211
285255 895010
916040 882145
489822 288807
474682 22972
556408 898036
461572 607676
76766 294456
579095 924401
944552 20865
182059 730855
979966 280907
490081 44397
782702 749264
917078 307718
313367 631434
614686 840716
574816 585143
872040 571607
531578 565298
789172 16829
653022 62230
839679 881681
786966 738000
202138 910626
933770 669916
719598 616196
128054 696353
55462 504325
871061 776418
600619 473151
975846 482817
331756 316715
392496 44953
970259 137760
602705 493819
905558 62387
252483 21460
80912 907675
276994 661899
299222 384937
110470 965713
527391 725655
667350 191422
413854 580992
905126 878827
294354 201154
147712 75425
696536 970970
908364 360756
420393 55046
19138 415925
228875 287618
265471 959602
539144 424981
870000 447775
108370 844196
811726 969821
624321 269291
462529 358081
498062 577099
392325 208880
202566 202800
886510 381774
388425 572580
661190 952235
566855 47547
147737 382158
134898 201218
109221 916118
561029 214210
993748 927592
968466 468908
173670 203588
881362 259663
763879 16100
236609 78327
796871 77530
840085 223326
589594 623773
145408 885925
204553 66175
479243 919214
406341 650034
341463 65144
677584 610042
941230 350084
433845 803340
66510 568368
439892 933313
841508 558947
79783 98328
410781 258437
917974 361023
763247 812124
605719 888242
798754 293912
823349 472202
217548 305389
483196 441234
259238 417020
678250 667839
25602 912933
800349 848742
290149 879865
664007 15331
498637 258909
159744 182746
910986 791481
718240 831770
100853 146036
678089 80275
294250 9267
202972 21544
485004 132560
181375 613727
836232 354999
690854 467484
404975 262062
285025 507176
821535 129610
401215 762237
401254 848774
917248 121317
25574 310602
797431 789043
455515 975821
200942 94711
467050 681804
992110 566813
362019 310445
255717 891405
651078 842518
445707 114007
107454 324182
373625 717952
217405 460384
173758 228444
867316 279715
273851 881754
178712 973310
201716 852314
773562 234005
497512 792834
832277 279921
846234 234340
360658 488031
546157 604766
992656 38600
266057 132342
383451 963345
696621 774531
126931 2324
662031 305902
729705 310262
896226 744016
55711 312173
428186 555260
153104 324513
554396 85954
240261 476554
606003 977106
378651 878080
382550 858088
385703 576097
226915 354639
977532 204398
572682 902208
883302 52580
31719 786820
396463 873091
855620 674529
968435 371983
208589 910059
141305 59674
707134 731741
868867 587986
549699 539424
534547 685374
629803 459675
566901 503306
305005 400074
294343 548300
897602 732441
580381 462929
471175 684286
45678 940116
217109 676315
814444 800862
975067 308812
201070 851162
124723 759565
577738 284125
368985 973938
756232 289454
857681 267220
64287 353654
177986 20339
638987 923062
495952 683452
182911 694701
66934 269620
561320 871796
395462 30450
343050 747786
322380 538969
867688 206583
315144 967856
231533 729419
90319 439499
386267 831258
739885 153039
418228 739536
23799 385986
655656 612382
970600 63995
733158 317916
912852 33474
516832 593950
403227 304766
775522 220848
124140 745267
100296 370514
516950 838044
662552 135843
130986 462825
896268 439044
696351 472168
568804 249562
434543 791249
4183 105087
604141 766380
616652 525486
564434 346096
93153 392963
61216 728779
678204 383670
872938 160588
705307 889249
856279 815162
495939 784270
305028 846288
626444 781487
697734 293099
474854 90121
763838 214253
527271 97919
172563 957493
275871 912530
246692 713974
888757 693304
944233 999255
637490 319624
606218 807318
501911 508857
119620 99059
627426 89989
498578 35822
406290 209339
305975 733721
15596 452829
782195 732991
786106 200593
173441 286634
689502 371305
751926 163066
531003 996534
664207 729161
617263 38936
610804 211169
69704 347928
774987 371656
367571 96602
180436 192216
492623 134926
841063 869819
581982 744051
740967 339594
90375 587502
264264 450105
13827 613264
12005 969644
263988 437442
768832 185169
929330 638199
90965 116133
333480 960166
864426 282936
538242 687067
882187 182263
822362 703351
378586 223795
935963 300763
326111 888852
507849 250991
657535 766533
853939 85601
242522 779802
469728 244127
498346 498065
286338 122228
116737 726804
829738 399679
681023 130705
345894 75634
67403 779848
375519 317312
493250 538219
299374 362902
582266 235229
898662 484109
583572 845970
589563 972643
203955 115308
684807 176526
366363 872538
445197 446541
809823 793989
43558 643115
311027 233933
615529 217188
541716 325175
606034 937030
421663 421095
32320 308816
473834 707364
155086 115650
376806 474321
406142 476856
725397 759850
427167 273544
787893 925586
28558 787343
959069 180237
992035 544900
368120 393099
259931 295451
30186 802877
137616 810364
403018 118136
539533 901276
622759 998018
800073 428067
257566 497617
943724 659343
100797 645781
631319 824189
184575 954433
966560 756583
672365 620630
523656 414246
333149 165453
562122 739859
319783 147748
631054 855886
395346 101383
180442 158720
949511 630274
56653 344792
734279 625485
983797 203786
343129 987586
998357 894273
748605 792631
936093 226458
780109 209931
98681 76603
969405 73674
211474 684945
503546 570635
170937 210470
702198 911321
545193 149832
920611 392912
821430 120205
348352 977672
515572 844970
820733 648466
278783 409423
137372 523058
651224 759378
795009 580353
557662 936075
179491 640868
340362 527808
378602 316446
718206 388900
276818 150963
388798 572540
903661 453942
363534 867754
674569 343412
333330 746843
444998 276429
237650 783481
741824 124090
540259 42393
503926 183059
74836 950949
46847 468779
85724 479088
799400 31603
159172 228056
149404 42259
384834 489392
870361 845477
185915 84685
963705 848208
782368 316805
845477 973986
224916 715245
68349 558583
540112 192695
457325 346668
841515 193791
319791 443437
490961 640895
427342 873196
291456 910903
395377 748785
451349 539822
933657 537013
719816 687401
340254 495757
298577 661692
470501 650872
202857 491650
32340 962398
817631 916266
992296 779929
938938 181647
300712 30107
864886 254084
531818 570281
321702 690604
896130 530174
981452 191104
573510 560281
169477 647601
844927 882614
88324 299787
597794 746114
774706 799509
403749 795076
197593 566955
669370 668014
905587 949660
408746 852126
351899 483782
859416 45751
688620 1035
171838 454128
311898 42114
759538 426127
97731 312014
615119 294438
573212 399269
89695 869536
980323 890406
929391 478216
60309 609792
188560 910147
598190 143979
605670 826530
397739 857845
474659 273865
403725 164220
571670 323471
671904 927004
729244 601609
230206 742309
755694 614775
177723 561924
134114 320231
343948 555658
764727 491873
108009 921430
341993 446448
885862 185477
648098 841490
752851 991506
559386 722643
287502 533301
788405 323978
747986 273488
998928 734387
573785 765347
935612 444558
284660 135004
886566 707394
124309 789735
734620 282534
128475 335463
48092 434964
9896 531654
281989 816163
859102 625917
606465 678345
172959 188035
261883 652504
621547 10027
500981 268675
95673 870715
527904 917281
416889 214835
328682 830278
146408 112386
663616 620495
738090 431465
359707 211977
53429 942949
430692 775772
457675 417386
649963 32762
588113 960038
200497 925187
704436 601395
519286 289846
822135 685481
176587 125636
322501 687220
218190 208542
192226 945247
344703 397982
773303 863023
636360 431685
32212 29043
103747 442028
763836 671945
653557 822442
512987 685782
637570 379043
237594 385756
885146 838251
734643 597215
922758 480105
94757 73258
750048 370736
388041 710005
783850 55743
229 479113
276414 122558
543473 637273
789798 396806
270550 456014
730610 882685
483931 381560
50832 598769
961943 330096
486573 911302
476764 84903
339402 734208
111246 698782
626571 504832
719851 154185
50351 84288
76870 635670
557241 796290
817474 979108
395918 132360
537429 764990
557083 561195
634505 442695
489588 325308
18678 399214
277976 258055
890112 747181
746628 274571
719398 208565
704759 675911
647398 922162
770746 841590
392488 155263
655761 937241
354695 60970
316412 88223
113129 798992
683587 940448
828748 177792
522948 416770
219101 911751
578265 542268
247976 599433
126923 824733
658992 654582
881154 193836
34001 151396
550350 171817
385015 315195
267527 545826
239872 560598
259718 597742
882011 3358
933912 61857
605179 656384
944775 69916
874394 951377
328160 566552
670998 851191
866092 606443
494699 425505
986819 128608
7742 107843
892651 493460
807086 288975
183759 739142
418114 701633
76113 75061
479133 756502
899523 218108
474099 263987
934290 933924
637986 516106
152359 556071
319611 77616
45624 924003
835956 972517
610217 941684
498920 966265
235706 851608
743887 502864
257382 872914
129762 465494
162775 908535
136850 989166
300096 250055
716526 469972
527826 849184
936017 975693
463660 448562
622337 186305
845093 614503
609330 833501
826290 387375
709509 381819
690613 966021
502009 430249
376232 747599
692759 286013
510587 910860
604123 529746
189056 628794
857075 961404
590081 837879
250911 229615
87912 290755
304676 974036
224259 117968
75138 519040
564751 582835
268596 296838
67015 619089
303755 846647
327941 753736
85433 539044
804836 476396
761217 215684
762532 259102
402857 44282
613835 996988
163951 497783
151203 102915
644134 90522
238278 885524
286271 745915
336972 356135
541996 120762
894088 851729
728757 114280
469435 642471
644281 836867
87590 706129
230422 994113
550363 739078
911235 565243
625394 104514
143389 669828
182459 175134
432929 838710
96723 96295
186834 368604
170601 662768
842930 591088
468559 259640
733893 757341
668932 506236
781359 751068
742660 634664
125574 326472
347141 259638
595221 775077
840790 873578
81974 122776
348889 329129
66775 294311
622938 520087
327513 304097
615252 861679
262333 986282
869328 371318
222450 136044
354721 511779
673984 383603
510991 382096
677166 488038
626692 686429
548728 273698
142000 236959
435134 599191
696286 673884
399846 150942
542367 581758
467955 407262
883342 203601
443158 736629
895994 8957
855656 836254
381345 888972
533175 841615
505463 24499
452628 725407
384632 624798
159203 219396
6897 86688
323220 279896
289237 661053
485352 750389
313749 929727
395668 276841
356244 290424
681461 496119
93850 260527
300780 10148
647055 445597
335956 410034
515460 863967
746800 494747
506402 553081
500796 493533
770392 873549
729275 247995
610103 326037
630038 668535
270088 42302
7228 839790
88166 724
970639 374847
654317 905175
563343 16350
967635 81963
11786 875568
135814 363145
574742 857994
790747 578578
911582 185754
182762 962522
887577 143509
316299 811302
320844 163879
633773 514967
161346 198130
240062 649986
402488 407158
273263 796302
987143 769965
643863 861577
349089 391135
430941 761014
507355 394476
405172 422210
589421 689242
515798 261926
957834 734848
598352 983717
9187 982778
768005 590304
745126 784351
549717 790862
520611 591643
927935 973091
789925 43133
305571 143406
631214 426595
285832 533974
452367 208716
188394 868996
616475 58026
555919 191884
934904 435618
571925 443622
327272 770677
259282 280230
133355 306796
394538 615490
91669 293484
463761 291185
603294 26278
303050 32442
529718 686784
499529 98792
588242 686772
488369 800022
148299 539340
166484 95204
578322 992631
766304 328764
218233 78042
673398 841449
985285 547890
18351 688268
923650 802522
360734 338016
461589 418141
39656 410002
332946 346707
175721 920129
300428 451513
690174 361721
770109 49605
902794 406799
124449 104681
357564 892302
77165 439468
193724 785977
971435 516058
631515 389300
203844 363048
596168 861871
69436 680750
34014 555926
447911 795966
530784 210903
674331 819514
711168 873248
778502 159559
130083 635436
281010 511554
891229 200984
257285 927087
730926 31074
589034 695679
600169 593717
940617 747016
704571 464190
73351 115658
198143 424918
401521 471321
422546 608035
133491 710899
605183 14142
788562 979981
383215 313663
157933 374619
963801 316371
772911 698365
921564 628796
667606 886271
832229 130829
126733 384767
992149 141309
497008 295869
267811 966467
885577 202047
309401 681398
857614 132759
537042 293226
437545 479832
425014 845865
176901 992981
734124 497965
641333 898816
560799 90295
619707 198563
129447 690693
792641 779058
426198 501173
583543 471239
573807 338853
337012 571952
744014 799419
589049 624287
701095 393222
251061 573259
449025 1520
168920 228778
86185 599658
901825 82783
35965 334024
649660 108103
196164 251400
84562 600169
961976 764743
915753 897559
333860 107092
913798 254924
221117 357617
690749 765898
25894 235741
452684 93548
192795 612910
757134 980480
293284 830724
338422 743792
247496 530490
345052 341789
100661 257828
344469 529840
849082 382579
81901 590357
45325 545863
931876 915272
347055 496678
576394 768646
381657 926144
19215 316953
44260 881028
752254 296194
381505 921632
576529 343554
951385 365133
145850 423984
845776 628595
316242 50789
371833 290377
393549 848241
159233 3026
769882 416975
150811 995066
326957 202100
625680 399217
424747 339656
887634 811896
667425 614874
800927 12192
770493 778902
70934 794413
387130 659523
490836 587574
867225 997217
56028 47516
858564 626118
108684 811051
176851 985339
200879 741478
910618 803945
427707 946950
95676 308286
421440 242006
806788 643306
420999 467515
572022 842108
909293 120258
925068 721465
120822 721675
494814 695621
401958 209147
675890 26999
82210 73490
929700 905828
35734 577787
72124 480868
399453 648277
546679 323294
144442 912425
766651 704423
615648 699764
884838 389722
152228 525719
346949 782213
458887 664599
642090 599171
613618 204635
667774 104595
177934 786632
188798 646088
223155 385819
342720 637876
358795 929876
855494 567923
681542 115305
320282 120539
164929 536922
120054 377221
327400 136870
48643 589662
508588 717710
919012 346189
612027 754091
828520 889105
114471 817946
327333 102284
389858 199579
695846 303750
537300 170895
251958 453703
283333 574361
727976 36607
797091 951358
140423 791707
919310 118963
906327 124064
379475 443839
250323 634882
136478 409427
955094 634702
378829 810347
629180 673745
420112 136141
383902 766492
338729 552186
134387 926541
842554 577787
700245 708131
355245 253748
200020 322375
867625 745494
357860 44143
834539 235526
95408 614976
299701 974553
660789 628404
468025 665936
969258 304482
506168 539589
199616 76763
823998 290416
151382 925107
619757 301494
91171 954801
68039 798586
41111 101737
466463 693767
541423 998614
122879 354729
731294 785009
538583 750629
969315 341133
70118 357743
354054 62996
258272 291742
504986 101834
158498 340283
694422 495134
707302 900539
958927 822550
661348 179716
692604 405467
224470 988499
485177 124575
772327 552105
360505 729015
619013 945116
782572 613299
760698 807298
826835 71050
195607 469311
940119 16746
505238 227772
241268 51095
162309 345363
691007 722963
401091 957380
959634 196703
528342 57427
596422 89688
993833 134071
4927 168716
573865 313563
976061 484937
206113 173560
708108 430458
541070 996752
272455 893216
614344 537824
655489 48287
616640 381589
931944 51761
496837 767962
928030 974015
766903 442234
912785 846464
81740 807789
899771 897342
562794 710345
300020 154561
508832 629359
340236 20909
791106 231230
91082 270269
167369 6378
924425 277079
213224 151206
413243 805759
482217 957878
464657 238657
38333 410577
930568 764909
353323 892784
777627 242571
738566 280900
987246 98423
11655 960483
698448 646738
673956 898553
855653 216501
53493 561044
598933 11574
103224 931203
53778 939150
867072 680968
823743 775022
221558 378283
598539 442569
155627 959248
521340 804694
96427 265574
229960 277698
310870 634915
647273 486526
346078 190995
469684 710339
170300 62441
862105 5811
655654 999006
455231 244226
551816 228089
295741 998915
587758 644436
155545 622653
555603 557562
14088 437470
945381 557971
893296 131766
99141 501040
11781 9469
583764 864751
767910 652172
601895 855654
352058 336155
703861 346638
305389 187756
819912 807667
628962 542082
473985 941042
635982 586030
730182 816342
673850 103846
279698 941460
422726 745541
675920 357544
790580 612035
31852 729081
837191 840636
365297 766789
816890 228956
542211 782068
305367 279895
423079 641755
271066 358021
897469 547012
815469 177819
521398 897626
297855 3886
543281 575562
727043 858107
247456 872337
38835 560650
299280 997599
483525 4113
649502 230144
276281 796833
446174 424980
538771 206905
99063 238119
104506 722325
70795 345862
1355 822955
251911 363699
758906 738394
188457 565219
857122 384054
335072 869959
665198 578039
37854 692343
947380 618543
113021 885387
830836 27870
280641 664568
779267 405850
407383 367000
329036 381511
513584 923781
769054 148006
971621 337860
351046 901909
141865 901128
647289 837002
104927 514673
987212 620009
203560 367835
151208 748373
638689 263016
225246 961021
21919 711557
377568 786167
118571 37180
734702 667994
587832 649178
885333 3453
88245 183870
103914 132684
320894 262464
665413 149856
692871 527215
64135 804497
534196 396041
911394 3909
998587 218333
562309 971216
80370 976
900839 74698
3671 711118
55419 419
46778 2024
110328 685253
721647 26140
792662 301763
716887 443638
975792 296389
254839 839552
855903 145036
130922 956650
757598 367131
948185 737173
564558 923418
623412 71621
281072 668512
510794 398514
408674 924771
432621 729487
569292 947211
880058 366452
140825 224271
231939 809011
589348 75550
150289 852247
365220 642956
366255 155660
727920 64587
320588 989529
750311 897828
687488 916987
160293 457428
724945 466473
439907 837968
365106 623518
620949 948226
576671 438461
127442 186186
104235 974309
249707 419179
856890 625627
777804 33831
53459 145966
685155 962295
630744 484484
505753 942440
699565 985045
357511 647265
510579 368006
807271 373735
50234 785677
502066 490971
371240 760923
1567 711876
619417 443911
239603 568950
575232 344187
453846 363508
444575 608454
277772 863680
974135 327538
356799 907471
568488 240554
10714 934825
475225 999068
617920 679423
943262 802012
678444 241241
669772 954885
38943 850582
446227 111062
323332 346578
652150 311164
599232 835958
100980 237034
783381 807582
537180 185045
309888 49091
83540 984331
75637 460531
695125 155156
534119 135412
445900 116294
477657 968962
228560 484661
146820 639051
61448 331312
325808 300965
355760 123951
318867 815638
188570 222622
142500 225842
40305 74423
240668 142169
423695 26607
983363 160698
49787 362091
454047 88048
808768 185000
385585 903982
975997 716281
279125 656412
82632 188440
394391 368180
84827 304048
707283 567629
729049 679917
31961 345554
743822 32088
10075 549860
574378 319849
98037 169737
181220 137274
494926 429771
178410 60354
368209 939838
652692 584278
44474 158217
592363 926965
558488 980903
654663 131355
990931 234888
903416 954878
36558 853638
247303 284702
142437 661286
379176 602351
217754 400594
281768 600668
852617 547949
79882 655187
310239 319682
176069 189309
607913 544767
286693 40005
345265 600239
195806 563294
558728 31140
541443 100828
291227 404121
778948 158404
316760 438356
177270 791770
491714 565550
941351 315687
664427 678521
241127 968508
919696 740148
103822 2242
273820 422948
592796 210171
441926 625890
870080 128852
379350 72786
466997 224926
211259 897813
144018 340684
835837 362974
853671 267794
815159 532161
423272 862578
453323 706112
469929 440184
430079 696899
426995 32444
437379 482598
742477 206382
548731 232398
800964 174090
525318 363295
488422 758177
771387 444239
71863 268708
704906 271330
515654 842355
934430 79479
599756 428329
825648 102845
186763 234811
44958 813062
759010 338995
617191 482829
615860 573329
358228 975265
786285 534879
739232 77358
63125 984053
93273 565325
275422 890925
708689 378723
543069 66784
825993 970212
860035 381458
850051 676776
196619 362324
962905 330561
452714 95531
265271 903931
213583 224813
568290 174404
511407 182383
863765 597601
76439 154486
975413 514761
943432 93857
503766 236038
318565 188417
184630 743759
100736 383739
631272 159734
301691 839798
381403 986044
123595 300592
57217 17699
698845 513415
194846 970101
157792 769075
521332 831408
425236 51489
394125 709003
722963 38890
547291 735859
480294 931836
493748 139032
723978 525732
403444 881996
267451 717762
969485 402180
237751 307527
880395 106511
613896 590053
195566 706172
731848 837456
534414 70621
404120 400889
203312 282448
587420 53550
288897 994239
998840 566134
458950 970412
500705 618076
483799 198906
530215 117261
886723 148661
958220 400069
65391 473223
422931 186907
453706 860806
697953 558092
173164 776783
219694 843259
788046 277474
796266 280397
150348 397224
554449 175140
640067 655173
747436 904240
128694 458746
295567 256544
828450 484408
535512 476872
524782 39345
993857 570866
569500 36601
423046 301315
767600 26652
717922 191212
998174 348726
211779 465572
847975 896415
821652 826865
60718 920261
658605 835259
498012 895489
238438 115332
800449 506874
53387 992593
946855 872022
560989 82080
873042 765667
242624 15863
127405 411785
596137 525874
323070 781433
119664 161026
605334 990842
265087 461415
999157 851508
205649 309224
925844 221918
615845 880712
412760 716949
117246 98943
588885 266205
148753 315797
795790 439315
738987 986670
297172 734142
270243 43477
958083 445367
500382 241458
415617 150755
414221 300996
455286 117250
117715 141161
150176 564730
797732 88026
17474 653574
782167 350636
747824 458703
265174 746603
95769 94908
712187 624256
637679 934257
736497 539376
66433 458773
785393 990102
214914 426793
360155 259061
907226 585121
655456 29598
269441 942249
184229 458925
619118 552307
358140 897622
674281 934431
163463 8639
7170 785086
743420 838039
52078 685526
57658 738340
318000 629792
190897 545746
791802 105424
262572 844091
906177 106480
656803 295594
874500 263388
264435 405067
793776 630451
434621 330017
833751 190102
698308 753207
459554 401116
510761 864622
552020 690135
233657 706545
265307 741356
119886 70417
602790 682289
136848 802756
555266 340812
523559 85270
994648 34295
615652 176131
639049 78760
707772 376000
974372 70725
931984 589857
122203 296066
792585 736929
83355 517444
786156 335830
221176 30224
871355 988549
881871 525595
889396 361841
986211 676661
957572 914277
497159 560716
12826 417373
11021 364839
978393 859240
578442 901781
555994 138858
929233 950969
458034 256136
315944 347936
369270 75826
250524 57923
15710 753851
463777 951827
713544 453280
947394 625482
839233 784504
912629 297904
587665 300096
215508 207420
390756 753739
351393 460650
201594 588299
98289 158430
482917 922730
427682 319456
964058 457366
956888 997441
9965 132134
661941 532583
170023 121163
107673 944575
877322 929388
534266 329533
768339 664014
316398 358397
443909 591108
814200 478367
265092 410145
83333 816075
38900 646330
120745 942495
58157 18766
746948 356700
546321 539857
97586 466842
694648 852152
863910 737854
397650 270792
605456 261632
79439 764812
851201 659528
705726 963828
454441 97309
747536 23515
733888 580765
175592 784938
82346 423191
905103 513459
468410 86035
911033 381182
926793 583437
514445 704650
905185 489505
312772 4152
582301 936178
534755 915098
902609 465146
842887 497891
544425 469140
824112 669418
337666 165985
478097 508909
598205 566878
63428 933105
558987 156615
995107 787782
585551 857298
233499 590628
334124 447559
260581 246193
78058 950266
278015 495648
844282 77504
95345 37382
657698 473250
223566 619577
574145 116196
922541 355694
85742 774653
514612 47492
897264 962184
932442 891582
677734 743618
195168 59039
226851 119015
769247 535787
495843 611536
16763 312839
413363 928355
8379 794354
816532 200176
37763 291901
205532 473681
709885 371603
447173 949157
93110 957567
879754 26983
387758 872599
156840 511823
723181 183656
531834 153376
40807 301333
227434 871602
522252 444252
807814 341482
276914 63098
111543 993935
750910 871827
578032 483350
813570 251038
68721 451436
759590 114151
626644 60627
360974 824019
302447 293852
61563 779714
780651 479215
116684 519703
125770 952240
2878 737582
982120 16953
153591 812697
981404 666382
793616 749027
639895 174594
468638 194978
708340 388950
457973 354922
880551 855286
142108 90180
168807 406080
661004 91111
918460 903109
168515 979617
140624 625922
429887 696302
319373 332928
516859 112631
927140 471923
495382 706238
199923 774126
270382 396464
683831 702806
266858 400134
48376 802343
22168 497543
222079 208167
422707 410514
842329 562606
128260 896247
974531 122260
479815 215785
756959 173939
919273 210140
119686 246920
661388 237245
395257 234843
486627 263370
220183 287823
37080 412044
575846 787376
679934 471081
838838 976316
256684 646309
159219 234679
872194 936758
916428 589295
196316 447676
683885 442712
555141 920453
380476 6314
51803 663793
918039 467110
919154 186270
429323 696208
724545 490053
761250 626221
451910 874289
764705 344074
740630 393512
779091 874993
805076 859965
361425 696547
827117 892055
525659 343821
624040 307762
331815 266305
183441 879148
325655 412409
904655 446904
624794 374272
905570 922127
411471 588083
704091 508138
225535 964135
394053 820446
958317 200746
59336 788068
201021 883053
384483 988464
599386 503433
752232 314949
495879 270639
56516 996713
331533 370311
808829 430026
153231 798335
862458 29661
45547 680923
787058 277624
841716 744164
787701 429139
359482 114848
313366 542019
466680 503660
343520 506389
455920 647784
889099 323343
691626 946151
851970 833655
685296 367067
336983 854194
43242 566975
784025 632456
343390 445763
883473 906975
420517 609998
495835 197025
769438 419417
73891 843380
6625 281910
195518 147454
41561 174218
60716 845242
360950 640161
653862 447799
487988 749741
931955 544756
300248 478677
824979 904919
190998 66540
145032 835272
323392 171602
378030 618039
299641 757459
626905 954603
767238 776939
386949 503715
47139 532669
158493 994296
674720 862922
382011 381796
24672 830577
968050 290206
846723 802116
721551 959166
861357 853536
199198 123186
728379 165274
470105 513721
296760 358241
396870 341124
799079 86146
275867 214089
855193 749851
723343 417282
325565 660877
401348 268825
588826 773349
952324 601346
108088 346821
47150 457518
649295 576514
324169 156715
690425 553825
295535 452452
768878 84730
200133 811752
842376 225495
788641 392951
788192 685609
122475 536578
680869 755971
390080 803064
680598 140494
782944 458492
189003 782763
236522 472822
286036 799085
615981 555818
850389 300807
328294 890967
580080 402822
37960 897831
230860 823640
189307 156134
441095 721539
693322 638971
644332 376426
241535 187748
420144 449192
102909 288645
902991 30430
516192 166908
211382 772548
769250 360226
409158 30614
47152 344381
494882 901206
581116 690736
733601 860661
184888 696944
162228 236774
528867 659995
973415 932515
520621 314851
290671 24622
63626 391260
990305 139102
97618 307694
390476 966139
519228 851213
100271 3868
245859 234146
865909 154593
374827 587119
608350 224395
750494 603964
515694 820733
658826 140067
718995 994250
796610 992803
569585 770743
483229 4021
827524 717207
236086 501243
556245 897833
477258 428538
113665 403075
213654 676711
571500 561019
472788 57787
973678 570186
310628 710363
392313 433576
387657 979945
414972 876025
330893 906416
369450 637526
502267 107930
72960 904719
723608 899431
565776 326195
27838 73612
228509 310402
442659 945397
103824 796256
21507 539326
884776 650625
420316 627921
936114 926770
542628 917805
477706 395413
585591 16272
983647 225809
757485 483128
915596 594763
955481 383029
7795 896114
756460 989178
19372 895030
924782 937984
381328 538815
773206 311974
222009 618178
739788 298594
661995 643601
105656 519530
14967 306474
540142 444915
338041 257658
99706 18749
474856 470224
938106 408086
219721 388900
111108 370100
937374 225971
850840 379806
800790 255352
370964 912364
657765 325410
853910 563297
417186 888702
591039 695234
283524 816661
582026 32135
665981 666090
540913 217674
252254 263886
108049 420913
358794 202718
799270 201798
261476 494601
889518 217156
201158 69626
545522 427605
492115 828251
531724 40874
170717 578110
854771 182729
918398 20123
608077 447384
921611 596103
707090 43666
485342 879190
460394 488046
150937 756240
414205 599921
896349 610595
86314 166359
580680 192429
773933 568542
657288 998964
488474 126852
521380 324656
347917 657201
344688 975568
233892 713961
654410 953021
783708 401108
774502 565798
922949 2832
294078 742364
16005 538070
22080 168778
87563 205528
497673 594124
778840 486321
847701 131421
324035 322640
279142 933656
624916 113217
693171 560566
578501 102723
810652 455893
632328 547477
317856 862746
674029 305730
69676 956575
407252 735151
275655 126301
307203 299126
197415 874874
251877 522778
831171 757917
45001 188136
334307 141859
256567 217966
511142 147871
387585 771426
734372 956393
218399 771290
918749 488930
337556 181967
482613 743421
910625 554604
780613 333134
847204 929397
763057 857546
960171 200198
629833 785328
131640 387671
157674 351869
492163 377870
984927 844834
878948 747889
557308 899778
265452 728092
465823 762519
149006 34805
381273 629094
332913 322801
261086 473948
48678 742198
370213 947529
567793 371596
622439 578347
270275 359723
247117 292127
90716 85139
939523 692952
110153 817009
853535 709498
599740 482624
758488 375039
154928 576630
123155 645808
325853 961856
846250 567470
493113 537224
825257 723478
638290 49502
580275 998412
41096 368569
27903 525936
990152 809069
753114 266015
384085 900505
3842 714288
599796 24700
810639 548267
730923 34989
67358 584306
327571 893901
71367 138716
631246 204154
340998 254918
385143 99438
212837 354964
429517 850947
618928 979505
5390 270997
129637 793800
384529 835012
397053 799997
742424 413145
252425 58558
920674 256324
798161 244840
546330 878257
672115 968489
531827 364713
485078 927091
811359 983809
413189 771378
155794 557500
118153 713973
19062 281543
321022 800958
418534 268686
781344 596676
210796 7034
481885 53792
657112 908472
699581 586949
435278 180883
453874 923974
290742 404072
650515 97092
384276 98324
10005 269768
363115 878864
534526 778857
682835 784226
783464 155003
544943 116486
447336 652572
971116 151619
573269 112207
310624 691926
17690 677166
592299 569181
346287 214047
471304 751365
239319 429902
458758 317320
483960 696483
90658 255506
812902 142474
176027 289958
896532 791822
751430 104888
621680 197241
236246 505606
325734 304493
387015 4242
456363 836113
590040 421208
196852 125624
160055 315427
380345 579905
282656 409056
903374 631194
367519 311810
164088 434130
333333 816681
938643 722451
655650 200457
241613 868536
345427 604492
35910 965953
126081 565481
356266 223477
905483 973363
512130 585930
922965 406067
142575 105869
31977 410748
968638 783812
619919 864143
986045 450175
163749 493403
744439 384058
946126 906677
47447 359642
9004 682837
272549 834914
105242 479389
312048 605996
664429 255772
758521 492517
718489 638107
692270 730961
725093 739010
143048 739334
554828 977060
127890 559333
868125 406699
196425 35341
451992 913368
955831 741508
698125 938450
299994 841430
733515 698411
534276 188967
663309 21328
894556 712695
239615 316650
883126 190000
262754 541442
229843 260277
844404 428606
344329 936099
171097 363380
969099 329254
778235 42863
964328 186062
897747 880944
664277 342059
81145 37512
870871 542839
887385 468749
382106 857315
702052 219865
571580 422248
700991 538395
704386 473308
338110 433610
679644 57251
254385 737169
412696 926239
813380 697407
240290 839149
325730 666184
959780 328492
928586 996688
129296 925214
899943 623029
196539 296947
499467 842801
904667 371223
454806 497953
182224 752872
258305 258581
37103 612687
467157 520120
564300 961041
666935 184222
613035 775248
664923 837650
906227 619878
901978 627532
158075 429780
820304 922610
639407 818254
907019 615920
879444 787147
658413 587944
480590 945848
244967 610937
31552 393589
687353 291924
650655 401738
727689 326512
110828 503303
384887 331585
276949 123665
82751 747398
496942 720991
737969 161155
517111 209501
703752 224354
380392 758013
274138 428132
585853 589191
67986 567206
331962 725580
535917 196879
427583 664036
783425 925029
409205 817224
440869 286027
704813 17698
32060 430743
332640 802989
498887 384049
770511 629086
750409 430898
217792 912321
733130 720867
682730 288602
250002 276305
90082 229998
493258 906803
978358 247480
424938 740731
162604 550306
867976 791296
824417 712158
469448 598752
350729 812437
673761 243331
530812 990623
668705 391659
44895 837615
694695 452402
653155 507707
886176 733983
815301 341025
876417 332272
899203 563975
615616 728195
564662 574253
840302 824077
390468 102390
55766 766534
907855 967843
907328 451853
948754 944769
220742 382884
390729 934024
182756 410709
615708 545614
304597 873460
702556 602102
90520 917765
122214 717682
825374 976166
875308 904612
387192 158924
506259 841622
790576 522517
953050 422852
658198 911342
393880 12208
71889 299764
143767 335830
690219 268314
922211 542100
558046 39017
145676 540698
109683 576418
683473 411759
62880 443346
805809 36321
931982 882697
808340 464063
769440 979870
99085 9572
12870 669980
620201 699954
273146 254660
853380 807930
668555 603591
963589 908968
755428 177619
394983 938651
730912 307156
820385 190920
94489 120987
941756 445137
882466 887901
313407 695739
973334 17711
431037 18348
131649 20357
481447 737604
208580 344871
255894 995629
774241 124888
814223 342177
639163 448158
680889 380980
910769 355326
538400 5051
561657 254672
573460 517122
816520 603329
660774 519672
438710 195684
926407 973398
399008 675911
730174 234185
29411 643510
668024 334875
583567 587307
784639 761563
341368 343989
644794 734683
12099 369829
752226 173868
477076 690314
886821 976180
61452 751310
384248 957579
181524 938417
61974 546891
349239 965339
525980 719811
93660 165552
534613 891351
485030 305917
718328 488704
730828 666192
265900 21200
504461 128788
605664 67143
684370 282596
515120 111158
846391 225919
742677 58920
567298 866341
947057 909840
435270 659935
868595 915346
201172 984600
254278 631492
118530 517292
76283 106327
255062 143235
473123 448097
383045 53812
850819 391673
196676 806993
184315 624506
301755 748466
380105 396809
730274 987187
632816 223122
393036 214676
289814 708346
319981 91530
855669 666347
410345 917605
981638 631801
281543 557994
543937 235161
516961 126434
666631 656812
678351 524709
823061 514043
200031 762578
561288 586215
420688 984995
971294 827112
922494 929038
799196 203046
795520 420472
190913 896936
353058 559445
454636 245549
292030 37968
78672 308713
53334 338124
42136 188036
512682 938646
348610 522221
52700 453596
180687 412229
524101 116674
784781 218256
330957 665554
33527 735419
729848 849195
371516 33383
153330 770490
494287 462220
646693 88625
556311 396410
673887 763265
420079 292034
494511 958360
283052 236625
867583 677253
692108 240068
472998 133910
60405 488173
999734 872482
932795 337511
390303 909650
108720 977926
360286 269061
297800 683802
379370 768179
678289 837375
345786 906447
480008 201747
935268 989356
750764 697292
10205 149137
259457 774143
281605 61568
596750 404102
771927 316522
579150 412414
739791 859325
641198 954698
771695 923290
823241 11738
17356 956137
598613 984865
885122 946795
716300 760152
67102 623637
376643 913804
359950 441367
110263 713818
991508 305920
80541 954333
868634 714010
110167 733170
517678 363848
156640 336216
427237 926356
624342 189299
492820 566601
728058 614457
46111 900410
395027 513096
61781 728349
121754 609993
9514 569184
740333 4148
951054 459130
19185 637340
161084 811766
140370 880709
963429 877512
523529 315332
922110 961130
187020 664660
973279 565387
82639 478709
806131 529624
326167 200039
664193 81833
81044 965595
537156 786281
362947 370391
530362 32956
511877 917879
835018 778027
928002 535473
728238 135969
107806 814133
765865 350628
105743 841439
535937 850266
525013 755679
762929 507816
803685 606588
780207 723346
117010 750189
197014 193493
442966 852001
264920 87849
373898 668193
994579 818391
890317 317054
509614 667922
65581 639599
678429 228752
117685 87034
368815 100046
437310 572896
524016 895736
561821 82515
529905 225920
708235 927581
956934 96738
793927 677787
391165 556047
298668 547346
685253 559247
434627 913914
728153 837674
397403 928944
246834 804440
85745 121766
386978 297197
373977 356989
886731 349545
914793 717710
923810 527264
254969 473515
228038 931949
207646 309186
467714 476754
370833 984184
672278 482761
185241 785191
435542 904866
869691 443513
902332 243877
205103 384694
788825 556002
631349 531393
