788942 373963
832413 362312
318736 823004
770292 859840
627136 180818
950206 988392
29694 990691
491047 956179
903173 212717
440538 388255
248975 633638
619319 518266
348435 46872
258336 439539
878303 985747
628737 791957
995676 332162
830498 527730
359651 553189
556487 625276
696575 61494
747587 677659
28022 84443
944115 476629
34691 90318
175081 661798
476791 836136
927007 537344
832268 459296
904841 388520
397072 120749
948111 350698
236041 946304
664789 243275
736154 576504
898850 472881
374575 425800
746780 905204
363413 570258
643437 649621
726288 854994
588288 219022
105903 781573
107676 610620
419123 798403
833638 720725
172326 160067
43869 963046
135639 642327
281669 123836
695374 157186
427471 94105
539043 785529
560580 981231
818621 303362
185848 354477
684541 432759
169606 102077
513070 197367
308302 702194
921251 699278
199254 809705
930940 627535
594750 823277
548711 469059
350971 708150
111255 619810
134664 43743
132168 511568
405475 255834
778723 315974
795800 484066
632762 873289
86300 161499
511796 970339
610015 941842
520329 320257
525875 167875
275607 81319
791823 671801
719227 970449
488479 974750
180018 763128
593306 997122
836714 769045
41668 169419
27888 100858
320605 538478
510006 423522
262560 742107
181873 221876
891676 994469
696076 465713
653665 60260
118585 261290
832405 284155
235821 610691
305138 898698
389018 893508
837225 706302
134883 652343
747448 859527
980147 800204
558342 587203
328644 250958
177433 917641
221419 839410
860300 518527
956458 218977
359799 85259
356771 511363
646460 357128
200362 881554
820492 362746
149917 741922
240517 359931
472494 944304
506596 108202
899838 37354
332402 891538
460788 915672
363302 391389
655410 754917
193327 197694
24267 555697
793404 381406
899555 286988
478261 811344
30231 888691
775833 717568
55781 125505
591722 415812
685837 41727
497355 790495
463238 727742
769605 395083
914682 401414
910003 433862
947004 414797
973543 41345
573120 71083
96504 430787
315214 645797
369057 39799
571259 358936
813837 809855
870136 180076
445304 124389
955016 745898
40037 441982
76438 586872
353814 916803
720508 167762
828181 665367
554824 438843
800720 573310
600958 131125
809097 105392
835212 853470
945799 281995
426440 24654
47378 216524
816110 460310
912208 455273
971395 19226
359832 226922
812510 432454
970404 615101
399283 274457
590183 967359
799090 266623
841006 946926
302104 707708
564193 535910
558873 929022
418349 490983
779087 138848
500004 85134
642905 37064
900906 45601
522868 282427
824647 822274
217386 594017
407527 245104
862783 200988
867483 5092
273735 682774
28440 658954
352128 655528
720581 471357
64937 252345
544342 960480
80142 798392
789527 37620
256274 134026
683747 886573
91556 661656
770392 652171
590680 496917
52751 983721
985673 361815
686470 507169
205600 296225
963984 72095
699215 728181
788905 99505
241904 911742
116328 504789
119864 947109
578359 735677
479283 921951
85175 961617
550137 314075
25549 856004
260851 986345
500401 413198
462282 377102
997366 577154
100610 259458
921938 915744
308227 813375
413393 466517
849867 112113
274185 472511
516625 654243
317848 82997
891846 387767
200539 784360
890681 332049
38588 4381
322769 300954
211476 212239
205395 878008
428343 813070
385581 694278
167260 105965
386614 2535
541470 606625
134642 126397
489929 662214
598538 650966
489111 260235
603563 951468
76049 60031
615534 495890
900584 380442
199488 768328
868587 328470
959367 15303
349483 460717
777349 965225
965057 563270
347852 567325
941073 914753
746161 416782
432404 430061
371362 605146
853301 854335
482924 262648
158440 273643
257892 437709
540836 667673
466745 847807
250999 113639
519761 538695
379860 526172
848534 23276
278139 780252
95782 295895
859925 311764
574286 348884
663658 526143
199605 37005
724580 998346
589189 293881
866744 689861
926360 893134
436827 60828
526972 509322
391410 916830
701061 476528
724763 763836
950844 222158
483589 705450
214456 950532
477631 882847
690632 399965
567595 900906
914593 846280
924741 890737
778251 241310
14834 2872
340012 442554
409867 401300
550976 6119
502612 3146
725158 372230
635524 924748
542112 371663
877627 97972
727039 338818
499726 44708
148506 635435
251039 727412
580619 37234
410879 976613
504423 681643
387858 799502
575684 261244
758260 542009
294042 354422
54651 445462
648115 446248
131993 527645
532362 156483
347150 935097
923939 680225
947222 334042
989222 807428
340345 515253
498832 692223
98716 419273
136121 620674
351005 448152
194754 197789
800059 53660
224580 642926
168057 864604
224808 225147
974162 125576
31558 35584
214073 752954
987382 391842
828439 548360
201267 453629
939328 479172
958514 156594
827520 203661
211955 763165
223522 458090
656177 29646
175834 462854
954069 847369
965841 395836
964803 367979
84551 619938
112737 678318
897681 637381
81963 238289
740713 35540
107147 671534
665379 480518
90676 18298
716923 552429
544265 275758
419480 950276
561306 705601
707620 76853
86961 207771
205491 159974
492894 685258
942265 34819
43484 919147
243462 331552
501460 821286
828988 767413
303707 654950
461161 15079
804272 37613
627570 53103
102946 575802
142937 355131
206214 828121
472000 710591
921715 494440
258675 440094
739953 409758
601369 499958
571321 548166
540431 927473
255930 396271
583951 417369
819449 75541
954692 181045
605630 800787
528548 632617
789075 74105
362080 314316
105812 516383
76289 749576
281441 841948
653432 225219
982561 996417
752905 504367
133447 567127
181560 147818
707978 829034
90534 427997
414076 739361
984745 721462
328600 903472
585089 817907
563800 538344
80051 302733
226279 635608
214079 455317
172746 844997
15393 882725
182760 868643
781488 48184
427014 513792
501737 518234
353869 364578
724583 308937
375659 724477
196602 896391
377148 316858
957673 746236
262297 273067
169803 602506
191149 311773
508055 250825
819303 420487
189952 336028
93785 381120
344580 769780
378354 755880
614534 807857
584791 583388
58587 76018
594673 880453
677493 605984
675858 817275
922727 327571
211 957992
927878 591347
768452 73255
540683 124662
27894 630655
549291 657794
604243 495317
606326 869522
897716 1058
937626 554605
595020 426098
471892 846439
443980 213238
323812 916947
256166 45057
585803 972808
871798 753111
63614 190095
881421 922160
764470 64314
667711 543017
813728 111160
837974 259432
207948 939484
553429 806490
781794 495005
625107 840063
957185 12468
261608 65279
726656 386279
448785 393625
817584 850999
369358 992543
282241 59484
813505 339429
122632 993325
763446 564293
59964 605414
840226 902814
930809 47603
391801 545550
722767 898560
168833 739879
8581 326211
686700 775060
746822 893234
432052 145440
150120 357278
585118 152742
102752 539662
210932 10100
331652 989338
160850 520564
733036 610817
213947 918073
700905 838349
44058 248388
842724 886219
148303 57784
94018 74729
438580 822490
471274 278864
385534 783585
962801 303057
694247 111119
47556 357910
155157 563744
163967 102997
113998 751101
828829 511026
150348 349735
239553 984785
111296 27229
852133 978368
59483 346401
376954 833462
190838 894533
711607 89370
566501 955561
168552 703066
382092 9474
115657 865305
499761 40387
84469 499574
55483 743208
722348 474441
711484 114816
84556 685830
362791 611094
123855 814384
667998 423874
661058 570418
261204 541753
836486 260048
64484 298855
964791 554305
456417 154381
666233 267601
632406 901433
203622 392300
618298 72974
562564 598976
16888 665421
706166 299959
479590 327856
415005 360822
767682 779900
409360 285860
843677 757768
154098 373643
437875 842533
455994 886804
589575 212878
853947 297042
565764 88145
199907 49813
533232 488010
722231 475773
551826 126648
778447 969991
678830 222184
4834 570615
504826 475443
512922 446801
162055 355468
315805 833255
248802 973407
594236 34654
366599 712767
266920 618368
914906 809087
842846 831064
469123 989232
518189 144029
432020 356451
495743 609552
619992 147181
831243 935503
495848 319075
761928 234080
807175 984338
170031 868283
334853 917330
655036 633632
544899 939989
542499 365247
586668 402424
390022 575942
941089 403524
619451 183359
8191 31248
198706 588410
770749 746983
734177 978014
444546 92283
26817 741266
216742 439366
403431 520507
241526 52441
809768 455776
778314 588810
563919 659478
153457 406713
725885 641036
991754 915069
647912 29192
682168 855838
789423 76452
482103 188405
803747 97791
94615 258240
832228 353054
991267 579349
65611 78398
739680 180614
507305 956667
785003 204172
617125 185631
632970 382043
982201 44119
918179 994435
794195 215446
661010 859467
195594 152694
990809 761289
19363 822503
660204 345619
986231 559750
256379 160863
259912 324446
535201 479842
66577 394831
916216 806691
387224 775582
298371 850919
251429 402478
531955 689777
927805 21927
632582 979296
74201 157978
926583 121891
926874 944253
954493 318642
152628 361465
343350 685785
172105 152618
513450 954236
252970 232698
356488 598478
292565 387257
96728 322110
168351 979318
773769 665473
847743 438610
884106 728583
365726 828054
925497 554245
233751 843635
816039 115173
408195 517695
941286 677236
436068 734112
951598 619970
639072 290756
44436 903652
296697 799918
659306 539796
90793 822082
444219 784754
314290 576914
397497 495762
520495 903275
841352 133488
981936 564186
426770 923737
915303 639013
368805 514870
374228 248430
779054 466882
701185 864048
566788 373292
367719 142508
730389 590008
192821 469725
422388 611260
259112 715419
887025 197705
769569 86745
759796 115080
128100 57133
288047 729784
283777 823345
460633 839325
664562 643676
942067 569334
703934 477681
568973 271037
636330 815504
79836 711403
379522 620828
480047 833349
770264 153061
710797 36748
22641 422769
967568 867585
562354 43775
118818 241774
355704 172433
755987 679038
692394 600312
957365 229503
60421 358488
760631 503908
138500 584246
517253 349006
321178 527727
800198 484924
265739 193284
72729 6779
246788 126379
235145 90333
135409 362850
149910 925196
906906 153234
54242 493647
536690 905757
102231 22334
971380 834446
569738 456306
922815 947047
434728 219309
753161 946188
289182 428003
588752 675305
169458 88077
999339 503682
665533 837377
983766 570607
436626 160501
316547 670345
107747 713413
552500 335872
836952 662725
858720 858163
179510 952063
276113 67200
620006 39841
265022 163653
18789 664508
290341 203610
390412 483067
407223 60435
525195 609570
689122 631141
100969 19932
134073 770113
949142 682990
631601 103174
85527 517870
610279 846642
575441 600632
726624 804098
540691 510619
381823 866580
668568 77657
11531 610194
763394 57039
452555 716567
345517 723862
422286 963871
229472 732575
788248 86867
330095 703994
768667 444451
500909 135130
300883 524917
167557 665808
735688 137048
292969 891117
601860 455563
394549 362359
986617 926726
775196 806881
246322 485872
240261 955191
9972 797747
713774 678619
885503 581734
907042 547266
555639 144169
556578 612990
559205 987166
481418 250542
871512 845357
384160 17975
341627 954517
31642 246960
904373 522529
730370 798607
5866 730456
285894 837473
429723 726938
63522 133578
364132 630424
49455 356676
709611 225795
972595 418845
701008 201698
814831 313152
238252 251834
708411 984697
407237 446946
265211 902170
122389 401616
208025 904431
598707 932181
494150 332806
831489 201940
539541 736352
470617 713296
162085 767454
478831 208040
89761 580598
790505 43903
564114 577868
199811 360129
452829 30190
205906 473572
899144 683769
170232 590069
387433 926389
492806 743134
868401 425987
699135 22918
73105 395676
717464 100489
547082 552430
191570 788966
858904 339924
169312 621313
217364 271920
294402 765574
797576 733094
852933 954668
947341 564952
902398 862948
983390 968208
644297 680717
200497 675894
207386 913250
305692 143286
46024 749596
368226 407891
921224 108395
271140 916165
362625 282916
926405 716647
351298 850
20312 387880
261506 735704
418327 494868
723803 706386
282833 146364
320896 781552
750570 521838
738493 605588
490694 397826
709170 551200
412631 613501
298467 787737
551437 43960
513870 395659
69438 364903
690067 690744
227380 60316
182662 61774
76983 310606
888572 35477
705705 80244
442032 146979
142498 237863
555578 255938
805076 78966
418234 430117
501463 61773
354586 727342
812771 227516
67190 519294
919357 205901
22388 794005
281948 530284
569297 818373
571269 667682
465104 181816
998708 220009
117502 777142
363578 578925
169331 974163
352621 773951
797831 158527
867255 739578
155764 135256
734615 89606
77594 958022
188066 714714
909617 690925
513624 732673
590048 322715
705236 944272
527278 476125
557460 145167
648519 284749
535195 172763
794099 177879
229489 916680
512747 731252
824147 564205
381731 302033
512896 608978
683562 320450
724866 388580
41357 745165
226788 73829
648982 146025
980252 88455
542294 125442
539839 907712
305892 291757
754043 825957
169702 901980
260668 750361
690714 588317
722221 916292
189020 548765
575100 501811
835712 740404
607160 752057
467752 21131
84401 97846
72183 660928
716595 253625
512754 357630
355191 44901
967624 929686
194794 349185
537100 919085
150511 975791
933700 597748
198372 235430
248306 554816
216692 936836
338915 823128
997597 458999
247221 959629
164839 265667
185132 396624
309487 433600
247664 473853
726441 94122
48343 366617
420264 436969
587419 558209
77037 471172
318405 670831
562729 712965
25004 463278
776780 906635
345044 44615
113687 900115
708928 169682
519591 780496
308290 574840
801438 241435
813610 912763
266291 230304
837401 652524
812314 490367
43798 300920
143783 233837
146741 273483
887472 775301
643740 954330
512132 93762
538692 275219
597300 65121
499628 605672
978520 614959
40674 74494
226260 181932
736123 542883
401355 854835
391951 693059
572097 953864
26295 370537
385922 472275
708080 956482
429980 43810
723293 920271
372144 39420
110866 163584
409114 740958
976079 800258
797093 434330
955871 865701
298100 86391
721153 416601
264872 448933
847125 999349
534370 329054
252276 584022
630009 175391
936551 439623
496644 115516
377107 580633
689293 834182
289936 346702
969675 518244
827847 761143
154801 93455
68069 422743
489335 654183
113841 991709
589360 726991
444831 399195
803314 405659
498325 445334
896521 413297
508722 426535
341982 647463
156448 578779
97787 749128
236856 126339
537703 647925
850658 955485
782130 811205
913181 798015
671911 658599
417522 306425
32575 823154
625173 164190
501184 649390
143355 564751
419107 868634
724956 379884
320466 913941
357557 623016
65014 621982
736961 61088
468102 293683
606223 290267
618075 388271
917699 618619
203129 69819
442036 582187
136358 839408
332363 816485
38493 360452
669478 184125
698830 107382
163509 187243
949090 322773
774220 389947
592317 826725
411242 68765
717177 521598
865404 567296
57584 994473
18770 116608
442258 109403
736327 388672
852445 321558
341687 901888
681146 722663
123676 923992
320823 464026
788151 251306
797659 902902
799006 342009
695681 54651
401461 436681
84357 454207
841476 341834
469042 216546
540329 783410
296887 142699
341455 8387
852214 316321
706654 713956
701458 407235
668170 218019
448438 505653
567811 908158
28717 405488
120990 900069
833252 109967
190726 446344
182943 995492
176423 902587
922805 322687
158876 204107
88200 725402
265366 420139
24145 538161
921107 379841
971145 53429
960603 522874
685114 92230
888910 757564
249888 975816
702104 565774
942934 329106
723237 369412
27150 880995
855595 790742
995063 914679
317114 783047
301608 893747
431454 27482
146507 472039
760476 180437
991930 252767
377784 908664
171039 921915
986723 972223
774796 64559
582035 924567
646844 38868
729774 24590
475071 732932
878818 487688
427440 500132
427835 687338
51596 39890
743258 634893
142593 32881
897051 658441
936555 54700
971513 141109
87246 212477
630368 177615
713690 690902
874700 513323
539078 558479
694631 247548
680173 7048
761568 396288
202502 668767
588096 577332
258387 605298
585864 172006
380297 202865
412683 802421
261280 282564
776517 721942
452354 443927
850716 161288
980502 366505
671264 795558
173155 796018
230221 969470
423645 737761
618012 876371
27720 544476
843265 574705
213672 488755
605260 946973
463209 618661
841035 98625
651115 784596
197113 700238
578759 732922
582762 306008
831195 242746
636643 212822
693391 854450
508259 27556
244565 615469
198686 453449
279237 543616
513595 300000
413157 419574
726784 552326
684770 125409
797953 636851
520899 282437
916124 547724
815011 926048
262585 525077
29659 981792
301392 612509
934101 138717
741915 29329
686985 155650
266498 222371
654695 957882
326669 299008
236898 865277
353726 495376
393182 911817
56481 674453
627437 667273
983480 67123
554044 443274
500230 266731
109537 240168
95801 963904
176205 753681
341818 260057
819630 502626
887703 746222
785469 264595
363431 777071
849499 475708
337085 680299
713412 836648
650013 74497
864051 411825
139968 701282
593494 573311
648392 644306
669598 570256
384047 371491
244499 823063
633218 244501
201492 75630
232557 367763
542700 834757
412577 108176
188048 764707
732064 228325
32460 748561
750466 794768
370315 25299
127059 509873
735171 702158
324624 245103
741 327849
376999 346268
745099 521684
332569 207491
417965 284017
959950 322791
11821 544510
571979 375932
714732 109057
26659 810628
35036 96235
773558 305103
39021 125219
483517 886389
701898 571768
208063 339925
333667 633536
690637 779115
340652 322839
10644 211910
85707 960707
261152 230300
366287 847084
861924 913340
217373 980148
175811 657253
533230 339294
782846 427373
764331 722773
405954 382603
241981 841083
774388 150144
890168 301885
138518 704936
336179 251345
593762 14571
455079 669383
152141 430690
438073 377934
353707 769725
261083 870146
334601 6717
651353 663898
459751 20104
312588 662270
276209 418069
190703 843346
124038 423589
258514 191302
839416 631244
209266 563563
395069 991186
942230 715196
211129 27570
395477 60690
253659 51906
639550 208807
940300 386024
137496 872683
361965 425356
148626 711070
903662 207658
640689 447987
640757 739954
41125 594715
369306 487638
975724 987426
742536 871308
424220 543895
257477 739638
953380 768791
941755 373607
199001 806456
150180 542392
30775 776682
238809 637978
742231 287822
267553 153761
144742 343022
592020 158146
709476 41120
617483 766170
368959 501511
494275 844357
711643 179805
883058 836325
766528 112859
83757 221079
971133 391275
650361 858421
755194 430591
202751 725001
768095 171499
612048 299030
666698 599189
391722 833904
524225 513965
955695 122386
76798 916909
535018 781022
191001 900283
462275 642356
797104 577764
631393 78750
325763 559602
888386 680441
440734 742328
379217 633241
768267 569124
249445 402439
641850 565204
15944 130880
935568 94592
889698 289242
789243 423674
111604 5474
740663 807001
14256 682366
674688 66319
593632 961819
75108 319608
195640 837424
723874 131136
699287 530006
422065 293308
205392 79911
499729 903665
488320 711458
83533 669221
532913 229317
480297 5577
499744 520384
530571 117893
124619 261046
704324 723179
853638 525094
372414 479436
153012 360704
955431 667994
823506 370350
857024 343598
999325 685807
150480 109860
293752 639013
631189 906680
369167 482389
361047 66306
640275 794000
998730 237255
693920 793979
175168 41513
652417 787528
256411 40118
974402 955753
522496 686805
125725 945675
963875 491122
503261 258224
926560 227447
30238 139572
436447 94104
883312 568552
717750 537039
207756 102300
486122 796041
821641 941072
78881 551525
422984 961415
631361 620559
728597 805558
267931 852020
141823 730506
417710 15239
539500 643055
553596 445785
730434 158932
715448 537968
184834 867153
629848 358189
725739 946402
832014 526030
172928 69716
412391 13540
747679 318753
594601 327731
49093 108461
829145 567424
758351 538706
51295 56408
64066 591518
766924 312128
257420 512084
145173 103900
653786 920795
327444 702944
558780 657387
973683 95507
642748 432007
174912 464653
472253 685023
680524 253469
569091 512496
874512 774765
951127 34346
98533 959300
165119 206245
382416 963011
829127 181784
189789 673868
682420 267895
538757 506657
612080 337534
320274 694552
150884 848732
770668 157130
690096 585011
237649 372911
420731 263679
769217 934251
280126 499722
274180 907534
848144 406699
883490 81422
714173 116438
590656 958174
295989 228041
983987 724972
725145 29765
210718 694319
626621 315131
735962 228205
256242 566525
874512 598377
731835 723436
176711 124609
275460 377965
448481 890418
199452 546952
229227 548387
116 985697
627508 666352
144983 409191
707965 526369
438710 582658
348234 257980
671974 429282
994374 686750
304913 576894
834350 217633
701531 606801
60282 606791
380554 740845
86659 126039
310616 677146
769636 418714
60354 882277
595701 870202
150789 184165
195126 590091
358253 806171
167797 626252
538325 991619
542965 673412
119868 809935
157059 608182
244176 262763
29719 704819
685218 468850
804949 311261
961487 20585
609340 619020
669355 139333
481334 798375
524306 504882
254818 565327
689481 604065
820624 498368
96488 811511
223228 820867
312736 47067
523966 997622
786566 562830
123061 864892
279427 632451
709634 988571
288958 283106
763695 935580
763258 511009
474049 680736
167868 837313
900168 143268
758337 692271
195557 593400
154940 965420
256558 671022
658937 190589
426609 332200
348257 121036
714987 754105
928522 469621
99371 835202
830725 494132
478381 952426
51582 18565
896257 231948
842391 297673
315173 148517
289958 235765
539451 510199
140358 126910
698211 896237
853576 381669
389819 258603
57771 633651
232190 568146
429794 146241
255641 732857
263575 635872
400991 16779
898814 21917
949863 228629
7643 31144
592113 894607
884951 176586
921443 924591
405498 71722
950231 114695
774622 882535
841361 498953
928908 832279
320176 691441
774171 807201
589868 890122
773636 638510
471990 631181
65290 87435
569945 672062
193316 900889
47347 384601
136937 707953
80937 415897
229288 891181
884892 781974
483905 954185
484633 270378
81689 436247
819988 415078
42853 785097
5177 917777
766297 953348
263968 751131
792447 631230
981537 811522
93007 212933
11487 417219
555348 500045
225325 301380
80632 80719
994790 894331
779046 779788
840462 806043
23033 715506
285146 738430
483365 392985
3653 940433
336869 780206
813992 377613
921974 829724
238515 318933
173542 671038
820178 700008
523278 555399
55960 767845
465426 984065
817368 598900
382931 747194
979201 143606
657886 118351
776089 610965
503968 375574
334612 683001
92457 979509
854835 11438
695916 273172
248886 583872
710344 945608
334731 404461
627118 241834
235262 523771
41682 563537
678700 729237
243924 29718
184806 133947
724392 291719
601468 985723
743384 86175
573550 921861
845677 594303
253177 948592
325599 283802
555278 315256
918334 26054
156698 363663
220137 147623
175334 45598
596922 388737
762660 732964
20994 163531
218170 704146
495233 931899
268336 874673
492538 277699
927412 475551
752471 386486
634216 453970
196188 152974
893792 895373
942942 258914
131528 119999
857009 164224
893653 897402
62528 505910
935580 609587
851971 992144
619589 228570
579600 726016
611165 99704
708885 14789
977830 383687
836607 151370
20579 494634
603336 975421
400980 171330
749313 360925
643551 861131
729723 106570
770933 200267
171004 493298
140481 164744
468548 71208
546128 365936
506019 217822
124420 313650
461445 138931
212857 988613
439180 756917
828852 842324
876130 645437
50971 689097
455331 212717
947462 746741
609324 168187
612428 832307
230378 549307
557803 517929
246079 449182
432334 24403
388190 60677
820321 769803
736020 494514
940755 971272
642318 967994
922127 482933
194084 528078
193025 949528
377496 107753
90525 784100
133676 270968
621116 440001
385539 898823
822703 501747
206248 106320
689849 156432
731838 989406
126008 542710
807353 890530
404876 761437
947378 486632
315824 212671
229678 761597
542906 95062
836616 139133
529273 755180
274293 965188
462701 584949
288753 215237
107932 534379
180822 245654
694231 551166
863306 523699
207711 405030
916755 748940
738959 955597
995916 248947
546008 307003
555416 741841
960900 115266
934049 359502
10772 670223
483012 845492
440118 438638
642819 125046
415618 383298
749221 232169
684802 47701
224421 322841
133478 864952
461888 995146
855719 317613
462495 116198
177397 545651
72709 10555
737410 540097
325120 480828
176911 587754
464709 969931
771376 99292
853140 67877
31067 740132
983135 618916
966443 260962
391511 370626
769667 617597
845669 131571
256715 124103
690605 290797
760342 661262
190160 925936
501060 983011
760269 776977
917769 529652
920184 48979
764304 427415
862819 677486
583559 920434
76878 580806
285832 803701
904402 156299
680838 637476
450583 702273
592774 614283
165636 179554
525878 181957
927465 165630
848727 162282
394709 941355
592475 884388
375486 500791
784338 82331
568846 683035
556989 211261
759528 215222
94004 607844
147768 495017
347243 612268
55059 750757
531948 933116
684306 978923
123285 812679
376568 253267
168260 23600
974465 795017
264910 356973
765638 354989
959189 529641
170323 890290
730965 750753
117691 504720
697524 79646
505550 587050
706249 455508
382760 711828
808033 235401
67071 170054
450808 212928
37710 439577
510916 678027
752151 584125
215120 373002
706837 186873
79541 663326
462072 396833
570765 207505
755842 969808
996685 250758
640690 315561
334898 799569
806557 997303
690538 649761
494770 25855
463258 371088
356456 884284
957023 827772
422843 277956
188017 211212
430720 881535
5616 995699
258867 454327
710722 357496
994394 776457
699505 993362
119887 754872
956164 693258
952503 869178
136587 696300
238630 815342
887325 530416
996201 838599
982235 950496
428790 389183
973434 754806
54920 474284
949549 89408
678045 717881
410967 628557
234086 860457
258657 103717
584650 189188
461821 634379
765234 498500
929396 506332
803503 201240
101441 169040
569443 997822
592918 89605
326059 785092
29233 842445
7159 270977
519812 186873
531238 236874
930644 954598
538915 709645
179311 549506
78549 920750
920790 765598
974441 79997
466480 949800
243448 184144
659201 393234
153164 137901
72217 196742
423430 734133
559409 970197
559018 681293
71092 222133
853620 301826
631606 179077
696004 721009
793485 347468
904801 121400
578931 526340
502257 242905
345414 523360
390587 204309
471638 272046
704748 812343
477695 382676
773256 71454
759001 746863
772129 810130
117241 638017
533572 124002
138133 47948
694574 329792
382836 412603
664872 922049
419998 377388
663491 549034
863744 272660
110471 636117
971803 643701
627550 851655
549995 6098
683237 361895
226680 748945
643775 612009
157725 734528
182133 567158
525234 705913
395869 87447
256453 866663
936294 707636
673626 819534
976800 688158
9817 566497
807191 204870
548919 129158
723857 447001
586898 106273
974122 924030
471194 336840
119880 514945
163348 360083
471973 937942
302583 359986
5574 801743
326468 923753
831450 929414
730524 328155
907924 881424
822196 444628
186719 941790
325566 329512
46534 852901
291738 802861
524233 363334
199926 570725
379158 893927
190620 65014
642374 845240
877008 57808
218112 62690
835620 347153
164562 740206
52494 188453
912552 347668
539700 557843
684232 136042
224744 90354
811469 815064
359525 38881
396665 217604
832819 84268
682741 396300
78284 57544
566121 841659
791408 449945
588969 663743
74608 833130
265414 351425
274406 797228
418456 557573
378215 769705
662854 708762
968234 99936
850092 41258
408680 619277
806861 76827
299824 153239
780090 966683
484943 154979
760240 905967
732094 854049
288452 202727
31258 769743
998950 488062
174084 469781
963508 276343
498905 990557
392885 671233
22431 178657
760353 454139
147908 384422
735946 649698
578438 27337
114785 98683
837189 464949
908393 571421
942811 149803
909464 575680
676409 249371
661526 267743
250324 66995
747360 209552
350168 966933
768005 361399
2633 782839
263967 524721
126110 916269
163065 378677
384827 497396
456764 931273
488321 699873
689518 853031
436282 691322
853920 353700
22356 485613
996736 46019
902972 494474
559594 698380
826910 797922
922218 127930
189312 350612
306592 617824
164697 575035
299640 995905
203262 322930
721814 61379
746498 624026
731016 383286
157296 100070
585084 413567
193722 905187
139016 32637
37623 616940
97547 528141
624460 95031
594034 172682
903039 42443
694031 115872
837351 841025
153147 4451
840381 429644
46063 803807
72285 100394
781406 401049
600608 189590
214417 402588
963810 801000
998025 416175
287528 263281
482831 430591
686508 202287
328175 27728
328918 490471
921604 992231
471424 11590
908199 592422
897871 277791
552690 554113
393306 87796
870596 57813
15223 842809
799839 316565
429108 416138
107979 549425
714048 634993
909446 726245
476187 574778
364648 877020
705090 335469
831821 330575
936235 787890
571742 446993
877678 374580
468025 899435
127104 389803
473775 177229
697098 597037
912224 661058
268417 842582
890044 768947
445205 35408
108180 974198
755732 146066
271637 923684
328855 990964
774804 516294
82074 285819
564071 635170
789322 715215
572828 654962
11922 309608
626055 445191
467438 354959
451034 430273
43267 525348
801104 896284
756608 482521
765696 5564
1646 541270
850530 538166
114273 641813
906220 779346
957083 974596
442185 564320
428172 482789
923017 171483
902944 589902
365688 308734
378369 256792
411734 714726
788826 105466
77289 440013
713488 546290
211756 840615
552164 433266
272062 925740
296362 997593
87777 184047
803689 822239
546392 989269
417154 183805
695819 399222
463245 570385
679556 504862
217928 636718
424235 400923
21458 297840
588937 178549
890078 199121
405599 36945
413783 986936
328283 736599
730356 739194
564626 361916
846084 91024
990714 487086
952584 879155
675886 109070
618075 565654
21202 166487
565859 250045
535292 353151
311511 438640
773401 193882
243980 994790
747256 720327
983498 396719
934484 884409
619197 233902
677990 820800
472094 520232
188919 408384
328266 73193
374491 78565
28964 626270
206793 60932
70497 560753
654901 61986
176574 944273
548809 484137
727917 533073
808537 30106
265078 726800
8172 31920
118715 680841
331104 321764
877188 70589
497780 951165
231705 975691
806535 63568
945967 172799
837840 279115
205649 961919
977812 104913
61053 205454
619378 12549
887156 554952
69150 528192
80254 790631
729230 24845
84123 761235
627279 642029
883521 317295
552577 965140
603834 31713
784037 364952
637659 469305
463242 42666
32906 34266
779319 702077
35273 616890
188562 60243
151211 947835
948318 612580
260985 630678
435941 108624
578009 422564
993054 168208
257498 120369
581398 475614
493648 551658
809114 337221
178738 489073
35392 756549
454990 889351
443417 185210
810833 212286
173991 957386
837688 423852
248488 794804
790122 155372
400548 937564
248538 611579
902018 895526
812693 202835
522387 765805
481932 452445
603323 856108
306114 609527
616999 554371
976417 387884
394727 913691
961378 354471
764003 83196
48800 273817
337110 981214
460680 439139
33348 249250
417978 91153
962586 442055
325793 761325
435576 627689
762487 105921
287765 384604
951287 36200
261803 725888
559279 272251
947736 259810
717190 695253
6405 945142
432386 969270
995396 146295
165612 384048
734760 508535
728131 609969
501437 685507
734508 706536
960806 585844
88852 747389
97944 259402
149112 832140
852484 566217
843156 685178
140101 54807
988504 647179
116308 361095
334554 827778
296518 530023
983554 219470
188638 95939
793007 112811
592237 1450
354742 406318
185860 819099
185761 248640
426925 552438
637965 192361
360473 346712
844212 822309
322401 527359
628273 280304
202251 57641
99877 152803
938679 56201
202323 206299
749633 580961
297576 466183
284647 907142
24669 698219
947066 146288
163090 181757
415977 286136
10962 635704
835324 457970
490219 211075
548415 865645
914862 843006
665459 350563
943336 850060
207519 326820
613620 198640
15412 317525
17493 48194
648590 163684
785593 402780
300454 889041
568541 960647
975709 737989
552529 388204
581930 320308
884275 771464
779488 786496
178020 725954
858592 647278
266039 175315
84146 132926
890199 801389
753327 79600
44742 517781
593961 595211
325563 994537
995310 530975
43364 884469
850292 151304
245907 361040
544096 47289
112373 910101
451014 343782
939630 563260
147457 978499
986873 116124
604040 471496
28654 31705
96612 474893
856062 795725
103530 689751
485684 629153
439749 631505
377039 508989
613636 880910
86244 129794
877177 345672
966572 277871
410881 34117
296115 222810
174334 159661
51154 620654
870930 544231
464525 337320
880108 284300
987047 860238
597876 138022
336666 725796
116772 478629
226801 173572
839170 291331
914155 979544
12389 581713
625061 743050
795910 731691
135863 130087
109510 714859
28614 125256
717570 228387
922661 875702
97567 63893
966780 291903
68894 485883
506777 524828
508604 245891
408379 22815
989435 910550
873214 470027
304679 412110
191938 440969
338173 41947
249141 377913
692631 845902
827177 896777
540282 924537
943399 256876
98492 83646
78714 905554
64395 800080
966992 478158
677225 441308
662766 327539
346059 894842
935012 994318
635733 717356
734354 649249
267357 670044
37188 403735
494452 140259
538652 960693
265795 684642
330218 495247
300573 601801
83510 553186
921219 243669
948858 593548
951166 759466
653396 340571
225713 38278
477689 584034
555739 352777
322435 429167
275799 217993
916005 320415
994745 511723
659243 878750
979006 107621
663154 163202
218657 343488
939675 356706
511250 130405
61846 804767
536057 195721
162708 387958
2905 66357
657841 218256
88477 533758
534735 954427
320982 871055
328120 785252
253668 247771
571288 398385
157692 643676
190768 199963
888717 691826
96261 553067
889648 903491
189438 143522
957934 377550
960736 619276
164515 783374
432547 933748
203780 665901
351973 525615
687824 161549
378490 568349
427924 582521
961735 233577
360967 144349
909975 135881
231160 635103
736116 971147
130221 161090
512817 653018
729609 825243
324181 268626
411000 649296
85523 919643
441800 491111
15795 736355
189631 486646
700617 710616
323220 968238
351453 387037
748072 401769
678907 114614
12080 845635
84412 595538
602637 376015
404669 730284
921526 266600
985167 199319
815325 257834
683493 292190
683259 718656
874899 597718
727804 951266
947372 592317
29034 779940
55028 673076
934925 550414
339100 504360
306488 654207
634612 983535
547598 535084
64558 160796
249098 646994
468022 882700
844335 916172
26481 342465
169009 566020
483595 939497
312470 227349
988997 184195
829133 951005
778951 602782
132041 634419
301407 530304
664917 611920
15257 279729
645839 945123
363636 804729
588157 22284
472769 901353
633943 243752
477761 855028
30281 936574
685879 530689
370405 678223
798024 273417
355545 522484
237270 268931
307873 214470
318994 491286
619022 413505
200523 189160
877192 602186
273999 501688
231519 462341
296367 628867
600375 524988
392123 448895
829566 694287
208629 299863
432222 39146
716128 905978
145721 656485
176293 370580
700533 848953
950042 95710
546263 296972
546442 783674
657153 776856
319131 393265
585654 697081
768092 321983
849083 358130
236035 947983
954706 771947
196105 883602
145654 390378
870378 958796
264861 988872
283480 70867
682054 438985
208954 242018
938910 38420
785847 242773
484207 681795
522571 541696
817861 171577
975262 796866
803201 286718
867977 913675
654216 266832
515128 718780
127028 204033
613146 220323
499439 166143
907314 420062
310904 890416
150418 826907
46578 551056
570220 483178
188273 211069
850069 781772
439700 197698
733645 460770
79569 410758
751512 121045
532814 833767
695683 12242
701526 578949
649878 371031
664663 288922
791962 9050
316184 739215
933295 830
421632 208860
901767 66661
778205 847549
202892 453460
986950 64236
215751 321702
893841 435873
869443 898489
482699 689186
991996 536651
218952 209846
10776 950060
909777 47818
694011 319472
723180 179596
615222 902619
407562 681796
730827 541014
896529 456711
975834 555175
579532 895459
243538 79279
527862 228423
732146 919918
344540 23231
762814 769055
662351 42935
837339 520934
373501 779728
983830 724115
387873 288519
900475 71458
545553 480831
345937 620725
901063 165115
85352 205508
835344 261824
255198 530422
739074 724854
115148 887085
527568 129677
528327 26808
537978 777651
420057 714727
929151 80628
239142 161252
802153 313123
508805 848079
323989 283559
635987 884267
537140 664749
29263 315755
770842 478608
537663 312031
179055 505462
772962 573628
335887 392636
720145 304492
451421 653439
715927 607967
802900 278784
654217 143726
249657 406638
822914 212393
686848 783490
874021 65760
703325 560068
298005 18606
470879 523714
582452 678596
65424 62919
485371 987789
240404 352186
125791 793244
353948 65165
237686 133470
719950 295540
805719 267480
796906 197113
959630 962191
621583 84987
945194 767813
101992 932981
646089 859197
579782 926697
240796 207549
902881 86961
472914 650649
767623 267749
223809 901107
362225 85483
850056 805339
197280 111950
639566 889340
318794 64385
815393 66930
615610 150148
824416 492305
965500 725450
134769 111527
576930 593733
884700 309334
432401 857666
85065 174103
250515 38561
681905 711220
562518 467484
849826 985560
386691 611086
337237 405619
980268 763147
236542 389007
176408 243612
46272 291771
160276 53495
790437 694781
582557 733278
822978 173497
914838 232324
335331 812173
79735 612515
835162 174313
781345 42741
367512 215879
62998 190212
935803 546838
340459 6076
889354 440466
640164 780234
669301 783519
290883 939
878108 939320
53934 869879
171395 543282
923388 669605
546462 972301
839910 128864
495658 195055
472520 937870
27979 5429
723660 312670
736610 160910
127607 301182
683170 514294
327357 969074
212860 646359
756733 648180
990997 480758
139325 606733
990920 678243
541579 686850
768647 504064
895466 8783
557601 754420
460435 525171
801382 610085
557604 98218
2286 66005
78733 421951
880803 166410
427556 699403
725896 274583
628888 531041
820824 946905
884057 197870
165745 119545
665856 705663
25768 158894
329446 202249
318670 500952
599985 914799
489 719344
743281 174604
50758 671262
112282 422012
570597 703108
663182 663810
988920 244194
101594 999680
196407 947802
798793 673081
896279 957776
912014 755201
417619 876876
109634 450301
205220 245510
995535 401865
254545 205528
727647 586960
115306 898833
107188 779313
535370 964422
609213 317953
569715 839654
761088 992742
7256 772699
229694 732098
230088 264770
987712 585411
572650 807569
974941 742712
562229 13570
456088 778835
541428 715824
626464 547087
796557 218476
655763 955097
102210 87859
538244 648477
588554 676436
960152 855391
518076 2414
736848 330024
124363 776349
865694 784702
331987 202884
70368 806384
138954 121570
118479 766080
658015 923071
76939 276180
648640 620315
724626 665600
27962 102755
394692 541899
252186 191854
341920 780809
503707 568095
999002 194695
536913 343332
202755 618474
853580 748545
919206 967308
159731 734497
179606 1245
238899 587649
417347 754478
899432 265324
142835 587584
939282 563179
692685 525517
880760 506985
421338 126408
181915 950162
902535 366043
358778 123171
288641 87934
906946 303207
322924 775092
454273 267083
398349 666941
83181 573237
125155 34210
76353 387111
419691 49599
582278 107547
669577 544630
259303 798334
286563 830612
623944 283310
334122 625637
684568 964896
852286 308117
400452 971841
889951 765532
551481 965632
165038 27250
186986 304506
370672 916833
284035 593915
11675 268053
280970 235133
55074 510793
573350 262020
173708 327717
371921 146503
634432 474491
197560 355756
837003 229291
814692 608671
436098 477943
30972 694978
4961 506691
787641 773570
21961 496920
659645 394881
142520 273191
497455 747222
707146 481840
592766 886541
660045 234502
287431 402248
736121 356994
25701 347963
282369 483335
23853 994132
872777 117981
948083 371829
765245 179469
478412 208660
592047 743817
55644 621308
161437 926678
549704 316710
264948 72876
694616 467168
539485 124078
475531 670499
747215 351687
33998 156578
360005 54901
107865 781804
567331 446172
237701 325557
712556 916958
103347 442444
50023 93567
386 714589
561732 892350
524689 658339
210174 800589
501037 880310
307561 219024
813783 569802
516091 785979
811057 548511
398766 718591
788929 202023
664278 494844
115296 567715
687368 535132
595935 139749
513153 530850
348121 626479
194256 634101
429707 283979
439354 50429
189466 602323
772302 400489
979712 88968
969105 887465
578149 105785
85139 442455
380098 827916
300348 371252
811086 676433
281947 764791
620808 75103
926794 405203
431203 971090
219267 603030
77476 413518
786432 340725
830858 955004
998334 896378
225171 295180
942159 843607
184934 239790
447367 783308
967657 454492
259181 334727
452933 95521
329702 82505
603489 832946
531735 747386
447859 680660
294519 170
452923 948749
278572 837408
826244 758413
633699 899867
207202 443315
784716 852905
304779 876929
864410 804350
763670 86340
23750 101185
856518 23935
123844 412838
599500 677497
555615 588085
83843 268352
446163 783399
668552 546228
29263 126375
975328 667814
829282 145211
850816 683478
822815 157531
834983 3999
848499 84350
980877 635766
451016 200498
671586 52597
590623 346176
672216 382113
15121 189032
307502 29095
158615 172954
794701 167612
387837 236121
177462 227025
246845 29786
16675 781945
580951 643029
986626 498455
490934 918223
171104 936618
324957 552858
457622 304281
724014 309399
172376 443440
148485 327948
532286 652075
921173 708727
559736 859977
548934 887508
943884 498474
104137 932467
339562 430619
10028 242066
120186 223535
385370 690399
495454 494906
850549 602719
510314 629258
627484 460434
754627 53978
162337 198933
871856 145480
822209 835671
935166 902240
207210 364455
623687 931698
14054 127471
233948 38904
572953 124476
769910 675653
291432 772180
553389 380956
76867 68735
858225 285002
890549 721207
813144 661786
240871 409993
595929 420216
155043 653454
518643 880226
154741 216949
376065 873222
172650 574026
197745 705796
793695 696846
684292 599524
378602 320920
433785 158087
81531 162628
486263 244943
332601 485801
204136 866113
850435 537376
562422 459444
785913 268616
504324 925183
988798 293775
336041 782231
18092 286815
486655 454705
547511 887051
911627 306036
29995 567043
174602 887347
665069 837106
125374 737421
377624 820037
588409 450576
110749 86999
514649 397544
933499 63943
836696 864193
962118 112697
47213 492350
498216 637070
119036 909106
289275 796716
911594 601676
450231 632191
287861 990567
149731 890524
267936 856139
457774 282148
645161 302834
746209 776316
897402 670448
206236 718990
86939 460320
341834 225754
421734 168603
298477 220130
394363 877142
598353 883952
219815 293792
124234 688
385348 601139
181546 768171
636288 241491
988076 160928
267116 697479
260820 403812
928268 254145
813290 78749
118138 711301
611248 782911
541932 300513
231611 422077
227007 745634
311922 862054
890362 108049
500228 70952
888519 59441
306692 610883
138891 841773
149852 278888
821455 402663
618627 963879
973564 434678
450632 337731
75024 209752
514919 954581
107087 501010
169096 638597
21302 528149
360898 545717
591851 511060
792420 594763
974317 439983
803185 391123
783367 361651
889452 703047
411942 140877
345299 936838
753558 770967
300091 842766
911791 460876
777597 271882
51079 188382
460342 634716
642128 29454
898651 681814
851409 579056
902510 306468
792437 933982
36020 671824
778116 109602
493489 781713
289872 405331
423651 783457
307405 361744
944605 690922
282165 76259
817032 969083
682035 604089
352436 633975
113331 795238
150065 448126
61842 480232
621724 702204
805780 465274
296806 551600
828068 879921
841749 697956
653758 974319
431595 277262
850292 227249
977788 375711
820020 40523
489414 253599
235861 992462
381080 615308
399435 759344
127101 326523
585504 263778
623244 212934
665582 972230
57439 815113
719432 9102
161149 295557
125452 91319
974872 892449
561217 587904
291700 275402
126483 504090
236680 839492
695316 946269
309299 804845
82549 529532
266692 746306
847786 454394
866247 156377
41522 113430
154868 18614
100485 755873
210684 972630
313680 499554
462476 564052
271047 803833
784273 95459
994551 532987
410468 964966
217989 576854
111096 784440
501095 275266
581651 668005
414042 956745
447500 112215
752031 278193
316211 541971
30140 873852
471889 743101
874940 628009
781866 503624
683937 426545
30954 590163
997272 259633
558746 136012
697697 554463
86310 658192
71981 962664
532213 49178
687112 767735
960287 31313
395659 751368
242977 959485
269915 925169
646504 627542
129265 392790
634130 756809
977278 284778
569422 55017
208748 151981
197311 82240
962216 529494
673786 18185
948721 26579
456065 981365
55401 12693
602584 245946
799925 350507
578370 476068
21923 662430
489404 779091
435900 696610
930265 994035
897108 986337
765684 390230
453700 405898
908965 867533
889685 101025
659515 79084
97299 710141
831875 626099
155351 925196
262974 578209
698696 812434
880020 773850
950480 696720
603151 501391
670450 418313
824734 849496
728267 938945
62579 657555
393541 704900
783539 790903
870039 170747
787506 515948
227727 789447
443053 619900
173632 909668
595854 976722
632183 710536
308663 760226
236780 626986
779168 793110
870840 928289
881506 106291
487995 10164
550992 713268
713326 553865
336991 320794
888971 236576
682752 630184
981530 456302
368658 553110
724185 237757
77978 49555
873806 515525
364312 350339
549863 245622
574543 604468
591439 22889
665505 837502
942340 550824
107078 539570
64964 197607
217916 977498
865077 751881
220095 756171
38200 317221
860 906661
358933 977405
85826 482326
787048 37474
350516 359661
402563 853655
982571 259627
126412 191871
812542 39722
44783 851291
222258 811383
728070 169117
83620 523344
572824 501425
691553 457421
818214 739568
601205 146429
641544 498748
181374 639113
361899 866107
98202 123362
461422 837354
848382 117231
879842 233167
621286 643510
345233 249479
824281 408345
661374 681865
11487 692858
924132 65383
511256 5118
985414 783195
499003 307601
181041 487730
631136 656193
156612 176726
367339 596949
565583 192213
955542 527208
772565 879870
444944 868623
381942 493312
132336 282259
75570 502791
763999 434139
36361 950972
44603 247326
949403 834164
607226 301589
647811 237931
11612 312869
2183 519116
191900 796532
933689 905543
846580 295767
13779 659930
402682 349673
496744 845222
836311 846108
341310 648691
44510 685478
593254 275061
290911 417939
979104 387613
178654 418602
103688 13544
184154 213973
908845 603651
115361 210667
205434 964562
40341 622357
113768 598712
371228 462651
983875 967854
93808 891668
920105 240127
61242 770111
396881 297606
526826 384720
363771 332711
83280 601399
964093 131400
293788 204155
397798 467649
986536 629898
731022 155138
496559 481628
503338 138064
892048 542534
33311 967397
367073 90636
286600 360845
918105 810578
816249 274203
257906 920007
597364 761351
984439 777026
908342 607801
995209 695209
757169 931134
275321 185987
583497 246564
8587 36359
140030 858968
629110 508022
790463 322862
360292 619861
124579 833907
860049 153817
383018 546583
681473 45745
697576 219010
216158 123526
858841 183338
880810 578376
9375 451529
706203 370082
788996 196858
899449 822548
906762 420804
63042 882638
220863 453175
765968 248773
918689 376105
347050 354151
628734 548749
562839 60395
795579 856323
866836 862617
830477 452137
382042 387397
973714 970667
88718 902989
325660 453155
56925 13262
892853 964651
56843 953819
364994 564551
805349 217085
531615 644429
621020 265369
253847 67665
108556 974762
463389 915702
245553 978555
713527 767755
24160 997925
509601 57952
119178 127176
942194 939514
430072 659068
908856 215496
880948 860919
561983 76808
839581 232607
516604 978308
934447 560687
98917 515783
589500 267884
388576 208273
2596 379613
753992 514623
457505 173876
162388 296105
957315 125150
35227 807967
915028 373791
492782 208948
279919 704808
660660 541544
912402 758370
326177 55534
161111 704144
993410 312550
131899 387550
232085 132003
799713 165451
32095 96014
407355 280351
966312 159236
225965 121437
141518 412840
758365 825073
22877 226020
783769 499581
97091 792024
516626 675925
387244 676834
797923 184022
249989 276241
620118 269546
432749 874768
371125 258345
446235 38395
376208 464314
531927 967857
564687 21811
471243 896107
52285 923086
244533 905656
935506 690180
998404 111653
250315 47118
430086 953918
63688 525225
575021 760104
625454 697837
484537 309389
823298 427883
188126 848317
774271 473410
998890 159262
42013 732954
179736 52492
96786 332758
271863 657778
621122 731371
995288 734073
685784 917953
259911 236310
820549 706681
817121 385923
639043 42489
895669 867703
729720 381003
709494 662857
334706 742349
833689 507661
459084 348758
675307 825349
749448 264301
893056 742359
498552 339818
651224 875293
108965 618261
789571 426514
847422 215735
275172 884700
64051 704781
936868 870801
48686 206980
204870 574082
358910 587531
248429 317225
122110 155304
446 4496
798560 945085
220427 68396
90214 590128
30868 235376
488687 934382
380860 769817
311665 703995
269987 86974
133941 166565
312645 424836
94177 435445
258426 329300
367550 967580
719314 16038
207746 792547
951488 778796
55891 941893
235605 847320
608797 162489
736664 716930
553784 528551
294237 798659
888807 919009
494902 666494
46778 713469
971630 679832
466702 637163
49880 899041
862498 504269
137287 873871
960954 635119
727494 874974
379089 524003
792227 455587
854017 952298
593356 781887
340789 669009
705059 865544
178646 323096
122180 799409
720209 462427
715274 829122
732772 641061
911168 517180
423806 730480
989676 778936
540325 875907
585401 402843
454894 260978
491725 812238
118132 569006
113208 383004
254625 770146
728209 399934
371256 915797
179192 353743
261460 110208
35514 111033
756657 922790
279516 688227
39716 635580
511275 565764
16300 946981
101703 116350
812721 239895
872546 332860
719946 214345
854416 617263
161645 153363
81014 402795
216377 700437
986271 730197
376621 934557
33067 905039
845516 348497
498881 114797
945086 120329
678575 713835
757147 990198
280210 138520
397110 764210
487397 554595
722353 456848
910083 676783
928956 792056
911509 626897
837556 298821
423821 796147
581662 360132
239496 895655
725421 208015
423992 505886
904488 788998
117179 559508
668524 834207
669555 622765
890644 337862
194279 22449
612141 111607
462830 411030
603183 670970
373674 801791
968000 637762
279869 749774
982244 787300
832936 92444
461172 873607
192880 989127
213192 590643
607993 462555
542768 646013
559440 54906
617985 671558
774160 915480
880132 291865
164375 352627
347240 987122
569685 637319
237031 269035
213228 360419
109497 706213
393042 433488
564336 363267
279418 365687
325228 920458
727260 457127
851039 192130
797337 67106
82736 684789
932087 547893
730490 559512
434423 219551
928145 981940
101714 718352
894039 226886
159882 437586
284576 752854
511523 891125
741386 837149
602181 101390
228923 97896
417471 210313
594654 185777
737496 356636
352060 157843
246439 157781
134614 280850
822843 491356
282207 264511
613923 365164
913556 329417
919798 338230
502979 727643
41612 173260
797248 930684
882256 436339
172424 341666
33641 66906
801823 592666
484728 915504
704125 1945
414519 41889
474786 301749
252580 347710
395203 838131
465879 986960
562376 249842
752817 694588
683896 130857
352706 295330
415674 166785
582102 122256
531833 107325
770924 141498
45951 615664
705084 378602
73836 95201
140047 36867
409977 979461
377498 613285
725493 98388
232649 767190
919293 124089
291336 374167
398759 111871
897690 16879
78559 716844
581204 583869
863267 352293
822885 797173
785720 220118
255551 471922
640981 365791
642443 859881
492064 371269
97429 291957
243227 138681
169280 327431
524187 657851
249954 858495
255042 302706
182892 807943
421880 251966
312856 942867
471515 958560
976259 734367
452718 966707
38822 347297
465982 792962
139580 992350
298668 501918
317964 107770
76651 144198
246295 550588
332997 668509
452994 81171
768082 663860
113927 571950
304819 688968
521270 643904
988978 139148
651594 758584
968090 531316
656000 284081
528249 436742
499190 540267
476219 819090
681799 626473
234817 614470
805557 659957
515821 684805
652714 382094
748846 683513
401315 148727
365383 607838
425273 105948
939187 251750
536430 434808
191059 243174
619546 74945
824576 842618
732732 751711
979490 9184
74860 942126
144064 19303
212763 142749
282272 793743
504291 790234
448010 286794
895698 127050
457048 238767
271565 818348
464921 398366
649908 557662
973318 795654
889781 703810
462996 972126
650209 803031
861363 273656
150953 109340
893340 51420
973413 271444
401674 604145
108535 816223
711041 440848
321639 361828
583758 732636
141370 532846
514163 700377
256534 551923
966795 695371
477517 571958
148581 784168
369224 62511
235750 781618
968572 233890
888089 472091
862542 241997
460885 676965
979367 307106
573850 602737
131540 572240
249560 94712
621299 430462
300782 908883
917007 243437
939501 248054
61988 564620
568413 429761
930181 755444
618693 310627
592206 712027
863786 900475
932632 74525
653175 791990
221595 232966
849695 5708
332789 967319
768547 896704
878738 517237
719908 831039
273524 323140
292011 435916
131313 336035
390195 959887
631183 802420
146669 338874
883815 363657
680766 688828
195827 566977
65288 433304
727594 261434
549918 792896
433842 542344
867279 225219
515173 155956
545890 918298
570426 926653
749673 885595
708323 929182
397946 93383
332167 824946
388336 177800
644687 905810
95070 650857
565104 652202
148001 135921
407851 207242
241116 823804
272825 206466
715312 988013
507608 875984
188380 907272
681301 828369
14878 323240
773074 821088
23607 744316
389976 534584
884435 303950
273357 65192
599668 569960
738519 318448
789322 979200
103255 987515
889975 211167
167722 332755
599041 42179
610251 985941
278754 360840
77435 283111
11219 795453
172842 641539
909653 562461
277688 819214
638209 78288
559070 647960
621796 363758
568904 93219
586563 516426
733043 55835
621242 836930
335793 841964
744330 388282
252165 743364
110030 66472
144757 457122
831589 989582
435448 44325
452393 688408
768504 689233
950377 946689
566554 367419
737200 775014
735685 696781
451452 305671
132750 206029
151793 450312
354352 319788
111697 555885
403148 656807
943762 114620
657489 20087
313763 250079
903856 278574
802280 514036
209265 521371
660192 86731
482676 154126
304677 287492
386332 22370
303391 37771
701873 667874
159150 272404
145599 384176
641010 125835
758922 5299
560774 53591
847033 336971
62032 763028
542170 97115
930375 529859
512567 303499
724777 738310
20696 129789
359710 528547
400924 827410
931694 156295
515973 422603
210311 54042
628205 690283
716958 376955
444524 34971
165726 752416
207982 13065
842549 995079
490045 963368
443544 655979
895860 759793
430147 989074
943865 96053
58322 252740
244019 765922
590066 693222
978771 944278
348626 544076
442093 694377
4990 753733
653470 718095
205548 78156
252140 583422
107778 824939
194749 294519
820637 225726
368648 557529
831929 158354
49387 25609
266388 42184
946733 127313
929364 841726
668909 654025
655019 515479
510663 184261
366678 840026
295746 69254
388610 420213
12907 344162
168504 938426
297715 433789
923771 332256
498195 164912
804239 353466
929070 49473
375618 267939
420466 350785
393879 777217
601753 458048
472769 465712
308523 276448
737163 656969
963610 261219
442837 355120
333549 417663
798608 642304
979383 968913
248680 30291
596254 574342
250319 238694
338464 631055
318421 657055
993439 401753
152541 442576
79566 58326
528108 400386
960261 7233
81894 552632
682584 968722
302612 606301
53529 354716
209423 741242
817095 112847
349036 693728
735799 792418
994546 889454
341117 700418
401939 555291
619823 120944
345262 121191
897438 367646
23968 913240
125353 531131
705592 265712
956216 696873
893253 829174
924540 675597
413336 540425
3044 609324
415014 758714
131623 12251
339949 473285
655053 835461
775730 958713
587482 300189
111351 843507
683099 323405
739883 824034
474834 558268
517418 71642
11937 852450
381849 737129
70444 204911
49315 661001
315902 604018
424409 711549
499295 16891
990191 914631
645332 496046
141330 129211
250518 927783
627575 597774
140236 926877
704230 407349
824454 11573
48907 378948
395783 980330
756639 903869
411344 607123
328254 556613
713132 611602
177327 64427
748605 699062
108135 784782
116573 436058
395769 92723
9361 533053
18685 946700
636813 541898
653239 404672
425974 812279
496608 633507
333812 502975
148681 836612
933416 614688
130246 186243
722257 686330
80437 150911
302437 495461
825421 422504
434879 299681
790464 284337
333834 289346
632233 970976
33779 64999
109975 587273
437781 554778
759780 836837
1140 141587
244492 226898
598648 937413
511245 760024
766768 516038
212287 230109
213146 111473
518848 617671
103929 155475
993726 905976
652890 826142
428937 487307
255788 213254
237850 886869
743791 982821
197912 463047
150202 868917
745150 47760
281891 305378
198254 343650
664859 336243
921017 963259
63365 445601
730723 987812
539404 697932
867413 377859
20132 32665
335169 2932
77332 251421
100625 298138
176187 574674
723181 775297
642568 297706
192826 480339
979516 822963
999555 658750
525265 716265
505287 819332
770968 401213
673073 55863
855152 18083
34560 436046
151638 159594
566982 219761
656719 363108
962237 399215
840291 961567
343407 252550
388829 62064
619762 247470
353758 756870
740719 44067
281731 931830
373298 809778
300657 274740
698470 15719
643723 380142
713783 174984
946791 698274
373827 152296
624222 65890
338656 14003
340238 705256
926451 986499
785291 652016
788504 968305
873248 810502
883648 234777
244231 485304
173466 218411
273352 998453
382473 188833
824501 175078
482208 464821
254102 925957
762163 736470
857651 566164
608440 146889
493208 810966
428692 269067
383388 895219
252531 652435
355240 40491
145819 170143
249141 816179
932547 880577
437716 555536
488983 431716
169408 975439
285552 42055
570665 885318
239277 566020
688276 704035
336878 212495
860656 772120
610050 775905
815908 981322
330151 632940
348104 343381
156696 416751
52968 311556
243492 31112
151694 814575
882159 983832
890005 747184
853646 198107
953739 45392
117861 905005
133061 902194
533190 704380
207954 802265
871309 195687
133397 229283
902795 84270
591272 487310
129844 856918
348533 667104
795608 397723
185445 324292
292769 784299
240510 920924
972602 716303
865766 243675
894087 587694
396232 252160
399698 560511
805024 279028
800575 774483
149905 969838
214879 584227
115492 602110
463844 909254
593386 774307
492002 392088
81079 547030
188892 156758
715696 623793
261139 69641
664575 185334
476640 704383
199568 721509
770580 386631
891147 978711
533425 164454
288085 280952
515645 269277
51830 682204
964990 367204
957577 180080
945885 882946
360117 776374
929299 904291
5617 307492
767926 40608
236551 312150
955083 80334
985015 883623
908784 831751
741796 81420
199421 283337
435041 230751
25570 940848
525951 41699
599131 297545
97584 372550
29378 137874
439422 25496
696756 82665
257112 132949
359658 542632
564817 150962
520270 950386
486507 509287
82251 494463
830427 204747
360738 307101
986704 588872
639104 606737
680191 590163
189760 707408
698043 217699
149419 762353
169731 548573
211609 238017
262067 185970
105562 201595
273929 87408
24232 417935
948419 902029
664448 669380
746690 499582
987629 831989
384978 844477
352862 499761
751972 195517
925554 191575
260730 57703
673912 354977
967587 847784
823750 71177
402272 672738
571282 874091
605994 834829
572184 396363
474747 655144
8774 465953
582017 40997
437379 110569
691292 187903
233147 82036
279613 26649
723353 207889
965359 341721
97833 923359
702195 559582
96875 395488
771108 436787
795572 983432
991113 505402
830600 919037
253697 182387
961802 458181
205574 518197
296141 609189
866001 680240
410835 395074
695760 302851
343096 74877
414495 857078
405264 744235
933478 205352
729211 802589
224466 50212
615524 89000
578875 933712
27001 326108
801761 375056
433304 289242
253857 181272
691365 992110
265752 218848
771438 919276
925743 276680
94708 799008
724730 952866
204728 151532
555600 945750
406709 567036
654288 502796
805165 122891
16550 818252
191937 730754
242724 839270
520596 41040
898164 313294
637639 938961
554284 443052
973913 401210
126978 525315
482336 367815
645583 827757
466727 849481
822545 464103
98678 939253
55046 306058
418226 682552
547814 980564
743604 911697
457259 532999
32077 14656
700447 963053
161048 430208
334007 902738
262049 327200
946800 819932
199367 292083
845109 942322
523049 611163
952629 513138
534089 444243
100565 401847
621643 946667
967369 613258
714456 537682
947968 97054
678642 11223
426210 356208
120846 551017
453108 991436
767833 397804
559439 389448
817258 298506
346309 388700
320597 753325
896568 364640
280269 667390
581069 765869
625394 438608
205908 381739
294398 348365
589055 362704
481946 672096
476568 56352
279187 923089
939800 158757
939607 128700
896047 525112
237232 837117
17510 456269
612309 865409
916477 956226
166742 785759
199307 169335
83113 194650
567495 256406
322721 128949
362336 468755
630333 827599
107383 182997
575643 745058
910080 127682
986907 5850
943068 122961
853225 314470
251011 907769
596287 268913
698133 137227
722148 207693
994893 62208
945494 637320
420427 720974
117354 384053
7786 325856
693154 118167
16401 886450
990097 671723
325951 349911
119881 194868
148332 785750
194433 183191
156616 428736
880350 962912
458781 677394
474362 4825
902922 923631
70704 181628
475450 821742
576968 88922
851939 174594
913244 74144
366329 689097
840782 121934
459199 81401
709423 404307
80430 77563
136102 851146
393221 513092
6250 635951
473065 143868
986807 863632
311266 344306
872491 522404
361496 892147
892049 197553
597064 910499
455828 266910
99727 503526
204568 170408
112730 284366
381931 757593
266430 74924
981668 827171
857467 209300
883794 68863
666199 933191
228614 405578
52587 340869
696614 469074
831274 377436
293142 876740
211435 190382
947833 927229
461024 649524
76009 121759
259084 855102
438872 55409
306067 373506
435676 402358
253103 117956
160944 401743
43702 339020
939577 799613
589197 336442
780355 270603
430598 138805
182083 881632
670303 750690
451921 515651
934456 900650
158412 726548
67238 526629
684986 32336
723955 405947
8455 507755
116658 418776
157581 63695
56578 515852
888972 201365
889930 972191
621109 107532
646019 553730
61317 886622
885402 501387
447606 656453
161214 143796
138107 288429
855446 288914
857944 115845
15099 222612
323414 515357
689761 709767
900861 61127
98720 502290
443734 331996
572521 336054
418131 581381
394016 458642
391759 125121
655340 701280
323230 111800
135713 639753
530551 540349
396124 539649
901970 241375
823622 938772
134626 640119
717628 710257
18303 352780
128976 625987
849030 998206
173918 466657
872842 659844
778900 948692
932387 402770
56976 956594
212467 119474
898674 347042
809183 240678
719582 194007
351000 849759
191805 949016
304842 680027
403763 181490
800755 383071
947442 191873
972724 807649
319255 453138
703016 933285
962545 27993
191101 309728
486021 96130
508984 477461
319829 813896
890475 588235
257431 662880
852497 817364
846025 739026
43248 14638
918382 765125
869531 403067
535193 90261
874982 754253
33552 317616
249504 729391
945346 423766
370015 285114
256669 381294
453964 849963
343193 39881
327217 921196
798629 786694
541482 163138
558303 117991
901253 801889
447904 271278
384585 511359
174796 26692
150105 826110
864605 50475
761261 178512
626374 337967
197378 931746
564124 761556
430797 11626
315830 345611
212480 845413
417232 187301
617898 556594
688624 682863
693738 604030
32277 263312
109400 449334
103179 5963
221272 393363
42613 642552
545630 145381
169589 774868
89510 897651
821092 974301
208493 339172
854470 150604
253496 562122
484820 104399
808923 516870
38839 868635
437281 63905
733543 375699
690354 33543
820587 639425
11108 940399
9419 742908
974732 797014
453864 718223
149728 745829
829764 702476
591792 677658
817109 14646
821972 417350
149244 694639
523217 868993
259547 8504
71092 338048
596336 119759
101976 718215
529086 77889
147860 427946
421538 913801
971469 948882
549277 966901
246275 93389
46020 371211
532991 243834
843412 644047
504059 726830
667719 960652
360906 866030
64270 791775
152497 547022
616016 520330
485216 732460
853099 371642
123581 422383
175603 512383
688073 120690
197401 724634
556375 348954
575760 277970
529409 374486
963512 39009
126895 981314
594480 242924
387561 766211
800564 240347
669287 634291
629312 654236
382370 480472
47193 513401
164409 296559
75965 165195
288102 853428
481948 368662
81157 354729
440971 137658
373758 83559
21785 566511
664534 423186
457635 387413
840999 483373
815791 676248
490052 47510
663874 873029
37889 778592
595624 760289
864594 17783
154921 914127
285374 457035
802357 503532
981170 950213
699741 461597
562058 778212
899054 243004
648352 590420
855208 706533
294664 411802
378378 26732
340479 642337
613097 119816
460767 556478
222633 704701
950404 39628
530111 426137
326014 308731
504532 329164
738019 342316
176642 363984
361211 437300
361756 340871
915250 471632
347373 587791
217734 377605
961377 101431
695072 894730
688847 234562
911414 485584
311710 396473
787528 163510
368520 809391
289779 687882
197197 606746
94334 698429
132777 771010
651806 558011
134206 226119
730741 462185
878091 257370
43003 938019
150958 356762
26253 917468
947449 314892
155217 336748
469082 352402
261670 70617
297276 581263
671064 513319
90419 980211
478022 807072
248999 984139
433601 897229
369895 511595
134495 2753
736932 417991
483509 879324
627690 688157
198535 215765
581443 556879
738354 967802
10854 780327
798610 98645
176250 250116
685405 593942
27406 412890
26568 555775
655703 984068
557232 821323
231156 554274
885218 480475
707450 526711
932234 497021
621656 585395
913830 313587
357011 560658
733120 181883
56682 189000
908756 856338
340635 781483
669123 572505
273127 512833
442250 23448
748515 492679
969687 188390
464594 355093
243077 827654
757005 874646
866572 319243
668758 654237
829534 606668
795660 497417
96396 710660
241286 420223
503338 444679
840052 372692
270889 117043
893379 838647
34238 837966
640922 309543
88479 250521
81104 412102
923769 96881
200400 1055
664809 629806
568867 630218
443704 636424
629103 666898
219047 79834
800472 929109
108006 807258
880052 905715
27531 253146
242119 3248
14847 620523
106851 733485
459680 356856
509182 567378
994156 135066
53795 251159
336573 663098
890918 399687
241457 940685
974781 51988
712612 54302
219538 476801
333905 198287
81098 700112
570157 373350
242251 267405
134981 364887
246865 356202
378515 143560
864579 300151
500502 656101
209236 812689
918514 556686
633842 396710
786050 609294
635736 961663
580735 757886
214497 830653
184680 363557
602599 998801
475228 461103
326826 504053
245157 178625
252567 409998
599151 525859
657782 55989
671839 856563
527623 607026
875505 846807
326194 447753
998869 263696
97508 333615
326226 813878
105312 192362
916341 543687
360840 588501
211279 943452
808616 513678
352244 601795
329057 315560
953892 68430
209433 31050
713528 229587
762629 81292
303304 483393
57415 665360
304286 369089
258169 188074
561216 289043
693959 805165
759296 419592
115805 947242
409172 430198
957739 807662
183713 202294
816803 148859
642448 230888
106534 684256
21692 557928
355350 532773
549494 981004
53354 541816
753127 864003
771607 520485
973542 689567
242708 547074
951994 518025
473820 231913
859168 332526
543465 137383
137691 885549
917549 332678
836376 493575
758282 918345
356276 221902
134131 481121
580172 829283
45529 104259
951485 746359
233220 880398
641524 419301
771225 809664
369827 535147
49050 924469
597519 490676
280084 332048
402566 738214
706614 146068
891324 965670
534009 767657
108124 879337
932868 499306
624086 838865
316039 831572
656660 882325
968795 436756
343708 439503
458011 613817
135832 16409
226653 632365
754582 366478
196615 995375
825766 772735
583618 432100
311698 987866
56876 792067
376707 670478
485898 660346
787580 729182
125722 206614
659292 721342
820553 650391
43915 732988
540512 29766
238023 210215
830325 371826
674389 927292
916305 294659
7188 565329
58910 663070
493856 790404
798659 33307
306836 644475
517075 829887
597774 643032
886474 151872
494452 413250
470529 261717
647595 988377
743772 834275
584751 58116
993534 340823
359161 996655
3553 114938
596513 895576
553396 698235
326025 27537
450172 701951
921657 414133
931653 168094
715286 70596
621890 946241
856044 578029
452246 487067
914374 29700
361187 572968
927821 835770
88807 863092
388834 543879
260802 351984
93718 692791
683709 638274
106261 699607
602165 973123
451359 414822
706864 398043
180320 87218
673283 987732
56580 919493
351933 318232
467167 299417
723801 105974
703584 491771
9975 143497
399518 507748
752117 823428
314406 89382
62705 859357
428790 285641
357110 807723
147152 605533
39196 282522
587494 894630
230811 218094
308708 980095
623617 447859
234162 341061
21258 76406
166908 981723
757957 724656
628410 826206
648448 984293
126846 615536
767574 932446
98001 132266
389962 936118
103873 212507
298720 312490
694157 222409
565449 962163
177944 639470
62123 394697
17420 739323
278589 438376
683528 865182
593033 274664
343024 851354
983364 142162
348576 790510
570408 598964
559510 771429
82023 891530
865503 27723
554010 562212
259389 319913
736805 208694
517060 671673
860201 759093
307016 255242
550764 779808
879539 602239
829667 371666
451925 325179
777821 350649
667781 708313
899186 310715
682336 589824
931292 532112
406767 616451
56727 216928
922674 302406
784467 830863
63584 33728
766595 153603
152473 711285
770422 267467
109601 168856
