47508 396100
381699 838952
97509 939820
856108 470273
4034 150927
238160 729721
290756 403440
636441 992164
260801 1010
101699 210197
835217 9080
322593 310229
64075 239072
722948 68556
629151 147926
124878 895071
772284 915267
927522 531951
438461 994661
570652 693492
111626 582756
247773 160362
384574 303363
709517 512162
454224 764017
914080 205438
267087 213787
901650 529646
919996 180754
516247 480502
84631 885509
297930 799212
600661 622178
926867 291749
588488 721700
977458 564497
640129 922326
918599 127839
674958 334059
376956 257404
10032 825773
626531 733501
950243 430524
520123 17922
831204 820145
378839 269544
749958 632105
736365 739883
443735 405036
293655 933002
249535 796374
671820 484426
217471 396615
525238 253752
328827 904808
611982 519453
380881 74886
524239 963989
495939 793626
748513 141848
942473 87806
720462 913958
780808 705097
822710 163288
616578 450160
907227 668727
929222 631635
186241 299007
569590 924049
631912 943562
241202 136018
912112 827990
324996 352995
979226 313715
644785 971797
692422 123781
438676 773709
598077 517096
149907 738767
677071 721808
928586 755368
765830 528080
938436 111531
610623 38096
530305 954845
948960 175270
711538 709440
208042 918383
377815 768062
830565 780334
999050 705020
526871 691203
396400 99625
939851 365482
685359 760207
795710 505559
622898 544574
416722 797939
878712 330630
775504 697975
546639 717139
116239 11895
485647 379038
773497 603677
84534 498801
176300 593127
363410 833495
743755 481365
643257 226275
92142 802303
319705 690306
169333 113275
748774 247496
164281 336678
600276 282610
625475 653683
805823 399668
306027 163321
213539 473963
829645 131261
721232 801500
559886 922606
118837 851177
974281 649036
3629 427774
734257 405209
74347 423200
868657 645411
788339 183467
797115 829844
188552 517266
250757 37479
193751 254767
716269 779113
361315 385219
474403 40121
242324 314135
745022 19457
649806 580791
917030 19694
721249 586580
324776 323750
737294 173761
427826 864945
380439 809213
873373 961033
313503 163060
800767 638412
703461 295756
671110 169040
855358 838870
982383 910643
467436 934753
668859 942782
502634 213595
94224 471906
260916 744312
497362 510703
730302 49831
767739 366996
393752 994553
518333 405449
635957 256990
859839 351664
204586 151699
795175 255123
131867 553134
612970 348787
767184 186101
41094 267948
800422 198930
382195 767770
130084 441709
432743 600654
38105 614917
702048 285044
142176 454382
33888 858728
688159 294327
340024 485239
191634 292681
503560 523404
316335 430126
409305 429515
283547 329649
353627 625768
882750 698797
678051 629623
527795 783028
101176 373162
75655 434531
134913 308668
500668 531238
251220 234843
244143 743995
441019 79539
855508 742851
368003 440779
769205 950856
774984 510646
349208 877490
379923 597325
776600 738211
854216 327155
23410 906509
720419 451464
859129 618177
880722 120704
708587 442641
193100 166591
144624 884042
563435 27471
461080 684377
132063 130045
38280 540833
5733 298240
3972 505790
913737 387291
358378 79089
987973 656855
561028 770650
877691 351662
174896 538119
93836 98388
824233 881342
554472 657917
342310 936448
738614 780265
701281 175868
264976 210331
38411 658612
772610 979270
599526 458335
819498 915062
70016 323192
881030 420852
870341 783275
115436 185927
314034 202385
57725 134594
229376 312142
446678 892467
692407 995241
67403 101691
991666 276969
960138 822745
531577 513100
836855 665071
687968 281263
722912 313754
333933 439439
355888 956175
319635 926163
181496 330436
590899 947284
881320 398503
394863 840634
496838 15345
322271 570188
902377 914393
586765 248874
858606 129280
30830 258646
531103 867184
551949 273865
519758 508302
805613 119529
414353 324598
13909 100801
387502 415627
8545 876987
14368 160117
278775 317970
600566 355282
311012 624066
127518 584832
108155 699711
904036 696442
645458 637269
680052 857149
491980 190223
399577 631910
959979 250612
289343 254967
581731 513941
433162 259244
823723 228773
280246 21098
949028 424216
229855 567186
469372 251216
327541 738297
418218 329894
567858 609063
251274 283265
146547 789863
835608 88243
688695 92425
635846 547389
769456 935332
638706 244583
55911 959832
953485 26361
632350 179680
448028 829503
838877 189060
138532 661860
753223 747451
731678 593437
445803 801094
177416 623691
897018 758938
224703 503573
561051 512575
76848 132622
187344 16290
605043 631976
725112 572069
632332 970510
173377 277507
602861 174807
89297 770716
287150 995926
391380 134727
265406 251862
972641 740670
324226 216897
495560 818092
37861 357302
578938 882376
117204 573645
22212 147028
466072 510746
97932 921413
612697 627028
230609 120687
485740 611916
864362 865559
662935 890514
781023 475613
665422 22880
357884 639937
854802 178260
638047 30588
443970 739396
685615 648617
303363 350766
497325 672718
542127 980877
814181 980395
163302 900741
381954 254894
925538 448463
442807 481391
673313 247123
438270 525096
579066 849108
595419 705663
810658 537380
956651 403737
723117 987663
428039 523897
487066 746220
731906 547971
875417 109085
221878 99852
112900 198280
102228 747976
136330 496224
902005 467113
940551 620983
611626 669101
137821 300571
627495 890658
305631 699745
709700 855290
422235 223998
468166 672484
913864 472848
648819 708145
416075 115064
268229 737058
877272 899093
475928 353345
464733 39085
913256 379467
236208 913506
615527 305899
557164 463490
920294 123993
27689 967223
631693 983971
86668 937157
869836 469628
269879 831394
445198 793856
787520 675155
384852 214571
279803 588372
545518 151654
879731 370442
11479 553518
412288 574310
984536 106064
966576 48680
418335 402957
609828 189951
195546 210528
159112 189604
34858 487733
852935 335670
930132 626499
172463 240929
505103 763957
410830 195084
106635 113440
520956 796781
709691 502390
959667 356490
642595 929670
804263 825619
323067 536464
182634 999994
506630 424998
521012 683290
116626 431663
945592 187096
954840 193302
945045 376607
771333 602827
999769 44494
603669 612532
230892 34918
707424 134580
684135 734655
736459 199431
276197 111432
773143 425355
795760 747026
397006 365397
645079 722436
605045 964749
628208 168638
807472 834547
487704 626712
964834 342952
21880 941938
834962 516598
123979 932250
305817 449790
500536 770135
974924 330313
789535 910355
545750 932627
280565 720204
131114 503550
681142 298571
580873 166829
463979 913508
159024 44242
94525 44332
661630 434779
182729 204186
49321 576487
870519 233239
961210 13629
857013 367631
709350 992399
481118 147558
557012 48290
649757 618145
313563 825514
50381 23383
500584 876087
620056 356222
672618 727564
597259 984378
542249 283277
946600 911137
427181 508848
629507 394940
605097 684701
805837 821327
557012 107664
439406 20229
945361 616185
181380 795544
733419 888067
651103 48039
879493 473841
288299 828662
433745 324284
784729 976642
557396 617517
77510 386331
651533 787387
761639 274700
656779 812457
629513 630617
281313 751298
114341 642046
603062 802244
393656 233720
313836 348564
159996 314420
29850 822369
970202 188755
401007 224106
468758 22818
559768 372748
40274 483320
271016 676109
679388 42548
90486 900729
693309 982683
928430 910798
325893 883269
322755 61417
275640 663180
5784 675990
397181 856475
104905 301213
342821 250377
522800 559980
655146 973716
969695 43436
344942 296343
651319 27152
993328 134093
956033 574966
350198 412607
953966 927534
541573 750266
778725 357769
81756 646590
790794 615011
475685 768565
991723 929662
375978 938211
346491 468957
502790 876150
377187 59178
800492 130108
669225 286287
760315 788330
790892 617331
595636 320814
849637 273622
329566 260074
897622 209244
168172 207958
558971 169735
241519 928943
38451 866173
712030 87516
460909 334119
938980 905347
410390 432490
711528 735241
311993 368064
332773 111459
809126 854257
606599 758528
680122 961793
478640 576173
53298 676808
737083 79354
716283 760084
677699 836763
224848 180208
456319 749428
312817 395974
366835 693940
548728 408644
6611 488332
439145 925880
266517 578483
920940 99817
597018 597733
749339 541474
37594 574901
637494 769050
763370 956002
230466 675079
384321 187118
192266 677092
168301 272187
929778 830203
956560 341722
322117 128843
56667 894555
851327 948142
788103 145174
777758 930629
338339 492531
505179 684488
463301 295524
339362 655192
828326 134586
100876 139185
136954 510535
965090 800628
794216 224820
702405 340710
582921 225674
327749 107874
982259 628891
536745 146405
294634 741792
866079 192599
988658 40803
24847 315683
914870 916447
468675 255908
842216 136988
305682 319084
326728 720662
5620 735146
685572 289920
285954 671989
522085 661933
354692 948772
512609 636288
464612 32922
506776 74469
215683 879059
140676 347637
821387 487052
859764 421840
826365 168540
145391 745590
280846 279216
177544 16738
147407 876038
276919 332461
918108 642739
102079 122764
50405 66050
995175 507531
232335 446730
66596 911139
609501 706606
894421 471005
394497 980860
966826 760585
836788 447328
64438 258209
204220 319721
741171 319511
436256 844988
959453 562268
903272 775667
281772 475233
347375 23250
906837 560960
269783 105675
950101 118124
15485 599317
463813 231251
88552 930438
904568 270662
823139 601561
252732 186800
566658 368935
893751 841220
191272 355822
327144 957178
600528 963006
295632 211091
652895 546246
875416 14186
336803 621527
901535 251688
740108 53979
822034 119215
810625 540377
152358 519415
930451 955301
259543 806702
828479 621278
472459 730597
431408 235781
138963 280721
260950 232
437036 29902
411153 504817
211065 405123
657490 923200
58991 342267
750911 542038
152506 138935
84474 366291
647357 782024
258604 498763
113426 776946
607745 848650
387511 789310
278750 577906
517997 364368
115770 973732
860990 237989
865358 566015
691989 243813
771697 502983
56889 183086
316563 159701
249618 621246
898942 9365
234747 768092
494839 835779
729816 325458
550560 131587
564847 531465
37637 721873
372124 980565
517762 271259
460971 25161
358202 957566
723265 357340
785901 898654
141990 446783
241574 643718
427645 461042
87315 936525
183905 390266
439120 34639
668652 797894
540841 875884
169809 917462
538120 55081
820540 534043
60942 829639
481398 429126
458400 176389
462608 519013
302004 539581
964506 223959
783643 367614
803537 949251
387676 409784
317704 177648
769587 367203
975060 536176
761707 111793
390913 875753
468445 655678
731097 742983
131123 367446
186679 101394
114391 43787
546951 415763
448939 239412
410788 119846
989830 108839
564846 136318
486291 833938
20208 411424
157246 52527
798891 263234
908306 731390
823700 821181
682326 238123
226792 17346
821431 287365
666136 950990
45843 764835
359114 296329
1743 471282
69359 577526
312127 368555
464492 146814
641394 360317
24114 4062
191131 336280
614305 984847
119111 951144
327791 856421
673329 727422
882090 302977
485378 103466
655428 217100
776687 326798
959787 149387
767867 240466
601410 78582
520921 124437
726443 934412
108648 950634
955308 708254
609651 721160
359488 255856
579277 51276
212688 193606
603044 427244
725589 884703
179343 148795
799817 344906
503246 583941
468488 910645
423851 648604
626979 543089
466370 782446
599083 362579
838585 176386
404259 922764
391450 826581
584009 905682
706009 424564
127514 405499
24800 141020
408091 285729
503695 55731
242207 384433
642788 11052
142658 316209
688590 104737
881663 3392
505845 28411
777133 460286
768671 86831
404165 589625
612647 216777
412456 233817
828820 542674
259518 625733
803353 667489
94658 245054
283428 481084
940364 565957
813745 678471
579325 111510
626482 543557
586688 200933
289046 754155
515475 122512
632247 561408
653435 453612
999897 783361
700354 550137
565357 747841
712239 382986
274545 945339
749288 257425
654628 124328
908610 707705
581849 508978
148141 76039
638196 943501
519547 224286
265386 477796
262321 622954
26998 625407
547016 614067
83179 99230
35225 95872
163939 103412
470607 538389
41388 764304
785454 41407
116204 861595
935357 446885
647679 816417
466805 519790
941110 702306
143594 585456
53632 599167
653569 689255
423839 290757
349286 385124
84911 46054
415127 117310
336501 815145
119629 359449
904442 245450
641635 501382
879092 50970
864357 165914
512849 118066
518971 342722
252025 113452
363290 740362
581479 334325
236639 51430
920718 732506
298727 445943
513474 496036
495969 972322
797698 810596
329988 753690
184060 92559
4741 740616
755578 324076
575869 216442
290390 244643
102271 480989
487791 617624
733104 164533
246247 560654
348798 110823
377307 422930
341136 172910
324959 86322
473385 935877
834718 34480
866718 302770
502630 647277
881861 623620
630062 609179
948039 517054
30949 396285
862027 37535
823803 802445
249334 62646
792187 637924
924753 495383
424784 713507
177003 981872
184500 289968
525153 184845
376991 547174
918283 664590
346030 972665
275915 858876
303994 301852
132054 574323
417445 786285
793860 51584
351966 128510
753559 125732
57922 936958
249031 612986
818868 457948
436846 888265
185290 554566
596505 148534
140773 79287
17683 102894
985701 931189
884810 133443
648345 375960
563010 657803
414495 195771
903621 363347
500955 272957
31424 554206
341311 491499
786599 390270
328271 257807
168105 891272
124772 352111
916859 398688
172122 719063
40218 419470
230270 816403
774457 270953
209726 296070
571096 758667
53601 191784
884855 489953
394545 963984
313661 961838
227727 708636
759641 64133
488760 509747
812481 27517
961909 914214
790913 617905
637107 262840
409107 946616
723860 200890
19971 991057
684113 824913
355750 316334
431882 986497
304304 551355
709091 712680
507615 850121
801996 223840
54936 785928
106933 880584
663671 85897
264899 161007
796347 544652
904507 616241
607082 823673
878136 799272
21188 431396
799881 659568
15627 72768
839870 252370
126489 952653
456879 246922
178396 757012
736505 431555
91544 512638
260581 388890
589771 38981
640134 100566
200574 877076
491913 902615
147027 725696
601478 643835
707893 930286
290657 445304
123647 228938
12336 954738
172954 488405
402739 290039
969134 467272
675409 328096
300771 298528
920414 632446
372942 977703
185467 22065
745297 731035
834571 249507
354921 194767
890572 692980
268404 537321
176221 103900
170097 785592
335171 784538
442489 994520
829820 11574
966050 213501
704836 934601
103756 561522
236883 771360
773149 62567
347132 528199
357671 193025
675170 802860
49767 709554
657901 622514
576114 533328
878709 884887
914115 130265
37942 519188
493140 374350
801574 141859
715911 160577
879773 368429
11769 377505
146000 371549
384820 373076
149999 954571
412553 911647
776172 42673
245113 786840
901268 767987
116851 283905
64495 984458
144796 441189
680191 47343
695489 647057
523263 814602
150429 402956
504960 858000
981909 652193
886779 337453
679200 451543
583620 21542
219349 402250
490252 908465
343693 190962
335188 765139
752848 25150
238342 905642
908464 377197
966427 64318
18516 385287
485546 462839
3696 876449
861524 232323
709039 305194
220189 463279
179053 974360
846693 774612
258555 332081
95364 378639
28447 163767
292531 792350
935084 726098
273183 120167
389590 843494
565523 568564
722368 935289
164933 602907
21874 768966
253192 393403
525438 818331
605720 601666
120761 703379
462692 981271
715518 816795
63868 519151
413240 858772
836927 349691
882094 258222
864055 49942
838762 328312
968480 962243
692783 844200
396195 10379
380468 284753
935093 554704
224816 491653
534766 764943
991275 562808
474477 648811
57403 687839
198685 945020
576531 992851
642833 799854
236856 480223
454214 348634
384212 301491
6273 200041
712770 669260
499883 108768
399010 179218
531257 704397
728099 832729
611838 730641
777978 685578
169218 189797
771358 344951
714738 425015
19476 138281
1783 770828
470072 191201
412152 308503
83991 917632
557916 325861
40591 215326
916691 506302
627347 556898
891652 35210
90655 277406
704008 381078
801407 870096
153979 622663
871986 500477
231018 329280
433167 725656
558582 645024
528254 660530
611001 870169
52239 441652
587195 391645
132914 626772
425157 278505
19394 25530
80090 718571
807070 42055
233593 591279
884482 375302
395554 230441
194249 804279
454167 342053
428400 497681
328743 793080
602254 246815
875022 870917
278028 122293
745636 689276
265588 839114
995728 203766
961148 928977
87566 613703
661020 602543
37760 644058
191817 691630
562022 28302
607033 647963
312392 682755
52553 777023
608276 845134
350693 461213
865280 712873
737395 469236
269668 671211
818031 609219
370876 922983
858048 885505
151360 960080
692753 733705
910816 166989
936882 2815
447561 546216
843467 205354
945714 422520
933969 807562
448734 631321
683973 517589
515629 165906
489414 394136
170186 869555
672414 454749
954141 570472
886905 723205
582133 426336
465203 411218
554370 414905
474786 511903
22307 733651
538748 368965
328015 968669
640595 530813
447368 788274
729421 691169
484831 822654
1864 657896
824306 525174
613676 533408
561030 355846
104318 620291
762279 706418
208443 208879
941920 935601
86986 717100
49871 874813
310458 234782
861586 88734
534425 512661
746497 88244
788861 27875
825575 381176
473167 836813
748063 626974
593724 244740
426274 662481
21418 189456
378828 838500
730633 300922
797002 581445
685177 738983
187325 496304
176457 446573
909254 845012
926429 684455
325820 629455
718210 752389
607293 162562
131988 565157
319950 86166
885851 270697
849018 27558
544112 783739
596543 259743
14142 819196
296203 676357
36064 729293
365498 655667
666701 925851
5186 948848
272523 602798
715916 863128
413228 278226
843457 158629
638417 136026
37147 541511
475278 142945
804397 789312
445810 97695
463580 1400
701174 174978
487675 540113
417932 497057
868632 31468
603411 68329
539193 273418
580845 196035
314063 596327
953893 690397
957503 592675
177990 291408
479569 84118
482597 157665
564652 858000
792762 404070
361899 841711
831193 450199
853124 569681
241560 80146
82615 350504
469299 582829
942960 594372
723516 567040
210139 63254
888218 500629
877036 450556
714395 358191
398104 704818
84070 276220
761021 925945
910543 592552
176487 472709
146468 438895
940804 946210
342874 789834
353505 478009
170312 116820
505977 730912
273479 663136
360859 62612
769188 890552
349775 232686
504779 336844
970838 447896
136268 889232
109890 491553
915646 206961
60482 346449
894827 231846
216517 456496
395736 581521
482011 765460
351383 267509
407173 553605
884602 403936
405024 977626
35198 889650
597078 809516
603495 617245
322288 151045
360214 945858
614893 496466
445583 667094
611985 237966
107738 811070
815821 33002
152448 563635
139413 757796
622372 201933
531650 217282
462942 582677
177076 341125
805488 649213
520878 499465
223892 336847
556659 368923
610007 864014
692524 361809
834634 793687
921813 655385
655675 456788
682814 511954
811194 10507
773448 327124
373425 732672
837469 222223
30770 175178
931407 943974
269713 623601
951708 948685
901377 8796
230793 699368
943424 923627
83794 363082
26578 191120
609218 55082
217774 475679
651063 670594
352092 988016
332276 673056
892297 981736
259427 63892
57337 702382
604947 853936
692638 862488
887738 809002
589567 420240
423496 121858
908777 732280
931204 306109
25519 939956
435764 689208
570562 677775
758068 542560
183262 575791
119882 318087
27116 664256
474527 928522
999710 545366
601379 151392
224201 550177
320337 954143
419752 669044
134318 602797
708507 383891
823598 880799
291702 443174
107875 440094
70633 549917
732572 178716
805881 239053
156830 213127
12281 27311
165616 676093
342662 760020
509735 11594
964193 585480
829883 847579
281225 219736
97886 888807
248594 529594
636534 247239
694806 990989
63460 663325
416122 296642
776398 313069
725629 404905
737286 570310
783073 37223
30866 972877
875057 763950
788009 826699
318581 326272
928082 717685
399357 677910
613501 674685
275076 731408
328426 353270
70508 685799
129153 844243
851538 889803
141874 727230
426887 62553
977847 738245
574227 390907
357772 608881
236179 137784
137107 368063
771338 18237
268345 737374
944887 768896
985156 625391
709152 535846
346072 692461
273055 983902
385183 165137
474835 702725
333407 769155
896220 995624
621166 876700
616592 157516
675392 108786
160125 735212
32388 637990
187457 896625
40583 306123
153815 53630
216301 246680
29955 794075
207048 705617
939767 884695
457097 386
820115 774262
718747 704630
182891 85268
982889 584212
628913 650791
731242 241935
719146 525242
345181 531320
441428 425763
128313 931232
50651 24029
291272 872903
313937 455896
125992 711905
834079 80144
272470 239286
248652 697752
433945 328354
608347 48647
848111 731241
366865 653169
15211 69815
721053 448660
580182 547007
995940 221717
503728 293139
827379 320213
798959 178967
191766 20633
594660 789516
860313 441464
365562 872106
111246 203095
35055 4159
203690 978447
573912 451502
120042 147615
160133 521949
928138 724576
430077 45905
581320 370155
952921 357461
644215 259671
970311 680660
189166 4231
121226 953429
167478 61444
958882 43842
913495 512020
314535 370220
780404 99006
668523 145859
424051 771248
151968 415118
56437 240525
430085 419676
867437 687720
115675 360528
130790 983416
126167 849823
890835 176160
952008 58663
801961 195907
456156 239264
344647 477872
889110 791413
653245 803611
791536 260908
211396 757728
466235 884375
992591 878629
702592 699311
868114 493671
419950 354958
649709 176888
174020 152185
279108 741122
1199 125204
524222 832809
246638 996186
327529 155842
390388 564055
851695 553125
65822 78635
437355 641267
802091 720183
796059 10800
407532 625217
329050 403575
497650 914939
244074 629304
585128 337964
345371 120059
57263 964834
747205 683060
790816 62935
961649 120116
699759 316957
518661 103641
152989 673905
326939 40017
649722 172873
147533 475633
298457 370256
637367 404029
613247 95799
951942 163971
319544 466927
536635 5904
483522 169116
869210 548720
60132 325744
326508 801766
871658 545910
792133 850343
190712 128222
497779 705945
67944 373185
849370 633211
803869 529975
860646 580144
751120 801514
954666 731420
202436 142166
390409 700480
794515 46458
836845 667132
656607 445655
116807 568279
165409 608726
375263 552553
49625 899900
377415 204791
777019 777372
921624 381131
85744 175542
981193 789137
278635 122599
622979 483056
52541 871676
650952 384005
842512 23794
953727 784796
934030 407063
802946 684238
604301 663946
747909 862443
454763 390485
318512 169380
406964 294980
980815 791321
94727 338145
612016 188405
271962 44855
883504 925257
575208 392114
125897 851005
508611 903614
939828 371704
352670 610402
536254 217041
917114 276969
873527 291667
900110 341676
470169 144772
455420 445936
237714 717607
423719 752029
868761 541692
70972 419650
224467 496472
170467 28991
603772 670251
403310 933982
976266 694124
520883 922470
727411 236830
540445 373244
148686 344867
369746 152468
704534 65216
586923 744407
107992 57378
464334 649235
220037 793522
197499 702982
858676 304520
370645 967813
920478 168272
720507 657820
370223 538282
202847 44610
483281 185364
891370 666156
31623 426835
336076 794382
450226 198242
199787 877147
775032 94827
444020 218181
856700 506221
383279 525094
224174 529931
832535 823988
846498 56111
854013 173397
505300 595617
46590 404150
914734 70170
583208 431717
465082 848274
15467 180248
958222 863950
480565 176695
353816 180654
772152 697207
376404 358337
869647 927077
67648 350704
398018 128647
973295 337899
260136 704448
959036 798413
327279 181283
580884 749633
668118 342787
158679 29906
16398 941748
38650 409567
184364 506411
764914 245460
427907 460439
918032 493344
305868 500343
763925 280997
82147 623680
521147 739369
629957 761405
923373 765830
89685 943709
855950 963908
218865 724029
133880 277679
956422 197591
17623 897724
989428 972380
305885 687477
158435 394805
597367 835021
345075 892426
539633 620570
257500 589560
863727 732548
512613 934230
635435 771739
726669 441306
141683 766732
106311 955503
755056 20299
719974 384987
160927 147011
205706 605304
377642 401658
931351 271794
721830 147019
609019 744265
815056 983226
512632 586256
750058 351117
123146 486652
321484 551400
284267 569198
887138 331381
905165 98892
707950 985727
64366 722878
796964 467246
435328 720546
192707 908682
131651 292668
362742 232991
976014 817760
80394 913159
192918 182217
513385 336001
93150 40322
849080 959987
179413 941671
19459 166167
596589 51709
573271 839921
562601 771115
588202 855368
510338 265198
231389 812122
492540 187530
989800 65658
125040 388135
217876 276399
285211 182178
78268 815148
742271 146482
692188 480628
102275 896627
149599 822606
63480 65336
931642 14565
33385 401645
31646 181335
630955 690203
592160 345592
145535 707439
469613 68007
225937 863618
570672 218664
501511 449171
909914 386104
43453 390353
912875 131393
846182 162299
895310 511467
951857 684513
417421 920873
124549 372181
58385 30387
262610 143496
392215 413455
30924 497877
911304 207252
867075 556903
500811 690743
35709 192448
533939 944469
191455 210884
906702 843389
339721 43985
516730 246505
609606 426729
705338 969536
582508 189030
858352 950763
884531 968352
