274527 480371
815807 808073
465492 424938
792400 38212
779987 243112
737584 628539
165751 809056
114312 339356
971651 193602
910439 644827
771096 578098
442803 225991
691081 515077
31465 823387
131224 332757
337546 83524
803889 768224
27490 871058
433742 186034
893455 294627
708034 371959
628397 253526
433857 283902
50334 748003
588276 273914
826054 189504
121396 541106
898588 751711
895747 495240
408120 257189
715804 320983
643512 440516
6420 467610
590662 568069
59806 727661
661155 390551
162882 74089
939030 632385
425090 904865
559619 140191
33626 312231
75491 507085
396289 860686
573227 110977
472472 868968
560297 473786
619533 491941
863979 203683
638720 721175
542097 842306
598073 230832
914351 556426
694651 321959
101450 879441
309699 287053
904844 551714
656860 82187
125618 51525
412830 235414
180035 829170
198293 720952
763343 776665
633795 150172
281032 552132
139493 450343
899285 292629
160194 685052
428198 635429
978526 267444
663844 928009
203754 704588
257969 135653
905326 594127
575219 157509
468019 378338
689314 285468
467956 83560
399934 605309
884470 682730
230624 146600
764939 122429
432786 566326
736971 589794
881031 71729
656622 924806
582585 468534
870577 215818
31655 814799
97719 128444
208551 555154
340011 830561
430988 920840
738116 709331
233697 115986
173579 501955
246024 467257
308421 263850
827177 637054
984953 206059
976945 206107
350340 362442
720100 13261
885655 857271
665494 279389
503408 981417
743877 980383
697542 91359
159069 312127
855133 147404
143907 342122
855892 624446
976885 696197
301922 805590
531865 65409
598986 626874
877711 582616
867011 442832
638553 792725
500296 279601
744311 224387
866784 217874
812350 177123
406583 607753
870272 335110
872173 987557
543403 427408
927369 229047
862855 117641
363537 673416
832052 713142
715908 852953
613489 396976
109930 554634
305090 938723
341872 326618
989384 427558
85666 796301
925323 242500
244135 938444
706106 558842
25722 88146
75883 582822
367655 401262
885190 144068
998151 157310
184501 668015
942614 422231
587205 346859
461901 940504
673992 968515
614189 155658
839619 882379
299720 608724
957530 103534
482253 692520
778879 86920
939483 155435
521538 798396
216703 817470
271947 392239
277292 316609
921551 918837
580719 840942
353282 285968
597888 585547
491668 173600
353253 849480
285617 636765
730722 58689
520053 561976
730093 381508
708183 145571
279724 343598
808994 445690
563856 222630
986382 905203
97873 298415
229284 282080
310727 487011
267770 768476
744542 522930
62988 435202
872730 589276
165493 366325
591131 686750
480536 152317
76901 468662
730968 74383
109328 285802
822053 995907
628286 147936
520479 600744
598515 801810
243003 595303
576459 41467
532042 607549
676575 366168
332582 604079
700778 694266
340223 790694
89591 611782
834014 222946
727414 32963
416024 368299
654357 923344
575104 984435
188611 662333
705027 633340
18252 857301
768450 784174
716504 655565
591682 787547
519531 732337
210797 879878
956694 651550
872672 362582
568053 981702
244986 387870
134172 269923
594212 144131
186946 483289
973654 511473
198436 590204
523543 479574
381671 241273
377178 183704
135471 309736
140597 463966
579995 932504
866777 512704
214827 120969
601064 949082
592621 285015
138771 98219
660716 69953
98154 258020
653548 599167
754374 838310
909727 816072
117852 734294
874257 759330
124670 265441
680110 587349
188922 333146
832542 493180
278851 49687
281266 450405
227885 207366
361230 123986
410627 631234
846441 626788
497405 352029
741180 170706
342653 31538
860991 923926
815334 606026
440602 88222
67364 895787
315846 173501
776067 569979
308136 199408
606649 514959
826997 538002
418594 39319
901760 820151
334385 24611
170619 206176
99466 526585
156276 863845
625431 227442
71394 602751
439591 471279
281507 68533
782321 415464
155283 273905
873932 337595
198736 372633
755500 413999
759572 530023
330199 389711
397472 269849
205296 599723
172515 12815
100508 125599
140023 119862
491116 600507
587040 630243
432017 816802
458501 837501
87054 827299
15931 309638
40584 533204
984744 700438
591126 410200
494718 661874
195056 332164
885373 48656
197546 315181
378574 155696
161351 875296
115397 912993
694092 60733
364909 257671
350333 215996
376664 739512
257104 405815
748726 150894
598516 675789
360367 955990
683543 852195
830978 628253
145044 904664
378768 677322
570098 408547
293010 839907
886769 227536
834745 414157
299129 828883
136442 195832
606846 393579
125430 644318
416590 77189
404415 831313
624722 188766
682707 477314
533918 414321
39744 756036
712544 457075
634578 118468
523328 930254
963517 661960
835663 31923
880271 827461
767562 581272
294812 447578
64162 291704
322101 488572
189718 516704
241459 326478
936074 560120
76736 327990
769025 609859
802547 129559
829062 119722
971165 658496
480733 256086
792191 956164
608618 465147
708455 125740
141721 864353
183782 980623
859648 891062
386924 745044
706499 922832
191966 926654
79526 158173
778047 182056
699114 586266
780251 988179
187957 128003
489351 205142
16287 368678
628523 675668
197080 46215
988611 488693
358296 669010
499701 613597
664042 232164
965800 153428
859507 625086
101616 63783
89826 887776
912445 57870
340158 764416
404325 165778
869382 783396
801091 577525
173738 245122
460989 546709
843467 707678
998751 771134
898218 447691
451244 641020
705211 461646
630915 806636
741012 185648
234808 114864
156011 696743
456643 942094
639030 607510
839257 107072
812581 683768
855942 565338
3132 509448
530867 322226
999082 877317
977180 882073
902252 616973
371252 925468
54570 479855
377537 658977
393992 983941
309355 401782
172033 854631
87763 821241
498371 759135
635032 546592
326156 547705
9712 20271
70230 945852
805386 511438
111050 932247
290644 152026
301833 388227
755574 854645
960549 174618
883919 199611
974494 534059
497034 204841
712454 99804
656271 627003
707522 791197
941569 113173
931602 595024
835418 713943
222242 36842
284511 789479
510026 121424
891321 556415
536004 612280
743519 520775
659165 658309
397089 922794
898219 510569
742902 185708
171112 295476
242314 241961
340446 524301
578920 334117
167401 953401
575682 156413
413425 722166
421885 178999
48471 201735
597337 508099
995992 751217
176991 16145
198493 9661
154586 832738
687558 65350
991545 980325
877156 873034
459221 572071
802210 789762
574410 294589
434650 587814
826089 4101
681912 576726
392617 468483
463137 510459
338426 297212
52336 722392
817972 358250
741366 358616
333538 269557
638337 198141
776712 662591
978246 925103
477133 68115
154904 263410
139994 583177
776567 323715
204362 866828
692449 762244
479548 492271
904029 493080
332064 65621
33333 832461
166598 730424
959741 61631
367572 527022
688842 362612
698986 995840
330585 80385
172153 914961
374937 928269
313488 622393
149565 100441
454761 453939
707503 765587
935572 187314
313070 862581
256116 987255
146074 762337
978890 646166
271635 989830
133297 672898
122445 327270
719423 623188
767386 574635
720396 678632
13038 118084
390630 894926
201964 214605
574536 306890
541709 897194
649739 25237
117549 715688
260311 239734
200439 811765
362142 419284
137994 683064
695773 781638
198400 573925
456603 235835
224074 399381
425578 376409
163763 670354
940367 26231
143353 113819
939999 598153
379596 114733
128265 549712
147689 956649
435106 845652
759315 29147
52420 77656
610358 43465
292359 512908
638795 453092
727280 522327
79729 865866
178666 117250
389115 422577
974063 699136
447790 762279
687877 869817
394312 708082
407853 854735
544213 786630
263679 196655
935807 761901
550234 629560
817751 167028
951822 524188
965910 99177
378623 657369
365217 908048
128000 687329
926210 275684
192877 269326
415276 138396
597161 144446
895154 408963
387288 712769
679636 903564
363163 80427
273207 231039
71756 607884
959395 32801
597162 303739
713019 939547
856430 802610
636199 445679
819304 87362
476255 234026
101781 571444
647916 775875
235097 375770
138868 319002
540828 393357
762287 434199
4805 446593
307243 585593
739330 180763
747198 723101
677708 830108
816444 89023
125824 873268
61264 778847
771389 533849
434647 34081
433286 80888
927044 230868
809021 88062
289865 201333
435789 197745
611462 794667
342347 708439
686463 970154
539124 806076
683799 167054
155929 262826
66873 623164
186258 316645
324691 747885
690854 367033
230986 522507
291974 72005
939371 117213
162967 365546
304175 865161
62184 425884
86503 455399
115879 270365
38882 259682
400365 266038
531836 476712
786753 922891
683224 621308
354421 340272
525674 655010
809422 200104
501656 637462
741993 518029
782493 952741
256455 718584
496403 827933
966216 734803
101148 535545
578135 631299
576600 140439
721198 599130
486457 703175
529396 229551
358109 711505
860341 23955
949060 576437
448314 286645
575943 977256
985314 882924
695231 135523
599366 185937
373957 44490
38730 409919
318760 738018
435954 377641
85151 934721
535367 804897
733173 300457
327218 384944
333497 5226
244779 753036
880301 390645
136918 874841
729936 869191
157180 925247
929887 186494
385893 910484
898012 738701
458042 98428
522831 97949
279102 577873
598808 68285
564335 868432
83682 27441
480935 961968
955040 5151
974936 564598
462200 121046
754278 354221
408093 81098
545900 595780
788626 308151
960416 24053
425647 640338
255871 164190
681043 915287
662639 975658
639146 208538
998384 914327
371125 494123
144460 92982
818484 610928
782847 574019
281619 701228
82432 749612
686641 582672
397800 798195
979089 931135
397647 6232
314259 610765
253597 201467
643694 145336
129629 134417
570158 116649
343449 319361
852383 893611
689203 168818
925178 572241
550953 838362
931053 239208
371550 147480
404890 669636
711921 277777
367417 891550
267586 706699
148809 99268
907650 112908
922456 375237
606706 598643
49746 773623
55984 223379
346628 236055
998267 322315
23140 939083
294671 71181
368841 904903
873489 675971
495677 637459
318516 727481
756064 957697
527113 91307
472564 630646
308441 51344
149230 62199
176614 795482
931684 369931
773669 778953
194367 486838
353626 361093
744772 496136
96405 536521
86081 866830
571523 909553
454488 739616
199299 111160
744521 721224
475412 26495
173290 515183
737440 534656
226339 798040
483026 108461
725662 739214
655711 167025
935957 712311
682724 219925
10968 997739
381487 822091
760018 891113
756218 927817
954953 137455
688012 560932
680305 673817
358398 362301
324391 434039
432197 624397
984538 503565
954836 204167
419040 914060
470262 147711
72641 957259
725266 87798
721076 596347
942469 565025
170421 685495
870204 726628
746578 151222
359784 720759
238357 791301
507123 305336
612087 810754
235266 602672
915835 978880
471401 794806
890305 920909
18336 900883
190354 841630
855283 96719
367250 89524
860503 442753
178567 296404
381484 330221
940009 832248
811410 502860
329651 563637
856865 530740
504437 46069
5390 271578
306096 672250
876498 616491
67895 21697
938428 369612
663610 573596
162142 547998
369122 484843
908466 784915
174045 852146
169177 536662
852730 174888
536239 992326
154729 470343
792706 937652
554518 729332
320907 172265
904110 444752
300617 528923
951671 7091
778580 704883
923097 124583
642050 113122
653312 557
438454 383057
630796 819485
88430 585419
225334 834964
56641 42910
619973 37802
578653 949729
27225 731273
974182 349604
91481 22659
625554 494681
742173 779497
210517 603041
843342 687975
145007 48133
458516 681831
635033 983629
362434 902356
975835 529044
878057 109909
511870 314989
434773 286640
574358 653679
355726 919038
427416 736011
28877 14526
139299 210291
833031 655382
102563 518367
242256 416621
141708 398412
543568 570848
435170 269692
687931 226990
921514 623693
404220 844476
745289 73565
592366 618349
398994 318852
112293 724606
735755 413867
614033 215042
920772 299628
947520 894976
843606 455879
683030 980846
73301 817310
390754 731180
474228 759566
951236 547779
666046 424396
919837 324811
305134 99693
862043 196897
445299 386752
572714 870599
346622 607905
181941 761609
168759 784021
311472 969282
546819 724844
569656 410147
306337 325299
344434 490102
905215 234390
17886 675158
121070 856630
812742 162609
12719 20788
542258 341092
905621 124768
35253 106103
599562 365762
45121 983688
229840 979269
272358 5880
350731 115002
994470 475309
684550 192302
422 114677
771665 747199
677930 183904
708955 137956
311260 867442
917810 82609
917556 180326
896776 640720
647610 383655
688606 897453
882435 611220
7922 585438
353287 13540
585785 173394
846555 215882
397175 282233
493331 835561
445256 305354
306172 191122
748773 251746
127173 580331
629007 320149
191907 393693
541737 928442
639862 161070
642361 43229
386904 620038
297860 886660
903739 939412
580954 497710
193857 639798
933866 650747
562854 931109
444455 483230
741700 152279
312966 558780
409091 989420
479277 662043
639978 487116
76734 722720
886020 50050
417985 677900
436920 12620
590523 52825
816537 878382
684219 346041
490269 850853
695482 211389
116629 333432
894494 225073
95427 517129
795688 632388
722459 972599
846740 814045
518790 766802
837345 404106
583948 956207
308008 249572
333589 501596
766311 306231
708479 365480
332210 879119
325330 83599
703018 6220
332329 154285
766247 198493
237976 830440
546031 751494
925936 784657
934830 539151
857570 112808
523358 792319
771273 41865
694398 785345
851950 353338
545883 757444
74358 533254
932148 619328
705985 947224
574248 354214
266701 628509
608563 545082
423733 598245
617023 615332
775404 292717
69079 744718
478610 560949
395112 978964
211320 688524
566939 836433
206042 402780
321545 262116
654229 370029
155795 391762
941675 96755
416108 318925
726393 261402
121088 243269
757024 357986
14233 545650
405239 536387
182602 36338
128737 419844
995727 728717
803220 824835
919305 436056
481500 989346
567513 770322
267042 640731
287038 879891
20311 456734
37055 987158
349839 452855
973275 994101
549183 579599
918706 868435
627807 336686
411366 668480
555908 599482
255328 18873
942297 879208
513302 482520
663657 901194
199209 945345
433655 378873
931089 865496
86229 95984
625143 332634
249049 790612
98402 736823
94783 465440
241989 46712
954860 802848
179504 397469
529352 560443
572824 363023
614287 501853
794614 125501
278537 741337
479690 416003
390774 170105
636605 44464
46567 128313
377306 547631
93801 649519
899837 927654
477914 639859
610733 401715
188090 781622
565600 385235
1669 461804
965116 401836
621828 763088
631007 774107
591559 211915
348351 852957
680433 24869
957839 622073
425944 536881
454084 837439
910482 461611
934844 973992
755609 634013
266654 595977
548271 407242
855832 383030
860954 789502
140581 834907
588331 979037
424153 543269
374853 316380
177708 667734
337968 240340
483947 225852
311086 143720
55257 136424
628202 661228
87065 409807
887717 296508
29740 75844
83326 403742
17755 55624
432743 134050
793058 115082
856506 882384
543745 760442
771902 725543
939517 829443
489481 596553
898851 190286
60444 99212
372733 899833
847449 892514
423951 628877
191025 712977
880882 696247
75691 887259
331948 985284
552595 275103
29522 718801
96304 84848
458905 425105
690003 816334
598818 518345
667378 757234
826917 59217
892950 944513
670625 965638
11816 645918
369183 795654
770125 725442
748699 291770
241679 662261
797182 61418
148839 454226
57026 351101
205336 862489
585877 930924
447367 742708
522171 42342
256379 445614
523139 939561
132065 985224
265017 879289
482848 880154
549506 22625
89476 209630
785569 677138
153371 885482
790686 512382
805018 345925
514449 186866
346415 640570
327384 976699
417931 81441
605447 871034
174303 534940
542268 870395
826623 1174
114178 71764
264977 311497
746620 318514
958826 376259
375585 848075
865605 785157
547706 503642
188201 194978
831317 368044
452190 926436
929982 713539
996661 630240
221441 126160
226279 869812
619105 74472
832263 270721
630642 692262
48700 102435
788359 815179
890035 238500
119883 613432
642752 31946
263628 770945
649918 431541
569366 967327
125064 663044
557435 759
614827 100584
632915 876473
864777 824829
497888 82257
527387 107948
109855 643017
979117 248889
276428 98673
94013 781153
299659 640434
251338 387210
664097 869953
151718 35244
555348 476978
863607 721415
715078 901093
400553 616436
383103 849268
744464 787073
133203 906690
916869 455039
570600 199467
936401 431617
846508 359536
58603 896559
260442 461434
933528 779627
428510 157208
49196 915234
918711 150929
455490 257208
379595 378481
472584 730771
912116 126204
699062 112311
789845 894253
690914 469938
786266 297610
997839 597232
840338 447537
442106 244751
187290 164340
534297 196574
647576 129307
789633 731577
10519 604565
442740 126429
423315 252555
412420 726813
323715 460151
570170 938853
292237 124994
977671 965799
361485 913858
163537 498598
880046 782018
134111 859542
792405 220254
26488 478820
837995 494883
886658 98743
673474 955607
771256 348781
161037 245308
836436 19748
50255 551546
740682 647575
448027 170112
971025 599507
364973 187729
147912 693155
388169 919549
501742 621003
93262 441422
431274 637848
378110 316202
220075 408877
705997 146021
218587 234872
739981 173603
50253 469013
351386 651164
416029 768546
991976 727945
30159 507112
871907 385515
372329 323497
734962 699939
66480 595004
75834 911372
464514 489919
791510 531109
300411 947791
832359 455344
128415 615645
705971 8168
882502 654767
631163 730942
293430 219448
551656 312960
195570 452210
915349 965660
465727 643759
978478 139920
530559 445817
97888 203684
340267 303897
474907 425444
838965 188316
254083 457309
562615 798805
257856 521561
165213 357118
871904 370172
747469 788238
108386 159374
30357 572599
136611 961740
395419 130136
756244 259994
666425 865990
513527 731421
261447 922815
173240 719888
147752 896297
844200 999319
962277 994143
434589 726141
744484 637610
34308 642673
329224 54948
495737 595574
105515 986724
90327 693538
272685 201383
248030 155262
462861 680164
825417 684029
881071 688692
534672 105273
862307 82969
574780 340682
449191 625885
72212 898343
868297 41384
507080 134116
4135 352279
947055 900605
377005 833025
423018 980892
305727 306434
158589 678207
828574 765549
296594 668775
228363 906057
47387 382162
405527 774731
967777 951414
394427 674208
396408 580451
959717 33358
914524 807384
918267 101469
926949 83018
246854 713060
810475 227851
756909 652654
243143 439800
309539 346021
939233 393226
855672 416957
799732 568888
34464 838825
450621 933109
773632 167843
622400 404446
411240 162800
894950 464598
85292 971820
885536 310824
775725 595605
995886 438725
227842 82827
950544 392693
919592 993359
931947 416192
327850 979768
570224 934509
576000 670668
827541 697304
741904 654454
190400 157666
325010 821028
749017 147977
636778 782023
901323 85727
543192 316918
244095 101993
197217 836258
840285 512614
764694 259835
10911 514383
72543 697257
315584 602790
117021 845251
790785 898713
918458 106144
840923 823197
775013 811443
387502 485142
963687 971025
768054 848424
934317 737994
197911 31093
869727 470226
974919 731568
833630 143842
787345 965450
199577 809138
739775 59294
555520 991814
164156 55674
666467 125895
112019 92118
823516 118652
216816 551866
560740 703868
402554 878060
207105 202988
258153 393378
285856 707642
89437 777781
828354 193844
100564 19153
324901 878053
251277 878882
29208 543584
670632 56042
827588 537596
739533 8163
394801 188440
332738 228899
940557 945657
53056 763117
87126 626244
929194 910506
838131 551031
199620 508245
85223 768487
247702 687920
817050 377082
472118 510532
34734 594195
299024 137989
870224 542303
921085 530406
877348 901488
613484 605304
684229 394693
514073 707015
684677 534214
852848 809999
281465 972372
702074 556209
192575 856698
693157 119356
456831 663779
928693 9785
841739 599406
28946 284744
224399 78406
650383 716692
811038 15207
18347 708216
852759 881144
666796 384900
292683 516842
785123 979968
429617 40533
478482 565426
841416 749882
234235 481140
27079 979952
609178 661700
958488 352130
731126 180763
807019 488536
784375 979251
31759 189675
105886 384643
577156 505825
246237 773397
184035 156374
169262 194239
47448 609643
103796 943807
902115 378437
613303 566061
808783 423698
743710 820153
849116 706842
983220 286349
780483 682708
225593 70681
820582 965620
897081 118196
582080 450248
848359 377405
627449 158335
144030 890817
782058 45140
707878 181989
950643 261193
331371 42988
580379 871082
516615 944974
260367 485332
396519 535063
142337 283404
295183 299758
68255 145242
82363 353044
67850 816842
572314 507931
308388 501293
352133 771238
133199 898651
830854 800671
147213 358640
111837 636262
885463 548750
43133 466693
758305 202257
649948 222613
299774 713211
107123 508349
286964 576525
883121 108993
870982 883186
541573 853193
638276 631400
797382 949296
217377 731697
285854 358050
464412 523089
170610 392567
313576 243666
908205 425684
372954 487529
209513 83267
173670 98094
657951 883951
924321 315722
182561 426664
371170 423711
219664 436938
257334 917658
454988 199714
786823 187383
688321 904840
495720 748161
960362 949214
395659 38949
9218 661237
994770 333995
269813 921654
372238 273002
363505 205943
160796 249022
486236 367402
771475 318317
767507 43145
147968 15822
871684 616937
276065 438524
997789 199953
274224 979025
186737 508099
788077 515720
917979 712303
100515 895764
638137 896627
647165 474377
350189 575894
613439 602679
987280 354031
821276 143194
219888 932771
765568 271982
844147 22058
634624 951586
409365 757485
231881 18016
246329 258932
420480 767115
795149 508769
909242 59057
549354 59092
373435 892695
914718 805764
720515 8281
82940 577784
749581 851698
930919 708899
215472 611869
785419 328062
187424 882020
288487 382142
888803 924195
104949 650657
220692 451653
371996 122727
55173 259585
124413 81569
388594 293986
293875 166126
39318 400175
197670 897957
178087 35929
267230 672534
436355 503890
936772 638942
353986 600772
450620 296626
60497 621001
513890 234786
784732 610644
28385 143629
833964 132407
12266 154910
489490 3831
336099 616393
1390 613456
760694 870733
920946 85622
69597 58356
639948 501561
965148 764856
91572 523072
215910 158340
24940 776129
425467 83158
891437 468138
489948 471188
702941 754581
338169 607711
729216 17216
658248 711174
916247 288782
148405 308349
453013 474718
759554 909093
79531 181826
701171 289864
25290 264451
344964 713929
998005 729425
860167 342237
867043 732866
25086 41961
226703 872305
518594 736485
953369 969828
904657 626621
455488 280796
162923 397538
119238 644395
809943 805419
764515 760942
352954 59592
269007 502890
370705 134344
43542 921887
888769 121594
542723 576112
275931 516589
280419 968591
92171 759562
489027 342234
759675 276793
184617 431575
755008 58107
785980 558679
46942 139547
730579 456372
186298 404297
288059 735271
126435 298040
836350 638716
566038 781801
255361 614602
373171 196213
40488 347227
173304 513553
418286 354193
326024 385632
859945 784271
827388 863256
613641 864542
968190 300635
55066 614119
627968 122978
168899 895553
9683 764207
898371 669132
734734 54600
610866 621008
717130 300087
882323 624528
839233 402229
931751 340552
823961 415199
443811 300589
447767 72754
820391 531608
630496 22731
795489 796032
913308 432414
640387 915397
395899 360074
606349 890351
490698 375330
574827 342471
944440 74037
453333 435074
238129 462199
156301 365833
208496 579835
638932 331500
797898 148977
880070 456768
268104 132247
373767 294291
785217 194046
455366 574622
618717 348880
2069 985709
330159 839445
809392 85435
290358 831899
182169 203352
325274 466427
903395 557324
876092 849697
590031 862735
910797 901108
134547 372051
860633 310334
361648 535479
994787 380190
236120 927624
566105 348584
239554 23829
597376 399041
757961 101596
560478 743137
460708 369697
508425 499696
160194 616367
929185 84383
474833 390594
641843 665890
804771 522134
505323 699324
485086 993481
116947 689666
246523 649896
792337 402687
218354 697651
389358 32647
295076 235328
317267 130108
591450 432662
653775 477232
127282 573109
920868 184488
133575 388804
302600 296510
909680 318295
188343 242008
20371 189405
251860 382773
687762 170746
781035 643507
63239 659984
803634 665373
549158 797456
57584 201714
964177 571146
794981 943496
917871 2879
53463 898154
498398 241058
314903 848802
559767 410622
66322 279309
437211 340943
19583 36191
584301 461826
434733 755955
556863 903913
257979 252268
160729 156274
219522 960463
229523 202925
499557 653566
861791 784051
124065 231436
552431 94294
414383 795376
424612 256209
801366 786670
57660 519886
16033 96719
267612 69854
747926 157292
669395 528427
603759 512429
107159 48683
658760 935572
701062 968362
507403 609904
906073 130662
496154 541024
943288 285028
373983 611429
674441 429275
665855 677502
803903 831110
59932 312652
694057 711257
329554 37814
578842 785270
666281 169519
379895 61312
213192 369546
700722 989362
427483 215836
622154 712805
18831 17475
170206 196478
916520 401052
425142 395762
289509 868786
245402 317194
515825 398739
253396 776981
544436 63411
697670 157416
264758 500572
182625 12485
355147 636861
318429 623006
870590 850811
731416 94072
172091 361420
275068 293223
797476 185740
871051 164060
673173 883384
454398 736329
895671 434670
831529 634678
220510 192315
423694 215251
895022 148220
459958 701316
873084 912322
606185 676735
842038 775819
828565 355127
306864 466585
746182 236804
939407 518917
217081 743945
590318 577508
313177 220779
349825 150223
759935 270392
386221 603550
422646 749112
105882 359077
352634 422598
420106 953657
941818 191959
208406 821899
972283 578530
620343 997203
770562 265807
702803 490511
929332 638084
612142 145106
475312 804598
395589 450878
151691 434903
343337 457233
135074 94613
524280 601663
495079 92264
224437 731183
653335 752155
195512 572644
218865 120973
654201 219215
277557 712627
320652 669233
217580 385384
843982 84229
354942 472878
845989 11799
736038 115440
663468 836698
238695 203164
769931 149061
654745 886064
206664 833890
705813 443629
277352 101320
149144 612278
701705 812750
727249 369083
196365 921432
864049 32616
990675 401905
104309 444598
975009 124516
183844 987059
91766 470524
814836 680052
782626 599286
176747 336241
743650 700512
488937 918154
104361 9144
142282 259567
152718 591178
535079 729326
396202 775665
404800 675892
678848 540272
40533 792191
648063 464060
787089 944583
699850 341611
264762 682011
353447 893840
571195 126279
457082 644649
126239 762979
359355 125872
790354 807978
584465 675512
102802 277790
445000 260862
357705 245896
427627 670568
852974 263072
749662 906253
69175 573502
250393 890288
876296 5565
26014 989247
353063 970297
636330 886105
875309 579047
933027 801930
272286 70923
21912 560756
231012 659587
716565 48695
5440 733990
738496 615561
333997 478367
422803 244946
827284 506434
38287 17301
705596 537229
83642 760544
375147 352401
826986 78846
791703 639270
822303 197017
981386 448045
811364 214127
156635 407135
323250 362474
435973 934654
230181 849608
635515 569408
23782 326862
266227 127815
675716 336355
844531 813171
134846 505702
59966 198197
75093 826333
844199 411509
419024 873162
746712 508030
970908 675208
842177 689301
740945 108654
119655 200953
989188 908658
850522 656630
148754 804540
962201 670601
267814 750305
512501 104556
881969 6403
920336 416999
601493 543418
728453 691569
855112 189684
336086 613456
118272 320176
56550 399692
865125 671813
326241 34008
855246 17979
816872 535465
781372 251289
772887 898441
359342 800902
161052 927653
723980 183082
167384 123468
143235 498186
572163 943135
734308 335302
482119 637014
787291 955602
528353 959478
537550 306323
678130 689665
134340 183742
100357 945405
27128 859877
12310 591541
348719 208162
506507 740606
468587 666655
429025 791261
195312 535633
951255 801035
777695 555714
700274 200913
901525 270383
936538 739483
890745 437200
864804 296147
723381 297053
939988 278684
649715 724663
35832 582514
946008 672629
156177 580894
725653 168921
751683 660371
39519 312508
77455 44270
276882 89169
568744 256639
197706 656818
421643 557542
386836 937708
446569 635363
531025 908423
881798 262146
284778 285010
242260 442545
191883 875986
161342 540375
375262 838043
754602 270269
700290 262068
773776 573374
900778 824524
922737 261722
386696 176173
580513 279514
40921 472127
675052 323471
92894 333727
782900 378295
4677 469337
406618 73768
663323 829636
160888 167443
168797 742499
724280 229016
463969 953862
12831 477792
347526 367226
968313 402117
311809 144986
215891 359294
741070 49667
24080 628696
865970 749930
797647 493583
5202 839914
721739 423216
797638 955770
203411 558633
828706 103802
177329 236941
673933 160907
445081 14172
622506 577622
903397 923206
201177 793969
569877 426284
839336 40827
419425 21619
604564 127261
879288 682143
754334 933462
571684 593187
43541 501741
647061 499932
233790 779901
904056 633755
197332 431691
831300 232744
210454 208069
996440 962738
888159 722331
946579 299565
207777 35097
903546 88807
300685 5819
973212 866405
461389 648862
344352 285542
17610 738100
101022 392418
85534 236003
821660 634106
15989 959120
154183 810413
995116 574960
975417 764128
418850 490053
999772 634039
357981 741744
545909 636495
696274 572628
105864 388605
208081 325293
101680 843874
559312 524166
864744 171755
155896 900268
710281 418956
888759 953513
120390 467391
968136 164177
109148 667942
50591 89355
55776 329111
600101 604144
270564 140384
617986 815825
449180 959321
577481 452404
481718 167756
167365 270775
592460 476816
329298 685695
653037 785920
946532 758714
964802 549116
385286 706458
951778 195597
562036 782731
525540 757835
748888 891115
857718 758633
809487 468686
833409 681513
14388 902182
113818 30078
282271 881757
922601 404430
501875 364051
395864 455370
758931 794284
467479 744284
476646 415642
740523 547822
151457 355041
194278 564564
980069 872728
928570 637538
762339 279644
966517 253466
175247 573256
832309 49955
648100 655900
122775 71828
211960 72140
725323 373493
611050 794128
205836 998168
159642 887685
470395 343716
490248 554381
505918 719125
954653 395510
873521 599642
107034 706766
416433 671772
487636 176594
144121 531865
76066 921750
261990 378378
668746 960453
126624 564569
511440 182202
879298 439535
845389 888332
916282 417976
217245 955738
611162 718265
588028 166353
258794 338003
475229 53321
32996 336901
124917 219622
457358 379880
468358 181620
257837 683072
219968 891907
635405 452779
47148 960716
740422 731236
338474 991008
34741 504201
564729 53730
682048 97884
967715 350983
911204 916552
484918 324881
31943 196942
606236 766079
288682 999379
292196 896295
450716 474172
489399 270391
112291 231629
161857 359326
455172 221653
590316 776304
39088 808265
730384 704107
82993 290732
564256 801213
251404 616519
271441 620893
724866 851144
976672 100730
203356 991718
246544 865152
929793 571941
763832 531938
116270 707631
993667 349478
938643 992225
536660 101403
721108 696387
684396 566757
219485 708234
57360 413127
704959 558614
46981 483420
8959 952387
653590 88
40237 137058
892181 943160
813162 979538
438858 888109
760653 386223
653998 586893
544341 944965
840084 398355
611344 86730
103126 94107
600984 657649
999824 666102
532336 888393
468439 399250
54215 174071
667558 359092
264783 309406
927201 631277
813419 730415
707135 863010
163459 393877
316282 14851
554143 84224
886425 589430
832969 512979
344026 773173
204879 767805
494760 71469
892244 8423
637173 932171
534980 744667
877080 985081
709266 569530
107622 788381
479268 64913
852496 154177
563660 238503
139463 913925
325465 874310
551449 261208
860830 742294
828177 155594
101812 552455
611465 529092
86093 940941
854102 107637
145629 210693
597075 258774
522434 21837
362953 987115
280149 20211
344614 95815
643974 52941
382434 191140
438068 458782
383887 105062
518560 616161
557138 678865
719219 554280
816233 435886
854595 2114
792758 201469
770160 712723
374126 870169
148245 55764
534741 437487
812007 569309
516331 301574
125831 409822
310384 575945
882652 619954
432363 346847
944097 194365
310335 531912
393662 490414
222696 920483
616929 718396
829489 491727
325163 301751
414848 783126
704615 708317
668179 53369
11760 736815
372597 748403
100895 376223
335443 423621
191036 913455
306811 649934
443531 661399
444803 85778
245195 721772
345964 315106
246300 224684
47078 631223
589258 176602
347671 544462
489225 339270
237167 680651
83770 667326
758826 683291
211 332530
551457 171923
123280 597517
110165 964069
404919 964023
407463 865965
650049 797094
176356 806329
73635 901840
675920 507155
944380 583433
888423 89737
236932 618656
272407 984572
198200 548906
421051 614691
285298 99668
568115 340293
470332 887882
786167 47778
600294 52091
891706 236083
287976 951644
92413 798640
507878 917268
773999 437861
594 992291
563621 152826
546146 750958
165493 572761
246643 532835
678738 134514
596270 337518
77437 629846
817097 448025
961664 211736
933977 548631
354534 904569
311178 686742
856160 491427
165702 224399
904489 401879
575922 410341
221351 555206
271548 219147
322303 913256
80529 460877
996355 869639
171431 100207
422724 699788
741464 544770
282967 107185
67371 669855
558131 766054
630373 726940
911395 578703
257590 408863
730515 15305
288774 913937
840170 281052
533205 536132
643929 957187
956390 105504
399354 324309
120904 480895
380757 210712
654647 309642
172755 678336
63762 83414
854006 465597
667337 314964
535143 878322
858382 708173
727748 710969
509137 103687
216704 833947
965266 121200
419482 494012
9011 330162
728537 764516
981200 866822
337498 797822
255595 938658
537528 877804
874574 576515
647880 648540
614046 17812
15602 908370
855667 176265
892486 160193
752320 441312
241880 97978
596730 213031
480118 451317
686987 18508
484414 283679
946162 588526
352511 681643
410599 483123
273941 376774
731873 902268
404660 937468
813503 881762
502019 292745
241918 942825
393126 574167
82715 496566
956662 851677
705692 554162
429572 465509
419121 738760
857146 128064
491875 960203
44712 32651
890026 767536
928997 404095
265926 799362
924954 180194
223153 388117
942169 360600
124118 685124
367897 56195
97141 413782
398483 877712
299647 341763
231755 141636
602299 303663
16902 741079
453210 221120
992807 269135
430999 999635
436128 690467
778700 389493
269252 189065
260979 785666
86633 363834
106894 448057
943457 69445
621729 904732
244817 727224
398009 447242
347598 757579
699912 467935
37899 461669
204462 782479
730336 625105
489205 63257
903268 78464
235737 803356
670940 965511
384096 755848
6673 470816
644832 555405
921021 78186
30383 119269
346216 871860
928032 78285
29569 551858
811201 174735
813390 783202
799535 476824
814704 189051
352896 269410
418707 281366
118798 460497
736293 445280
520468 835614
334689 471807
140543 999239
927909 40307
106815 4812
720348 45652
973480 456747
787226 601018
813812 463732
469833 281590
216899 896830
105963 639305
416111 863430
925723 590159
23979 159670
20069 911009
952625 484601
686304 562700
193498 27127
447448 361554
806278 515495
230761 430214
290571 247960
482005 897311
305173 555379
722601 7647
690057 507535
38500 201609
978428 140171
412099 146471
187407 707941
428377 180766
376324 618095
530372 94551
476894 856481
14896 887058
315405 2484
780941 473898
514541 953492
526114 210400
278436 245070
935930 229895
227439 711924
422139 29910
975453 694707
225139 253806
907668 937785
907427 147415
331513 795239
945557 433101
827759 653167
794183 503739
695434 427215
176080 274112
697639 987453
232477 101606
352590 730101
509018 75622
701677 399849
904328 910104
159370 612585
716610 407967
61687 255039
853970 373386
269018 955836
649221 546958
187376 131433
188049 152772
140027 997325
303638 285135
928133 293628
816096 524353
769778 413917
13255 200130
631909 215713
976974 422561
327193 841150
121060 359992
604542 844892
49512 589418
245463 953937
444924 625808
172544 758112
786578 837737
279534 229168
235896 555345
922060 450613
621613 129102
781892 916218
473377 237127
463141 428819
887666 119311
394303 702268
894308 316014
629600 367180
688103 808465
908538 892966
949692 951789
402820 587298
462027 15679
30146 202118
227488 850270
134859 803661
976049 114254
160965 791671
442517 496950
649688 293553
476814 263456
529908 940405
837583 685913
977918 372738
646815 591275
653880 640517
21988 26809
151743 149925
406055 748278
75205 676406
686738 498738
772357 532397
241512 637014
917200 289023
311906 269959
107018 170507
992420 530856
32530 452416
344081 568869
907085 797172
680774 466308
747028 974311
378455 615210
210891 862866
667728 940746
287946 770013
122793 854444
565786 62519
150260 340518
460258 816418
323273 384363
753676 930538
203718 344303
566091 845815
618698 241844
185872 647634
566980 706784
525213 25767
193492 644815
333393 197061
776525 391269
734956 920148
52451 160400
287378 875371
397006 221132
556708 270308
817460 207243
359901 223729
456205 242915
972487 837989
656394 432361
677693 94980
147223 677062
313100 897753
106012 376887
754197 483174
262536 52383
500501 308418
213940 446145
733278 837242
346008 571950
148740 481531
477739 597863
971914 220621
884586 573469
896272 51999
329086 336482
828269 825951
194159 65759
591237 436898
378098 794153
123291 128078
78487 198589
366296 711565
531625 241361
707326 881679
324642 215626
51059 840046
41614 791074
628654 281767
268464 760541
358948 731205
444300 571727
40384 287780
903121 886397
839829 817885
272836 487028
433251 812414
49087 434862
154902 447894
403479 719145
864417 81320
826748 760544
302365 209560
67381 287743
192486 443428
79520 457212
84742 526335
530551 508886
46314 776632
2304 854167
109549 205206
302845 848665
730089 839064
483677 786811
37245 971703
740037 157441
802519 597744
655064 625925
377809 772956
412792 417703
639542 43731
449179 216269
7823 940339
573029 846968
620958 744250
986617 538073
66677 576010
35351 904544
94831 157582
892329 873762
118533 348971
199985 62433
234227 604013
111555 362470
249079 830270
564686 619945
453612 415250
832799 706294
770274 859194
474917 759877
428938 242696
921858 167617
964005 908598
695353 983113
503102 311073
173327 602649
420054 564379
91320 475384
128312 278386
89502 762475
559841 300582
122124 760083
439310 716610
115059 749186
965022 417284
694648 150906
423664 486754
485450 675081
439674 801953
134823 147631
832341 137519
402300 817411
564298 353031
71816 939946
799681 745212
126908 331733
28222 310074
219246 300593
80330 57580
851286 170684
90617 882936
823856 515751
51656 686404
258999 741731
272215 124446
633566 293216
261680 302005
895990 903590
676781 395980
879179 242274
986487 690978
702810 824371
740255 439939
143763 839923
235549 415512
155945 787005
360109 105305
740066 911202
848352 589526
405409 847844
129658 917155
8494 108605
928765 313751
459355 409609
90352 102017
479351 240965
381904 90100
603190 95187
623796 195210
591545 899696
565202 949946
711638 437028
679438 213620
206243 659234
526960 860555
843110 327883
672646 281179
135190 328866
451314 361039
426835 670965
399897 647676
252687 891187
280250 249800
160812 302287
5576 269940
451457 321783
108710 168593
238351 357491
980118 710631
368559 191801
697934 949720
359 444096
496106 810879
444604 837234
170817 845872
574916 377930
549173 905317
71509 942459
980773 923078
87956 640981
739411 456635
212567 981024
827231 745750
808721 874408
318171 26698
779146 572009
646395 583251
883349 953445
228295 699858
578165 445104
144033 430410
67460 762762
920478 458319
393963 854835
504080 973481
632807 963662
655709 653179
671199 412937
735704 195846
869285 759669
408847 999372
184259 312083
818139 853790
452135 807885
843490 656774
658051 88896
64131 309004
357868 597875
525064 835789
450308 905419
681883 398805
491651 405073
704233 672645
245392 347234
911492 829043
572666 386127
79549 124640
901182 556435
506407 50519
637732 157181
241647 794038
71599 45262
699236 832368
769416 282555
270204 699138
415663 908990
756932 720178
768214 101159
433355 850903
304230 529322
611318 863836
68573 136817
311701 822043
934190 670535
56911 239757
931882 555590
279933 359967
361130 549622
692759 411683
493204 904441
945103 509080
47078 922990
714799 143783
31711 16819
499094 703046
557407 760914
18773 585970
875324 420298
901002 130016
341613 806564
863611 505498
895111 506943
181117 980564
546121 463064
397178 797731
375351 265788
458154 7239
78003 201067
807488 644115
231136 978598
153362 493318
796265 858090
490684 108203
494942 859525
782464 268882
35697 63569
186670 180474
971226 932504
425809 509517
771280 942484
56545 316073
204726 919834
761417 837992
517726 669113
41240 306188
516942 817284
445848 392416
58411 722064
831116 859589
350306 530307
270552 127647
252651 756167
264393 358510
800501 712036
969839 952222
539848 626475
557018 428574
148354 194884
702778 92797
666102 411649
573552 863768
569708 935941
552470 476952
356254 88527
33283 921580
65961 509397
201667 306500
406237 96091
492742 712127
276034 374292
599298 648446
749196 159987
742733 696163
672125 749562
275001 896663
20212 111447
290147 591407
877538 375025
773672 126298
134990 683296
923257 909758
911063 65563
685276 535859
811336 87546
719774 345295
148955 576478
724570 4543
723520 765243
499952 149173
706166 177327
293069 752312
962553 633785
383926 121213
450569 992918
218452 369152
941060 785351
171082 194053
129215 888085
678663 428215
186981 800476
70267 748202
200286 87910
426484 377793
245630 999807
202344 676092
465449 901255
2381 820516
422908 606522
97681 962533
695944 225925
936911 792666
833025 310446
707448 64231
913128 483463
240389 612080
140900 716720
728527 985012
937756 344815
330366 946127
724958 844100
393406 839898
794939 290267
418564 382169
373925 378220
976258 725978
594402 122185
535490 337374
129870 386895
104570 25367
442196 837025
577645 675683
503496 218703
466215 309703
53082 492130
405829 449881
230585 804607
248272 797407
302992 559638
282816 24457
377467 785880
276662 173868
499911 709211
827040 646126
487421 195952
623290 898739
65284 362833
120939 122599
70607 639766
853124 329661
966448 802357
855280 527025
240057 870489
321174 188989
871334 951350
526903 14885
515128 324420
303813 279765
582759 780445
718694 583124
835088 823551
226612 542430
211657 558698
301645 737876
942306 140418
2119 447689
838551 8392
889076 689066
418644 986759
492747 870766
19969 382717
879752 624660
162527 886590
88984 326314
211818 850098
95943 895227
813252 500551
123449 73552
999778 568325
438673 290085
509586 569285
281595 696250
635947 249264
208428 555427
374773 873802
932395 305441
777438 672247
363803 147082
942760 793508
133908 120050
274691 612921
269054 417413
742667 470782
577516 92046
767040 364367
535350 211746
543723 906165
160156 476893
176808 113015
785136 213660
423789 923916
945322 85332
493146 3462
321790 396846
999199 297618
467000 757296
194093 570216
321956 883456
112153 380831
195121 967086
873184 29744
527836 975127
124708 543290
28332 331080
375439 436261
320471 353082
851258 704732
629008 435924
991046 837871
621741 404468
969118 934750
187701 63146
139522 426530
846130 620923
206310 44123
994370 679765
350161 406154
13641 381054
671612 859446
379511 3646
802341 186299
650873 435960
146051 836717
812752 634556
619060 404772
114782 432634
394733 713531
484214 343568
953551 555349
144264 528610
638304 548056
330391 717022
158002 818556
872430 796799
871224 932296
353050 321861
286022 282995
430738 657738
958836 611690
233295 299101
306694 266006
226039 496673
168209 441470
340552 525108
774963 962274
144246 505813
115542 198230
995571 637590
570844 997479
221272 258011
661648 78088
718182 46025
8668 629158
723716 778837
21764 468770
872035 929806
451573 78885
480785 249496
824793 140478
860896 146223
863358 741501
975130 272640
101248 290471
615628 240416
326362 820061
288900 854911
994 675321
996130 840610
501159 696510
564812 841871
870909 80311
412740 422577
365600 766275
72090 549598
28735 810234
744035 52471
849826 264748
430439 770977
874399 163756
855165 810398
202252 1167
735941 360262
237702 27055
526384 948913
857898 160806
222876 209876
91417 662521
508142 81446
370699 241108
87604 529101
542547 101320
775617 169945
750953 124403
122164 228136
900424 189830
324095 394989
360665 310780
572039 78936
407519 621196
45805 370517
132474 615078
911607 762103
296782 251952
511814 637139
108193 646844
313799 947686
300370 756483
242278 962726
528027 5101
824607 763729
154640 433893
85867 136174
756654 151833
535651 942911
372152 908063
793661 329771
34424 880798
931257 809815
132280 695143
83041 341764
239945 895721
126875 316731
680219 222127
108619 845316
911327 336218
502214 101373
205209 997650
981838 10173
442265 952464
833748 779690
835670 688493
239921 548378
335560 650259
316856 608221
468984 486060
608974 483686
394592 594866
753018 416954
931313 441773
83897 732876
872901 574501
316860 705983
904256 881216
517307 331219
597414 868337
185690 130805
366168 216883
199498 346280
512034 731195
778863 372524
45544 569660
736046 852015
592143 72257
725480 742913
562281 411278
879275 87764
467051 771211
696964 994916
27749 38996
157425 98778
291339 937487
834519 440617
596909 280775
888484 724407
829986 71268
86420 194890
833415 956880
865821 396501
477483 881954
506525 6373
638008 480135
678602 911327
346582 374313
821340 223848
234348 246027
955809 300662
620760 801706
898383 934254
53651 614936
999868 971686
387768 718246
464685 26966
428268 130949
606335 707641
413969 488511
511641 208770
691361 570121
234560 91541
893727 636380
547467 718816
644793 835135
790275 599144
348893 695794
266520 964065
8359 660848
589366 561883
538095 405590
763817 854198
384420 271723
278534 438523
629641 543115
244402 960958
588483 367884
216402 561954
978653 713283
286960 581662
21984 445075
114148 688403
256094 129834
679944 517753
416565 288713
275501 151993
667055 50103
766917 941187
199968 49537
174584 658813
934293 458129
987420 501957
321347 536362
156416 12144
854583 521433
368641 221346
95988 487199
615040 504578
107640 263826
417350 312100
229036 311128
176494 213506
95657 659486
335957 176627
33413 780371
3030 726501
883836 858198
961665 653676
225176 214801
250773 421147
495211 836990
676381 497302
385961 990386
882779 737899
823808 219418
44359 422891
779837 457873
90870 547141
966964 666129
472792 43140
680048 228657
836729 770848
678575 306195
313634 222287
49115 161764
314985 730985
471976 496734
633535 875597
844585 349088
458136 204997
203359 998591
943464 847879
435653 711336
829864 676333
283808 90033
913815 56613
208875 983854
129498 439964
916956 784748
951037 852780
767417 656399
527242 203471
695901 887213
412726 7358
208651 862143
756437 330460
975319 720929
541833 149040
507995 110218
392621 287903
343483 883127
125975 37488
420515 348076
270988 643470
222803 698700
737854 263649
377156 122435
570610 647169
844714 18080
691334 743675
551566 989983
590223 621458
389315 397469
620507 324042
862963 581189
829712 277558
30625 326221
944172 327818
623122 148572
511902 922343
109397 654158
775490 978568
316383 845286
187238 953901
521939 155804
28171 501148
470833 980527
579321 10788
266289 512087
314184 576228
852304 853110
906939 972298
559302 829064
866150 257472
630157 168752
373855 965451
239776 717539
253595 940378
824796 883576
955856 987808
444852 371730
681420 817033
614576 204312
839937 679722
890671 844798
301419 57229
55811 312579
175769 681667
299359 614003
406518 371851
817419 737065
321904 749473
436425 159732
868999 716488
619082 905123
194519 538391
686163 355620
168725 381668
515977 453792
109151 565094
660354 590239
537425 259434
650631 347967
431676 53164
781211 158141
120906 289455
880039 254248
919770 79913
268896 291884
32467 375288
970061 301974
19780 49695
465496 512201
178474 387336
951270 646112
50982 39167
468009 658116
567249 888270
177358 79201
443366 133928
305658 724945
813640 603148
282871 896350
817225 972230
201091 424478
743725 268164
266119 72958
613163 973987
599520 34951
791479 482282
892254 788985
205892 7061
272170 620133
555281 752807
710065 143763
23097 492173
994250 968684
626933 492436
851130 270131
986946 88167
625633 328238
820971 835089
77785 90988
788420 303573
107614 421779
25542 795522
208352 410522
47220 822293
888906 261801
361536 345182
819208 901206
934420 240313
32003 600977
132348 486220
720599 416829
375706 203716
339129 810916
141984 618127
181898 391
862732 764228
681180 972385
613798 39884
230746 973394
399422 42607
145640 104547
510900 397632
929809 350394
166633 316543
476015 987155
446428 45392
371176 531843
89010 700498
412419 267517
220210 265688
358806 879899
764257 151719
591634 812345
312708 3565
268877 795794
148124 653272
863164 947540
188781 859281
902101 377219
816489 339262
450781 397183
433731 559578
627619 939883
666971 209445
431138 602108
76969 7031
548646 661556
712107 530286
518355 664926
784893 498950
946427 328969
872417 169975
565293 368743
459881 924327
255537 148173
558043 859447
798179 755846
945733 626889
709061 662075
173337 779898
101365 903021
533750 368216
797159 735969
851336 319238
842919 487714
743446 471482
609564 550530
793934 91936
517184 565873
411201 873639
206457 504286
269830 322022
217766 877779
136053 236688
115861 847537
185932 629159
514832 536963
299869 928752
281752 448905
514049 916226
447889 299266
754078 655185
643716 86610
117383 352684
38436 972460
204124 509578
660335 527859
777052 259262
658721 124677
770670 546280
550884 8818
471988 427782
715760 517614
680262 912893
791373 569310
218303 845761
535820 370606
792552 510936
867800 869136
23445 505030
858876 343350
821291 93327
790937 792495
154223 589549
350559 193930
839905 393516
929065 289058
369594 723796
399577 53684
261425 761053
733111 457064
996210 225143
6075 574352
746308 832845
372672 869758
910508 228715
468249 479299
616255 615425
158202 372459
491295 862416
428709 465621
943631 194088
614888 613091
703936 849433
635527 762948
541397 861961
710815 991931
476709 748751
389182 942669
748570 83144
798197 608432
174709 81004
618001 29918
561993 437992
885712 459818
576687 221427
194059 755342
599311 718367
835784 747069
169520 861689
67281 994488
925372 117312
814243 430201
183888 523415
109050 276649
999818 454762
346707 662407
871027 968802
975397 566754
197474 881991
609934 117488
869577 438806
526157 405112
167846 59887
213050 967432
977629 503827
644465 446487
409636 264284
471157 850597
514326 763986
217571 979212
498490 461417
103727 486065
282825 553212
555995 477222
438125 736722
548942 719892
304795 107423
425401 686052
902119 317737
493487 439584
644297 196596
378815 225002
322053 798461
328163 616312
208944 364539
695813 820592
839116 885540
551257 762483
445781 566773
822343 925264
472448 273515
529754 43769
312626 522753
448482 784565
692738 557792
819296 540657
520456 24691
848835 430965
484053 17264
239281 865786
332588 510437
707932 216175
740538 373251
217608 300005
440375 940905
655422 316829
132702 945269
308564 89703
718248 862051
358931 443390
159265 136663
811662 638443
369386 801303
714985 643658
678959 924172
88009 91039
300673 237231
25919 460528
599199 940535
622746 792502
760010 548149
634904 577151
106224 184877
829827 80264
261954 830224
127040 771170
412488 188844
214956 989018
73663 713051
953951 942255
742918 767418
420697 41253
456921 470766
854077 860035
143668 460940
475707 21786
833666 897
471350 501860
619172 253296
74603 946114
402344 477803
335498 333252
464137 324319
331849 435502
152502 695014
696171 364953
767771 186869
429224 448962
995546 944813
361336 869717
269984 880969
856026 578788
130598 503463
216003 31134
395167 765639
166915 374049
998314 114391
336326 641434
434797 539951
698480 817555
464085 405624
296701 391605
86758 703608
961733 227889
283678 865905
679351 860457
492685 864107
779099 233432
648971 973084
605776 827699
333760 153276
135097 981709
925686 98688
130396 17781
643061 731954
200255 49122
296294 432066
464258 621332
360512 640518
56017 171551
297863 889934
774695 609226
412045 335714
393333 332120
791232 247631
140047 797293
399654 917119
953315 287339
143640 630691
453814 899427
569814 854823
992904 459764
168721 172324
759976 580271
83122 433914
381985 672385
53124 896196
578404 762224
481019 122672
548883 413983
466057 526737
412815 47650
840816 4496
214455 833571
605481 991965
88964 696361
27485 66780
546703 729148
628880 435389
527018 26929
996716 508126
510776 160050
988028 551220
649264 30036
138244 886888
994910 372088
346133 570383
387312 783791
919294 305828
848891 876888
735301 160652
585893 73392
598639 197649
430641 908381
973964 671225
95170 13045
307384 634392
334970 221578
662467 378229
973017 264821
48462 353427
525777 367587
653488 225669
79793 815024
728673 813543
482966 418283
64980 933409
354888 823764
129788 652006
121128 54013
455672 984720
438558 407423
566163 511468
13970 140048
888983 46669
183222 884986
656527 761124
519839 613836
844424 859461
442359 180044
959477 570600
8305 438970
193672 138128
429547 813351
819710 171522
416058 111848
762952 676711
484840 283828
778494 216618
93225 956931
438965 613352
885288 493496
143451 441830
210885 879185
783852 965861
787601 808757
250279 155594
259437 271036
212002 984886
867235 985766
873455 344211
891492 372513
112297 857149
415048 543696
92702 606653
440363 252596
243531 236021
333723 645581
141197 747506
733369 138557
935745 131241
165335 208745
481128 808177
458763 303629
172618 59709
939303 755633
771627 500961
718958 425585
196830 775078
300630 411652
665835 489168
649767 87940
200319 72825
365195 723173
683292 863893
491119 439962
798792 366763
323518 400498
563461 772826
717565 23000
11056 501232
493195 277470
267076 485082
742614 858311
951737 847314
290793 589229
66879 243756
377948 804303
239660 571902
793473 593375
823294 991937
646331 587074
919388 332273
430985 547838
173572 497697
499393 862336
774581 242581
247624 136234
372038 798334
945100 470017
790003 577227
786597 684206
342063 751098
315327 828097
459788 647257
173061 421580
26971 902918
243284 353739
596367 648058
285118 681457
745693 95581
378406 508367
911830 822704
812103 49991
401626 603784
838235 534195
418404 947375
360669 169485
18923 737637
378008 129800
903278 559023
414553 56597
48909 784850
312435 487955
685206 69704
900845 58911
885744 249073
649192 674917
800367 920667
707715 29428
61869 461517
519642 757634
923910 11032
24378 279990
70597 624321
796764 762294
833169 632884
128868 526199
721485 890541
889125 208229
398253 631281
879836 453537
888473 44573
702828 347058
837919 536998
509778 548569
5351 132675
567984 255429
649057 552815
474452 816219
923184 79709
716571 557615
530164 954121
481168 96971
145604 378438
620438 417525
492963 571806
513169 150192
889564 389898
859993 699415
375367 886118
703061 865177
515633 953803
918420 99845
352221 724015
253831 174647
151513 853259
557947 42043
804636 463568
652451 948461
794668 49678
314899 540206
450102 109099
695828 253538
325827 450146
244459 152044
703234 449207
591031 10786
672425 78106
379788 798772
743866 445113
590391 384606
623372 286661
98244 334635
692424 787554
198744 813147
835803 223515
69844 536785
315344 379419
760763 978989
64032 318930
512268 670795
201601 404383
17678 759293
756236 172097
543650 666030
114838 265247
228557 847540
430383 767240
316289 784708
486659 844524
444916 115325
478367 590284
868157 919212
167597 371102
879711 241101
902087 225578
689215 767945
245675 406762
926546 27551
911320 844148
444995 57499
153426 880603
396247 451301
245317 265248
49384 989446
472355 724085
84463 901590
534374 611054
21341 370150
744233 360119
450697 652247
710128 513486
379931 640331
507150 419696
234893 871020
701247 10595
382934 585463
727208 574289
646612 158704
862341 407729
20770 124792
324993 755298
892407 347766
662625 642820
705780 925104
347309 187572
372823 873230
917970 685871
902231 884452
890448 903852
63059 36596
58129 222076
649127 749441
318783 118591
479472 432500
955895 331165
260553 642427
90471 774048
158732 385599
619264 943687
520762 382597
58480 651789
763203 952966
569339 7528
630332 486631
858924 24626
169292 28573
414012 308473
523900 118549
249889 77330
808558 483070
629461 729188
219347 302220
662367 852279
355410 373552
149148 860309
279871 604931
169889 431617
798345 359794
21937 44890
124139 309261
13118 875804
624888 699054
181317 85239
279856 911569
875515 162563
610909 63516
108470 283089
730888 957464
785725 261297
131372 677359
320963 658161
217581 522302
804183 45688
821985 106911
968042 664807
727213 347919
105456 499687
785438 561895
174824 959388
472440 973171
934176 535051
492961 86170
225824 663375
402511 6847
946523 986165
205015 580041
267797 152606
445744 272775
649811 152146
598861 210138
164588 446822
204148 141380
375539 455160
938115 926587
613669 89615
260636 432953
271759 129747
344591 889606
582378 326578
577105 745977
782901 881880
425116 495363
464478 313685
502065 943795
807733 616788
312699 808561
135290 674798
665544 737573
320552 865416
129722 588632
844930 16491
928205 686140
105234 613371
128701 776204
344861 638668
416569 279711
116677 508553
794762 369870
63585 229459
