180523 219811
518001 499956
41650 956025
344568 418285
822133 559207
198091 408833
383339 385460
105137 871740
260897 547808
53328 1162
28908 879509
978657 435420
264885 529734
321487 942162
654212 84453
923885 852945
376164 373743
110758 71305
456629 832515
225254 426957
58145 418175
775946 663313
293848 137218
158930 344630
467626 408480
386202 897397
957286 822709
878545 218218
247402 12620
17615 630336
623176 706709
719441 89613
215450 874475
422573 128935
726562 815797
45590 117355
865275 794037
263103 572735
835138 428945
488605 914110
936648 784080
712344 881728
796700 769562
801150 981915
806822 852150
490063 997950
182600 691432
461531 26889
790416 835270
798035 634092
869424 305535
164445 308318
853205 131777
852519 586579
436081 580132
189605 903093
763005 945911
331185 818521
215827 904039
47524 11713
152458 722944
671950 795224
61369 388098
370407 768247
956153 196424
822875 947012
771592 107033
206730 261116
251925 984436
658640 593033
410895 352486
985677 752274
921525 838625
312916 244203
417064 176
914849 689194
376152 771836
692647 140262
131395 731559
828587 904664
574122 126938
766808 153520
927954 211818
789467 844492
479225 987005
768236 731056
466399 268132
414122 631939
873917 107311
941325 389375
16665 202467
15890 185645
900417 636640
34756 812468
607094 623840
6290 566799
534677 130508
42172 67618
685701 682496
52024 574254
