507946698 694841523
519297390 842559696
513853285 668186301
531825481 833844787
534003492 859094673
542147986 963888805
536523560 844961980
532919157 795558134
531582362 765491294
554196832 919891217
528101361 677772589
557923887 933049459
562652780 934701583
565846449 936566691
567126143 926434567
511665248 521198519
574297083 962065644
572247645 941452456
562741113 869976225
544327139 742808520
578574435 971748302
584021803 952913846
516482818 545813154
587085268 954556129
572295051 851784569
518377916 551295383
519567261 557317138
559801904 760230024
592262436 916282082
547807698 688705366
572639700 801747178
591700303 885070503
560769618 739920081
587504710 852401068
588223804 844109310
622866638 970725213
562565479 718020884
577790121 778992215
632024130 981184602
546188071 642744098
577411486 759806970
622746947 930740057
637188187 961811208
635675796 948062349
525041006 553970261
638015607 949279331
590525805 782803581
632965459 929866301
628043271 883528231
660252503 987033679
635001969 883666593
645760055 910395049
589577329 739269938
649292222 915606526
670515641 974065087
538631097 584055628
594142602 741699453
614867367 784306093
540397789 581696175
589962929 715491645
620207434 790138893
547558910 597290970
680078209 941855818
602098369 736984606
688414995 955428981
563393198 633744848
684695168 939594768
589268067 695002825
713291622 999549795
701678288 962291277
599829102 715604614
700347275 958450349
681673337 905065529
549355176 591447619
719539327 989454855
703730934 941189014
609388209 723836344
647178034 806820409
528076644 538659435
693289260 904102358
619127903 738721385
725320273 948025866
609455951 705018518
630132591 747836955
719872519 933158627
702179973 891581875
740867502 967202734
744088552 973509803
691773695 865066135
636081052 751954344
596122166 670990475
747045089 973621259
528616453 534008821
575313880 624829820
764841506 987348330
608534145 684828063
613266464 692320872
582422063 633269600
778456851 986090864
778866587 975260619
654053969 752168376
703861528 839410473
704634806 839510152
602233745 657234461
804565706 996801498
726778781 863962170
778554382 944524947
736716538 867028872
795067093 960837548
719222117 836080140
722493986 836559591
612718332 658650148
779840506 919526968
801773159 953247618
739778367 855587851
787799038 929479773
654517467 716961741
838271212 993487022
773825796 893217732
793303960 921016790
793764628 918310480
724222166 814094122
848360568 995392557
821584906 955526607
775377389 885390309
821185422 950606225
537540579 535858273
740096681 822939883
837803822 956956994
805334752 910357593
829601695 937023120
825698920 931478323
852960320 968155835
865257284 981491275
826232836 923716603
652666558 688531480
879346847 987221521
601640385 616615457
679428099 717705341
846885945 936076573
804492700 879257315
804859371 879696859
801577469 864571013
654904231 678623580
580553425 584456540
798836491 858784169
880096133 959090564
791168785 847106746
643005304 661530201
670173041 694356915
528505910 518609214
827817377 887509085
897949676 969310431
923695894 993234170
915155739 978903194
717711338 743225445
865003727 912944237
730399303 754004103
782492407 814133204
860157721 901969962
850564299 889467993
788663482 815970223
884624232 921709978
908790789 949110627
881390721 917232228
919674986 955740395
714294051 722928751
665402721 667321783
915253682 943249391
780964816 793515795
922097928 943202272
784141966 792231331
730238914 725060798
940514149 943793377
827818723 821950882
694849641 684982673
777577301 768071581
945634299 937655765
628207938 615098051
703384146 690594018
886796945 874728990
881040490 868194079
747869497 733257152
868749154 853383400
847836619 832393450
619346082 603461617
879896917 856865952
786966572 763484928
991230391 952362014
783871091 755289175
995716004 954786597
909356685 870348218
640142430 615588609
731467576 697037444
744741164 705355809
660211396 629155234
880321449 824786002
907133490 845373024
855930291 798553617
976704408 901833281
697547155 658110302
763795556 713623032
990982408 906332371
822685575 761839696
664056078 625708135
875229603 803264446
910808545 829881548
841539845 770857822
544584516 523529620
765669073 707182740
871950885 789738480
957120321 858112382
884919845 797661660
650221808 607849416
777991281 709902340
790260373 714947596
983279359 863284279
802238980 721453588
857455312 763225800
974096386 852452951
755753003 683287520
767228648 690395325
899938741 790287346
845534132 749013215
842237674 742116136
773490338 687597200
972084990 829963836
909947360 780028676
971356628 821806345
711899946 637222268
799588442 699093163
851235365 731936396
821893207 711135547
938833513 788338557
954870926 799115525
930411715 780122277
927460727 768729116
728273919 636338977
941895926 773363774
927550773 764015546
821098222 694415287
805651606 683482303
970911149 788590459
690874564 608892299
657849899 586536074
856080777 709023045
932653885 756216373
690933002 606137691
999031088 794296554
753942269 642671490
917652845 739221672
702712316 609404847
930109395 744914218
752333549 638131490
710353037 612627086
884515824 715533641
708002585 610407968
789676007 657522220
972043543 762471726
964515357 756228200
811270970 664502897
802895933 659405429
731253977 618824514
709611431 606468880
954195033 743133123
884344504 703588862
935136187 728843004
764723256 634688210
726626695 613435127
626402178 557880994
876200394 693765367
586476888 535544415
934170576 722717101
973664384 740036545
791314980 643213054
821846579 655256972
908141075 698843164
826104114 656265398
859715890 672701146
829972381 656655743
818662051 648542877
983594150 725543752
714281483 592788821
752050493 609854444
864569421 663521437
596431478 534959386
993995414 722147480
882616780 669064603
668629977 568086678
812959464 633112768
832437045 641453454
739803308 594544150
634734961 547684834
800649092 618970131
665099284 559717120
772051369 604646924
745611072 592302352
976300047 685976546
805359471 614934448
817054965 619683550
879971808 645361402
854322350 633635879
845204603 627751728
991690978 685804931
981481200 681237034
884610934 641783253
597152279 527377366
746625567 584869520
970393838 670921216
656550027 549674906
993626506 677636573
962018835 663303690
907297736 640386817
892143864 634240462
765093765 587064560
791090275 596302748
966492901 655977744
668232452 547841888
822213960 599679024
567930891 513193784
918336931 630992632
653616512 540842014
910354793 622727208
902516185 619570476
829306655 587981090
914773779 607757966
987015980 626260131
655607666 531551964
776368120 561091623
669303408 533554285
967739602 606716560
763460152 554363718
875025998 581042387
930275169 593867243
981503047 605948909
684690221 533771160
809290075 562363765
823392018 563221016
862258285 571735118
758848586 548346422
634592993 520743480
927888588 585292639
775632412 549780343
773898086 547557831
938073639 577535733
907192552 569086510
935678691 569531669
676352136 519200071
883843865 551002946
900272914 549352009
958559116 555429070
827462053 536904310
808619943 534139021
724482887 521895667
948682814 551380842
766550394 527062068
853126622 538071091
807311598 531751668
832846205 532534263
774362974 524949699
653556907 509013669
605298081 503578112
739490280 515443345
995269298 537988302
825617387 522204530
948452249 531221392
795602223 515549749
952914650 527261994
853607434 518744419
786476937 511829746
937648593 520514105
912023085 516785069
968205795 519356704
730718689 505600522
830510714 510584397
966084890 517305036
604244637 497887573
889710384 512062909
789768267 506675793
960562586 513453977
837633473 506030054
933930905 507264360
875292129 499948538
955281179 499325683
915533796 494604267
947389439 490833847
708934095 491686631
841755764 485393473
642628986 489695984
814175941 484835328
756633919 483138426
519640621 492198773
951970082 470364611
592524998 488461103
995857028 467711304
925731433 469906544
772559152 472111950
891751387 461490882
962285329 455584219
923383713 457084744
618630220 482898714
908077698 454334921
784014462 466013004
908108828 449923403
977255922 441173176
880704947 451331879
815378746 453037119
877116092 442669988
973258657 426247601
934041601 431600517
958888236 422853738
618639541 475059239
996727866 414177844
841713757 439010785
868250785 433585129
737544644 454545195
969881435 414833042
957174450 416163484
798049798 443200090
778125963 446496841
857920324 432550165
729503825 453538658
782599394 442763523
731362617 451952091
797902095 438352450
687285143 458897590
858075289 426267222
960700464 405984074
916780333 409865222
722921750 443942086
985533741 381998087
817231662 420300406
757000980 420879691
629029275 457244708
984893135 346051576
724115211 425627112
812389760 397156560
739262089 419580184
787895110 402709842
781433299 403826371
943660707 348754248
626234212 452896882
911439595 355091181
575808165 468983839
718465555 417866657
956979991 331760318
713134777 419012731
989087948 317060263
601678282 457269903
644887693 440960339
823377975 373332055
682638035 424450338
785732729 383514766
686381319 422443697
983154362 301744387
685485597 419978305
866596607 343089159
958480710 302227886
893224806 327605639
989956168 285671779
920988278 312625270
675445643 419349609
994575943 279567687
880859016 324796727
720796859 394900404
724023629 393156778
854638086 332393648
942369054 289680785
904081968 305274357
741716572 379878451
658746749 419758983
832999568 334561893
519111089 487127468
636354690 428855421
734150710 379686549
986832004 252322951
929929323 277210529
885274399 295853180
672304871 406393553
931247145 270301689
934444164 267933562
689689344 396427927
787008303 340380445
927000065 262993517
792422039 335470712
776974829 341619244
858360923 295519180
733840191 365457251
904850045 265863205
743842698 357526943
858872474 291438677
970216694 223462003
901061399 263523141
806372994 317417864
800045306 320459292
967752051 217636032
966305520 217948001
711678403 369419955
862917025 276484898
939704574 224123420
921770344 233880966
911122655 240367087
835490469 287354427
745874024 342861773
739714904 346342355
707586684 366123679
886125016 252268966
917244579 229694016
715016724 358925686
728036426 348812400
958793194 196893374
973207731 184924306
880126391 244539229
846588679 264654735
982193599 172975791
931104130 207351314
939640509 197249783
927641629 205266344
614511788 418761871
563058981 454195956
743017098 328667835
985081530 157133114
654820530 388484286
626795499 407993868
949574892 178291159
952700013 175078561
832456982 260799018
821017886 267022368
887081218 216374282
818904798 265630337
948039747 163655938
728827006 326556450
881767563 207287660
681789852 357569963
960189358 137858096
808236047 256503980
903036425 181841028
774027000 278584702
621059681 401408194
831968796 230624598
924197685 155420474
896885660 177514124
929629496 150433698
833648155 225886045
682588704 347764758
760940342 280744437
753887078 286378047
987217476 86405951
870779551 184727525
670352258 354543766
718474786 313413518
976349580 92183791
848732221 198429481
788267876 250227811
937338794 118567604
829075445 211797486
781751002 253033066
651477110 366668416
826247115 212422235
694292112 328040924
828005544 208559103
898075199 145126337
785222582 244660752
714345226 306539925
844484905 182269242
940842114 90427436
867246377 158248118
935138760 91508221
781774810 233095950
772080670 239833852
899810147 115100755
696751078 310365814
807039998 199134863
850565551 154244608
724539787 278340511
776879071 225592398
954723128 46655759
872782662 127483935
663294773 336413866
611870728 387020627
689032842 306509316
774409231 214849301
779560930 209047055
965670126 4953948
800684604 179552870
953387172 11079923
784459214 192069912
727535030 253841314
745275822 233053314
858618491 108995401
933809168 26191671
820101702 149287431
785273217 186390607
821734322 143512313
909213191 44629253
940209219 8505310
926964841 21531199
881478403 72353596
825236341 133475983
799617008 157774976
758770187 204013228
729679699 234419698
876163081 61911055
567646041 422152402
684943050 283378526
668347220 301976454
674705152 294191966
772456136 177862311
918383504 3415328
742411707 209502120
760350661 187093062
690067195 270252361
777219237 162650523
598624899 381275760
709198616 243722303
715175504 232319348
749231017 187999823
809434120 111219181
630512153 333685426
822054748 83912402
849959588 46256633
702629349 237530558
792322734 119210246
765108767 154183567
764529130 154534531
718643331 212338800
817506397 78582831
595297543 375101359
722761695 201483016
832575620 50848561
701372935 229260808
770777854 129387822
773558678 122650239
732047167 179658794
748577712 155809877
745377990 159964544
791195466 90611405
726259863 182384064
771800253 115008235
620390792 331009098
774496456 107726998
815741864 47370931
600081720 358697087
826059192 30617458
808998370 44650785
572340113 396521593
795678289 62745174
614787547 331507899
794835930 59836862
794783613 58102027
766158609 97878734
740776504 129787362
767112547 85254122
567570254 398266802
802177918 14528141
795042733 20345268
693777361 179526026
690487052 180345208
746184470 83873754
774114793 26697966
719650633 120985534
751778359 57676413
605378223 318463318
724840981 92393723
745011865 55103839
743233176 54209557
734936980 59310147
737811447 52147852
686528398 148964089
578246143 356149406
713196778 94831160
698958822 120354117
654525266 206518364
682117543 151477819
637788593 236470380
677028581 152705013
751060949 3445480
734894264 27503501
672894983 147454929
604817826 288540254
710215879 65476117
715634489 52813456
641397201 202923663
713427523 41601496
715778831 22952976
715683802 16840098
558138478 376846612
663909962 127083295
678634585 85917543
572880579 337390804
615543447 229156465
701078283 6912603
627652971 190798099
686103640 41027038
616529641 212287246
657685534 103683903
671963872 54857262
638043646 142068894
666975497 61437295
602702120 225998073
562773674 335846832
580179908 286220273
564100620 331787730
543905533 385208551
668183098 13537735
652328950 36058385
644269667 60420022
539226324 392560086
613170823 154772424
656971999 13744420
649862015 27777220
636492936 41976836
614673138 96355216
622210044 67442293
582372106 214153571
543158504 358842993
542586278 360105972
565157907 257924733
617828620 35783874
587668101 149844374
560768693 254346852
582672659 150897228
559287507 253933177
609248229 20022144
604806119 18626054
575191186 158248329
560936873 228011264
534930417 355135080
585888824 97905035
584368477 79044148
595523408 16889105
525456994 387395148
586645094 20933911
571159528 112073996
575076496 67587108
579058367 24608299
570081197 80326514
536469035 294689269
577553764 9578725
523239612 382179326
548661105 199845926
537895955 276217359
551710308 172941915
566953542 35012104
540838096 221451463
565910816 207868
514536206 433322542
518197488 375319382
534927922 157634016
525863845 260221705
540627741 41642948
538116519 64497010
526272970 212979619
518547193 327622038
511370096 371089244
521262454 36805430
514215713 16978235
505513774 290313277
504798397 237359245
497731219 51994108
489997089 39793530
489363124 170202797
478599276 46995916
481486821 129478220
479651274 140490541
496805401 356915675
479911073 175423985
470490260 70988305
481610754 217673292
479763515 202409826
463041441 32143571
458425489 30811159
488051477 320818123
475261953 222966230
477174382 246352121
479074515 265139722
452613419 101106785
449241261 77379867
477319306 285862202
435945216 13841853
471283876 252678371
442324067 76685013
468050421 244402541
450163434 159313320
431116535 50643094
432634589 84494172
445791841 163121842
417823549 23725909
417315549 56131927
459215477 260820649
497474882 446495918
452883583 248065569
403873934 43642393
462736821 302491962
474661874 354431464
419075361 137928938
391721572 29597106
419768534 145718730
388284507 22062692
477830989 375700232
405676620 93212305
380896332 4742153
486783024 415921925
457259700 312463352
392317265 90836827
406139594 148151665
411908883 170713097
499744461 466804825
379117156 73548163
494907734 451352799
396333963 130865510
375045867 62500741
378690175 89994928
353209559 10671030
417010305 210274554
388792179 125818088
344870217 8499295
377808132 110291994
373265069 102322188
393968446 163885926
373691057 113940087
346421808 41499016
350414843 56263112
404053534 213084915
344779351 60804756
466591325 389154301
348666752 101044195
383676192 187559097
373252038 163854827
332229392 73932507
341837521 103135222
383592545 201400918
417398675 282225868
311694405 38070410
301414731 20510709
337573199 105103076
301272210 24562735
442904450 346367863
284555153 6574391
401039110 260638117
325923953 100181551
293347200 35131771
329122704 118355716
470091254 414174110
412528431 295139225
306487230 76412549
352488253 177941850
431580609 342457127
261022904 17541168
288891461 77777715
297127743 96166206
413805065 316118123
350994882 201111085
279925506 70300506
282409879 76497528
244839364 9719117
319420040 150273585
277009098 73739430
346224158 206791566
248342897 46862206
234673033 23375611
407246685 320224943
293717847 134032891
256872989 72342287
329554327 195484423
217687110 15493005
260082776 86206072
424443061 356367825
377939541 281003095
292874878 144547022
345923399 232735593
392092900 309299398
378427940 287764764
396275707 317473965
298713081 163916793
272659457 124974380
240696815 78199465
255979180 107100034
237807400 86355355
199111485 31979731
201320534 36562865
244363466 105280595
356482992 270467014
323347022 228653182
414453562 359988985
167252715 10038022
419255066 368447346
214550473 80913204
207460037 71168725
271377652 161580139
403527866 348068681
186527505 51495739
187323290 60324386
286809550 195032357
205640707 95991260
404213192 357954375
252182318 161828978
392050131 344521493
250630209 163766378
275356261 202728533
248813504 175589282
323487577 268348784
125950728 29878212
123648432 29798619
385816281 346911088
95217662 1979406
106188960 15113626
387908206 350491318
199457179 127037212
108145667 19803491
155071387 76548893
427774948 398534893
415203837 384470000
110850198 29074142
201477860 135050262
138996801 63102161
101767358 26835012
362694285 327343026
434402049 409664417
230022722 178739443
174090339 117503949
89608583 23549259
280088019 237875446
173811522 121707028
130484593 73937014
231033854 186134594
181080841 130841184
223197812 180668879
58222029 16978249
147604077 112380642
184244167 151171560
396444081 376109766
343937912 321586639
102934284 78633896
153053489 132797878
43306662 23839767
100357702 84087453
16585686 249336
472819069 458220510
244875580 233376934
117415410 109036612
21950325 16519523
335060994 323652257
81478093 80045072
339655948 330684738
290275704 284482776
370916674 361849392
61625567 68270034
1522587 13382504
219819756 220587216
81677711 96890063
256546000 260117694
392396694 386151142
116935021 135981586
134171004 152642801
226584952 238000147
50564988 81584479
281051517 293079193
68767905 106293761
217549647 239067842
71533269 111814247
357566075 362045632
164061104 194272989
149209688 181983138
294122514 307934754
78631697 121517488
233428962 256277068
35258311 94164546
79972012 132883143
253814747 279231017
59840531 121241168
62829899 123830479
50687880 117013325
104786969 162690047
139529515 192229945
475887077 466871316
320543038 340184044
92530385 155479764
85265520 156741542
182408392 235507473
417884588 421774330
223212159 269055880
42845527 131232057
60982287 148554473
257161308 299796362
127763382 200276181
9430049 111318572
182836476 244128038
107331308 190989807
97566488 184403057
421308276 428036576
63798599 159992440
134936592 214374214
149908670 226211939
141445044 220667988
52080886 156540288
17681868 133926224
5352196 125708536
102669082 199563732
101849282 199226982
70472310 178602081
140570235 231162677
154036141 244636127
33118752 160077751
27338671 157282316
59383624 179996467
359696791 391955924
113245728 227321747
41223256 183735662
330010515 375898169
66911454 204061501
4995530 166690118
420050009 435981612
107308355 234336805
60739904 204727020
107675263 237353134
5829408 173175566
140744197 262876976
326909087 380925819
38160523 209328380
96848231 244800351
24309190 203703568
472318929 471959296
121934086 266753745
335682966 393228034
398809268 431480711
11440793 216567356
252120471 352451307
188521629 323114383
422159442 447672958
255922595 362810723
259260251 365382694
260025462 368319217
153444591 319549397
130039446 308212946
144063839 315694815
32359557 275684000
244496435 373263829
918245 263576800
177088657 344149101
247039407 376078454
157945274 337278924
365670130 429653967
180626084 347474045
53282794 292560263
91183027 309701988
302733887 403536092
267874992 388461239
266870545 388236040
457155894 471323756
98872658 320345199
136655480 342328479
160094474 352411605
151527604 349604999
98373328 329804521
140634115 350101144
51478884 316861391
139076675 350861473
135480602 349483060
20120886 305140045
59305779 320346166
91514501 332946834
238789356 394072196
216371340 394105617
95730451 354008177
159403271 375591440
172374995 381251744
294827112 424990168
91161212 361890147
99110594 368670601
151401248 388913140
157495306 390811285
185939911 399435293
251905081 420129446
287876472 432419734
471082474 482937892
70666698 377013558
223259506 419832564
173311728 407714526
434369610 474498400
313364131 444332870
160136727 406694628
126199002 400718470
212396290 421750919
68225117 387659102
49392826 387280779
167807609 416272676
208721699 426101194
58126189 394822764
444796959 479247639
337691319 456404896
104963738 407841765
240160264 437008756
224606705 434047468
38120655 395586122
162973186 421518113
373476840 465297434
186958335 427345877
245401189 442513757
7583238 410064641
139809504 436376298
163434642 444838309
322620034 471624897
92992680 448654275
208180072 463290191
140298595 458172301
45447000 449284434
11464886 450210650
21740586 451901594
169367804 466163029
29518460 460935430
135710351 473520969
159986452 475671889
258847919 481615241
26721914 477019755
424275067 490679812
197806155 485490593
86299376 484643982
291794355 489807973
69992104 488901108
52006217 489333737
267836498 490979765
9031237 489868535
31556674 490132617
333046239 493139036
408108 495772733
270354797 494467095
151916608 496134263
39142024 497412596
127197126 498365520
21519064 501763843
67985298 506185362
207797583 503927021
115466956 509114215
1907006 514273837
79312790 515225751
224011570 509086158
175930201 513347500
212785796 511991611
104645109 527147745
147211316 525250589
305325531 511938322
186248446 524164280
220611913 520853450
87820260 534011254
23208991 541798194
214063722 523309805
203157145 524856164
57632219 542881314
95199884 540613590
161611348 533953142
479442003 496147959
458190321 500058207
10744560 566843038
211293079 537720722
90260436 557720141
411166124 508802533
180413056 548883118
202661637 545901033
38495588 578533787
173281998 556954046
20556911 588399478
358126011 522447176
323265596 529932714
190358639 557433006
128989047 572176122
114510986 576607045
134949608 573337947
354327191 527878454
143133635 576408648
205927562 562695333
425736514 512073156
233849338 557407697
108899989 588737222
370100700 525960684
393653392 521036441
98915300 596792446
40848283 613634561
280463403 551793270
477713754 500714195
136729108 593578570
206698366 575343905
16215012 628462993
124142268 599469564
293477832 553061589
392771681 525353856
148518191 595392326
17913158 632960697
280861724 557897995
18267590 633612062
74966330 618777942
19743248 636002771
288454447 559390140
357715817 539670460
32253178 643255637
86082875 628793042
71194936 635096415
402384601 528214450
304698918 561719996
7416639 671298862
412710595 526914711
21966040 674088778
26942169 673998373
19027002 677655989
265114609 587135941
174433131 623246421
87914681 658585186
237781934 601207164
168015711 631655387
264220256 592932371
52848481 681786157
181402124 628400272
11268108 703445496
87160985 671983287
69036501 679821135
248160499 605196619
6141998 713177541
254425112 605608015
341760029 568195611
399499314 541981787
186031135 639391859
109378130 676759511
74879375 692812439
110685811 677331974
109852490 678079365
204586856 634907672
358792198 563793129
164890349 660631943
338739986 575701122
70641313 709724379
167636681 661651482
8295480 743313437
260417359 616867186
327594688 583471657
58253641 719247564
150670198 678253483
245914069 629313531
1206571 758578881
245582915 632659119
179813313 671806608
243558023 638850654
380698654 563205607
8948362 770245675
44575665 751985230
328325379 593212546
338568668 588083689
401160888 552996948
7702376 779144155
154726302 695843385
4526300 785303967
157600022 696790435
424124504 541576039
83016117 743373736
24447986 784606385
295852950 621336878
2176075 801269362
155097569 711324369
46627234 779329899
101160376 746861925
47397026 783284494
169287024 708323274
353636488 591703393
200212035 690374967
282653872 638032270
226657252 675805487
279513728 642236889
437742904 538639940
52525302 791693216
141870638 733433842
45897655 796999137
100851949 761433336
244780730 666526948
61777341 789562372
105024475 762203999
283899078 643407940
37507543 820968561
27122955 832995290
393859127 575027311
103055770 785310090
385838262 582920476
299222566 648348302
229991674 700455925
176782956 752795953
73134555 835877191
119613361 801281642
353313868 615655346
140022012 785652383
297158940 661962928
111143098 817101441
208314613 741403178
103163943 828763181
84917065 845141774
168881496 775784759
8518721 911236277
146131490 796286614
35123021 894362570
278366263 687722476
376956409 603958570
210710453 747782921
88529730 853346204
336064082 642889030
94322067 855048387
493992575 504772405
90131299 860607970
26147403 917591579
5144136 940296473
94657581 862113542
265909057 709235183
299080883 681479325
294139861 686764342
431840754 561717595
113522901 851764728
479714594 518283056
4354378 954247955
190205089 785027337
102284018 869208285
250508343 735252517
84546253 892874371
22579626 954804876
6947976 971831402
83482021 901926600
320535249 675803385
268609310 726781814
37305763 959415439
349443955 650077478
104255373 894126448
238022463 762837976
25530555 977357904
292307247 709502157
83061382 920453605
54182036 952099469
9640035 998617034
162019140 845159893
221307256 787086213
338846340 668243683
95926008 923233507
102007594 919768718
229176699 787950518
109263923 915136144
50994992 981618541
59938534 975177039
110763796 920553927
211076328 813366472
160488288 868084946
84271971 952466622
120988325 913898444
162245212 870902955
412722877 596839117
334896327 682983377
278982057 744957103
128525942 912236708
355431248 661429342
85918349 961240799
133575754 910522813
448991186 558447667
59647414 994849121
392204840 622638271
201530890 839970993
177994578 874246416
249293160 791974465
163343381 896716656
318242769 717527948
252478949 797703630
197791679 876484338
266553690 791614592
203426845 873030335
238105330 831293822
162057626 931280027
183832389 905189794
206553838 876742047
301197050 757571670
273320238 794990784
321959043 739145698
225891414 874181739
184187104 933990453
165309194 973632873
235917432 874984742
199279603 932010319
199251329 937475951
197347466 943070989
344400588 732567188
359998654 710926888
252276497 870230075
370505164 696326710
285267953 825211893
236578628 900318099
331181012 760684353
422912486 622476594
287416352 848389907
394924561 676843855
215916596 969745186
378561984 703887961
472060064 552183155
398834193 675232154
335053018 782684300
275289563 892867085
413654447 654688319
385088102 707160623
444248743 604027413
297087692 865259168
280873460 895337035
415148835 664641284
292487941 895923627
298151449 894256834
463585735 578975449
319765984 861159768
273985482 954384876
268778119 965322023
375875715 756556947
256260266 997711008
456517404 596299160
364286308 788336599
274181387 977451340
266326390 995542657
285739897 962364394
374222399 775807908
274601981 988000868
355205824 818554008
273686213 994675525
354472638 821468045
438138462 643068816
486932038 537801302
300688825 947252216
467228312 582042022
400139615 741217410
422765020 689438055
290950502 998790298
360340672 840538287
396875130 755279096
405845081 735922687
303876419 992700410
332532401 934128880
370987407 850572918
470643906 590207953
403661598 777851168
370227540 871243449
348425422 939992070
346012232 950666364
397249574 811065093
339061720 979283623
381829504 863614354
449876714 663708804
376964957 883455682
342388707 994820498
385188094 876589409
364697076 962664102
403107295 837343543
400667717 850237530
362193441 983103555
384945251 908107628
412509850 818682072
376655575 942196108
488510080 559726231
390315449 925459167
429742385 796306707
426333869 819456508
409043858 891614510
435288093 802426665
483639686 597864860
447475853 757224048
433054086 851469938
429436969 879847587
421241963 951819516
449261880 813199133
434185056 899579326
460352531 757978866
420264817 991661621
444103412 857901764
466320076 742792779
471626482 711601873
452308721 830151038
464121830 804178243
445823461 944456277
485111646 668895798
450710636 942735623
447071005 972963044
483688069 689949457
452029428 985415969
455409648 964720329
465563847 892621255
477877978 800139096
460516835 985999372
496051797 614461111
496733458 620647543
476703138 873951084
486448920 764568551
490672527 718373722
473585419 957360680
474218935 952785218
479544730 892678868
484763963 934795374
490827145 839850009
485664372 971972261
489900186 896242895
499709822 699953297
489735412 962915461
492633428 919215833
506548339 533318916
506481482 815945886
506115125 922117512
