509623851 992751148
510279374 793756869
510110109 661270827
512824431 942064310
513332033 950657627
513854107 876711789
513702290 854707526
514975241 885227966
516844977 989083380
511574088 606497331
522107717 956057754
518413802 794184117
516170151 704216959
529141769 905092196
540617840 929691962
533532063 815072477
538230731 874926656
515507123 579219209
551396952 940321000
532098672 728298186
550519652 906129108
533524873 739858974
556534383 947209759
553035139 898634976
526701927 660529749
538497537 762700009
535028163 729956238
541308581 782532619
557839793 925251558
563614347 973596118
550901436 859477276
518707937 582666049
561389344 942336468
567831779 992629393
567864008 963219270
567400199 956340938
571301322 963678662
524424948 613964357
520153474 580482231
563657629 889409323
580736792 983631237
568863574 884429795
575096840 919296005
553519970 780892497
569527061 877173465
534679768 660091282
577450188 924232320
586875486 970092323
581564195 935075653
560746865 809596344
541111878 691895646
564333559 820249576
576839170 888780814
539396882 667787025
536689169 649307019
594154583 945685734
607300035 999584350
582250825 864870856
601267508 944058973
510796235 508572581
585551395 855359027
556358187 715958310
617556713 991701071
586704986 847561051
600861712 898418823
558739379 713926860
583613194 817246580
616306297 945647218
597518860 867107047
614999860 933718261
598947773 866288849
535371842 606514465
536351923 607953221
637082125 992640733
600117058 847895188
576222215 753663438
630531975 952127375
608332245 867759879
620184149 906933871
574675482 739001236
610028796 865902651
599415459 824805245
515753978 523816546
603996205 830918814
620070650 883223714
645603297 970571015
618735834 876409288
555262208 658012650
640892266 943517117
584901569 752192305
634303541 903420354
654825761 960848793
650722386 943095945
645185587 924108164
624585933 852719257
637162257 890450102
639520617 896000501
532350628 569955878
611957494 804052027
546442140 608060364
576261428 691224057
578022610 693598887
554079658 624879519
671346725 947296434
657292342 908077299
695229420 997795263
584248417 699730443
638291017 836374276
695510500 971278966
646006525 842052628
522127021 532782028
658058136 865277592
691413740 946446561
686633116 934605177
711744478 991783162
701666705 965371804
623230284 774603859
608573651 736414191
706626779 968482836
549449166 594897247
670193746 870625200
652113245 825867386
642322652 797229696
727690229 986621746
602122205 706239709
686453287 891186344
679106628 874318378
724883573 971805998
609620588 718641878
575372351 643636747
692096214 892550204
591973560 677119918
592879969 678548271
708650032 923480096
684344742 869134720
697992291 896400323
624025266 740664143
700643054 898402178
706761431 906133276
654473042 796227514
740982583 972294827
643784371 772590800
596544102 676917660
730695091 944235387
679506597 837396760
627245797 732070720
758543750 986656681
722571318 916475249
574084473 626179785
690303810 847090882
684534252 835315157
705276428 871376131
757493117 968676453
720082416 896446351
743843571 940087415
769849595 980112406
650648692 760733359
729304811 902290946
609172194 682108956
784920144 999490241
740018846 917948861
571035037 612227371
760866809 953233494
710203285 859021297
582633883 630423620
675977639 795419916
749871436 923843893
669646439 780802411
719435704 864641581
645859645 736154259
743113421 903672664
699983653 827955135
700620496 828203565
796130403 990321477
571105733 605527413
742368929 896315286
656250805 749189006
634731029 712768302
705247107 831318970
779266575 955101231
734108174 878008664
783630797 957902317
799893383 983326297
801933548 986631932
808060401 988728052
800107655 973479371
691786201 796518342
796162678 962108131
787624801 941220187
791416975 946169570
711960374 820285268
809928750 968146400
831219973 999689908
820970406 982756330
591495732 626770650
808029799 956801733
686126148 769691457
576856857 602939061
749614289 864110502
815147151 962078827
782738415 909050053
682708703 759088017
778044136 901196155
764375792 880681909
685686983 761710060
768390401 883711262
639604329 693084472
803416620 933995219
737353332 834498584
670962798 735359869
846334888 987654934
749341807 846954137
815157096 940445826
692604286 764109830
769140916 872648900
572059690 590331072
771999909 875516616
783348034 890765631
827311238 953366568
826837719 951734503
763794176 860718943
732597142 816107875
813300066 927177084
764534420 858251429
860821013 992568204
855511812 984954418
771377584 866562389
649043189 694113323
867093846 994549886
788707293 886192330
780716654 874609680
636343609 675191214
576312424 592045207
726333585 796810921
823816849 929522025
792675735 884488167
845815734 954759689
690325041 742866316
828625496 927836179
681459551 728673330
798632755 883216483
788419874 868911503
787003414 865807915
822145722 911878076
760612276 828208518
646037328 678093731
894384030 998087021
753364862 815590696
851053752 939830057
727605963 780548238
817505102 894515004
836808075 918227807
635687463 660992014
687023921 725524882
880136051 968904867
843461944 921519450
845526377 924105066
820849066 892270138
829161927 901226831
848255281 923132032
745960140 792904675
669067556 697264316
588207818 597251435
869491171 941654906
688555694 717365381
669863298 694534166
857237787 918933428
757984474 797495599
682739218 706287597
929125410 994387315
629393340 641450574
704867740 729656713
661155680 678364580
651561718 666426119
857889272 905381664
802217915 840141910
844687740 886088050
823102582 860640790
781400648 810315851
683812876 699011349
746100271 766598826
827310913 857521016
907615900 945414084
840554358 870075115
938269539 978793526
865848378 896484262
788562435 807665118
736441987 750012879
883312647 911126243
937091846 969311614
724241499 735852992
680711983 687852790
689448571 697395211
915695777 944526757
828489061 848371758
892314503 913306960
890439336 910943550
688872211 692600059
847596027 861505900
719839124 725025162
817442668 828096544
765521909 772151805
970599411 987138345
916336577 925722298
685757207 684298413
888100134 895090975
927649417 934851625
942386914 948454224
940575653 945615711
942787392 946346222
915388853 916254963
636452576 630111271
991434858 990036874
947303595 940267176
889165300 880683269
846871378 838075319
967858182 957444777
710302724 700060189
819871402 808887345
852837195 840815663
797465397 785520111
580321246 570489415
689261436 677934489
881165643 866660858
954608607 938431403
883660953 868160764
713960473 700214123
975611277 954914288
917401273 897600471
989760445 967767566
769844927 753497286
795516333 777949510
973360945 947651190
683938812 668383779
963227125 936326923
866848235 843706950
845576674 821251355
936830003 908262032
977071323 946401950
902975598 875153256
758836943 737767821
984098793 949378117
868202043 837426349
724737790 702153154
967528431 927091052
994111600 948907216
542343813 530566410
877287032 836623300
971240392 921440283
980125721 923414412
977677525 919911112
987416864 927618567
956429326 898101909
936620612 880437841
993030074 929715576
822729680 777721751
650741583 625115567
871465774 819867731
849046597 796744318
774379296 731529801
600693740 579939749
774381075 730593168
594996307 574202020
959257654 883713294
802644287 748922220
750237724 703626228
642087099 612143986
851951372 788720184
923801676 848121522
850519749 785914512
607614689 582460389
777290501 723714693
997345529 904707263
969472269 881457899
930650691 848232180
884500414 808506600
947073080 859524185
825557433 759341990
865827064 791679254
637334412 604889381
956228396 863991579
989506796 889925582
860885713 785395995
843866745 771364545
794599378 730116078
906904691 817811611
944372708 844982666
918958461 820189452
906525231 809645447
922803580 822083962
757182341 691068296
837784115 753018632
975083236 858089269
888109626 789893447
998945852 872984454
791432900 714493508
588500241 559786671
872389904 771062787
952442656 830656331
998142869 862495613
859859973 758642899
786710221 704633650
738680778 668574988
723047873 657052013
624586541 584654598
821248822 728092795
920787354 800748924
772169510 691671039
787372886 701135403
650342948 601700306
871468487 759629558
968477922 828321066
989178998 842618187
983293953 838094404
819624605 720983049
999661427 846723953
907448892 781156067
787839533 696582087
654901775 601855443
877276024 755881761
590443257 555425900
955529185 802551015
769606371 675732947
757832083 667274236
854112303 731352943
735201989 651205707
932531265 781837009
963870878 801105239
904627243 761558815
961838612 796779197
822467677 704663396
836781750 712751005
870901236 731178053
901765372 750695425
988390549 805676596
689649991 615119548
803144153 686978428
946702668 778192908
620949470 571030777
826674742 700893965
929076594 763851891
811884928 688782394
831293005 700576673
944059954 770663581
990694581 798826255
948511263 772335648
795101071 676999332
926925320 757368974
868051742 720349471
965144485 779904657
925645415 754334567
814754477 682461133
856191122 706094323
757535732 647512706
747112709 640683634
708962267 616310589
646329733 579578042
827668862 683575895
809387826 672317391
813672253 673310232
959276625 753524726
862229044 695566309
660548338 583677924
612876627 557151087
704016445 607137314
730054664 621259073
693468593 600776748
672220581 588890931
853496898 687567855
783561858 647306005
953345908 733200739
716725736 607261586
892689428 697588990
876728992 686915300
836925156 662956259
707744875 597500399
663755720 574616207
885240344 681261404
842601735 658524678
915311013 693000146
938442216 701752155
742046793 608975424
883978237 672520307
855638227 659462866
838475384 650348975
754623965 610755937
790791201 625077977
920076021 681111218
895276393 668404492
954002624 691575435
644897984 558336214
805252038 626235324
591981389 535270876
859618552 648765825
940487744 680954943
995737327 703485293
768889625 608170143
723190296 588710002
781728103 612533651
717302870 585623804
667315563 564728129
881986322 652063264
784907672 610421285
778213206 605718761
771775923 601824668
645422208 552336942
885978995 644547359
608931298 538147374
953509668 668890862
796979492 609211026
798995928 608219368
953964617 664022036
641925991 548665105
968987900 668488613
725575821 579264797
956372797 662925643
596933867 531105859
884208605 632552721
581303995 525296116
635464762 543966071
826987838 607895163
695807085 563067674
997612153 664500138
873451945 622146595
855375883 614462504
833313921 606910716
929406514 637723382
720467565 567908940
993212225 653821368
733463429 570880026
570388208 519259232
798018775 590805630
731342152 569531318
998892360 652824667
995851533 645355622
626856035 535020654
628458275 535433079
731190678 565635734
985871157 640086163
887509061 610979940
719495269 561306875
690989693 552912652
883647352 608469692
609106339 528549791
863340098 600957708
785312999 576198315
778157975 573884297
737960409 562747046
678547971 545440768
819835467 582241884
852972581 588801422
984746657 622548652
574057727 515995410
841891668 580959041
708512293 548448960
987685275 616217036
592924410 519733673
721544608 549407363
802750165 566893468
982136430 606623007
700656585 542920409
881028059 580771641
985390287 599563558
900251509 580939803
846446380 568175184
892958841 577399751
900135641 578573055
946412335 585102810
589959531 515658813
775241393 547084140
985850928 580661202
852721133 557676232
593818229 514144669
884151078 559860528
616225385 516813971
970990004 571121748
974374912 571360312
996046935 574642717
914820265 561181369
742094855 534706907
965492963 565673342
874647308 552417550
964683728 564897210
877894820 551619060
974813978 564920186
968711750 563659313
877115838 550456872
848001239 545615660
961645922 557697808
871661873 545032228
932285667 551879191
873158073 544501647
642438786 515627633
914175630 547043480
898901735 543056807
638181062 513735098
916194190 543288925
995212082 549847879
957057593 545906542
941999278 544026446
970833691 546029508
910455428 539324547
580665100 506603147
822508863 528700309
893762142 535109310
896381656 532545378
953752432 535395186
896820827 530579469
941091006 533056851
938048478 532632287
873484215 522747659
879960296 522579478
636752088 507715698
673816847 509029214
982131225 525390101
980759975 524743218
577086011 502390690
764825958 508967791
970793138 514875980
748673527 506200408
947157014 511008935
888243169 509482946
893446624 509098402
848523974 507794292
607808235 501784341
845129280 505830024
957290048 507386090
963702397 505164724
836349270 502310477
729056852 499185985
666425533 499292723
871810237 497842552
951959916 496522688
966633503 494439049
975974287 492412870
940099802 492046670
963673475 487210908
985427516 486449628
812228801 490602646
778308122 489610012
679255359 493252755
920767092 483337228
866879441 485386186
981986654 479074340
994880358 478141760
686450461 491857264
743392703 488528257
564426325 497196378
835232694 480465257
696037254 486889146
685688371 487072801
784045163 477895565
772560642 478497534
796845882 474332734
675472813 484517397
860906695 466704787
646108968 486717503
844869255 466094544
763990666 472750071
917620872 456279227
916524122 455357553
946327942 451925952
916837654 453967785
608225860 488675006
935625968 445674756
762108670 467667960
668012140 479322870
558392142 493147918
813840840 457693480
874354460 448699645
934766147 439564543
964431229 434923127
813409480 452816950
837704463 445288509
889756940 433937824
614830410 481565285
777153242 452546028
655319047 473532451
911857293 426968609
733306506 459018762
911765736 425949296
975779259 414161163
593278701 484311159
989059423 410736052
934266472 418832560
938738256 416573472
603070347 481264220
565322775 488543021
954628699 409408232
875586706 424549921
696391560 459873300
831754977 430934034
952355806 404001774
910067699 411032057
936677642 404323329
749570291 444262327
923233904 403323592
965942433 390468725
703295688 451711095
593783825 477576639
819618144 416159035
930200020 384952970
917382616 387400793
892435946 392855012
637064934 463549408
938859617 376488790
884721173 390144416
969656425 364838712
905452335 383366922
672307278 451585704
808973978 409150337
793842880 413427311
674314781 449650548
727320455 432728876
995345800 349777314
619862294 465454740
765290828 420089307
882524333 382697489
941851976 363436060
770174505 417028787
862850841 384206032
840642661 390776822
859506924 383483331
647693853 453773371
809108307 399791668
921785038 359255139
869794842 374095295
893132005 365853278
646293814 451672714
703198040 431625058
619993435 460690675
685919335 437367556
933832373 347701105
635958982 454180131
821463924 386695691
785667437 398365623
535475071 490140045
847903648 374732042
835423738 379040758
635079952 452853151
809025652 387655501
552637936 483571330
904515890 351647871
773573732 400495660
908707587 348410566
897068207 351101792
884913530 355277962
811523343 382722336
780363605 394571955
805839420 383777729
997240378 308798939
853653380 364982779
543270544 486474840
935749351 331801563
864603535 355553298
996745691 300952533
913160439 334190973
890005047 342796372
575890391 471713822
907025472 331726131
943010757 313357329
619104157 452312385
654807060 436831236
823674630 362680104
874568665 340256572
748365498 395256926
958743590 295995986
808714037 363978002
878262269 331459663
832437275 352288594
975105390 284254008
847207643 343426001
755542571 383520031
878081461 320348474
746947078 384064207
817072009 349222053
729288466 392033698
928951426 294203276
621041326 444859253
964550954 275699102
934053165 288531565
786667656 361542809
957232240 275002207
881553889 311987431
693896360 404561382
781846443 359062274
972188584 259076879
990491620 247020636
971246902 254492299
684469224 405159071
803695217 336584741
886829571 289647585
979933416 236251604
871392264 296180050
942458801 255406282
898475378 277811002
944365780 249120327
987906359 223212025
682959106 399350610
755787124 354342678
857350843 294016800
950921570 237504784
877987443 280253019
990946191 212731853
594455787 448869726
675021943 399832775
756113077 349796536
730481448 365055632
847388622 293858317
947823292 231592926
809548376 315834981
892632920 264472731
995630038 200807876
883906498 269003341
966851531 217816296
870152707 276697439
969111829 215392438
844193205 290708392
967805212 213036599
946251398 226507349
969240151 210434963
846930149 287159384
964180217 212487568
973332688 206590321
798728152 316335089
701443943 377960813
945110579 221865929
821405316 299131617
815249836 301555206
726116434 358640370
729262638 356355969
778512574 323837746
915150812 228373885
945550667 206393309
759419651 331398026
988781460 166187503
717833370 352266764
800134014 293110759
930457945 198895084
957287102 179509456
824065887 273604947
846588581 257187070
917857210 203862829
837881501 261521285
784887481 297333899
634998456 407373944
602995932 430473882
800034064 281180414
943208764 173509660
995799597 130396167
933258617 175813682
889653303 208887963
851218168 237730060
813242651 265168969
996040793 124017309
898679409 197495799
878348932 213259688
762238927 302343777
929404279 171352528
607636655 422754915
744858959 315113181
813974509 260476505
998679727 115093368
979966291 128772120
961879088 142045098
978935397 127437108
886895633 198895123
819838735 251992379
794285377 271746556
737233675 317365885
797685562 267470939
712364429 335680860
812603510 254541941
955999664 137484430
966442954 128192286
865280404 210162022
897998338 182903069
934854990 151730184
984664028 109414146
997100434 96653419
987886205 102663665
918872325 159172472
721092759 323174478
607327309 417822875
980526609 102735285
919930034 150227199
792493591 257543317
880584126 181801649
920977105 145938424
834275034 219933388
918853599 147043550
595826479 424772883
662549355 366521889
951005252 114600083
972695509 93300230
709007974 324223908
858255636 191797844
858313601 189202381
602763344 416225808
961542438 95095330
813377509 226995601
906846626 142711912
770225588 265219371
937157798 114557002
912290720 135437087
992006606 59659156
922099337 122200634
730224740 297543932
997802296 52738930
970150213 76366932
803991966 228745137
767861425 260873151
940165493 100997185
883102668 151868547
576256254 437297754
898298323 136616141
832254813 197169453
713217742 308360781
680087548 339326266
885413283 145773768
887283555 142371612
989440688 42537558
732749235 285781641
831933657 190758412
691170302 325257072
639570235 374497054
825028343 196176652
757502408 260418641
969167203 56101366
941997270 80751455
867832319 148579679
975511530 42551111
823666788 191169354
846519626 168315878
591550050 418156214
758399520 251741805
905462410 101367543
908152735 95499470
959320198 41979293
918319628 81643214
872542067 127565143
741136935 261233518
966677542 25469869
767731206 228069556
941288821 45249325
782565811 211848804
728123654 268364029
885448868 101629839
731552821 264414673
699567491 297935848
848439998 138478236
718484812 275849698
798961976 189370460
736733935 254450179
916963218 60110735
731564799 259159944
766863421 220124996
963598574 5955136
838434066 138039535
909509379 59820195
665903506 327029578
878575966 87567040
871642798 92834693
953250720 752024
613257946 382444535
824814345 142360149
877947581 81961091
808734932 159880721
618124801 375736748
850638886 110380649
752457596 222206554
912334718 39706182
900763330 48119447
863826008 87721505
749594925 219367702
802607408 157417295
800931477 158231850
802969329 155234927
834657990 114111792
903003263 29987948
794235760 159591672
753823171 206477183
664665901 312168062
879434777 52002429
884518164 44510281
791340489 156866784
865039528 66480209
612243428 373703913
877714334 49029226
607836854 378939216
830836036 103423656
777578750 168783947
700199310 263910339
722477562 236084619
789471828 152471256
740281926 212927278
695914360 267359432
680460044 286427930
797145928 140208478
673115545 293729132
769941342 169150294
834142632 85428335
665031093 299119158
790428154 137207343
850709196 59162912
614095297 364279667
820923035 96168729
840245991 63305517
731395920 197801748
854761250 29478939
741048394 182904691
762359599 153217928
700063174 237300021
869310480 2614294
752455385 163076413
784489582 118513370
774600609 132115986
527939938 473575319
587180181 391406331
826220986 59859102
824259833 62391919
826593561 58809170
826641370 57790292
826731191 56203616
787246510 110746251
846129686 27331272
841045020 32628209
754785018 153070037
712229567 211321833
745284108 162373811
797628273 86625901
779757294 110498229
793495246 88450052
581897969 393610023
798827978 77499122
689574058 236013782
828021532 29546803
802679792 65144445
798378939 68209544
724102593 177046613
615210577 339151148
820053840 22756294
712176238 187890656
738988206 145956617
726498288 162905844
749846500 125522209
797787131 50927808
648580946 281050565
544199434 444177513
712653663 176190601
813377334 15482063
798531747 34873882
625344098 312764074
648757561 274221596
766353613 73941713
731326543 127760584
782229813 41274135
760634299 74652215
770038992 56402018
790133085 21854190
610244012 325900443
766751481 54637342
724247649 126706528
577357766 381142151
631224330 284127519
646131003 257473769
771665023 35228098
726538154 114718706
753910044 64620905
741602399 79951524
686999121 175760134
559259564 406949424
750759201 52165296
654147668 225921883
752216712 40705753
690096883 157734270
692887581 145602325
657810975 213088999
632683093 261182591
723246333 84078752
637294941 249889320
691587698 143249403
626297373 270647219
740891490 45558302
695651261 130060973
755121738 10161249
712831957 92937825
672566376 172953415
642922814 231962428
757382791 2408463
745891342 21015149
637716071 238307137
661034142 189629677
614487528 284473020
676031893 152071757
650278130 203892710
677278329 146646436
623465566 258872967
663174729 173265472
633543108 231740451
537367118 438691765
645744018 202821094
713488540 55165517
681443627 124609715
591719708 319473573
638806528 215415358
731206353 12241323
521701522 471825272
644394438 201529194
665282184 151328966
607870912 275425625
641145357 199321168
580204706 336695791
722589492 8937842
651278158 172203887
696062527 59850718
633013424 206564345
616135858 245360193
638623376 191889477
522937443 466424420
706740195 24212501
562181239 371571567
641014932 178185201
695045846 32626335
657097786 127555605
697888890 19608183
584087596 306318484
702023581 2281532
666321665 92073138
671127712 79263656
635540214 165367432
531513890 439773195
573026865 326190731
642900971 135679534
627592427 177272486
573995425 322381260
677860432 34423727
630431658 164846912
614565996 206046884
642140721 128040016
657430218 82684815
646490589 111572562
684077111 4610322
651388034 92807913
594031161 248722795
638461067 116434945
589816727 255245196
593048598 242930824
581972011 274493291
649100832 63640744
614465304 154579055
638034269 74076994
640486869 63608392
584124003 249658487
647132699 36448943
535195054 410643134
604984603 161102532
583463606 233488300
587804900 213901194
608525313 136983063
619597690 83459397
550634142 342586265
604103039 139502915
526829735 431656424
536894831 392424985
632584060 19021297
588967740 187539410
537948851 383768734
605806336 111248942
568966003 258332663
617042180 63129570
583110793 199090111
590788052 167258946
535432149 389817487
620460603 28788496
557755355 284409036
588237392 145764438
612171356 34691311
589202515 114537859
597657547 73325475
571688772 197282135
529543877 399296338
532026189 384885176
598371920 54188894
590248883 79380375
562655326 220849282
580021476 125306787
596924797 29836133
561536971 217182696
585131801 84802771
555938875 243437708
535663106 353157578
551527756 256282062
576289603 113023404
556023223 228119018
587213609 44263837
559448607 200430689
571316149 127296735
555960386 218569868
540746224 304058781
579662744 62195854
523422808 409925378
541286175 283868045
540386611 286716602
570403915 78159414
570790451 73532739
571933065 63509779
556500312 155711725
557446711 145282710
537375094 290542309
548639864 204723750
531738260 315754126
560857271 78067367
569163389 10548632
563845068 50906678
558147754 95706377
541666703 229072742
548765957 146088536
562296292 25451720
531044455 301543084
529159471 309912582
548870051 119149314
552207612 83115327
549970193 89016594
515174136 430580819
534956333 204348310
547627106 45013145
547014485 42386030
548957812 12538611
540010974 108654552
532779041 196336313
514132940 422696301
528044334 157651995
511822610 444236465
530095678 61744717
519680854 275132784
529008967 78695598
522568638 3256534
515677062 245371889
518548704 106413364
515387550 221803624
519338102 37906492
515640486 105863849
514474436 118288574
510403270 396856955
513556515 169586700
513320389 179544222
510677425 324234469
512471447 34801722
512386844 36456114
512081710 12008841
509768633 363484607
507111163 86145627
507448438 171963129
506772465 113220984
506053250 139192878
503389557 23048927
505255645 258964293
504723344 237610632
505013481 255966409
501494488 86717876
502433456 245264579
499400937 127239504
499503350 172721991
501144442 243860356
497999511 178623034
491979939 39184825
499702996 284692614
494264764 194580100
499061097 304878051
486376801 59296695
489004804 122676179
492154615 186511250
499047569 333346079
485719570 130711001
485734475 174413718
490442606 242245610
486158474 184828233
499354245 370187053
491686013 269721109
483281623 178883439
499778708 386749174
478371448 124107414
468969369 20529307
480287084 158026697
472904180 79099320
491895335 301441323
486396132 244958706
487562050 264661125
473007043 107227401
484223224 235137421
483061719 223087082
489257874 291472547
475077965 151129235
469490241 138898163
456781692 27144632
468390471 135708951
465692753 118322818
467867097 158332792
448350469 5601565
468984031 194452592
447839819 56228674
460815736 163818567
465365631 199965832
439821917 65412256
439795024 78549085
430629869 23846094
432538921 51110022
464841912 244189010
431156424 54174421
483607287 356175353
463361077 245012398
435356898 88829423
430812826 73126486
430242321 70395870
439945760 129519608
444277160 163906946
418101257 36429942
444032760 172129591
473158884 320193941
435551074 133896725
486522157 388840624
413779713 29274110
448963636 206911996
471463495 321461961
418648087 72697824
427577878 118424956
461738423 279017833
459486206 271239043
446307689 214079617
433652018 164940357
411823303 73202441
429037477 150094317
448317863 237043134
444909632 222714995
475644442 357777678
403163762 50330635
402428001 47506933
399561081 38768656
450035810 252743059
408675108 90832042
484761983 402071347
418799885 137771190
474010501 361717216
443282618 245718467
386685160 32235830
470438689 355849340
391030813 59944139
434338591 231220257
407812601 138280677
372903544 16836011
432882471 231546584
432833125 232346035
392292242 98579848
467390055 357833744
375529799 47820229
402202003 142705603
407568701 161592500
422497423 211723279
412580425 181564566
370366390 46198591
392996972 122689377
368380246 48066544
400118044 153113211
368449285 57124587
399718589 156778380
349167446 2145387
380627504 102985675
354464706 29689983
416415389 219561807
394642274 154475593
355758181 38006824
350392249 22426562
405846617 190425579
378129815 117560331
452579800 336088794
361449344 72709508
368492146 93912624
384094139 140369889
422730537 257102997
337980978 22869054
361935933 90125658
335983764 17844886
337343648 21893034
425532187 267723528
371495300 123600946
346496375 58628967
331393711 17788526
351630978 76038991
461480970 374193097
331157471 30510048
350018355 82197798
368953733 136376873
350450419 91386001
326175634 30665241
354551716 105671606
361902084 129130308
310878313 3703563
373163106 163816576
312834064 17039472
349337062 107036018
338870546 87966047
449629399 357867232
417927320 283452814
345396686 111752142
304332907 18570813
428544803 310861478
363522866 162428323
305871272 31878639
387693180 224280908
340023468 116280005
330120621 102592473
422554324 310125795
409229388 283054918
343028925 139679008
442285429 355816687
402142072 269516014
469388746 414651959
351965158 161597256
410495831 288847420
465527955 407060059
346171515 151698432
436756077 346961974
339796205 141993122
317907748 95991825
316855702 94279756
379264869 227241275
402946918 277495795
329695055 124246898
285451469 47007327
432002534 344785544
273319276 26173999
429485077 340546908
408693639 299520865
322094362 127181889
417666882 317876456
262059950 18333713
279856979 55998264
253135679 5469038
309625061 115670539
293843302 91906813
344120344 188329164
295868943 99143247
495165352 474565746
475147709 437875244
241504024 10239383
249772562 26077760
401708534 304394699
457200509 406849639
255635067 46558024
295332565 121831748
494876409 475057529
302921397 137950412
320487205 177753522
305085586 151587661
305037139 152947373
312844356 166708809
269260425 94010515
237102304 50136650
225681632 34575150
337833954 221012518
224324855 38140157
361199213 260710219
289131518 145117995
311167483 181880317
404361933 332473947
224855216 48772147
265983304 115036972
400590662 328318300
268747094 121682388
292783183 166705356
279018395 146434373
388014206 314319024
214155038 54405879
322850495 219322165
408907305 349293182
245797420 106270619
243989505 105180803
217094128 65305688
369544947 295866106
200106711 49808063
463808490 434511963
217785490 78729515
207455825 66107509
466471342 439206126
342479236 262040958
161642137 8457694
247009071 129960530
288128509 189134040
204026059 70821290
177382988 34017848
182559298 42488358
204662795 75731983
331122080 253184300
165648453 24907457
193870180 65298480
335608712 261017513
163556829 28255228
308285883 227692604
142727205 5477681
175532438 52924512
360405466 301261062
416329690 376095112
336826612 271896939
277143406 194684254
196809228 93661549
148104331 32335751
224177814 131143990
406095490 367763994
168477138 62733888
265066565 189942855
159134499 55776774
268067374 194794128
261653472 188396188
208162100 124371391
449575098 425876078
217763265 136773058
177347905 87013620
242409016 169693126
411187819 378991462
306077302 252780553
302705751 249053158
182715506 105422302
119343626 29632672
129872389 46567137
226664561 162354010
351368554 311695650
105536534 18876724
227678612 164721170
264603491 209109140
232867646 172703577
312445626 268236877
290429254 242650775
252858363 199955151
261799350 211918107
179128102 115928916
85586987 8364729
111674936 39046586
110148726 38508996
280045441 235994940
116558605 47721205
235268016 185643877
376026981 347612943
137442957 76402248
186921500 136639429
207209095 160004418
263754998 223777595
76557277 14120811
217002432 172641175
274191394 237658152
128432642 74861726
293658829 260389724
187369364 143241829
300768232 270525753
328007115 300611462
125669988 79918705
106461935 60542647
192524093 156354264
456555864 443341398
102583058 63687237
43705331 4014976
267961200 243103487
430812673 416980996
101542858 69375784
182659152 156169028
304978580 285203577
83879444 57305874
331109907 314786554
38098246 11096929
394788473 381619907
69040923 47669037
148506792 132441713
108688641 92167481
157876552 145041403
361000069 351164572
103208634 92031042
176351569 166157073
321708750 312297343
166644375 158588823
190867493 183230545
210655142 203433918
43599502 39296471
271820736 267372078
80321790 80501813
413215437 406403126
54345487 56213071
153683469 155093877
162770160 164282554
37156900 43339341
125995893 129748126
342846526 339665150
290120199 289400328
72512801 83874699
197837660 204492905
329654742 330144110
34234217 52829906
200145781 209487454
29677744 49803149
59742772 79081951
469451421 462992684
236668450 245730325
458666815 453206563
88665909 111189031
200804643 216161348
195841462 211907384
6969604 38776631
191676202 209407688
174473538 194062803
234225030 250083127
32971611 69976960
18543045 58604615
26145467 66248011
36321058 76642549
273630135 289700255
359469464 366840506
239966094 263198198
268853421 288804948
148051286 182848030
316397441 331339596
138896758 176174753
197399055 227426541
301660601 319106493
9436250 66334873
29716948 86759346
105140009 151813861
312233113 330353241
425167387 428083730
151550032 194783494
288357753 311762146
410065990 416841487
62112149 128869532
97205454 159504615
166128023 217684053
69384863 140337616
68949939 142299108
385821448 400420817
248381776 289781710
150232761 211566519
20284012 109403633
10015670 103305554
181682363 240794509
446936918 450850399
77236854 160183254
38172610 130609576
226388698 278367913
224763219 279035822
277520215 320569015
8179545 111900828
338534168 368121147
110685915 195075602
396267095 413832852
289306137 332704810
104683002 192181365
111642192 198050077
354030248 384132843
209671783 277156516
54820681 165149785
36270081 152624342
110070113 207427710
2965147 130112113
375165862 402316132
148416159 240653119
486590680 483887768
163186582 254652277
119608199 224270839
264176473 327387408
170697787 261654026
441250130 452563632
42491045 176674664
43190038 179072144
195521634 284401946
219358875 301168053
226657706 306303775
262157742 331090442
146059540 252238569
301502477 359163025
207349168 296584337
71906375 205353928
376486698 410695558
9701939 169575456
123668051 248705050
181468097 286935561
166062943 277452896
236380273 324525231
175196139 285418905
283644527 355716288
294306248 362838555
192948477 298322751
182930574 293906361
259264119 343528318
216135930 316549919
50823973 213731198
261180044 346537734
264674024 349123663
25943870 204979636
198310879 310312590
71139949 233463200
50686464 222613847
361702388 411231932
100092138 253817936
182607211 303896735
322330412 388271493
33186190 218695568
137760996 281010287
56251378 236305548
44881744 230683043
356755048 411697794
70258994 248638131
216948216 333109199
53584188 240469256
204405793 326546604
41074775 238282278
135912298 291566839
113489271 279215141
273115877 368506204
52311860 251011675
105761455 286142844
191554068 332312505
43961048 257962091
82103714 278337411
51647073 263908034
315628265 401743133
209251535 348216517
66828943 278630355
233929639 363387845
130874332 314170505
229024379 362597870
189755979 343650154
245181704 373350215
335142309 416571829
151082727 328583220
438996230 466760645
181320750 344735716
173100325 341732999
453192549 473703304
268649772 387271926
101387436 310544075
288150288 397362026
347901666 425664427
141642677 332743532
129372870 329272709
49234581 294139306
221386114 371233028
143007679 336953911
118640051 326294373
62627550 301660466
112424552 326155473
412439823 458694671
173138670 356489094
74117527 314658825
10729881 289909099
274820937 402298087
169117555 358522179
408384347 458379462
153073142 357420856
188481244 372949317
438107416 472656644
234469607 394624856
278973180 412797130
293365218 419692686
64713844 334929270
149322105 368544842
448157940 477841313
34517635 331839845
260800720 413896186
151793905 377138282
416638546 468301116
276104888 421390319
16468465 335652709
365889935 455060525
18549364 346706337
14372977 347385510
106530011 376744354
314393454 440467362
330042732 446317672
190542669 405305921
207896756 410653277
136220932 394032141
389452579 466713912
50879744 373697175
34968914 369725842
49423147 374661590
79490930 384005466
186406435 413952137
26349284 371748442
252918581 432177924
172000126 411843844
167366204 410965315
363643745 462530024
239905763 431285270
139679866 406877782
130489451 404652189
154458304 410834483
249820985 435372909
308412647 450694113
301504517 448999955
307353641 451035952
180007952 420325683
99911029 401102646
260131960 440390924
326998262 456724781
207843127 429761459
104568368 406731170
153435404 419659615
62360948 399881972
284510277 450412524
364800973 469142346
248779540 447004391
296863379 457022468
175957605 432859757
296557883 457487203
204979427 439726177
90104451 417392146
255592348 451426805
25830141 407888922
165216156 437109383
209688695 445534330
95121908 430015137
145314388 440402047
244876384 457568402
57965980 427654809
359607834 476481228
197227554 452032454
23791715 426913500
468907905 493927327
179073588 451443711
271831483 465149721
233404842 459635451
121466834 443492818
11588877 427505808
174014808 451462832
150484076 449163248
30783662 432583522
366340494 480505276
164521675 453594109
339538311 477241559
152487257 456285587
21347148 440289729
96875888 450746565
235353865 467648279
13243824 442454977
338549153 480461971
70123973 450447993
474467947 496071146
238860993 470764937
38039049 450148396
37997981 451916009
136341566 464414047
108017932 462538769
262559268 478333572
185379370 471649555
417567850 492129396
299430302 482220274
164848900 471961141
92093447 467811870
44660571 464328736
13807216 463032704
59227233 468305549
120219996 473493882
2726905 465508765
8925562 466396211
357631777 490084110
67990489 471316639
75606137 472641754
330491535 488797655
111030401 475541358
202053440 482242853
263848118 485937666
112131645 481430673
243127674 487543949
22773771 479427431
148490706 485868242
155718851 487572628
160223806 488876703
255828385 492856265
249476867 492724984
78969614 489637050
202987250 494425090
49293625 491917941
105443587 492972402
380248708 497923991
92504078 499105704
4298363 498937264
40239334 501669488
98787017 501621701
405336893 501307733
115925942 507811451
146482526 511325243
84064289 513894040
264376411 508802051
102238760 515028877
81718101 516038654
61363030 520073174
266037405 510976271
34425440 522278926
334171482 509261797
207382808 516474822
271733878 513004571
377451174 507654342
111574722 524015183
121334516 523794149
89523952 527424074
146236937 528269863
75917637 533997389
12248558 539550470
150627061 528698325
13802767 542129798
338838798 514596376
131758152 534238215
125836853 535344306
275790158 522406502
78205100 542436713
262040239 526318176
258415009 527929684
124790650 542865968
165545919 538395549
273487253 526420590
297243731 523777556
88829960 551451321
47190222 560165366
98655586 553583113
230519122 536558820
24263513 565746111
78949280 559259559
149828502 550315839
288861168 531564768
190938974 546115771
70823629 563803817
244662381 538689304
90137395 562471750
85953762 566260396
377948464 521931399
170709741 557514651
90693851 571387700
321549839 532183785
269491264 542033543
415649361 516349654
213090533 552435547
269660437 543821667
124249594 570585694
40643946 587113598
86684857 578555972
49837744 585557761
135680245 569888997
220530375 554111517
53691498 585561101
356204243 528850693
16601735 593687631
96855758 579072441
95681365 581505615
120163483 578265128
238386024 558292324
21194764 605579845
82220830 592472331
84146707 592646177
11376117 610839358
313309056 543554256
22882219 608647795
77022865 597590323
423243876 519609531
166371345 580643871
62404155 609434972
312792339 548176754
29347202 618427576
255440062 566044314
215530778 577847292
130300903 601699091
173006992 592072490
174572609 592107112
214771031 583648810
440152076 519570520
129377463 608588220
61274659 630737067
93223827 622937283
25236593 645769471
236003945 584676412
280195255 571024936
232120126 586394995
355671351 548241621
83495441 635845841
204217200 598544466
193724057 602531577
150033708 617476388
277205931 577603004
91076202 640824076
275552913 579037635
87327433 642953103
72829820 649177813
12359647 670198682
28847266 665556518
12969842 672213353
298899427 573068364
233180061 597020270
89180214 648498319
7163611 680164320
293014624 577566865
242328806 596303415
371153605 550040108
132903370 637246533
453131975 520435775
130906665 638922975
53543618 667602652
32690855 675977204
88921802 656090742
52991834 670919844
90121885 657721392
7229206 695076445
80449132 669515239
139723329 646358950
43807409 685002847
43913194 687192051
331203293 571506374
264699339 599472052
290317837 589655200
258587910 603077973
2484630 710543415
336413459 572015137
81075578 681391604
328810680 576549932
2737582 716461984
238831100 617979765
199888757 635879073
182593275 643814683
416898743 540535026
200725554 635976511
27984967 714242669
169834663 653567322
266866812 610311853
431211898 535622237
154222119 663762118
206126178 640663981
133953975 674967315
368058573 566505739
59842334 712509209
17013972 733330688
187279103 653054201
69099772 710210259
322024093 589756601
3588445 745503048
180584583 659607123
125161701 687980593
21735719 739886765
149856661 679354792
18115050 746655141
311629369 599201445
251106735 630847359
244383612 634338846
277193632 617829053
52974579 734277420
239417830 639211312
98432743 712276537
70018012 727040338
70845181 730943630
56657361 738524741
107649214 712336871
375842308 570661626
177848667 676937089
89113319 725130211
81651087 729364353
219342140 655864754
196778595 668714652
169966333 683327614
74475695 736416887
45071214 752832140
220717799 657931214
293840704 619092905
29672436 765703466
50545626 754593565
244249957 646982904
261034624 638173128
207347657 670025354
73540233 747287497
277552314 633644412
195208948 681326693
135400750 716941664
11353215 793281051
288264351 630076788
151173111 713064413
140583963 720740747
196896839 687383538
114555101 737080269
132493002 728646501
94697526 751970271
79474349 761537577
65786962 770154814
155428686 716502015
59346589 776876089
271784865 646658327
138172964 731002331
30626558 801094892
191659757 699919217
289299941 640048911
226903279 680137341
220305297 684782976
179232703 712382413
166252950 723500706
131053154 746737871
123615723 752526536
318700366 624952106
140690433 746452527
81412561 786853128
8727722 838749755
157550553 739188471
287215030 650909727
366808402 596950481
219569862 697929535
66211878 804941413
120401973 767626086
202918981 712091243
201530923 713248213
103252985 782562716
158626225 745561387
135224627 761997792
111146976 780039378
60349145 819806476
110574198 784495736
238816779 695041723
353666957 614071999
239011078 700031637
294113723 659726831
120533916 789393060
261903118 684649997
79884874 821052259
137722463 778815421
233533159 707166457
236599330 705110648
68012400 832429800
239637685 703477479
142986637 776759648
118088076 798930493
101262176 812816500
349259937 622880496
143470142 781859623
305233735 658271877
474035893 527312327
96745393 823445823
245702166 707116527
190270402 751054942
9211509 899297248
285437153 678965699
77804581 848133422
98494566 832057668
405022413 584203363
311988 913676155
80220081 849869179
366239887 616464052
162788897 783592531
332885943 644306979
10007880 909272179
149179335 796371994
22565404 902596626
67787888 865877361
62287486 870514520
160425715 789928447
5148566 923797652
305748950 673274427
96986503 852075419
260218580 713412050
125480089 831049698
279870393 698280772
64649964 887657048
179531593 787701174
68296314 887926655
1364867 953913967
321029349 668879661
20331460 939522856
55037854 909942780
61215069 905575075
268854629 718101105
25881179 940514496
25737886 940774005
254310493 732509600
63608935 907914686
4586984 963212325
409784369 591741352
13492461 963637970
247918867 744565162
158417522 829659835
95737458 894015584
224621885 771488565
34387708 956608449
72011393 920624866
221005366 777358187
467372349 540018672
91622478 906005076
49089652 947915224
129204005 870318028
209093128 792417929
131811052 869362737
409902541 597179551
191180476 812902035
295459850 710795010
335771756 671136811
263392700 743374927
166299782 839785848
460732056 547756535
211521471 795593230
150408165 858522864
23373991 986265660
90064015 919844337
327922255 681522084
341914325 668097523
140315711 873356318
260748093 752046065
244475931 770074560
96667894 923064248
138559488 880666661
81500546 940848404
28310507 996571306
355696140 659006820
87176940 938170672
88225321 937934322
60832999 966951165
426715238 585915000
306287975 712979766
118069087 912450933
60784137 974961601
48362214 991026072
77208820 960974440
390327924 627023827
170557269 862892918
142735354 892964913
150346623 886370836
276162436 751541225
215794870 817338935
148575407 891134564
126678237 915194464
101492888 943782537
396900783 622829288
344640756 680747419
151149545 894403882
300554899 731955946
306977161 725169944
462529980 551790402
139068220 913494517
257680540 781733027
168126122 882234595
130544525 929732779
101290057 963692852
123368408 939974122
316697927 719356867
327297405 707382067
158041851 901226550
209225081 847145259
137245957 931259448
362791747 670306216
148117393 920952515
104759104 971636983
405259017 621011580
165032438 901817036
254694785 797568250
374325275 658410395
113516589 966099578
129983850 947657012
228909856 832153994
113906508 974003530
308545504 741477643
420634165 607270735
294783846 760410882
391081952 645285432
316753992 737111338
134967165 968895446
415892909 616943111
207538959 879791995
318049860 740639281
118372384 992438703
133752230 973777172
241656551 838818069
231805209 854662397
210900821 882393170
353860809 699858290
159486662 951293447
268274909 811059797
339377601 719414127
132555466 987725795
353128708 702334044
329201816 734254743
312710681 757025060
139162585 985206621
262500700 824463335
410447201 630122201
376023571 676325650
405590094 637175627
196765449 915432501
202540071 907856610
210746370 896965380
444934973 585209505
298492327 780969119
332101358 740330288
227094548 884011508
397025054 653732710
167409584 973192247
237320204 879116680
254514627 856363364
201616846 934171091
190867935 950196433
193894853 947525445
230174366 897883371
306373495 790281051
216080581 922194430
170590717 992152608
452218911 582926588
427372545 620002178
256777945 875597992
228507419 918247771
382375653 688882874
343953216 746303869
301822459 810909414
362265982 724129869
303841667 814244358
239145792 913699768
392814217 681177501
391926817 682943777
197605252 987656133
242808747 917248680
194420875 997767542
334473007 776112780
364135400 734230751
292427760 850485511
275409584 883783601
316959799 815718064
218382157 979172437
212877628 989728419
289308193 864502891
418579516 651289239
291592138 867521423
220034945 988613893
276648667 902147608
444082351 613021492
369202932 743818001
423770067 648937313
251232771 953809977
275755115 915419176
412228041 672378814
377722688 740460384
388578243 721164237
309411740 867272248
405570303 695066650
270701825 950065882
255180164 983237506
272902215 950004310
254294684 985592079
335621967 834213064
420135774 673083853
360821969 789684483
367024592 779027643
275982935 958582683
467285756 581990992
423964384 667607758
354967798 805107452
263420326 988689781
314392591 889532588
274758066 975598396
339021367 848853366
393770678 741095303
443494924 637776369
317567108 903568440
366702510 805501071
417823600 695693766
327848146 890772069
323522296 903324558
308430031 939282047
370630370 804267673
324978814 904880938
385641255 772349559
288514238 988834652
420084920 697852813
299088542 971913441
308190035 959395103
309593197 958494631
419003032 708077818
325676943 935710681
338325726 908543790
342452928 904303090
369094078 840371515
410755751 740196942
452010505 639597035
336654361 925103345
389590294 794705467
327715500 949682162
318599552 973281626
341360296 925737701
316785295 991313660
486354715 557680933
420047997 728697635
342747021 929207703
480483979 575069233
360700549 892134526
323851415 993410414
347960406 942081800
352984613 930068661
402687197 793980410
331540772 991569265
354358488 932367613
342438892 965726271
414378012 765522203
396097761 829226316
413909587 778148273
379836731 880467555
425200732 748526917
412817879 785993719
484248914 573399968
345637925 985969209
401298758 820628647
356371719 956426475
425489720 752689136
452875682 670786669
361600932 952786822
367713223 939426592
434664523 731099004
464880584 639994251
471325041 620272615
372706912 938658760
382618863 907875429
416517838 803522906
395338596 877444884
376316388 949516461
372480808 963690901
371587855 970646482
445648749 719599791
388020816 921179357
422927479 800598350
425629391 804487169
409676070 863611739
477411569 618725419
396299154 927157479
390727165 951572423
387823832 963805513
449947189 732140949
404953142 910897900
402612613 920778909
389263125 977846942
449868027 741975665
414295270 890294805
395127436 975484100
428863638 851393297
431671661 849289027
404187963 981021399
493934772 570814791
440910840 824312758
491863244 584098902
424378830 917433660
439916905 859574433
435254610 886200363
451993362 798569627
481872062 646051490
428808823 933802009
428280643 953077318
440532889 895911345
447174406 863655999
447579981 861520038
454616501 828604308
468327343 746925994
478948621 686861048
448934034 880915975
439845216 946236934
487617458 643173867
477381277 722063061
465405957 808428553
459138367 856197111
484960722 671745346
441799069 981955821
453412733 911856773
482880686 696812399
482216607 707574550
450548301 997033023
479652011 758058191
466435194 878296337
455746354 982424643
489186702 689761140
487645185 722901423
477961067 828397616
481166098 796739161
495096719 649842213
469486663 932085373
493648261 668777703
473079664 903292847
475571068 892466742
473566478 919077740
492422968 733456930
487063933 859939949
490887349 822325098
482041415 992085306
492826656 815544024
492495840 822532072
491902027 852381972
487085856 980212055
491160480 910840811
499338106 745790791
496805524 987636261
498584088 919450959
498209529 959588392
504078276 748855292
507458046 581307404
504258825 769260741
500977093 959804703
507563634 606990988
507201315 908515279
507420415 958776303
507612213 928708572
