491442187 778713121
496685212 938617554
496446747 877913725
506079585 962585127
494968929 666979366
510118685 921683904
500132492 708276878
500601499 712741512
521459032 904992329
526205620 912818482
526934989 904279535
498390042 587275926
530069326 848220873
541825789 886112356
493922710 537541000
546236903 889500565
542664880 856167079
545959447 848912123
500014261 562127112
544933225 806388233
575769155 971924457
567057835 891358117
516053354 629412670
576184134 866905610
585801812 884396218
573619967 833192466
615253793 945485140
538663970 663942374
544235544 679102344
517772096 592772355
641083986 990673776
619960157 916282517
521282343 595336155
664226343 988402407
663449116 968887690
614142192 835328075
635932744 886779073
555021288 670795869
580739609 734619395
660151766 923011454
642510637 873726527
602995372 775747475
596822140 737725376
633817376 817825292
681598001 921154906
657014038 867192809
709210752 977234537
605989084 744125131
670342126 875912370
578424821 679625729
651752584 827099429
605201878 731998390
727501486 961915054
712723328 931788348
661422203 829897798
698094933 897444427
694937776 887838457
587476184 682331028
734785353 949647873
662113753 815909059
733174206 943143173
712058706 904054753
761622414 993436086
763555224 996653147
755419864 981033773
575259075 654082188
739993513 949791373
720759548 914666181
705251247 886657369
679136734 836156987
565359575 631898074
774440566 990708780
627036988 734383266
743734154 932393095
613435735 710261293
637206220 749407309
763907013 948386768
750099450 921173090
705926865 843486394
730447626 880517552
608410092 684101393
766944892 921879219
602473176 669652357
776493361 918213080
763977815 886249339
781728795 911072128
739996693 846862217
654381655 727716624
804754624 934794103
719459396 816703890
838483409 975028776
830364130 959179556
723490989 813203100
783985253 880223260
798868163 892265365
785832588 873110008
825923222 921805890
873955184 980141843
771441872 849042314
629870397 669905304
773230006 831612320
641671918 674344672
758438670 807468405
527073969 541283644
562877143 581854761
903598441 967414288
791264799 839438352
693768966 727151887
935473186 993058671
692701918 720831510
675264134 700261853
613220721 632218045
888750507 928202383
920756342 956434608
815511417 843153895
912761264 945344167
946800217 975587066
559445423 570899478
776899825 795750944
722200936 734937024
867761724 876863143
826217095 835281123
906667931 914345257
771147833 777778140
712319767 718630198
742845791 747731834
857577117 857535101
715693810 717232203
988535401 979856850
957167104 948780225
721200472 720719605
795414422 789708078
729647183 724541682
961663505 933341229
919444346 889969129
988703686 950996337
769678469 751955064
906838206 872866757
697215296 683752914
922111837 881974103
875627317 840158831
869325611 831097903
721283414 701303695
978781277 924884799
818972710 782890615
831585839 793707135
753117369 718879352
931038479 863566532
970020192 894589490
956938296 883636965
909533124 843965401
887832931 824272558
697852232 664106210
764405741 713997817
641491643 617246742
997410416 887854555
771738191 701611237
702281922 638655551
948791559 801037523
820918805 715477841
782009210 689592208
867527323 741395692
820132821 710609665
636754227 592542105
855499031 727919550
989966997 809393556
928361192 763256428
977984858 791969745
858372628 714286222
627319170 575136222
611153727 563795417
942136371 740882805
587982035 550299026
886580323 708821240
824572324 672079675
848033042 676277742
663223227 582681508
751491704 622964455
705338370 600223246
886363865 686045817
864728058 670316378
657726631 572776614
882475210 670361748
743975202 606043640
729382374 599624133
939227933 686901824
930901671 682080048
941353630 684876926
928977445 678477582
917889449 673902284
978339455 697375003
869689691 650716011
872381919 648481308
914457962 664033316
631608072 552917782
932476064 670088714
939223191 667620714
736372830 589676804
556303522 521901195
847137355 623342688
993029236 667754450
562926308 522168359
743314672 578756830
876326485 619052567
711545639 564390454
899872092 617091291
802146942 588193707
961806369 626926174
989228793 632023887
701984914 553534814
961993071 620726593
990287064 621711240
909530740 599230651
815754919 558743000
755538446 542508438
807486596 550348869
868372601 559695596
968129547 572873992
953948987 567079163
579550260 510373864
650680367 519997991
810110763 538403740
906741755 545769581
900424841 541185673
941835237 544978293
797045298 523122569
952086524 535944807
771388111 510703930
517526354 498347166
780945061 507735755
977671066 514350434
858165789 509198794
917649385 508898223
552340076 498519278
730271401 492064444
939753461 485912656
854335428 485618161
755704927 486516892
980314146 472483060
760102404 482166443
957910474 469458370
862255129 472078246
783317784 474994059
950900797 460150655
732779206 477070747
887945539 464347956
801711464 469766123
701619056 478416132
874252905 457534258
542957874 491230433
925225249 447352265
927740008 446734282
792399951 458113626
688827821 471221159
704605363 469020442
950367811 426047267
970719190 421731173
933812807 426382216
954608683 414802865
926685916 417390900
879178398 425945310
895626087 419354107
797893730 437606917
828703307 430897741
733032932 447674153
708460802 449531629
848689860 416463055
831846380 417261151
797193880 424539777
911745864 389240176
966947384 373777721
732135608 430541497
863244568 390703872
718231843 431439559
794224599 408744428
958475268 359529151
837188538 392574237
806109289 401790521
867383679 376320895
923787821 354997998
858969003 373067981
829725377 381501999
994658559 325734410
896071610 354353729
708463275 419852079
887553813 355843491
910566877 345305364
712361277 411081958
852771621 356131387
663181104 428835274
965697639 308457169
996810401 295321903
821801550 364257901
787833786 376795803
547469484 472833283
898201748 329748025
972237662 292241343
924181556 311980660
980875720 284160252
609337588 444484711
681234930 411489018
714894783 395945736
976026786 272232127
541267658 472328808
911001086 293945276
836376645 321913743
591822695 443984088
929665962 270985712
879016760 295360138
947458754 256175023
745022979 362086988
931628529 263758412
867912541 295604422
684425041 391132077
902815349 269594477
924274484 256552497
984355730 220507629
980378100 222390476
785946323 328938823
624075739 414354295
767934394 321758204
757520100 325035746
582986108 435535314
978433864 174490972
877882840 238714351
952665212 182420434
889652477 223435998
977664893 160388044
733053715 327578048
882273418 221515440
917641448 190098696
924985302 180720418
963203656 145384244
724134712 312973326
514228127 476612199
582873331 422977959
956803678 127730913
737597369 297169970
914102233 154899824
750760273 283843814
580335488 421981126
658316518 358552193
985189899 88932504
944804880 119216509
642313636 369137883
747869458 281177831
625674891 381866819
872745400 174245106
922801376 131455306
768943503 260196582
771130895 255274511
768060065 257129254
935942279 111637827
870213180 166771024
954774909 91409171
963110091 83667892
841614449 183178058
867345091 152083319
792221424 216089058
998184107 25226315
878237266 132871836
970733381 39040328
811796032 189661388
674855322 318180132
804529825 192361727
919331875 80038888
789687991 203091982
758652482 233151805
952005951 42427224
846812117 141382393
938020298 50858692
877482515 102509880
953815041 15535669
675355874 298068254
664420563 309530123
819189374 136442881
863435511 87380629
781943601 174475065
792984860 161541609
891191231 44623412
897755832 36415501
787600524 158660159
698446531 258366082
777096772 163728895
652047807 305943326
729431522 200227584
762860073 158718359
849244752 51151840
741837692 182024057
773967105 141620076
767312317 149116675
742707266 170131783
651575818 281525179
779635882 111871323
837953096 24366288
786331640 92141196
761726954 117793438
837324995 12928028
807547100 51156464
578406793 370149056
695256678 203756259
813029179 30977553
761197751 100686323
645168162 265392055
560408767 389233416
681375752 205881804
621170542 292080556
651071579 243920724
776099044 48595464
754436685 78737396
644207626 251247384
665074269 212794054
635299806 256637336
520514887 444043117
775183009 19400937
590367251 326479556
641373364 235662172
502479721 472108124
685034510 153371772
743451067 51281881
688474024 142224955
744950206 39490800
596229822 299450983
578481309 329575630
712024783 73601202
592789970 297746901
739330838 15418355
720431546 47568664
643191742 192435654
588069485 299074558
559700900 354049816
632323596 208851829
576905166 312317956
592380630 278676194
579109603 304452513
556025386 350991344
497588994 475833309
679147700 55238498
673026824 61190808
636734976 146084373
598700111 232342491
656038159 79843319
619701779 170106679
654790242 57295029
506155494 448985152
623286776 131562370
611977918 156125852
656398806 28013671
627218318 105960260
616786005 121980792
534683372 354953576
623811483 72737164
611263377 104554992
608480681 104904837
569182969 227895061
539543942 315883788
586051912 138684351
558975984 237167314
534118003 328102523
533266943 329087818
524914582 351512358
585481131 75483264
558379418 165543142
561007679 138525947
498226262 447183838
565140400 115152046
571020266 78256254
542737498 199832702
524003309 295555776
573372438 11101269
518466153 322652514
555703013 90643449
562124649 50281143
512869867 344044540
547066119 106634989
547125933 102286398
536483569 102678252
524812345 188324727
530399487 103044516
521561407 159594211
531593209 19191333
518530539 141480910
499248820 361898669
511272802 194776454
502375930 287643866
502896483 1195628
495168101 198817835
498986906 30302035
494604928 36444108
492217028 86944919
487721181 335198915
484750547 197810795
483714525 116784117
480345737 18185066
480980272 219030361
479952879 256167769
467955169 120193542
457579659 64314203
436382678 22474159
439199260 71541812
451901194 205897670
425856293 13241354
424679104 16650276
436790131 118063110
440900446 157862774
419244725 8685609
417769883 20468843
457514291 310259960
431664281 185825855
438382455 223614671
396331342 3565894
399207367 75531206
376376367 34571727
372486297 33851861
369436309 27584529
363389975 8590897
361796578 12215914
371098257 54609647
405318202 193384266
443873376 340494835
374353042 98798885
347403983 10279849
362908911 65617583
375683300 113672514
420157997 266182323
466132019 423252035
345186019 27444770
438801592 340710802
345087821 56920122
424233845 303851864
372958113 154457470
435045853 342075229
332825223 43922347
359758516 125577091
426177753 331238161
418910366 316434721
367067056 195482730
398030202 272720994
349078828 170637051
292726487 53107089
443155037 396269312
310676095 102415932
274202538 29889660
376319905 255019625
380140091 264508332
428389904 373216587
359513516 235060047
245569059 4285690
265241821 46430677
356619367 233973361
336802811 199824301
380152379 288899876
413060476 352735767
236574981 15221090
347572053 229207845
276236106 95477802
375131773 282918727
389239131 313057023
399879483 333101045
261408518 76283248
246064614 48080301
292351048 141112646
208796199 8063398
324869234 212010550
276618594 130033859
205624731 17646257
201423115 13725516
296065466 175274623
238576918 88497546
423272891 391730735
281178138 162685301
337010850 258965358
335330556 260392460
299979677 205822264
215918943 77776291
191136780 57857051
324794039 256411895
378484687 336087299
414060619 388951266
283667543 208600156
196861505 90395996
201897981 98622306
261992532 183500988
166025537 51144697
151778745 35961146
395825718 370581290
402963933 382388722
118866358 2008709
153679344 52911191
193628284 108604618
118305276 16938733
258646798 199690866
207328639 133608021
198389223 126935598
298861963 256741995
384068632 365342156
150729947 74666051
259494786 212572588
156543492 88937675
85608585 8599479
87025830 14100531
215209315 175078348
137471193 86761820
74140166 13184450
165491530 121359196
92893713 38566966
76727039 21034456
237724677 212511470
201135495 171415238
324735824 312887267
412462900 412683549
351144239 348698547
71470204 47389865
19604215 568154
24734724 10995808
374691254 379358903
174755206 172697850
119570915 116525213
84776936 81578147
200740910 202219505
187591973 190970003
209456795 214879048
158303461 166381913
62272801 72004025
81114867 92170410
287717861 297972489
110643027 126601323
180608923 206616537
41081496 92291946
253081373 288932736
127550858 179845784
369295182 393200827
151449389 206052145
148058485 205181170
85932616 157964329
199866905 260533320
334555699 371090399
155163463 225189162
40307612 133312128
108858251 191482801
94202292 186211807
288821982 346579080
157005268 247998872
67944663 183682193
148067593 253581055
23234844 165563074
297112166 362525255
354213098 403691236
4941614 163448491
413326967 445464345
82698821 220304864
183812892 293976813
28434546 191045037
194633063 302549569
234660452 332903513
133588752 276768984
121891120 271033513
104793324 260525610
163680584 299812116
230897606 350952158
198851585 333090658
74487297 262845461
187505256 326888441
295754072 389100764
57186480 260451779
254900576 369604097
5734888 233960123
21040776 242638833
119790274 296515542
36368949 251636838
11959134 240699648
209178742 347686180
108580423 295850824
84186766 283124260
63219945 273029027
4354595 245031076
174611455 334738323
287466463 393368248
10399160 250603167
380918521 444311390
306460214 414091716
46121362 301009786
187339442 364758896
87246558 321028315
225055370 387162657
65233843 320641618
65940485 322741387
88383799 342861077
27787217 322398440
218561679 399778486
39818230 335460709
127614626 370204656
297663670 431040980
21311135 337861815
70269011 360722612
47449066 355292200
21764098 349294560
149291300 394294133
180793821 407104118
44045902 370555663
222604568 426693229
166940452 415135680
157970989 421243577
5371017 388085098
195294111 435125788
328616896 469601352
206090593 450072869
128426088 437334996
52918560 428935921
283708204 465197410
56556026 430048172
186447990 451419245
185142875 454220395
38649263 434182341
200948532 461008871
246111527 467584081
150395901 461292172
290070048 476306876
196295149 471412493
95584752 464964944
333026349 484535580
55113610 463289625
127259541 469996077
84287149 468162412
101867334 471918061
376061443 489786200
325223578 487031440
145313792 476089829
11144654 469350992
176745953 479290699
351809684 491947823
279200877 490528366
35271132 485418334
198127843 489723322
55907173 487979529
164043785 491977823
189689425 495560818
283559687 497460798
169654644 506015049
88566272 512357310
97578421 515740435
88283740 517359067
107576511 521105560
79945215 524488973
34006502 528016690
192573318 517744758
83563928 527329652
48828186 531412105
183224504 523507756
161648 540871704
272134216 519031007
97413710 536982047
58464352 542168231
187055418 529596067
121247761 539341831
123311080 539490785
173366649 539024933
227464517 536418376
182786240 545417995
62921427 571773982
345844098 524082753
56927288 580272442
59362404 585569706
160336494 565049618
296157157 538991403
148342027 571662319
41033774 595836183
10604232 605017544
47104035 597816111
380352255 521965139
85403052 590710316
452165402 505477305
417569900 514761321
94513640 597322067
255197001 557527855
269751781 556462084
246522444 563001159
24230699 625033447
243942801 565971282
200779271 578997147
199037595 584995528
178556285 593403417
99832406 618634091
79183860 628484192
59663114 635777809
145653103 611523647
138724445 613862429
51763362 645324111
207066935 594324032
2314235 672467413
47052501 656749992
100257535 639121980
226250052 593416259
100742451 640541852
391965817 532822424
61067163 664932209
407307054 528810792
50514920 673687945
148405265 636785804
164570666 631532518
360593684 551892939
25105417 698952035
78201880 681099757
257650931 602854384
337334221 566618247
116790651 668884180
170207907 645520532
91367164 688425494
120566721 674805714
126370512 674218791
399938343 541774392
47335176 728598177
84630913 710607693
140699576 683733844
355673897 569253690
118675394 700945438
83146412 721487600
336056449 581678776
236986177 643839153
206646914 663118504
261435879 631316458
66758595 750394494
319954983 598431149
153090678 699707603
220394105 659382884
161872823 695547399
344734014 584295962
51672284 764455442
57895122 764928532
10518631 805124262
178142032 698328972
287359810 630148022
71129114 776195933
62582944 786959252
179914666 711876794
343896994 598088130
104596340 780386208
403591856 559565809
55943543 820922934
178215889 739434024
359655630 600158430
20038656 874622191
122623299 792584590
394664671 572979750
24497134 875950843
24129765 878292172
57733815 852753742
109438714 811964044
256961758 690787723
112676434 815463814
177383890 762882326
327360046 637182717
368769576 601865365
129350704 814524907
95499236 845866628
223846771 733479260
117768664 833865149
208403183 752144442
49801960 900037326
334347164 640203780
49014363 905958638
362527789 614089847
346477154 631240233
157545289 811818993
195814713 779999076
24731585 946010483
35523878 939789314
248686593 732877477
298091439 684715969
417058508 567441194
13978675 968125295
204998957 778541636
143197528 840002338
179558083 808648314
80017035 915948397
200110458 793974323
27190473 976508127
138343294 863623299
285255043 710085499
178226043 823925017
85142189 924618112
282479106 715323676
448109014 539769189
417993186 573155036
80496395 939776260
180133016 834695585
81621711 942882699
456776845 531548364
257785556 776101707
116773622 952573979
202661258 847358980
92091754 990833012
103204554 979334454
119574167 961562782
158129389 923984287
199171277 878723671
179107731 906197812
178586127 908381735
279583457 777713853
116707680 997682441
250485773 818573543
153805502 951616490
237055098 842102371
393747080 627813739
248204913 836239641
367509458 668966025
284316687 788442764
174754180 949684149
295336608 782859548
183905702 949592152
226802123 897746309
294364284 796355981
323466600 751573914
349436854 715903235
224579213 915486762
324638519 758260221
413048370 620104643
284618478 831676756
287998942 827943114
349773417 726671159
329687085 760942046
261258517 878635214
211778254 963367379
241652694 922941744
305706120 820482889
208345959 993397255
416306364 629903952
437054527 591921636
430346872 606920400
276063231 916409781
288934127 896875487
391602532 691860871
291691451 894386929
388907246 698261721
394457537 689320188
266203002 957009034
362632786 759647475
332103466 824555564
395503087 694381486
334502013 834360818
296000498 925997207
331506944 851922326
365896490 780795888
300675371 935008976
286062743 995037485
395075424 728918778
392154867 737771744
467215428 549601121
291320713 999618057
300646319 977205510
322501127 928393048
314209687 957903174
409609946 708990482
332456593 928715259
323401710 954330155
355974906 870104694
336654063 934750219
354273349 887243192
379701612 814680443
323396651 982987807
447173065 621544385
417016800 722667876
400808323 777273594
385694129 826061296
372981354 897514451
409900887 777080408
364529361 940017340
393899307 844517146
416844064 776845667
464598151 590177169
422973197 765335981
435193476 753501721
440730279 766196947
439694610 774437558
454411747 691051974
430223123 831065187
451390833 714134579
465912897 642572936
422440628 944572034
418896600 981003792
453936130 742503485
456479626 727423887
444997434 814694081
426535994 957712444
430869333 943231452
458716014 734920615
430457841 964611226
451001842 807100118
447839820 866772358
456125047 798473831
441041382 987606318
455669585 892702485
469911952 723804745
469635979 811074749
469063727 843371352
475358943 772925053
484353847 601405269
483775810 772039252
481892127 928831976
485123488 792240452
