511000504 847460626
512100369 922817050
512077412 890545953
510481979 657319798
515583637 884972177
524179244 990848980
526837232 994520367
526618738 944201149
524177270 877902312
519306201 745030786
511583371 557176977
523422956 842482263
530382160 963272039
523037974 784625874
530714690 887480674
532174068 902349848
534051252 933955213
515945419 598598136
536720347 872861471
541716899 893821476
547449367 935393897
541996669 866926159
523736431 659728301
557474142 992573066
534503421 752523631
522365706 627061241
546168072 851815712
543161588 818650119
544318537 800319962
562348899 932648267
527862473 640474675
573615975 982736237
557196115 850244887
574685002 938435906
522662178 589051064
564078933 854209918
582902070 961318409
562628798 804371613
593320268 977210039
542213009 684140862
589852787 934519145
535952849 644536900
566346979 799983388
566334635 788107967
595049725 920288677
607659277 977476757
606841662 966767245
600564490 930517488
602341711 931279765
600207905 899275603
578159199 798059124
589408541 841422447
551462083 676899736
543377809 641047519
556262872 682736606
588243980 806165602
628779341 937589289
552114300 657120172
625897755 925451656
606659978 851291637
544717137 628464302
633123656 942342576
596388804 810032733
543461808 622179731
653062275 974250599
601785272 801451124
630706048 894362288
635847303 910718130
658124092 978961499
661645196 986737660
546817757 617760294
595891550 767094670
567480374 679011102
674550064 996226601
602335154 777940869
670795825 980372651
661923145 940624433
586717138 720967589
675890550 972160771
590482213 727248477
604841540 763581663
676583838 958748788
569785900 660682432
635421926 821645278
591669936 707684775
614309035 763436280
684500742 933213706
683506071 929614730
613550533 756379323
694119563 948572030
703965593 965920325
704407486 963487961
579050195 664210759
646647272 820105644
694043296 921855339
700102029 932403464
567915660 632115628
728866083 984991833
721507708 968383409
746859266 992423002
600954501 688968415
725135404 942429835
602499033 690104178
734363503 954895687
644074969 771944075
703590522 889832543
665923848 814135856
763357485 996206317
685034637 843154642
699588071 867672814
656983121 785384177
683208169 835230696
753747796 970484873
539934344 559133613
709213477 879964279
747656456 951063562
735045508 923746221
707897433 872831427
636472144 738524464
717818318 889323245
737330961 925313467
605367182 679550597
759523485 965433008
716319618 882465456
740827707 925724894
747710368 935487885
706524619 857625076
675637056 799598410
788827143 999961524
691551775 825902570
704368773 848712354
594933088 653227170
715768543 867880403
739125066 908071962
731847027 889630884
794659800 988892725
768080627 943038306
729309521 871933766
588854140 634624029
786658182 957647350
683395154 786261656
774678236 934149110
757699718 903955932
812279482 992236214
615701547 673338043
804067232 978005202
793966696 956829268
728679554 850717508
686219278 780867083
764114790 901780608
773335863 913782524
661665002 738681868
550504186 564727310
660714521 732793042
786819671 925602619
651283777 715635273
738026779 842683545
800449401 931575334
733535986 831028097
638483277 691149489
638245819 690532792
705434202 788000948
741911404 840645210
781879683 898095859
687122950 759935876
772728207 881856859
855496779 999931928
609573124 645510525
603919101 636675848
830078992 956955016
710588061 787116584
789419468 896842945
764149347 860357896
710993738 785102975
679019725 738797137
562605963 575684131
799514026 903574214
522448317 519282943
800526548 903242476
850579646 971955310
620960544 653639740
666422048 715525666
736075412 810519629
805301096 904470939
862273773 980234259
665046538 711200407
767732080 848634873
684191711 734904583
514881309 508504558
877085629 991873677
690298293 741235173
663409377 705398115
886394877 997975576
808215105 889517122
692208658 737307237
878052745 975885813
745875325 803953763
826428834 905381337
641409727 668517097
787827073 853299972
840896971 915807781
780147071 839091514
731490092 777753493
788233486 845677671
778812095 833684643
664990318 693156215
872662624 948354866
589690262 599401864
797983612 853011497
705043813 737311121
663320830 685907386
619903327 633558022
835316171 890521420
885971284 949610830
838516663 891755815
736255257 768829430
877696549 935293147
845769155 896197575
818191401 860293022
857974706 904991206
669317676 686322486
797049073 830452024
842955414 879297904
925871748 969541472
855132389 889494183
870468620 906573396
915412857 955193425
841831078 871329675
640374180 646042648
590441304 590796635
964978083 998055523
832188087 852824418
821478549 840339464
663803951 668206928
835945002 853814232
824483912 839726481
924782605 947067054
720155940 726765430
829703147 843897197
881657064 898719494
782441612 790666877
660329507 660525656
578539887 573880806
953808436 967657949
980225303 986012564
991056476 995376194
737553471 733960954
797525145 793905569
873052733 869808170
794779801 788398750
941250352 935704224
902439607 895865491
962047160 951652318
917302519 906521285
745992832 734598179
692551599 681339709
539878829 531039597
949739490 932146691
984118241 965260145
789768236 775120313
942741968 923458051
972582527 951023433
770785620 754572672
612310310 600702796
922354466 900475295
790181979 772564782
732916237 715814943
713515680 695829189
968956701 937217950
979557347 946090989
680528276 662586504
767727239 742449471
657031621 637151421
978838436 932389096
670692436 648976714
898248772 855498167
991911579 939955627
806336080 771079524
610560557 592731820
789802351 752672714
898426471 849105405
746643518 713255679
974822591 916366213
971546530 912366406
860174680 809272596
678750100 649409169
694565253 663165755
919507776 857127920
832183345 780762828
983502877 909224927
952357904 881283230
985198667 906789200
738284371 691664771
740884022 692760084
927773102 847055412
952394677 867279934
995153377 902527574
684549742 644413978
948577538 859610262
977228861 879768567
921229311 834301901
985149923 885894066
840618982 768563434
843181833 769854569
859657666 782873032
993235642 886244446
974801538 867016083
962487298 853498258
686707682 638217850
907432450 808489563
891951553 795609182
767048272 695546447
877460217 778602651
647748321 605124119
929281690 813853566
945390119 823479532
792950677 710124478
789269100 706426363
790877540 705129667
991948600 850247720
674518039 618816260
901540651 772509856
930553612 790680253
988190852 829388123
931279689 789859534
956720459 805219551
578397450 547323152
738965436 653389334
855740929 729514911
803029934 690421995
661845181 599310038
852697452 721818012
601202378 559944956
634084075 580646373
968642706 794085256
754050012 655809325
924438872 762059294
878419998 732079163
877875968 731019286
798539406 679967902
902279628 743038902
852809099 712514085
938948628 765032462
551025738 526642860
949349879 768890311
938730089 762088026
805563539 680397326
707288810 618792978
613836719 562809847
900486734 730603969
920382738 741448029
828811440 684495341
977828098 768286093
917446400 732864365
896728405 720464780
814448189 673498350
996089131 775724776
907067711 724670329
758528602 639958347
949082498 745630925
870797811 700255533
907829308 718037521
755268322 634789836
764246908 638997580
977554208 753060587
595003253 546938689
814689579 664632062
809461774 661789412
783026728 646694759
629171896 564566674
979329435 749091454
862546332 685989177
913917971 711690118
909437380 706864484
908602178 705573276
996335984 750126383
955723197 728521226
695581755 595315760
652498812 572798905
747577317 618495136
973382896 728496113
684196576 586716076
972504275 720764784
861567221 667898876
931915497 700475573
679037142 580725605
850599231 660626263
748133528 612309481
846776474 657718031
995564086 726378850
854194483 659385099
944528872 692319775
978462022 705689946
870154258 657280456
937066023 685052448
967607603 695977511
994837636 705668155
936928379 679641877
687589519 575196585
720287747 588614986
980825437 695617447
941542356 673395665
940983937 670047589
928805736 665032872
961932029 673062708
840621055 625900480
916936775 651769406
842241517 623131952
799456234 606991528
653663659 549404411
867150255 619872705
970524318 654142387
807641321 599570541
797913964 596285738
924457945 637986108
851284402 611403340
952471904 643327835
857320108 612455058
918723397 632113769
869067308 614282349
908735428 618924677
889216167 612772510
918592641 620854926
812971814 588462603
972184161 632744815
838124304 593626460
998788756 638846354
895003159 605113500
744768335 563885440
816989436 581562874
735661995 559026336
994346929 623511928
588045349 520796014
896502780 597972781
906424844 598477532
976683712 615223886
961777173 611351937
876114721 589945852
785794057 567913572
614638363 526286596
829127403 577034270
856578415 575935624
805605953 564031180
896517116 578067208
976450691 593676160
899674165 578044424
717124203 541853111
770821494 552114563
993455068 592648361
658292603 528553481
992141997 588031526
755379933 543545758
867780066 558280649
626741277 519183815
826441990 549791419
899261648 559155981
970696614 569293199
818233668 546428758
623977927 516547542
952749698 560101980
839198515 540440035
700533413 523397170
780356734 532657082
852474141 541007967
582539383 509210927
877361096 541598935
572295811 507789694
889457274 540829241
883397398 539989040
975282653 549437988
916524845 540019216
724582283 521296318
801110625 528493533
907738827 537095962
885614256 534929952
702497096 517959984
888976445 532854656
744350322 518029889
900708461 527320755
814974273 521237537
796964646 520030969
792046992 518583421
861255572 521341740
907511334 519493679
969962053 521531062
967533956 520535901
816686586 513836413
818747421 513687921
926772613 517442594
708610328 508460999
658626003 506121004
866026027 512979491
945962299 515532814
818701393 510297031
905639316 512872799
708330028 505519023
636445080 503378675
814121545 504539606
730553312 503360400
752628383 501683977
957120699 493032149
961503108 492911294
671576956 497233873
552464654 499908235
977670928 482395412
841162726 487581733
984235161 481520086
886188605 484310664
816134587 486814717
747514318 488107844
779358944 486331388
908581701 474966159
955496095 471009344
912790643 473851981
861733724 476682204
754223539 483896760
947971016 470068137
613739846 493159637
780874203 480166473
761549982 480048179
893971876 466837178
792643728 474507537
673089946 484918756
951465743 456768655
967475326 450973120
660601907 484404767
827426644 463114410
663501700 482476646
906439475 451510755
594937758 489325525
865160133 451230646
759475671 465907663
863351442 451034143
749339574 466801753
922421833 438466476
722008970 468483072
824581791 450610083
931107880 433223688
901264360 436097133
671773437 473557234
707843619 465180016
959747244 419099259
914419734 426339354
968138070 414921735
996099038 409623026
685046968 467587645
997320304 406165345
951977889 414224314
841454023 434442188
865247931 428525506
861759127 427937648
959541096 402233365
777735424 441487071
904028629 412642880
972433377 396310780
854989304 419184633
705027806 454496736
756651329 440513855
763527975 435629055
605973448 475526623
924186142 391653091
769924586 430054609
728833831 441193576
914179861 390426432
935917761 383800371
969751300 374177022
935946954 381362158
990950892 365713368
695550616 447120611
865737617 393807554
992080408 352895923
976475799 357070843
948679297 363276389
693759319 442542647
908378923 371386564
723660528 430810205
922363257 364119407
882753566 376896012
966717840 347996292
954741303 349970183
859397466 381848083
992068336 334699603
841963579 385622953
971613570 338120144
933042925 348343022
915945464 349581952
795795430 393995008
996497348 318711321
986908386 317305502
912734514 345223004
808939229 385157658
893365068 352165972
595266676 467651291
902513959 348093597
779429219 395079536
594591811 467470497
849886906 365974204
638096011 449791513
911284666 340289392
771909609 395651664
672889282 434681541
948997948 320503133
717524044 414418000
937173527 321021578
745384475 398627119
901425896 330842130
808660252 370912422
968347613 299594281
942491515 308970665
978258324 293010032
938641382 309546176
828810469 356649745
609083464 455537179
893721027 322851683
950431220 295418614
695242142 412878930
866772467 329428454
948504525 289934331
630803656 441814266
680138956 417234853
938469529 290334630
811991251 352352305
923955798 295433694
670471485 420616231
945183855 283582978
930814950 290742598
839971475 334056512
781778145 361597040
742328859 381720868
678343967 414005115
821965861 339803756
937707529 278511570
956281148 267441339
815775731 339982074
878630580 306261869
731840990 379576458
943262115 264098759
897760912 288517799
987896959 238202770
774847978 355036642
925875064 271349194
992586203 229104721
584615745 458451275
807719123 331434281
684399676 398796783
846710772 303290616
923219146 257328110
733333954 367487818
932521518 247577466
857907802 292133038
970901405 224076532
760004819 350534726
614032921 437916197
687744090 393431315
728235671 368345670
678028516 397882324
828244826 303825226
865879993 278544143
983908923 201563492
996803788 191763848
733587698 358601878
848813160 284629835
809316422 309491428
950290765 218893436
765360207 336488738
943125408 222101231
657737820 404921601
882932519 257445585
915954565 234597150
825703376 290549719
555404782 470231952
970737823 191818086
739376912 346502522
934866550 214029791
969268985 190449814
795517673 306847154
832648244 278820916
598599316 439342821
994815741 165290297
712730109 360174029
596414094 439938337
969450099 177763092
996958894 154335927
800292493 293703786
817634579 280726920
962063990 173911423
953795381 179419624
758651741 320086178
898551246 213742558
674295862 378152146
944935390 176265112
952895914 167844903
703931720 354559666
945517567 172649652
857504978 234522959
697245948 357032850
847446761 241912031
741173363 323276317
950844531 158490013
824806141 256237781
656148246 386872363
632703144 405031638
966186470 145592000
863563970 218955904
999599151 109206057
988346778 114555608
938173197 153466440
896711570 185212156
932609254 155893433
819533272 241347432
791286260 264872735
827083666 231314820
909793928 159357916
912064215 156750977
981936188 96522567
967012656 107128368
930107147 138206091
859877027 198417642
951822853 119063598
960971106 111089729
574008081 445053126
714500587 323491825
825400890 227101558
802161754 245847608
769569047 273425309
756206826 284552936
903873941 152196710
746114053 291418932
913764644 142883354
796362773 244778823
845591826 199574523
942137520 113036853
859706720 185222140
901998632 145447422
585150528 431853190
845472577 191592748
955195293 87402585
782976624 245212651
809088743 219734563
839355456 190565731
705653303 315485055
896076340 133262933
980546998 52684203
977103640 55665895
918894034 109008774
573300433 439436616
786526789 234123544
810515037 210612197
772986232 246482327
972331352 53605289
996653887 25203429
623307492 387358190
870541700 140852072
847347255 159782153
909363253 91611019
937352441 61465174
634865217 370559146
740991647 259758273
762484400 235837702
984091484 2364484
819721695 174671848
897171884 92799023
834907659 156991798
969622158 12929044
920340364 61158893
934939736 43185491
846263988 136297149
956993588 16372131
718920783 270167240
701662304 288911668
670988521 319587801
680964948 307348901
936331386 19267290
812107003 158885209
831832489 134343852
906878798 47877392
921585707 27772696
826796994 134457579
859711403 95075975
845218097 109776251
868984046 81241267
795272304 165468967
777065294 184309946
895573750 39957469
917755329 11747741
796108740 151923061
809330094 133533774
906354160 14325228
836180628 98110334
907695743 3264174
757517699 187304349
882524871 28706133
768047777 167651314
879835508 21911544
764647117 170539428
761008059 168863820
652655272 309287859
859162565 33206378
769468429 151173205
738639127 189413551
860298774 21638269
691910067 250723018
658137896 295499577
578508796 404818004
757676264 155449416
785560854 112083362
726234160 195146658
786406501 106990129
787662991 102980463
725706589 190780871
790526115 94561632
552212712 438829557
627318268 330016946
847449732 8629837
610561919 353196601
841175667 15495118
711012964 204757736
758736737 129519909
663835518 267648723
636850677 307810802
768965705 106616481
763988702 113285922
714847650 186458738
783477585 81071946
703434466 202331623
774622546 92376872
562008699 419600159
755159392 121544119
731296607 156522153
795423432 56448376
663210401 258758467
731273584 150256974
673877768 240535351
712424712 178716222
797188785 41597080
771094652 82591423
741083834 129780742
533713252 461814486
784387370 56900963
808407006 16226236
710495003 173095024
741836466 121896588
774135243 69171767
794989229 32095529
791338396 33536741
562223165 412874123
598777761 351436503
770359162 61361499
776712667 49927712
549960831 432251408
670594242 227023917
713216291 153144864
755752904 79920835
595543489 353333834
592356090 358133698
740988064 102161691
716927662 142549285
652279081 253506706
695100897 177353833
738528913 99134850
524485016 474207917
711868462 143944244
609349219 324512382
632119550 284121964
757544674 49151647
702537960 144835778
643991755 247009375
769149581 4774234
666920936 193633416
679716915 165381276
755350994 3842580
727674804 56866406
671161661 170352613
644408542 224524251
725230081 56388408
560512782 395332536
747481791 9006915
650567077 206728767
644057521 219835861
614797065 280440331
720780242 57491573
570218695 371053034
591262865 324826733
680465182 131229398
686820232 109334513
639728051 211004496
657422812 170293046
717120355 34456912
637655097 212360189
705093744 54455397
721805930 14997560
669172934 133941675
685868848 94778103
614882600 255333426
649536281 172639767
524641897 464107379
639188037 183506488
635662219 189262183
627783554 207171153
691217640 49363015
676016389 86344663
669191191 97960817
686894864 51497816
662442344 112057476
690267691 40461199
676586616 73232117
550187365 396255552
568085617 349722072
535893589 432190553
611521532 236380791
633322349 177943841
684650913 40424732
673738524 67805164
572769414 332693733
672208615 65731203
682329945 35129059
670015512 67016607
565117196 349873004
553329779 380609149
632833976 162572152
554454031 376752363
655710920 91000464
646486588 112725154
563822246 346144322
660364025 69901070
538642009 417103219
595624440 253589609
569262307 328857312
559557624 356535714
654287892 83690031
602948443 225573136
547548333 388262543
675340021 10748893
664779441 34135071
629415553 139420878
644934304 91698682
611391539 189686785
655967392 53806319
665755776 16057895
568593047 313940127
588207806 249548713
546806247 378219233
624895495 117964791
636903507 69747772
646782042 35003244
609688017 157319397
606595057 161672382
546593311 365146966
585230529 221127270
575436659 254208312
614955671 102413495
573579704 251720344
541892660 373857379
630659627 26255433
622993503 56225253
562046465 292460751
585299145 197939336
608957187 91793283
623548877 13538952
624604203 7944585
582095395 185221938
624093224 1338530
538916868 364338466
566607481 233063617
556646932 273123071
568517372 201864408
566878969 198710989
584250045 86323458
583084715 73636263
583981098 61451804
580953796 58493857
529133516 348928420
565660913 64616578
566123189 49553314
568204123 31919843
535355926 291735627
566585020 39024986
554135117 137738344
550402060 163280711
546752575 186615906
549633570 155546458
565971269 4670632
559289145 57999521
542320207 190955966
555017366 67098353
539016351 206683817
539536934 192769138
539496617 186914712
536467923 213989707
550671909 63821943
545787758 50167713
542941083 66200945
544267211 24936112
538079540 94549730
514315056 410465061
529049921 90836001
513989960 402402472
520683426 234315138
524643506 139247769
513151873 307640669
510719220 418274018
514510382 200699223
516916369 20263470
509574144 479550970
514575643 80386726
510978859 343158885
513091422 48874729
510242584 185391105
509014570 118745591
508322436 43566288
506369184 889371
506524620 130233697
504594325 57651956
504255080 124709576
499550101 91881255
505147430 335671249
495642891 44930941
505867947 389911555
496985246 169894079
488756755 25084650
495592920 187212030
495939455 200027866
492420871 128557881
491574916 126375099
480672644 84072147
476135663 34212510
484661683 165374053
478706806 110757831
488574907 257197781
470198955 48366567
486674687 245122625
486265584 247066403
467120113 75669839
490291169 309774547
478467101 199530646
460899665 33904036
487161145 292231699
461911691 69425418
461951623 76048465
460158679 70980557
462668683 112072365
470153925 186186164
474090114 225019768
480020550 275299786
460121531 130907680
445190380 30659131
503962576 462220027
448015230 73717125
441907540 37871998
489689302 366982058
453400063 121874660
471774004 253724364
453428387 137187045
474618724 277097538
433970258 22295310
462472833 209201866
453037801 151707703
442904548 88822352
430226335 22010836
439950983 88439888
442429066 109044784
473631190 292319939
433298893 71237401
429705785 83627323
436071134 122666927
429890395 96319228
461795433 260333359
444436580 183335875
429047668 121571185
406881925 25482647
429553316 138648063
495318205 439958633
432505060 166329271
419476165 129992401
474400890 357659255
403615755 69378038
405967861 84204708
428996084 186678723
394602350 54233453
404714348 98902111
404451701 99562448
438436712 230545676
422036994 169722307
445275947 263703443
405198863 120162775
373444395 11946242
400447707 112108297
419668730 189416485
407603075 161104089
361614487 22504631
424585419 228838357
378098417 97343542
421980310 239429803
358953689 52976146
343684743 8965282
364209008 75932971
476830393 406379566
355173530 63592465
379381199 134985177
492923614 455443194
356909140 82322343
444341272 322744587
388915158 171881246
329481900 10886336
357088240 87283301
362708589 103784880
388763157 176546234
491262833 453188380
382619101 164870674
320588525 798300
450166696 346599529
320105208 20723890
423589575 284690549
313515930 6813580
327459061 52812559
410126319 257460345
440990478 336621780
397628988 232364547
379471179 191826376
377408422 192569906
319809460 63624495
334784570 105752575
315901052 68678874
329139183 100356418
308919392 57339279
455183522 382192457
289113153 18798592
378728746 217760321
345965225 147194348
302689128 74843492
345249370 165523191
299576498 72943432
441738153 365336694
472848689 428125832
396728385 275898189
438930222 360477465
294684149 72665694
453504468 390669809
387005146 259111549
334872082 156039090
351993675 191959702
393196701 273794988
256073112 9415969
453769212 394835468
248839650 8958694
362797996 224390920
274348189 58633374
385183765 268552964
269275598 56269219
244408519 13898368
378106939 260769874
394793204 294595466
272811388 79777521
306607960 144491524
249052972 46510817
233987111 34188051
325504600 189423710
383614991 287986712
260855358 84014901
337835876 214391256
265234468 97916002
389031236 302781220
273159881 112565321
254888819 84108031
204963175 10300934
210935805 23628005
295963882 164205400
259723782 107070388
433106774 381427793
371346417 286775445
296055358 173521759
275524588 143825742
220421854 62889998
478821885 455091531
390489403 324975213
180926229 17139668
342149888 255008865
234494363 99122779
168113072 2147006
339909828 254156358
225140858 90418795
306000499 209714332
230425550 103053211
320210251 232492189
239301835 119810087
302951780 215621536
301816267 214130478
173894921 40141585
333186555 259303251
299666075 213646480
392663044 343604657
302236251 223242976
325822550 256283861
208650212 100432560
221626044 119843636
243291839 150002774
173096881 58997630
345022182 286050992
134221326 10315644
386050388 339881726
180816095 71988954
272729564 192465519
254243185 168427148
132036518 9391373
319549263 254191809
216040955 123185605
252065886 169746669
388209766 345221869
287455012 218398562
211720883 123288026
279700707 216650241
183919697 98303648
484649877 471118807
238312276 173505778
462085064 444187925
297019714 250695525
165802042 97605148
93124057 12473677
336599687 299424191
424167352 401914950
231837434 182091184
83107693 14863209
104254644 39908445
161517343 107046861
367664585 341888380
197771137 152155583
192459402 147221950
112325035 62473716
209266566 169737091
211529103 172535871
83318797 31687814
182719539 147253181
350915446 329652976
302276791 279014104
152236545 126161794
210405194 187687954
36449194 10919690
217267707 198383615
73814319 52302792
183179673 165479207
269325092 254993123
46655129 27911312
398016680 387412881
202623821 192641901
242887098 234045540
324992880 317080800
215245702 209517984
93289078 92610773
286440792 282479240
63319909 66836869
81006238 93961915
23666407 42545023
282275175 287176008
123094716 139082458
168856253 182495999
215666639 227171763
2643494 31059532
114868546 135268988
32255062 62321190
362709352 366526661
210924448 228594337
367891033 372334123
193478800 217219688
270440272 287879368
77239172 116901793
284854747 301923468
171407303 203591157
160991877 199771742
153629006 194059360
217789226 250448794
373607369 384823288
48064561 108876277
276129445 303634739
127760392 178623860
259521186 290201320
22953596 90825411
302912243 327177661
342049640 360446425
326250666 348846276
96767488 158103939
172687428 221796759
256402612 291966645
156689916 210410203
58457053 129943145
131503171 190155828
17901598 101044689
227456471 271704960
199309942 253021761
162517828 228047553
144252074 214743799
29552454 126781881
87231159 172766489
137197846 212318160
188212086 252172754
47434246 143597949
61568301 155560246
15898383 120882175
192955784 258315540
313292929 351833576
88671373 181308178
241419713 298682251
32800448 142319327
65686214 173219193
2845598 128316810
331513034 370732361
190093440 267428089
219521818 290627175
50057056 171465966
70694555 197777607
253383079 324187006
140146635 246201458
159660081 260084122
37196894 179523191
46204746 186117595
309079001 364909155
90357611 217618681
109862936 233102043
259835378 334669263
50577357 196022535
170363400 276081920
153146912 265693231
201865470 299853321
13331553 177611653
335933429 388234822
269887166 345544624
52310259 206637178
332666580 390263539
275601973 354750754
141446864 272077379
113672437 262180784
147161568 284986524
188455421 309654770
88531224 251061202
42460303 223823864
434906397 457065647
271583909 361186727
83841408 252568087
155940668 294913922
122684693 276078459
117640625 273269485
18817486 217664136
37556258 229844102
204395469 327076110
177208500 313151996
194559390 323453967
97888837 270062543
436900275 460920030
250138086 357693439
290391811 381079280
48161433 249764700
254167048 362194339
150612436 306582273
130288750 296181476
72924895 265421759
291410806 384248591
379521314 432274199
141511573 311079074
59819341 270266903
216384340 350885477
1200354 244268382
336087183 413580308
67489395 278563556
133626317 312189624
203610025 349779982
120017285 308688572
23952354 267594497
241248311 373563768
258921185 382349315
98689000 310147938
62378724 294609219
291215040 400607708
173654992 348990434
107797620 319623048
230573592 375902884
368544380 438214464
278535031 398375392
84776301 312772587
54042574 300652222
421540224 462432035
48169976 300267565
220351535 375233374
203969934 369901860
49646510 304624585
51545295 305688690
55845588 308961023
115091876 335687734
73310456 319182912
284225595 408824632
235252281 389041485
141178983 350707369
229830655 387297651
31240498 307517834
94307531 334867250
180361682 371349483
184826552 373930012
43003713 320253468
2316879 304529452
179415154 373408309
37227945 318656661
15759176 311797439
79113304 336591423
100110815 352084560
244120580 404710995
54491148 337944046
199144433 390744143
77971842 348443574
83596236 353663707
251066729 413410974
16341214 334361534
173134378 388521532
334424232 442833140
199952789 398110168
14382602 336637987
88790269 362416192
240352251 412525884
91198580 364455841
351577889 450351058
284267517 429422951
199024975 403496490
64163853 361142641
122342805 379746332
110957611 381183906
71283003 369812599
328263289 447045800
170214182 401572272
267327069 430227802
293942849 439267780
78463937 383944538
1425078 365315670
95207669 390573681
117420935 397796324
228749670 429413088
95305838 397243422
261141529 438870628
134412653 409276044
84124851 397646795
228249310 433653470
141330593 412857153
200330687 427315632
86648249 402385272
12502478 385635989
404119127 477116296
164255043 425182155
426706624 483062882
67020439 405438483
96916525 412543302
356365778 468560237
32400015 406512352
141901483 428857494
242960216 449145280
289613330 459584303
20586301 411752962
94423930 425672983
73490620 422016731
66225337 430599458
78244821 434059632
33302732 431525152
362890093 480322451
99869442 443491641
99697114 444049185
336233283 477633350
24453225 438006745
173479427 457906370
242055636 466793023
341914835 480170429
110732021 457045732
145600454 463413264
40412071 454354272
24414999 453119756
84747814 459775774
141627754 466286838
250554344 479050243
336061265 486529925
60599519 465507645
15826351 463267027
51523 463252998
7954628 466437452
42197720 469617612
165866599 477953460
236300791 485231468
97953383 477961768
141278034 483226322
82940771 482854761
84798789 483708451
373940126 495714361
141598783 486947831
209564988 489796085
216158847 490612588
450495540 498924476
308290638 495069255
307596903 495139564
149856186 491302216
289304084 495532509
420957276 498807657
51878167 491869058
445028422 499713735
27172898 492444288
45140069 493311257
176224425 495683863
140548723 496007894
16190898 495364338
61156908 502689826
80622200 508950428
290569976 506458637
96891411 512218795
325847528 506367163
176185440 511019401
47147751 518721260
23307215 521836808
17363461 522784353
348228064 508510394
90249880 522530927
362629644 508814753
315360609 511524229
234182385 517949950
112276764 527722908
107359853 531132289
5448068 545515971
155552659 533151702
4818597 547617243
199070435 531512337
170285816 534909015
341178719 518114886
131517745 540306471
256056831 528782710
1523165 564745893
82121456 557446277
82603414 558084284
4050410 568940664
248293512 536375550
317833877 527656368
23435474 574960193
336303765 528339017
162181643 558627514
56026731 577836312
140065108 565390314
60756138 581466895
42219417 587113439
436946632 514642982
8798355 599810556
84029172 585010328
179306131 566793993
133925318 578032697
95837040 590846313
381888464 529150806
258267817 557977034
222083676 568836249
140392667 589209883
247406947 564171400
247727130 564363780
211435409 575176893
9755672 627498604
311432838 551471672
398982135 529342696
430772371 521525758
196494233 583918947
269363172 564684114
479910316 508997275
157148157 597077503
225725117 578627171
174426759 593666996
178014927 594650855
132063079 608169942
6300144 647651951
224260646 584469515
39511757 638584625
30012488 641839218
171538406 600654992
10366785 650150688
118580527 618234261
212020041 590276987
81114098 630103052
242871702 583992463
65340144 640678583
10146327 658104466
221697322 591610536
132820871 619728996
18431608 663998768
18673887 664726890
107494611 638059287
222551975 599566964
141861901 627395253
199131443 607721452
296859729 574902583
35549228 667605987
41359382 665745477
132962250 633968649
259599695 590635070
233334537 602807332
155514808 634051169
76945913 665848700
30279901 685805282
9697201 696205161
171995400 632796315
118676461 656283346
3461376 702857682
84036774 672158950
367879027 559677963
343139610 570270045
93123253 676785690
2267589 718985368
275692365 602728614
265073479 608050996
243656726 617748567
161604466 654018887
330397525 580609086
121151033 676621999
103822367 686864166
376665715 561838480
70086561 703257484
307210792 594102418
124821554 678156055
311906372 592460543
234212865 629239426
87985038 698629410
58830801 715701977
226517407 640004639
33414932 734957549
102036319 701436019
382109714 563871155
149041191 679417893
208062281 651293586
259802830 626636201
199320590 659471984
372464948 571245745
1719986 762053254
396062410 559334151
390429958 563705179
395096490 561340102
423887529 546395512
152134790 692112693
155367762 690916073
48039350 749636029
167811540 685511316
159656624 690654541
135982658 703877880
137380603 703993250
75902292 740710321
66208657 747544691
39003253 763479615
49587618 758348307
107397020 726377795
12269917 779775227
162425676 695719188
337461333 598286895
73220494 748329510
170767823 693803648
176792611 690803991
243346234 653206715
261293249 645880489
235112529 661335710
51133892 769152312
267814202 643193154
237615761 662518722
286806342 634996811
273611386 643565199
93177575 752768389
238189958 665442538
140830007 725625434
200811230 690019261
8327515 809598859
20671441 805426947
383232528 579633130
405005816 566194548
83582443 767702479
410416297 562975004
109635547 752360389
146562196 732544108
24763583 812319637
36428412 809355176
292817563 642322594
138486781 744764705
231522530 684439295
65779601 795401376
390977165 579532536
16846314 828486143
36546209 815510925
34318891 818100036
140305076 747407021
18287331 832663783
95193735 781055570
429638476 555029130
489201964 514784538
157743559 743006226
222469328 698513598
337772335 619891264
28700886 834817698
63180056 812916437
60504872 815033909
304635993 644712450
134979928 765445662
31648333 839955465
221651073 706330860
48110572 831841412
140680121 765448302
116380276 784860096
212879003 715862277
29216245 849543107
165916335 751266380
20713197 858182056
95002009 806535058
19098854 864122634
233354784 707031779
209905086 724683368
258851061 690097066
292104075 665657826
10828143 881938725
58621152 845413656
286463217 671620802
22103939 875904402
159634136 770073508
248952230 702325748
78985681 834658671
8192072 889651335
57211552 853461969
9168101 891324996
64429552 850938606
13733079 892132732
240302473 713901327
351584869 627068543
366875126 615467237
24708245 891947732
152128481 790183078
294311284 675055049
250239023 710858309
117578282 820829459
84792963 848029069
409315654 582854352
194230705 761776174
119718730 824956650
143764298 805819929
148761036 802683259
319682575 659664701
186191916 772701143
39095762 900991425
333466241 651209716
267920868 707891748
356361837 632131421
89786804 864529246
58886445 892564634
63131614 890463712
126770074 835863456
142200346 823656610
496659388 512088339
57372427 900028942
53243787 903813426
90632245 873187882
208589745 769038402
59404445 902632280
384314275 613213639
245432430 741500513
455991198 549603858
133244187 851175897
242665243 749798032
2295525 979722069
233897561 762257448
171444717 822014081
30984406 956083438
92859981 899841525
220289596 780360490
136277823 873621828
240403813 770252183
173941296 836873857
31196425 983293396
324714378 687431209
241187112 773167054
63564175 958658119
66998810 958750027
282880569 736908102
102128998 926160429
158333374 867934797
394952742 621589359
85117074 952101975
67808761 971828989
74696380 964510571
279753338 745914713
98844639 939084873
211213362 820156995
287942024 741153131
429151536 588212445
84358201 964002532
332416713 693818149
289103878 741162213
129928967 915437343
85978045 963547320
65641843 988667195
352559677 674940763
62772439 998207473
93405781 966413837
466360281 549126161
389160842 635999885
313707256 720845104
255321380 786634520
222277227 826994859
294951191 745050608
91638471 977467247
183805706 876084915
128869456 939690144
226887801 826986764
462046153 555526664
95198527 979814773
94588498 982792258
291116202 755669212
228431346 829517557
90214588 992395664
138685476 936316878
170078857 901926068
339054884 703549912
172407360 904034642
318110789 730230010
322668981 726658926
343760269 701218586
249524863 818302056
265544644 798935575
303884733 752075688
353022683 693344617
295751438 765197955
265142743 804369508
341889235 709020992
121646925 983582989
238611493 838330627
455667150 568438397
372983214 673345005
366795210 682975084
177609828 928153527
200985978 898113436
206055348 891875244
342258052 720088197
171189897 952681028
398037075 650432186
358716819 703344454
169671623 966045464
163361917 976992687
378844634 680537354
261640854 842086193
347933102 725152393
319430152 774223297
296160208 812052247
377693449 694453802
198536818 958909735
247562879 888558709
484808643 537378138
245604946 894034808
261012322 873660816
231825039 920106090
437479241 610321763
366545153 720398712
334463582 771638977
446693454 597986554
342475481 761326206
251272057 904440627
442899866 605036239
207351117 975324763
198607594 994074006
219926005 961174864
369461130 725543225
502482490 511970338
221018994 968278878
257289613 910079581
428226289 633720533
233472990 955208649
357884398 755813272
313351517 831184971
283046739 885208554
324325743 820669569
245201287 960557455
284420542 897472745
444568676 615085414
264313204 936257035
239109790 993888999
455885679 598498028
376520114 747101334
245012725 991057839
385854423 731327284
424563491 659887293
307083222 882725583
267348772 957894036
363509032 779899060
363953974 785043641
467463373 585648095
313059036 899156940
382182787 762849705
476806680 568543961
407227665 713959191
285819163 975769522
297483455 952954883
373907160 791604406
301274050 949254190
352087404 840755685
439838161 651726264
353689216 839296915
312103555 930970820
293075333 973362050
289902264 995864363
340003657 883053745
289416285 999167344
292487181 993440045
444332701 649080023
443705890 650559075
437656026 665069336
301739495 977628269
305554521 980247724
401591785 754752499
305261949 985585120
317379838 959392895
420694076 717102363
342349398 914301668
404728701 762622926
380041107 826956460
390090708 802476108
425075809 718459497
405590326 769561705
326234191 985568693
358002533 910511728
381259428 848843723
421944780 742648091
368625113 899833652
410695442 788007897
444114060 693812280
372299829 914788811
412050102 795833698
361159148 953043239
445516209 700754808
367247316 972849570
374166254 951358584
473911065 621600634
402224736 867808153
381980332 954738815
388129702 938485008
402359997 901118572
427562310 809909800
479063920 615465525
446716606 741543052
403235999 918408398
395239709 953099953
397920375 946075992
390366490 981853912
410143171 910490929
413068477 903679463
424268281 858614413
451760359 744767721
435831011 814262479
400806528 991631813
414553822 932364393
468718134 688917538
421582201 909303584
430670588 868079418
448345697 791239790
449705950 786318127
408940398 999179941
419956430 952978459
416871688 971328688
445178790 830304264
477499666 672204238
443804121 863515984
458748151 783621124
436633119 912870187
472023217 735764722
440840470 937338988
463364703 794704730
471074071 751086959
440352492 954797457
489628269 634711340
450499041 923120327
452119610 951374146
490718498 649869035
463867978 877737233
470930647 824372768
477108903 775850986
461973415 925094110
474592044 818431359
478511666 787666833
473471638 842524739
462194878 974387186
502461221 575332694
471283979 921041306
489668189 732051890
485831305 779684984
482762677 817921812
488615536 755706379
476045035 923278829
473803207 959067583
488756188 791091304
478594803 944170878
483168499 903367744
481933070 996333605
496290555 836393130
506137667 590534956
498923768 803339182
499873154 785110148
495221180 926636421
503444335 689068139
500524784 818571080
500947723 807114113
497786333 954909210
506123282 625529686
498340858 988153057
501607191 844676642
501215139 865936349
501756899 963684547
