499867511 932614291
499401861 682014744
500966998 753230903
501633771 809818272
503267548 799611785
505604993 878171316
507994318 955365642
508673914 899331064
502635008 641637659
505241018 722021161
506025625 736695617
507833894 774098092
508909410 805388079
510391576 794228875
522661865 983020540
507973975 667343942
514752198 786644006
521362617 867224643
518701739 809947743
522215846 844935704
521910105 833321794
531564102 950191818
507417505 609100475
531482787 915403227
513771473 686718532
537157439 974567517
514592565 681060400
529744200 848117526
539494374 959031619
532553697 868552432
515786427 671067879
507849971 586937995
513254836 636531304
545047977 947232697
509268479 594061950
538819244 870399027
542071334 890619591
545956659 916077188
544887506 896528783
553901430 972688071
531299959 774451097
555217885 960154698
525156431 710072655
545155875 869780996
530954871 743619549
514285966 613147091
551285729 893099727
515366495 620152407
544454956 837142262
536263660 772720613
554288584 888771109
562318844 938724684
561418819 932240092
550992816 844822935
568767824 961351685
572979177 970609985
562836780 893803619
521669515 636027902
580373749 990951435
581256910 995958941
509673554 560712845
521306475 629014430
557128318 838547910
566728417 893455524
560225169 852820887
564543445 858428249
573938532 908708011
545015363 747849222
572933925 897605355
580142367 933138538
553672926 784025813
553512936 780435941
562839440 827869760
571792560 866669118
574887201 875734164
570418954 850370814
579529793 882682643
590767802 931387985
558720476 776519066
587036698 905998889
585831990 899440086
587267230 903291838
603211151 976503516
581716976 872530409
605817754 968560690
540811620 680480046
609956711 984580125
610315155 986147300
548722569 709165195
612598385 980885803
581491512 847744327
589611239 875930682
605804240 942308749
598999249 913409744
616945389 987007809
525500119 606295091
617895128 972809965
578019750 809328961
607579208 926323101
598238070 883545103
572650196 775668262
576669352 788287117
520863111 578170733
560749289 726988678
517251061 564358123
611736626 913226291
606105587 886668256
509048331 532766021
625070454 954517519
630435176 971294852
618180251 926732746
632352387 973972488
598477571 850010159
580853536 778085480
640486297 980208164
649665870 998329740
638500404 960904136
563667765 704695067
637815777 943179645
575185563 740118339
637988621 934694797
636299033 918330076
641708927 920145092
600443094 794807029
667733693 985321054
598622900 783906669
587019595 750103823
643523251 904514696
547273516 631665683
659858955 946617076
615014871 819432856
639835451 887954637
640983143 890814453
583335642 730057548
671436046 970729604
594209059 758005609
593879930 756108395
610017128 795855894
678706430 963302516
680020150 962947767
669401960 933242072
689228667 979660638
621145594 804419056
677910218 942509463
671806577 925124599
596618919 737615702
610791447 772483789
664256725 904115943
664521838 902172735
516361765 538693382
546838692 613357306
591576172 722830859
701786156 991920406
512632523 529285474
703295744 989916537
516605491 537991647
625873735 795404309
691789699 947979039
702578961 971558026
617185744 771313741
670867541 893559128
625550748 780269970
692495708 925971635
692618983 925198495
606131973 733333625
656986543 843359567
674975747 877806564
675688827 878472745
730192028 993945813
639130538 796934818
700114644 927778993
719016836 967010013
645734917 809678167
571734606 651154806
694608593 912343048
719667795 961771238
697869646 913904224
713293035 945688421
712864476 944284169
613657582 736307322
718392886 953268344
654946341 817747607
684075154 875216927
699401633 906073641
678533992 861956968
709564321 920909369
562244877 623488161
712308731 923610469
742787313 983796793
740415748 975008240
687745776 870438945
708519994 911441070
712684006 912102390
598018831 688363849
702340689 883706878
655668642 793113369
692214358 859246036
728433945 926929593
664652668 805250338
623838287 728704898
649304401 775993043
700856520 871150503
722184597 910133391
748467607 957541571
686520198 841286522
590392491 663661021
609398570 696984904
772881813 984702175
583598394 646880178
573831461 629391844
737228564 919341417
742319930 928052948
724114808 891997102
625623821 718381308
687205076 824315262
505233481 506746694
622225148 706482460
733507216 894536527
724080230 876138735
520485201 532323038
629973680 715858994
711531187 849422523
793424103 984839875
726446668 869502320
796380458 981451984
665926307 766722403
736212094 875877776
636463185 716124053
725463714 857979038
612328933 676139860
804690671 979396005
814211836 993372998
609015818 669077208
716973613 838314994
726854538 852599572
775341362 928384329
821879387 999608405
728593475 852341452
775739572 923512917
719492195 836271498
809145727 970428896
726071815 843372344
645768041 719825853
754147840 883114488
678040270 766910417
579951632 618499913
716791166 822319761
682206765 769868493
642196031 709456843
709825298 809673536
611116204 662745358
789669054 923086612
830413047 982302230
730241121 834846130
831815500 982782758
733476793 838042442
606420687 652226417
685380608 766481680
796027136 924546205
622953684 673999744
675445359 749291410
722519699 815907952
744237576 846824321
683444009 757935116
786377485 903875748
709565558 794414765
656345820 715585465
643389512 697478141
677928859 745540361
789348405 898438116
817350796 936058163
845310749 972694385
543552872 557342364
732048495 815891295
804654018 914311500
795674211 901255685
743573035 829485401
862890112 987133452
720876232 795234387
751012193 832900242
834845791 944703792
752899083 833076638
729413572 801469394
690590448 745508353
718597266 780396920
697383868 752451496
821686636 913006197
888190370 995859231
575825091 593995197
890627106 989046950
684306721 729270144
728254304 782683864
887707210 979526701
704843740 751513552
785853184 850924599
834891580 910949563
892854487 977499728
890787354 970076594
639079419 663956455
583401813 596498023
545655647 551357417
720176076 757963063
906933223 979061223
673041795 701452859
870400930 933482979
758746238 801251256
828199437 880389659
924618453 992432857
887177036 947773763
703371303 732941613
826937713 876133312
632056758 649999375
823729534 870862673
892801969 950320247
752097945 787780655
588513962 599155173
830182092 875068963
888567005 941833147
759035960 793254039
695895242 720904453
732994895 763227605
930903229 988411130
849682365 892610203
735656225 762930064
911744649 960334900
889050602 932666725
937792589 980072535
884216059 920243895
720985845 740449344
823119590 852120263
826529267 855566310
953181184 991728036
806612170 831150473
863971054 890493636
750256690 767358995
650865227 659930911
685611051 696198400
523477150 522298395
769212252 785427299
599665620 603768367
938534129 965158756
892423183 915722261
833284468 852430982
699326425 708817927
900087974 921710913
911401582 932230627
820254991 834495730
617014119 619281535
825718403 834764396
958494535 971624320
583435478 583394138
743711442 748898206
732077750 736347087
696134661 699140024
871550121 879564779
620737008 620926469
600155442 599414222
687318600 687543830
879650444 882023386
686880434 686028141
824522349 824472085
807855876 806964714
957305007 957275527
994303016 993432245
940421194 938103323
822985094 820411471
712591441 709621954
599875353 596570187
637835994 634056311
946642164 939745654
774352332 768879770
693702105 688274335
922221462 913873278
992948549 983684690
584810910 580642412
813817926 806180174
907936107 896109794
704749469 696470278
598019293 592055846
956365383 938209513
681145803 672133992
939361591 921678260
527769438 523812419
834945216 820126694
598130252 591276525
739108840 723706290
903862006 879441995
855767010 833597865
820842116 800219863
920543988 893996915
978091321 948060680
796733810 775795347
744246775 726362167
988060163 954948251
734003619 716469803
972919878 938914659
817971984 790148476
773074704 747612569
651805935 635348820
730137988 706632705
543407569 536329927
874984909 836885617
853342138 813541855
869272564 827651717
834242653 795308176
722726259 695717620
989347083 933193411
753935693 723066919
984490138 926928513
811989503 772997434
519814924 514433364
877961967 829551054
529235257 522596871
785800043 747325729
813689235 770563467
866718323 815638816
898948369 842538746
585788467 571047056
596576251 580117486
727501924 692387099
726738605 690161523
884486456 823034857
848773360 792195538
938092043 867664149
828218145 774585311
740343852 699839977
920794067 852062533
865818646 801418366
912210351 838807521
907988371 832065880
913095898 835761897
924950490 845335803
941606603 858127757
853725068 786048695
900600357 822358012
941869681 853677021
751277904 699055047
924724331 838139135
774667466 717512331
927957243 839505664
677232019 638658940
948237151 853900432
987271237 884155863
668931955 630968274
864637916 786096802
969075800 868804400
788890725 725859494
926645176 833073507
751039928 694567891
942631601 844958236
840421680 763695855
972364527 863342720
613136595 584419894
953836511 846857133
946934680 840876522
813008221 737524959
919947536 819350795
905489563 804732798
634289074 598479876
878322119 783092001
924561316 815294666
616173719 583880277
980065927 854778412
832754548 744431561
883238180 781293509
909936796 800756327
851191176 756755751
633109240 595207399
967194305 837698418
894934642 783352331
713116616 651226319
786252776 703967665
641117052 598264253
865539365 759248986
538440938 524164955
911751658 788545959
887545198 771229494
807080059 712493722
710580395 643959085
986701626 835448951
915687544 784988581
785321023 694477381
853987224 741652355
783858089 692143051
978169469 825451128
951124137 806318617
954493219 808328557
877068062 755083278
554144332 533714844
832205943 722364122
936662262 791945915
856881997 737655596
947558369 797542828
616960128 575242591
909305220 771180982
832787088 719157758
761491271 670596531
827627473 714310545
981029905 812753863
907098838 761372483
872178016 738329633
675658975 610725934
954107544 791427908
982945487 807077242
931257352 773323292
973763992 800101377
983082920 805743471
657595492 597238594
923249027 766207508
774835966 671451461
899675384 750138191
712166921 630990823
966386979 789033901
886469560 737616022
780430466 671284970
610954936 565496463
727603724 636584025
961930032 780129197
768736452 660335912
934851439 761084239
745349747 645712345
653573302 588763263
731772816 635137155
834557344 694587139
852560283 703746830
517690060 506890289
997508425 783417227
737744539 633600815
922783734 739681283
686888778 603939765
990067022 774199060
631317684 570714413
929410536 738693913
995089436 774883204
657019559 584701243
899268095 719636279
634826143 571713977
699462968 606661798
976034886 758196033
759792468 638465931
565875583 532357018
927230568 728275888
994341282 762432280
814952434 665799275
619145811 559622206
735487449 620523609
660544825 581012981
853440083 682385324
974161090 745517940
946300063 728739897
930078557 720240358
729366412 614536440
919912483 712495504
540117757 517026953
789394096 643890181
987270854 744353732
985233424 742731952
996847872 747386897
602683571 548341761
890188980 693125848
954738419 724837424
576342288 534724117
998708065 745306180
980246712 732137684
810488163 648710373
707747085 597566479
873571615 677615183
695094870 590990942
986947471 730634608
799289131 638735272
642258152 563967104
935387174 701858238
787594832 629103097
992738098 723599611
699523029 588288450
998121093 725088021
838415864 651603046
522937542 506989067
856332782 659283412
751896352 611487455
743759374 607218438
907611802 681258051
948161794 699005857
873628530 663474707
944858676 695166027
906237006 677476634
937469932 689973879
843769800 648503454
812446443 634552708
978200833 706214895
992277134 712202418
660463448 566466770
882389128 662721358
804414704 626958657
987761107 705408525
754465359 605356964
959661736 692631033
996748347 708446764
996172163 708074292
994876814 707250642
595405011 537065317
981442256 701074701
759310759 606290374
744078709 598410424
964719327 686809775
822233509 627807149
820382103 626491617
668209054 564253897
967592893 684374585
674666461 566373974
743316112 593757266
848461185 635310309
727486812 586819863
723853513 585280373
865359646 641085109
981657918 686791855
880609951 646633702
769758675 601481962
891933069 648301596
866987521 635760307
693725594 569624413
736753693 585326337
928891960 657123567
838011183 621802902
890206389 640968762
843094212 622061481
852369040 623982277
808427316 607556478
917761784 646878923
715670926 574065846
762285136 590044578
676135320 559201179
868697714 626803811
924876555 646560668
800152958 602435168
884933956 632045994
829391793 610705558
887170459 630368084
816724543 604820418
781794271 592823643
872799531 622976463
779990243 590812056
818129599 603287240
999704570 662126298
789438864 592152672
933103728 638716744
731394449 572348223
554847262 514309010
947039493 641022315
956146273 639282103
725292208 566897655
927198321 628929877
709304421 561188433
889570058 617019304
720387068 564008388
705038523 559153882
819394823 593546246
991348265 645709361
980596871 640876588
827770103 593685936
744506787 568735329
640675919 537469027
782504166 578264714
685177750 549561389
865031664 601084080
993361727 631372121
635728712 533083828
852944579 591810776
703145192 550809104
981305520 624099051
840947980 585114419
888789083 597520821
978993243 619161955
701141525 546758576
757172745 560102006
951601621 607087285
749248431 556824295
976161914 611789790
852687723 581478172
947782484 603847703
838088015 577482762
657714831 533778753
886943782 588106409
775853427 561261410
858838566 579442251
760154678 556145187
798607493 562887644
988990552 604438633
798925694 562003294
665730734 532579986
606943254 519478672
655281824 529774978
945270156 591979442
942064181 589933077
908275768 582143980
762296945 550605038
960467008 590538892
725296676 541651466
814231266 559214803
976021964 590761447
774557309 550126244
785197239 550799647
621798022 519514373
837403904 560491160
802711653 551920337
998658865 587753731
862253201 562636504
946281598 577894120
810944248 552934809
935952366 573285946
810072513 550582902
974854056 578508690
945344013 570291034
971643372 572091104
952041146 566777871
873866377 554416042
972411910 568184877
839918009 547609824
695426347 525498071
908473375 555432068
827659850 542115925
839836668 543814449
896614932 551696129
557480248 504153918
875357906 548006684
549521011 502877861
909500777 549958720
699731169 522056101
988387977 557614095
752785155 526764243
848801851 536743453
813912627 532346207
953632523 547135466
762918992 524826746
900241827 538178313
843104139 532145504
682457002 514618365
850910624 530416021
802920728 523207489
770346500 519275017
831145911 524364581
677508933 510982380
757753850 517592424
872018060 526835448
599194868 502880900
880264958 521857684
922303238 524139619
746079440 512417732
949057053 524888277
920879106 521591358
954663449 520522806
990448738 521051871
911137656 515556756
967915206 518136853
931274604 516046878
950634867 516759706
953121655 512376076
891582766 508871872
769376934 504413956
635958944 500254295
713582706 502469499
765490013 503283639
974310795 508771856
813341456 500334051
547770661 496541688
982066424 500817479
970624877 500015344
974994813 498797022
851912032 496967214
713638783 495762824
947225120 493991774
869662615 493061699
983867756 490536305
953860847 490553264
870052999 489735226
594168543 494151581
940232866 487255394
746474100 490867759
952835825 484233556
826610207 487061447
735661340 488527225
987176625 479270517
944928974 480561940
841717981 483198060
911910579 478796368
856341917 481110596
978687172 475889048
649485463 489383761
863451781 478095316
749943582 482085909
658056055 486936801
922948073 470539930
708993821 483070986
944112834 468074095
947579743 466046055
754045267 478874772
697764203 482577417
816250768 474206655
808727535 472796584
818456417 471909119
781066097 474183499
993519949 457096280
592993128 488591774
918405762 462403464
786651596 471024335
814285307 468025940
673279929 479610136
866077396 460409546
874966288 458733856
871239667 458770933
967366500 447855384
757173590 468221200
996619374 441912298
609169098 483850191
986248452 441276401
925379161 447412333
842240865 456097635
781524994 462748255
941684189 442767220
815727652 456704548
836140582 453228952
950345969 438094321
711071673 465926800
855278217 445353456
708695540 465197166
876074651 438908657
904723779 433593884
977740193 419935335
769529724 451318031
871212801 432741473
882485034 430233783
943719461 419463889
801816087 443707635
808790195 441196493
867125844 430285882
978928004 410064657
814219354 439033950
830530998 435589113
580193991 481148822
940971045 412281043
677790486 460691474
868663148 419628141
599935639 474250350
725279084 445789694
773694310 434842276
650351232 461078970
953321346 390449031
730095013 441453463
860325865 406119596
907070101 390280791
992387644 366811341
704873225 441886139
879108801 394020996
803704180 411589973
991588229 358598040
837304413 400789293
695558490 440189702
748563280 423111156
646759547 452510619
950611755 362963224
980347944 351997662
900994513 373894297
872661422 382177099
997006860 341132547
618815160 458298266
857196701 382297228
578844896 470410703
950961608 350635909
883740895 371590477
833453257 387228497
895959489 366697454
767095056 408529794
648335577 446211481
845331018 379991299
798799574 393156355
839624899 379023137
786129060 396949052
989243916 325996797
704964632 424530204
782988705 397150565
827480542 380630193
680047043 431802955
789842941 391450266
737479308 410025912
901778350 349474774
931283578 338409840
980089329 319389499
983627383 316838004
791085458 387341152
940818551 330698447
869266524 357308214
786982813 387637112
627205188 447731294
848622128 364233214
754313810 399260256
906850824 340990473
519819935 488046817
582376200 463991782
909327488 336903111
885283458 345123360
731082989 405070740
981624094 306703634
912901715 332525716
826120378 366739849
676262563 425643582
563747684 469979381
667134071 427814115
590244583 458762892
863656492 347203177
664873070 428154704
981170949 297804843
763103157 387290553
880223578 337266298
949958119 308057720
873999350 339602063
958173189 303239787
931875847 312751559
703954203 408780837
821184926 358073506
996338752 281861129
728372193 396636715
941098492 304363502
663257572 424771217
814660189 357844558
516004680 488523529
965562367 291089417
688551232 412698182
543403153 476452546
936519543 302763788
967997381 288039270
648644421 429043281
848804471 338751005
614337216 443903334
985194833 275869732
589198600 455080154
994149222 267827929
873779908 322930080
986183742 270452716
517007907 487568385
867286954 324065423
951000525 282700107
966040598 273934460
784133240 360154274
824325217 340107855
814959532 344352888
862546129 321352717
826630584 337919543
593620338 449214301
745464877 372789473
990765572 250122433
958208455 265193541
882076572 302414132
716781815 385709033
818358389 332847565
836827835 322615219
676135876 404522659
963204912 253851137
844380202 314388636
727095010 375793916
977340519 242407688
772368203 349488613
918101829 270467089
728462622 372427198
923381706 266912626
816395774 323595694
988199607 226203201
797768189 330501513
768570503 346437076
876616355 286366031
866174651 291772050
775935404 341642608
989444076 222088454
999395317 213948820
575510412 452621581
988609533 216757029
762328043 344928127
984208294 215608546
906623866 260188566
755237672 347608010
810249257 315018926
783301998 329553269
806154905 315664082
984331005 210707565
804163223 316547544
844583869 292073641
889753571 262669779
754150448 342824040
939368848 228527966
661895071 396840230
964258000 210974917
806398186 307595183
891896806 254182559
659780519 396704893
724797539 356430387
679075890 384313137
963291592 205355554
875860703 257398233
966456073 196226250
830495176 281366848
846326546 269242834
888188613 239685152
725140765 346436859
798770663 297096582
948543401 195825127
918041932 215924914
893361502 229735663
921593793 210292315
693259454 364238477
734762404 335641371
896311474 224819067
610291983 419578426
893633751 225115859
758761783 317060738
897882704 218200842
707614761 350362134
854822445 246797887
984551250 154038155
764198701 309040477
991119530 145383262
702657492 350578370
902596466 207628324
872893899 228242831
588872282 431591366
872438236 225608484
864660880 230580336
861837347 232384361
759649767 305575356
910623689 195231014
835017176 250377098
676906827 365902760
720547927 332656771
839626962 244754979
872054163 220348510
800105973 273393424
864708205 225559724
960090014 150420171
607804891 413956063
818543175 255070261
725761994 324387833
951131273 153760341
986800678 124979878
973462966 133418961
956394109 145196697
998973427 112120956
701774940 339690143
582234197 431577764
700474206 339197471
911395486 173926539
704761441 334904331
995726276 106812176
951523956 137483206
623511665 397284617
862752815 206990756
825268631 236338915
861474522 207376842
802212849 253458057
686408664 345953384
927470364 150273548
707826887 326477624
752526446 288501352
852789766 203510116
891359574 169018142
561600130 443780021
882794929 174783414
929951781 134414361
550127540 452832183
937274326 125064727
826946537 217645848
912476529 144607764
972975120 91493435
915420077 139427588
987806495 74675820
538821671 461625693
678489559 340971461
969006847 90034648
941819331 112985762
957875305 99070806
854061247 188475675
867755593 176246871
650633112 364075826
959663719 94978644
773714723 256732689
725314723 297970084
691130134 327035476
921983615 123301416
777431187 250537378
972549101 77006169
705729200 313035283
907193985 132013844
879541963 156197363
911035530 127641374
842439996 188942262
856164792 174689514
964152874 76776948
709114995 306282151
700674835 313890280
991187070 50959774
856488994 172697674
904096715 128727193
746867071 270682681
782277065 238129976
687649236 323483364
927250722 103546155
700975766 310436772
688328884 321782708
895120313 131064773
651153969 355727213
814530203 204996939
665174523 341986918
963111066 65467161
926051941 97950300
695374763 312714288
912366642 109909354
881810367 137536140
799528776 213820095
843442237 170216942
840156793 171683112
846476504 164701728
781512595 225693190
713317795 290157246
800632395 205493985
914245352 93049169
963772638 42855651
977152393 28604676
670848490 327765581
686364506 312141219
801553180 198991590
964964276 37638403
975504586 27091837
981460385 21046525
731194796 267093814
730975366 267273238
939837284 61216031
718956166 278024334
680741233 315550887
692327491 303751589
942939755 54529033
706917163 288787351
838280191 157161284
594641056 400070871
960982761 31262550
688347575 305468173
685184560 308225594
933864383 55333830
705353355 286246476
626538838 365635114
974794575 9009834
801570801 184085764
619291245 371534244
953928086 24074013
906277281 70282676
716081450 268315537
931671316 42043376
777421502 202965622
673783459 311513862
763823310 215957067
686435107 297648578
936260867 31981653
772716570 205275078
760081286 218473692
717112864 263952827
937598821 27492315
743085407 234835504
832913834 138258844
952937130 9523980
803653098 166978041
786684354 185231699
854129378 110463016
716135816 258449683
644738685 335502595
822803823 138890581
854918038 103419564
827468647 131334546
874407601 78842445
654044113 322920583
808266838 150453099
537409100 452871901
847803961 104695965
876009744 70443580
685531661 284793590
914064813 26046503
742846197 216727079
882707316 54743048
804321446 144294986
765261341 189251134
581963631 400363465
727161012 232416958
862458648 75592960
666216869 301733843
554063253 431911454
696920951 265680855
645761011 323934543
875380900 54030294
853760370 77991268
876585668 49934488
908303392 9002307
779569604 161987426
856057390 70051953
896813783 17806841
861727020 55639589
610128433 360373689
788686018 142250659
666121912 291706747
726425878 217991059
613780935 354985962
876227681 32322511
803308058 121495051
748767091 187407043
611347715 357065479
888117434 14971127
755421506 178513611
888326346 13886253
777560355 150626018
777804252 149213851
835034403 77285984
742850749 191892068
707343765 235017200
866615277 34825190
610378867 355993158
714610164 223683904
750807742 176637225
740038706 189790254
883046530 4735927
724439458 206261514
680289173 262376453
740746918 183823840
818059532 83861004
875700671 4810074
611591664 348087674
753274834 161902424
865038132 9675960
616861408 339324010
859831821 15801234
704668822 221410593
763797636 139122326
847066460 22138477
843421516 26943015
719001938 194122058
736383263 169694320
791858458 92754013
706843539 209601340
678015987 249163838
804112786 73304637
797935701 81575487
629961774 314200312
830534964 32196822
728888857 172940754
818127249 45101020
741957823 152533951
772465935 109194231
707728504 199932180
835309302 18988603
779972361 97268775
702634535 206673718
776855496 101221410
682905383 229938709
715291472 183023194
730381501 156865906
799099241 55873151
758279530 109346249
809514290 27952656
642834797 277117250
800786785 36101643
781433769 65297801
793620790 40936006
682058136 212889677
804923644 15323981
720261596 148217156
666560469 231840694
725653690 133073783
787755594 33486101
717380314 144495207
643267695 260657187
508485626 480428949
717351599 139530880
749214238 85774949
725781884 119858230
636971971 266095491
665712082 216538709
632475205 271923264
714881334 132421345
669754267 207227841
662606722 215809545
596273435 328862432
721664630 106892202
751656237 54021782
724782982 100773991
698004747 147227288
725514559 95857812
744382962 60059111
650338687 226050440
715850520 108515716
633798956 254880020
555041386 395333528
559250296 387745903
669702490 186270543
754908532 25309842
588655743 329945729
757601692 16672098
688221284 144148665
591414087 321622473
708916239 98849959
645835562 217994532
648570918 212804715
681309462 150386212
643477858 221960266
612051983 280995529
643818981 218975932
514302837 466469483
737246058 36663561
672879808 159968579
597035093 305622589
700626065 103192521
612358170 273082049
701699797 96606872
727614764 44272080
732525882 24898605
669893140 151109018
581790418 326282111
718783827 44269150
674155690 134154100
626780439 229940853
556202531 375425745
655736852 165017432
718073529 31823947
524916778 440946292
680164332 108692309
527796107 434183938
719929482 22318454
545608934 395755977
645748845 179315589
649312734 171099812
694215027 72754050
686679394 86973261
637929258 191354772
700716397 53454092
573617527 331626505
653920055 152601611
641450677 178810253
635141043 191578583
685285857 79296517
609758033 246861312
670598581 109860504
714272048 10231073
641616522 170083178
708638696 8932774
683026592 67860289
570396166 329766184
628009039 195646560
673897208 87331982
696769255 31965745
593661839 272469698
678634065 66759241
699581921 15921309
546691755 380949238
618070035 204149071
661733601 96064850
654183690 113573201
566475390 328676552
672523272 62399914
685587394 28149595
545316653 379301662
640503857 133100769
671099738 54268128
686811276 6611199
616591927 189156252
587999204 262266651
679383840 21364111
549589010 362663931
675170822 30574088
678094628 16279868
647707083 96291043
668010848 40143276
581433220 272868556
651297070 82750221
582158982 269478546
663057505 48684961
678127622 7002633
635512521 121617119
658815343 52411958
587201726 250263881
628776539 132158217
556696724 332360899
656354531 49913138
553083357 341192473
582590936 256355831
634703369 102109207
536364720 385607680
643358945 63733386
640415280 71070165
587568558 227934870
658547941 11756985
549727196 338561935
603394431 169058203
550586785 333902090
638559634 56318378
618658030 117725018
651904126 8832171
613393907 125869864
636317996 29098626
591453460 173845842
634432251 20763149
562098779 268904643
626257875 32328495
614078481 74651944
567692873 243088894
597938424 130210924
587714465 164357092
570401650 226516378
567902516 226308917
572314529 206339190
517351014 423067319
593835552 118395420
579592282 174524498
589478303 132117012
607147099 58169005
606673910 53922263
590932984 112839545
570153958 191100705
586430214 115054353
603130125 35463788
575330323 157219477
589526171 82214315
528676612 359073014
599620746 22230101
550840505 245206051
534583105 320603292
576479051 113503254
591621876 34178189
577927709 102049121
552418022 223410566
594001593 9820811
585748683 45826955
581563021 64671957
554896448 203858777
542819825 263140351
587516891 19213996
552924065 202945122
563334374 144244935
527815734 337315666
573346047 82767429
572997979 76160852
552867933 189701001
569204651 92821290
582967718 9926639
560144481 137884955
566789040 83561761
574895774 8995798
571747110 23496853
551868543 150849041
546235856 184024930
559591291 78888381
547644511 148751302
558319350 57838088
563982092 15298638
552573953 88419815
540721920 177327591
522028893 318413878
551248446 90578445
540593016 157578928
536707971 188975234
544844390 108021178
535324108 160150384
512758330 368210932
532476918 177287483
525854581 235852293
501595744 469840041
523321037 255395284
539719949 56463124
524125374 181115935
516213941 277041796
531978001 73962971
520266019 223353624
528212522 86233281
522931297 156136685
513301423 287857334
509876544 335232416
510235875 318792082
522457483 126837805
528527433 20888536
512282713 275510453
515597360 201939740
507007363 348218132
515491199 166906794
515550444 160095815
517640818 106754614
504868372 359220667
518487394 17673491
513984925 123961714
512768549 140011809
511884317 148550381
511912161 109516479
512679792 54914406
512624704 56027348
500388504 448543649
511884265 44067104
508894793 137416339
503086362 342959813
508736654 133055544
509813546 53003784
509408138 30024129
505616208 103182250
501970878 238797553
501648674 181290711
498716524 227843580
498545644 220874786
498466901 314516427
497599685 81708054
495749360 209499148
494549020 150527531
494824923 176882636
496504981 322558140
493990713 149767065
496909071 381484639
491076799 61450926
493886715 224450840
490532369 70192041
489597089 49829380
487969197 13196686
491190772 156927377
488429458 190378779
487046364 156261586
487147848 201474695
481284264 97774440
489127964 293792195
493663089 394413519
487216340 292610389
480234543 189024247
469082028 7459539
470746039 42725616
484873526 282390634
483203280 259352906
484441245 298370340
469580110 96567282
468401404 91409241
472009400 152589443
465733873 108513654
495656873 458750901
484524710 336442017
470215427 181337175
482608894 323673896
485970487 359936434
475471733 251887076
455191593 53242097
477686411 290311680
451919380 90788117
446577298 73586428
437766550 21670423
450049215 128769280
434523344 30813893
491066697 439375963
447324753 132764787
443686008 107195352
454011214 183071824
456196265 198623537
435316252 60214359
450107259 166956992
467152826 285237689
477217034 352434846
451091247 189183602
432250858 76532600
438213540 115778550
461671144 264770997
426062201 49776943
439412412 140032815
426866739 86623053
442049513 173173103
425315997 92561066
425766599 95604870
421600273 72959614
425623849 96420563
444953129 208185437
446769805 225672986
408538170 30305978
430601103 144493011
471870744 358104799
407309034 38268270
404528876 26064423
472677915 368266728
421388604 119011735
428178397 152244001
463895169 328009679
437194652 202854712
433279029 184849036
424181076 144543689
450561644 269199074
434734099 213647415
431421288 201351719
433477310 211353404
415848100 136052019
433174189 221202996
442479275 260535801
420445484 171530484
403416226 115440813
473761128 397772339
372048256 1042539
409643988 147994151
449960172 305710792
435022120 250057191
395782265 99396907
443124901 281577807
416457690 181047458
438143117 267584359
428819648 241512762
387660249 93044698
431618032 255108364
437064231 275607598
446816858 311674768
442353640 298178040
405565780 172931259
357607376 8115026
451248286 332864401
426075910 253921073
461879520 373473295
356760725 27743968
398703955 166333628
423530051 253951174
442567706 317527504
467401852 398228265
400252939 192866343
372019359 109654064
410795425 228055658
456003305 366635729
473226527 419549185
367329147 108065590
345334793 45190304
426575595 284396742
447343023 346185734
400114537 210267193
446396392 344846685
407136958 235971471
386044358 178029218
322404932 2918734
414554062 261513650
387856526 188146012
347835375 77517176
353433432 93366023
374798475 154058827
409948819 253038952
341469724 66476175
379234241 170033026
323115593 17385196
474724228 431095808
454774286 377719017
377317810 170463259
410508630 259426065
380513985 187974939
383242759 195079352
460138573 395406317
402291704 250100706
411628525 274066813
366197305 158907358
341660068 102081632
366554177 168804517
415209864 289073485
329739498 78539636
441277555 353931925
311965129 39981598
318462963 62710926
324033550 80566201
451571326 383911029
390754743 240368214
308980097 49331838
307741209 48278086
285345625 1525873
287576056 7168033
399089853 265210516
315691755 72665503
327747236 101892283
349474793 152592376
306621811 56162478
417358849 311519823
376348691 219170475
438481369 360090899
351784781 166471556
332741758 125763705
402988373 282619470
408168894 294218156
299742517 60339379
327141746 122891027
281795442 30474437
268511363 9233427
419031504 329062687
427797147 347428071
306420274 94722083
319356522 121858858
274793149 33429024
324671405 136866795
448563493 392604266
318254299 125229320
277096023 45798586
398988691 295979657
270618717 40379422
298961707 97876960
252768847 7392457
462439758 423585644
379076026 259660425
295525611 95710636
251081174 13605435
268882012 48746482
275237300 62745583
414314487 332848019
311030773 134386305
296503040 108539954
417708234 340547419
246692525 15214603
263672675 50865341
268971745 61294148
261829707 49952321
345678136 211872557
347836628 216947158
383540480 283134268
261587897 59717285
381833366 281376734
284962363 104597811
265110988 69909606
227419682 1832476
369789756 261058894
462099231 429399270
246767817 41792557
282915154 109024213
392063474 305582115
339418229 212471970
354689880 241268273
382226966 294168554
284555866 125371972
296081342 146661982
270662477 103458074
335008853 215593877
355978002 255191400
334226838 218612637
350418011 246204904
393811769 320328910
465100734 439755854
315897938 194171822
332875377 222304593
443479479 404730352
306122395 179579191
264652628 111750229
217043183 33721211
249604091 88890656
208504633 24492845
408407719 349780515
202262430 19382290
245035072 88142194
321179042 212214258
202058175 25581675
377897725 304394540
319479408 212967150
305783398 191628728
221045752 58143993
190795835 11525225
266234107 130626376
448934554 417784381
295815723 180039643
242855006 103538191
240576839 101285879
305232218 200871482
230910440 87723319
322228669 227917009
187029611 23893924
229594077 88390442
487851392 479231071
326428098 235268506
323978116 232786549
358305714 284436031
179796765 16725394
221074833 80298154
361454080 290323154
430465654 394832795
172168322 17819855
399350755 350532442
175020996 26699109
302206725 212840746
300271050 210617487
334368346 261649549
160429063 14374062
278450310 184064898
323622234 248509887
300073886 215559854
207545705 85102754
173187210 36803822
486113815 477930856
213269346 97166588
225077734 113703493
222167110 113531827
300844800 222317454
195332255 77867734
197283264 82636563
300290213 224603786
149266829 19503388
156655255 30910737
191897914 82160360
327829240 265482356
140755673 13570858
254683873 167317812
282580694 205223853
141620471 18410316
277989269 202403010
204334928 104548196
250070933 169480236
136557965 25251068
357881046 313117485
123240449 11300522
282886422 219824337
142649841 40632452
166018654 72910789
137475249 42983816
250458620 184695068
126032351 29650484
299352562 247341451
131314027 38010710
179739209 98447136
364522548 328704926
280308807 223972555
361755646 326009330
173435811 92997703
343529194 304982751
118304684 29954404
490612869 485803765
108183536 18678141
289178039 239967151
130024111 46880397
167677097 92781793
135351678 56642960
375485772 347113616
157107953 85171708
197122253 133508081
100696300 17827612
422541605 404651997
123432023 49900577
382577630 358000184
242749594 193952997
130165897 61298662
90846831 17083767
77828054 4049466
265934902 224784745
104421452 40399356
147121790 91296544
248906516 208593816
254709902 216530625
121344748 65219216
251612067 214714514
212849964 170799675
244976332 207369420
103050028 46475252
109876853 56302112
468746528 461950818
92551608 41252520
72549264 19071679
161704082 118969237
168933317 127099455
79529244 27401431
340042979 319115636
287281699 261161074
416480280 404511479
374213908 357779900
238857033 208280572
99839874 54674160
211966342 178805338
195149522 161347498
99949766 56759020
214023642 185648270
51542091 8721121
389162081 376479104
348526552 333413895
203566210 177157117
177053964 148851015
174850999 146483608
351858350 338096377
99075256 67666721
147402117 122487421
102686182 75029380
332319748 319482470
401572504 393279350
224450241 209090257
237374140 223252671
129519781 110946705
55660084 34940757
130092935 113408730
113068902 98264202
146361206 134525435
208339949 198603593
295627122 288000114
120981970 109896647
246470458 238194507
137017895 126911095
106093363 96646004
65889131 55802976
435883856 431931257
192406745 184868838
79481652 70402006
52323524 44993869
476812878 473692172
85931465 80104997
211169594 206580993
226604586 222425272
203626524 201874719
148487598 147061306
42751360 42582263
42636780 44470293
256221279 256281320
390296581 388913791
153854533 157242347
164204384 167917746
286068728 287699319
140525126 146873675
182109911 187484497
158087557 164454829
229479683 235106048
66795165 77885132
58030211 71208922
149089474 159347932
175999715 185962481
283867287 289745836
53796735 69883572
169449148 180705094
217669326 226883053
142469191 155041702
217353712 227271421
122440691 136750324
202081984 214355329
114781118 131987186
24357187 46382985
70976645 90805970
349684950 355036711
306290574 314692713
215142552 228932053
63792910 86933053
147254793 165538136
148751333 168592645
56256120 83095875
29980258 59910502
9169858 41617116
99130190 125377998
94745127 121997456
70056596 100877452
55855267 93365820
58913823 98125363
224886470 249504871
65768930 107339812
315020269 331045226
164630840 197095316
238178219 263489342
49236049 95832146
306373425 324869363
355666689 368834072
327120690 343632607
2200231 56684297
253767082 279287504
266319896 290716907
164897499 201798563
68081669 116798017
18674512 73723422
218168119 249265047
420978559 427514102
39447202 94964847
87400792 138513809
94482436 144950996
361515407 377012404
11793776 80445603
16814617 84791831
45492912 110200269
18221808 90417619
80886712 145341325
106713367 167166249
56094665 126428700
113805228 176050667
291491536 324213578
123492696 185850407
26576050 105984707
401544470 415603799
161274342 219713304
8288026 94782369
54744093 136195066
220349630 272103375
129355442 199578625
246880215 294093839
423411851 435688538
75206354 157835717
56212096 144058046
187141914 249131604
54686952 145254258
238930748 294136906
111922011 196287071
122847553 206020281
444534957 454053028
256298586 309249537
38485209 143623043
169417737 244105579
38011824 145315505
70541063 170588646
61962823 164809488
228507695 291241132
12275826 127675131
88402288 186466573
87687356 189248496
160796448 244176542
20473120 141416392
151327539 241168108
410636849 431546405
24175443 150782242
24105260 150854370
31233169 156742270
270536959 331537460
54817072 176812310
111948459 218103608
325774927 371663589
217884896 294968891
13079888 150360412
27905586 160970431
11370720 151042716
126279558 232822292
19446524 160116393
42471984 178915002
32090926 172540560
324102085 375050427
274245880 340611242
203599645 292091687
66880885 198858913
57485503 192950060
122826048 238172667
78834978 208241799
203860109 293910307
82252588 214632033
28730552 180102237
79602547 215415660
158893923 269896692
117822637 243186571
35237145 188738442
94930082 230148695
434978 169825379
157757991 276273754
308532002 373629178
135307294 262495946
128610450 260248325
61363463 220666016
405053262 437077034
95507147 243478335
93852087 242806077
38927555 211207793
59176801 224281841
201494129 312253517
5426205 193390766
104754721 254944838
189773439 307485008
300999920 375865996
124220545 268923557
82658417 246299465
170235872 299445017
384979478 427952338
42148136 225504787
109739922 267594516
201077010 322623878
224980838 336813401
390958549 433373377
186511223 317756344
341496400 406936999
172738442 311794357
178009890 315220287
393284858 436488764
50192652 243320837
73669283 257212345
126964840 288427827
452531447 470287833
285993731 378147376
99644424 277223734
148700674 305404978
177470577 323331272
185360560 328117735
99361395 285545598
337485053 411217897
147529011 312374290
320195253 403057361
238398628 361126933
190073340 336356084
480306242 486512628
147171182 319807135
75741851 285177796
202340562 348352624
96639952 295900084
10413149 253738332
423478291 458580336
115583949 306042067
123552514 310496435
201980847 350519535
15047571 259259442
146244377 324909691
168520750 337494481
161026412 334665652
423091342 460009964
112656542 313734289
218859919 364208629
189337912 351376737
114425146 316699049
179917105 347553104
121601043 321037914
263976916 387097148
59035345 293132525
88802839 310811423
309719313 411454167
316542499 414531811
25887884 285107529
13303684 280754816
2948174 280648399
80388404 315157055
180035786 358230956
126519240 335747123
132229251 339077917
101922678 326500510
48923880 304069662
154183191 349838109
373505682 442852160
250112483 391091349
290497999 408137261
116999274 335838927
360963144 439056241
92258527 328248755
27541685 305382013
3844519 298256165
103726917 340937197
158833373 363232492
165276695 366952160
244962473 398078593
195617326 379502570
52908626 326562426
303646479 422090096
64283428 332621289
351974428 440937686
196350507 383770131
82520990 345213679
168733096 376974192
64809170 341347675
237653398 403391941
253313358 410906533
28420133 333827941
90742272 355621210
80912047 352713721
342216526 442443791
228277118 404861987
332016115 440639578
38410351 346191992
13878941 339008653
359957322 451107127
101617982 374222416
7761378 345634792
42428689 357721821
103693476 376542056
9276535 349819777
192219064 406138909
29445356 359469534
89178807 377201054
12365860 357073770
70542514 375190031
221957546 418868663
106992959 388325220
401223301 469632799
437997985 479614118
432866911 478266267
170704810 408763665
32195422 373062609
212628768 420734303
63962488 382741542
88305839 389462928
259262315 433941708
347363163 457321931
32504336 377263495
9499532 373663273
11327884 380368825
107965081 404520477
147443734 414382922
305357138 451369195
98459512 404570051
132160998 414578250
207131386 432160735
163190936 422860141
277874977 448415973
37829312 397172074
108152137 413040814
242463703 441616803
71173016 405486226
350923532 464959575
59122531 404039102
139414268 421811594
51599814 403820320
34765931 400807164
48879302 404433203
334153797 462670043
50574028 405641319
214269929 443147086
69926996 417215530
36765325 411267484
278557990 455996460
475115929 491728116
209849027 444572010
307093376 461912451
6540103 409178477
75000058 423309167
11743220 412516182
256520620 455637539
244022293 453816865
133609323 438139346
331480097 469685964
213807624 452110583
314446617 467797485
40107459 427750072
59057373 431632329
200922628 452456813
251311523 463307174
256555228 467738857
410714062 485792797
219227007 463876198
33645427 442983623
294814212 473391030
203346301 463836007
15777370 443613599
386886075 484246341
194663094 465145090
132542513 458990280
322460329 478354435
62594795 452701844
187804770 465321360
42765771 452998882
144832941 463861387
115868817 461717559
79348467 461112432
39859797 458659203
129772329 466977778
147146814 468838057
30787898 464358227
269817307 481676241
17600585 466085136
324503260 485253078
118313777 472859115
59744686 472081154
53563959 472250320
62459374 473666656
180486291 481323190
232348324 485298814
269020036 487433925
471696409 494985911
29606669 478642797
156956666 483803993
349702047 490913434
58048662 481346667
17018536 480227463
341758337 490991332
23893140 484433008
205838099 488991765
345923630 492363737
256995672 490902689
20507842 486573137
385724813 494233952
46184291 489449138
230482950 492432839
52817973 490453028
308162884 494412850
86153237 492799605
19327549 497354263
167257338 497552655
77488638 498086910
26751729 502203565
88619145 502278392
55507148 502866157
157317383 503520005
414984060 497950602
387839125 498978966
256938327 503597252
303216160 503088913
130633861 510660235
24806625 515379967
273920650 505441716
38846040 515481214
71438971 514860970
152037940 511513657
123977681 513209383
118822696 513553393
54901320 519004405
17150454 521228505
69398214 518508465
2838513 522372593
21544862 521894807
89106277 518991866
169818484 514472703
389274457 502175641
163464397 515981909
275322123 509821512
160938329 518642579
112808957 522018286
85224673 524025466
194222635 517036672
44018052 529241019
189891624 518920405
137049823 524517462
89472082 529517385
417273871 502963925
37594951 537015092
116594784 530949283
143501252 529071331
58624586 540010378
5134594 553058320
389011234 509098918
415173895 506362338
365872121 512554300
410958945 506947094
89304679 547082028
107707316 546438024
202391547 537012838
341516172 517899452
88087317 556190761
89048002 558011147
287907201 528519246
206195081 541370461
81157355 561830911
131269521 554853171
38051279 572038671
34381061 572673149
265509895 534811306
360741972 519417083
93088829 565841722
140218075 558110694
116994998 562947936
61914674 573029093
62542026 574098000
238928675 543590713
162850080 557894065
254701877 542020773
108964290 569985360
113466891 569238410
234563189 546369460
81777512 577359140
66870244 580267249
174179235 561528919
189666791 559257425
122519891 573643238
27741758 593262281
166292516 565637059
206537476 558528293
58196096 591905228
168958803 568715808
39529470 597354458
411586638 515273615
240985680 552949845
264236181 548500936
2887916 608530399
105790365 585648259
95189621 588110071
112236271 585655533
167159942 573776789
188149858 569326623
127882281 584822666
171793766 574638194
141807046 582519946
331752521 537261926
31013986 611536224
433779728 512335300
91505358 598587425
364181825 530011111
277454466 552582340
403114326 520943481
144850186 588702300
118986872 595592143
331710571 539908266
222548555 568790749
40501842 617375961
192064958 577458652
410840947 519442093
74266001 609776175
205957467 576419205
181367117 585891718
63537706 619543516
370488907 532507176
254342051 565838562
282870019 557908098
86767656 614361158
374983476 532088150
442196925 512630921
137611326 604938441
144512458 603138585
89473461 620870649
90120953 621671231
24244074 644240026
90465024 624124508
26857414 647305664
145717447 610100031
231498892 583029707
177768565 600684962
72362295 636098377
218973265 588287268
138053665 616265681
92429436 631664898
280045612 569157174
192073484 600345643
83827968 640208796
298448698 566443622
127707534 627788873
106566985 635850360
142577676 624578911
150923513 621644677
167552300 615834955
150521059 622896191
15140640 673607797
16836763 673004939
279657112 576807084
87421461 648180683
178089463 614982385
173156321 617892035
168022991 620665693
244302256 592646873
75696515 656796265
342754390 556359766
131474073 640202127
26645451 681709393
398917997 537357514
77782448 675897653
400205040 538327056
266023084 596815927
15397115 707578177
362263542 555823072
166702502 641601836
43944948 696409177
251206696 605364020
98944459 675631669
25646508 709060825
293489777 588762353
267647065 600529185
19272449 714550253
129584636 665113800
156737388 654039803
464806315 511768519
282644504 596702758
142788119 663103174
245368847 616320474
183665272 645720804
137616510 668207379
110330758 681646384
393223753 546645576
138046296 669018503
46509166 713300444
406070195 540850027
253474019 615985540
73252117 704191081
3683492 738365295
8491422 740379560
176841798 656498218
51698793 721279519
164317184 666348210
381204687 556514003
117875669 692051597
211654954 643861969
89632046 706692438
226949566 636172117
207145557 648815393
225570073 639735395
147430127 681143160
141660707 684685726
140025100 686374900
308262846 597247612
388667867 554654522
318200769 592449067
181153795 665590040
82566406 718220748
154182512 680827208
94904774 714047767
85888020 719312801
166375529 675830394
2069504 765177933
234480217 639629265
221056105 647392015
280723058 615801031
47450703 744643790
8090229 766455948
303869643 603950944
1428206 771685597
291653904 611142391
93259748 722753768
106137874 715613398
8144764 772052256
61428353 742717201
159452553 688326496
50341308 751162642
348416789 582839217
93541650 731348331
155074402 696071467
208099882 665938020
249670454 641858000
37858797 766334196
88511709 737107866
90647134 738383112
177754084 687599281
260545548 638677196
81527062 746421571
144585176 708827032
40285645 773191445
169229806 696129857
252211675 645787499
208700081 672722507
440635355 531611181
399794214 556609818
212966695 672048968
46598486 775783258
190864711 687883311
2197004 805512366
369337256 577259631
393309738 562672660
242561136 659045480
214497810 677177601
37557195 791147196
92495543 756862094
61727615 776747223
37598026 793541331
8271864 812953594
59091807 782338913
208076463 689106707
99301553 761406974
288689408 635957744
21304802 816763961
42961514 805304277
113515122 757892517
76915758 785085292
268788601 653744218
39275785 812095156
203302389 699661757
322843690 617466099
171338024 722132021
140357840 746378830
134983165 752784199
47754747 815008912
14982475 838634516
132527916 755685154
134775861 754198547
132149344 757696620
136785471 754811357
49089543 819427638
191084325 719554304
88084057 795124516
129913757 764760550
279610213 656731190
265287341 667474816
192098069 721216680
354739965 601964865
133489774 764606764
58479094 820110602
224712519 697909129
228989413 695101242
98596692 792148811
372992878 589903205
191147470 725803129
390098518 577356299
82760614 808568766
137010612 770270274
37543210 845914197
158600847 755538949
109544232 794634426
40733977 849828062
257350406 682647658
105142319 800262334
251490110 688110570
73538357 831431126
310666738 645209618
222286374 715772760
117874495 800281286
438421048 544340606
230988319 710177457
55683000 852413442
47815916 859901863
134813397 790088870
156203993 773065040
255513416 692909340
50700242 858965212
73527780 841058257
28587962 878929896
241580381 705922705
129731564 798020192
279023480 676134759
433761017 549428055
263919983 688669975
244688865 704750707
39265081 875803051
28024121 885672585
131442384 800317204
57849492 861262145
238890975 712264754
324586075 641943138
354076400 617809859
3436809 915169168
43084453 884992352
16230661 909219710
74370957 862001626
135210384 810397166
85334192 854233941
4714249 926841366
62755244 876501354
379616059 600417779
32033461 909670866
62935598 882979429
353432125 625538909
331918228 645435527
354989470 626907315
191206307 776049117
300614234 677364882
143345176 821616451
73645323 887331565
77089582 885205335
159330771 811309457
28643101 937764500
344695587 641326714
99199488 873577278
300695928 683315237
354458133 632979493
153091049 824728226
81305884 893133005
73024651 902752738
111269747 867810989
203055232 781558256
5868484 971891359
101329052 883001924
432107327 561247942
7601252 975722584
35065014 950988311
70896454 916219421
225025188 765919534
335439007 657697192
32382606 958264805
37158491 954017348
189126899 805027776
219717693 775375931
93800355 901957925
107569495 890289733
25616690 975366031
14636270 987132359
194840412 804896348
14802896 988560632
40006553 965211049
198261548 803940987
379766482 618168172
109139625 896162350
320598956 681106355
166856786 841113606
36198982 977652956
66122215 946751651
266766219 738017770
132265096 881018253
207341039 802268963
216179340 795002860
300240246 706857332
308373791 698752186
137331403 881539129
249394742 762067479
107182769 913762848
41551557 986911046
54402446 973642204
204679117 812838800
69032737 961004099
390221730 614257765
62347821 974261245
191154135 833744204
314524870 699368385
452278159 547548981
135754802 897552037
128519442 905805284
122822950 915962486
180469109 852390425
78534275 966464419
188572537 844655892
69632668 978743764
208807349 822737531
181314693 854931723
122445554 921757648
465946511 533381551
167855800 871217073
321695489 697447435
214922082 820263027
222605657 813041465
74348287 987069042
350506245 667933222
389022746 623866495
68690053 998547408
370465495 646212090
128920650 929389411
222182955 820295229
233776123 808242457
291785796 741954152
95578213 978016206
104421193 970595061
125864780 944972595
301823805 733455743
176030186 885029748
281804292 757866553
252394740 793476776
173834707 888399306
163983038 901003246
275425888 767377076
202124881 856515386
233604522 818339098
326172305 707237712
162157865 911552681
111460995 979698986
199761902 872297341
322164244 718710581
152423212 938982083
422140714 594276960
143137270 955229043
267837531 795730236
305955205 746890354
152460314 949255848
231920628 846466780
260378268 810366526
279303229 785886659
155507978 951840204
152720733 955623747
313474829 742850419
303586629 758200483
340904549 708266809
299294706 767967628
137926819 990902399
169211766 948629400
184720198 928249754
142233312 988036733
278820309 801991646
281529879 799725590
322510721 743538103
245945094 851921384
217812863 893737785
149008885 992177349
394984963 644518077
269645967 824655739
243253513 864259249
251208803 852852733
255239686 847548250
291393363 795845490
210536728 912770573
421710003 607913124
200949460 928486109
162907185 987582764
409966863 626450102
319324957 759530547
183749901 958868567
168974136 982393438
184978721 959707686
193372974 950108813
339874813 734567833
233484876 895474174
286702448 815639773
190667364 960435782
214229745 929380453
191915737 963581329
386801117 667604337
283236318 826537210
425202136 609097659
200601524 955241448
384052588 673332767
369236057 697052474
444059578 581571407
332840264 755357515
304037408 803808240
475512842 533022796
353110410 726564619
280891171 841126090
279880517 843490562
310394513 796566548
267237351 865916143
360213889 718371861
356215933 725643698
309578619 801200592
339726197 754093019
247258851 906904880
308272343 807927919
261085272 885389228
333688043 766728884
230119129 938187432
419623293 626740217
265849865 880265053
212963230 970504217
417566080 632132334
310906804 811900529
295537835 838646586
225128167 957784229
201722962 999124083
404787084 656236863
223969575 968252206
226485341 964862681
224992192 968996027
255423179 917436605
217175142 987879650
271478500 897430494
301438438 844844077
395034963 680351512
379961065 707305599
298448140 852365872
395527962 680313915
427860795 623656521
389586491 693736380
362667172 743389656
399071807 677500194
382190690 709393441
241048167 968666658
438903239 606350177
277931221 903171171
415202944 650779949
260309234 940218935
265176567 932518248
252766155 957910578
317690422 838278691
432155209 622141998
272996529 922994166
372601530 735304209
245134699 977597957
411966162 662383524
300224606 881052310
261758000 957303515
285202415 913314537
298738141 888533332
301590711 885917667
414917695 664268897
339230719 817946694
255765111 994146062
316564935 870321235
370124302 761224281
296413552 915591588
294691442 922105959
341488178 826909273
279596431 958482074
331593532 851621796
269606410 983464133
475131911 546650031
329666830 857505478
408139026 690227428
320095604 881176157
367414080 781105712
456693149 587714053
326628477 870508500
299933051 934726091
311046201 911986731
456465005 591181663
321163288 896356529
365282023 799904920
387818626 748733693
296684864 957285670
338363274 866410995
369584523 796547814
290294475 981972170
327248344 895939880
325593589 900522821
387683803 756444042
326366688 904923178
303802631 959226425
313498239 936673882
433395639 652236456
412825997 703262917
318442975 932602008
354657324 845284375
360162622 832237325
414008195 706363939
332942696 909576709
475764343 553920564
305475657 983791639
424741347 684680505
424997204 686114966
354943854 866429163
304782286 997935781
408093202 732734290
344830011 898595210
401137149 752905008
449897528 625238362
383179864 801456515
346344350 901488194
439577929 654146233
415533068 718279440
315044482 986654041
410315689 732975069
334098108 937652495
357658407 876368198
356453142 879759623
352417646 892246331
352225839 898746196
320026823 991219266
325785283 977843204
370816017 854561912
365645835 871572116
393131303 796453165
414765739 736491199
329678455 980145392
347806996 929810263
428388978 698536407
375930011 855481963
364354659 890060552
468147654 586746418
404905781 774449306
340540939 969832874
359815886 924010150
373686469 886478560
358201492 937730601
364256495 925365470
382823051 875104497
399274796 825446120
396851753 834333409
443604945 679856484
374150161 911756242
370125146 929162087
378476613 906980155
362431723 963285621
355171644 991771151
470891835 592901250
358002110 987968318
388572048 886838051
370766104 953328644
387501154 902820736
366967369 983299386
364641510 993648675
391840022 899191371
392546796 902422454
410119961 837851047
376129116 981518279
398993981 891763420
405783406 867912794
446842488 704432247
411743196 847215244
449525073 695873206
407050769 868065813
386121041 957444677
406401242 877102134
435701887 756880196
389648544 970683568
470716051 618588123
456380972 681638249
451995779 701941763
460505791 666501413
411354094 887521913
398651737 949879087
433701961 796400421
400297143 975054713
441230000 777113764
457949149 699582235
485453310 563460635
406198984 963507102
453651116 728988527
447000773 765603491
467868724 658276368
404353833 990969276
430870254 852718660
448909008 763940568
495955977 511991444
432391868 861252916
427345520 905514390
413406813 987616631
437301637 857311358
433549857 880683601
451258689 785578785
440714402 865013119
440487221 866458992
454883572 775798414
460191905 744706269
440308099 874236157
460192566 749145567
449428423 824709644
452548879 807288381
440446878 890781610
441484370 885119547
485867583 585968363
428764939 993191450
489624069 562550395
446035002 901644504
463703894 777920689
464893093 794338250
445049378 984392386
462697457 840882193
462829270 847428493
474220686 745307790
463308704 857597302
450906634 987012874
469174193 809935082
471060495 838265157
462605365 956569732
485762820 663588976
485414450 679562690
483619982 705446612
481343215 746416735
487722984 669508998
491163023 618569799
479428573 808736792
470391195 959107195
474060376 900855258
487480009 688212537
478818308 878513223
486130940 750134747
484880984 796119986
476357644 998491840
490066937 697719482
485988414 821170812
480963092 952467059
480727627 959031235
490794977 729783790
484957442 976704749
489234931 851184276
491185208 834395660
488108420 985851472
493323755 773138144
493287803 930549473
496780626 733207122
