508471798 944759358
507673292 802731677
507147063 698935043
510218973 999596948
507713622 698115501
514657814 995141305
512943656 877254462
510959509 768214820
510866842 731117187
510123914 698362434
508348730 608118251
517686923 901197676
519203666 947064952
525246815 969073000
514202469 707855835
520028382 792597757
529117544 933333297
525948942 841274203
523068623 790547398
533239496 952168939
532853275 937719465
528719462 823744297
520109164 703190030
539212670 926642665
528881254 791615588
525439977 740561781
538042413 887270870
508505297 540150576
548965190 999517428
516051167 619621974
526987147 730979965
525004826 709857045
537429466 833590734
524053903 695774578
527598035 731440778
518029592 625632938
530093215 733772163
555593120 959540850
537449336 793442343
544320007 848692587
525014251 675593737
548344907 875940005
556784508 946417956
561455059 979596381
554468322 909427401
542145768 781619994
572279275 996591450
540983214 762366627
528556592 671766619
553202602 846998704
565034734 928557395
567075196 938513285
568148251 943816665
545339538 779671262
544913295 766973290
544196245 759339927
573819810 937726907
573305054 929258722
559006002 830502631
576621578 936640075
584632863 974207407
526911197 632423352
517927020 578670682
569524138 879942503
563477069 844053615
538052888 695570001
535024975 676800593
583477754 952223928
567714980 857741018
557926481 800992669
589031798 968193321
540247856 697127514
568922614 854264017
551823094 757088373
531293516 643913568
597126009 992220584
547846942 725843470
586901335 927903892
590367604 945092917
548325734 723815051
599367865 956665872
578117967 853719331
599235140 953127752
581831786 868943036
531723613 630372355
535332541 647221054
543198594 678526764
608800285 978753968
572343363 808528851
543118044 674364494
586834027 869018900
603939499 943328572
535960564 638444487
569989355 784245116
566978266 768473399
571012458 785617561
611958808 953818918
576223203 801498245
551607576 696232119
570803258 774494543
575863029 787827589
549180029 680152134
567249295 751540824
581718613 808251253
582743235 811772931
587781367 827179945
570768764 759723242
631273920 990241365
532230204 607479364
614003652 917188183
618089326 927776595
579601366 782658255
620037003 933008146
608000156 887289713
604328196 870731607
583190487 789532244
602593238 856481632
625582191 935225707
630301939 949022724
638876585 975963156
592847497 812156658
565593003 715839395
630543830 942267319
577142027 755211512
637514930 965319506
618563221 890750594
529080403 585680900
653735541 999046250
599461511 818315777
642317099 957122382
635788951 933332207
641769987 951376001
623408703 879987570
625228378 884207194
619505249 854641971
582474528 738542093
655027650 955468340
615522681 833522545
580544513 729100976
660405313 965396468
576437274 714653084
660575981 961410343
629649352 869199749
655106340 937349376
669531027 973840698
617613959 824203117
629414104 857287719
657003666 928174159
568394876 680954624
625694477 838313550
579810012 710952086
567732369 675432975
659909081 925479337
647070040 888432857
680384629 977700531
662664940 929240665
688344425 994258750
546069373 613944224
587891086 725301603
685309967 984453302
620163952 810417914
659287815 914167284
583404336 712327314
684948036 980162379
672943734 945645630
580879222 702204638
686586275 977333355
606351354 766783787
688080051 977423194
663726823 908503122
623539080 805022463
533341933 576413087
681337571 949932856
679923269 936301569
598547037 735339018
658956234 880528221
697039988 971825091
640864014 835160189
631778304 810424925
706861831 981925905
710305173 986684472
686178673 927390305
658412088 861516309
719420797 998146478
676571979 899369110
527742900 556840439
697023424 944315031
695609554 940203961
622338666 771962287
638798823 807706021
635608755 798558323
565689652 639280870
710992919 960372796
664091194 854990121
692484784 915375559
664315991 853286402
644897570 807217834
733719607 996889473
645094971 800943612
669843200 850301014
635515691 776948950
697201360 904760002
691828768 893374958
695525967 900478556
668068797 842284937
738803924 986267587
629015850 759839538
712519476 929909339
719950432 943597471
723905218 950601390
730353365 963645631
623835367 746294765
593046603 683696358
636583377 772096108
677860680 854524981
604583964 704588667
741434418 978646793
599983480 693966127
674647790 842595930
564247064 622620413
666393397 825422400
735985040 963027312
713564492 916976601
747608134 983245231
692494344 873671537
752288608 989173273
719308128 921933507
761065715 995482769
713525526 903359306
531081669 554627570
757643616 985995345
600868746 686396996
575899722 637968894
748186350 961194136
578701273 642508394
660295811 794793748
722639034 909399067
651040924 776173990
678102542 824876320
713954844 890614783
622185479 719920518
735044666 924516849
586746057 653893364
699285230 856975308
730752720 909700605
632712343 733790608
779983743 993152017
777371688 988247219
698977300 848578085
772984841 977188252
768773766 967889825
725155509 889708195
770933402 966584549
528385422 545165634
522928822 535568144
710724177 855335140
743888574 911621896
620562056 701682369
697500182 827565384
645999525 740694139
652397881 748195709
787112457 967042163
772182485 940452662
557897782 591117530
789465610 964788621
788906689 963806113
756952807 911684461
679359070 784902592
656182122 746647446
800999260 977926926
768559696 925528162
797803689 972120281
795188226 965690807
655238021 740547732
658741596 745532557
797252115 961969052
633227146 705304476
772986125 922613411
537920122 556383496
785042380 940671465
741721587 872910491
631634600 701807897
723256449 843455643
570648459 606450450
712917643 825998444
786178687 938659829
787379429 939991116
769961378 912804920
810755150 974219802
755810823 889266853
777857833 921367572
699831738 802094685
740995990 863960997
822646618 987725439
743478063 865822868
763484532 893965973
834434157 999253621
720900639 826578947
680554068 766021877
672393868 753622923
819367435 968639346
673817484 753770500
813278127 957917605
594767395 636780717
678920910 759250263
713077042 808180000
728046125 829201600
681577291 761684173
776419547 898946731
666893412 739770318
802682354 936359121
645428531 708084244
724011441 821420591
708378911 798420600
789409023 914938495
801401302 929519969
743256712 842892367
848429575 990583753
740643270 838110465
767877396 875915119
822029793 950435818
841369029 976532249
660313027 720466876
714672705 795610638
824327584 944891187
727068620 809812078
755063997 847860064
759073529 849536107
820042813 930269518
860055685 982271622
822666009 931282055
699169787 763882271
780220303 871092815
625406418 664729528
775595995 861568755
780881533 866964480
870284998 983872241
882946145 999987807
789430140 874325378
814568459 905222932
886533630 996479294
719913377 780241699
717877588 777564501
813259386 899487859
703444888 758741630
867575426 968344544
868706282 967769844
795623630 874196847
641789558 678516675
714584786 770313059
851154814 942699550
566267837 582367188
816125733 894979614
830928856 913402504
740333528 799656880
738300224 796765922
895191111 992719831
759894969 822669356
843458662 924646795
584368968 602558748
571513622 586126653
872422768 947617629
769136317 822459771
828764463 893878949
733362256 779276624
881666519 956955487
861793313 932752919
773012036 824974441
621560478 643593960
893089860 964040351
883334146 950949157
902861944 973269178
885176187 950873612
662075209 686799252
932451170 997999558
664461166 688800805
932346323 995861556
711131201 741734407
649849279 671244280
659189891 681739688
732848440 765985678
874386713 926991301
856380355 906178478
918434981 976389406
651424416 671994049
908862371 964559666
834982275 879765440
787823901 824577885
841147878 881623803
873779861 917920618
752555888 781674089
927675208 976736520
860007448 900602452
941316594 990598589
754461960 781578717
864619204 903532260
573822895 581481912
804238113 834437218
677405322 694861324
919159139 959779643
776044588 802222538
818600456 848776738
597686211 606320011
958525436 997807437
626098082 636074226
791551799 814363042
563213040 567992386
900515490 930907073
951304071 985152077
952504665 981780007
936287521 962879257
946479981 973307674
932569589 958316409
850012692 870526347
949209654 975370981
822713614 840254882
959263650 983446206
867657519 886092705
870763693 887083479
615339316 620371055
760980641 771772675
871680132 886385639
919169652 935536804
743614198 752699279
885544243 899558823
689951651 696770568
720985197 728630649
593214792 596383854
826618855 836889677
929410577 941063558
936423725 948121655
916095721 926463866
715935838 721023303
971308432 981829120
948683788 958410997
897332158 905086824
929169817 935688558
577028932 578388256
754808997 758603726
756395370 759684507
918802066 921509935
815642254 817503335
827128734 827707676
666961170 666722789
799391305 798405023
902600172 900280034
883227201 880583576
727884815 726388553
831840559 829357923
792012238 789012932
529538143 529588344
888123495 882068152
983792152 972028511
620338575 617727737
822754305 814151932
992298867 977454335
995840174 980831420
603312125 600543914
821718586 811886793
809724552 800052605
783027908 773894135
884648639 871041957
839845352 827717300
722047965 713473750
864030668 849229343
955729843 935625596
955941169 934485536
872227393 853791526
882466202 862727757
659247143 650576853
911366702 887150640
950412437 923522149
921790683 896254686
662721658 652808502
848572401 825825457
799592770 779303033
752379571 735021406
948156667 915826266
816620265 793348814
768567542 748915409
914082389 882357104
638029498 627974624
873236034 844548103
808499273 784463510
778303823 756224599
839225761 810767802
688460427 672347831
910698144 874020926
735349102 714336359
801881991 771988705
554233649 549361170
693478397 673221162
734679204 709770912
990779398 937140760
774971081 744410544
908250913 861165871
974055009 919139843
961930472 906779102
991718333 932170372
743135499 714009860
947288623 891369911
983628223 922834593
936621905 881371110
801241411 762037264
877442303 827243460
937183933 875483296
831348837 784754233
709326215 679848373
764150208 726353782
902298687 843572386
870005784 815866159
871149790 815791057
740480054 704892144
602802296 588126873
803767755 757402692
849516749 795817535
913529318 848512543
962586509 889038057
906497567 840951813
883410348 821194066
830846744 777037834
841158127 783517900
940488105 865590923
887330477 821568554
923901477 851436798
955771752 877521327
954086663 874180906
906892389 834305657
984189461 897023008
901000597 828315502
848931329 784732080
881437869 810963295
919735997 841949312
609225528 589763206
746374463 700330903
848986111 781988060
918533123 836064826
911257344 830098149
927014123 841792104
663246005 631376198
894764400 814516922
781798931 724787096
603853488 583276542
990910138 885460504
803945459 739086805
687281766 647877198
907388816 819553000
967008320 866047504
819580343 750561548
856607429 777181153
749098919 694106868
779451724 716659601
880477212 794375451
633663595 603879277
623292008 595929694
897526609 804733338
604257623 581142303
740991376 684497031
955968415 846378566
795878126 724332917
824995303 746061727
918383882 816193236
982557857 862882670
786762104 716007941
844757744 757537557
765804085 698953923
847940375 759141455
718986675 663405671
887343098 787607440
896412038 793304861
644518169 607867510
679773493 632763745
889786784 785441620
898451296 791015762
883459859 775604507
718258149 657696034
887463929 777292537
870277040 765031456
587596520 564073874
974053319 837180187
896230898 782065911
875149393 766011044
986733601 843374189
847400660 744270316
642184123 601055928
955351483 818872350
754079537 678609923
810050477 716929582
717056744 652339654
742315360 668433451
814906842 718003609
793641786 703018214
627325314 589004584
982487596 830003249
620782055 584094780
802513309 706032391
995543853 834353423
766646490 680380439
932527962 791172489
882369455 757010766
818843455 714537358
917577113 778649382
753121121 669782719
972842818 814940960
793682970 696441350
768197003 678816997
744455037 662529418
867461123 741837668
896561001 756674997
535333225 524972326
961427991 796729639
694837060 625347825
951724347 787293290
819198405 702381534
825346683 706052495
945468149 780490286
886021583 741849020
868251750 730281384
876106626 734294358
715358040 634751408
832264046 706095365
925532021 763026524
665696253 603451596
818358075 695880160
772212199 667517912
987980859 797669124
726757872 638706167
879346207 729530425
665909174 601322302
741402055 645590710
613861720 569983407
716989315 630912611
813688378 686370738
744460387 645493107
937470261 757133656
835730989 696953164
824249028 689060009
626912338 574997677
754037229 647292648
718063989 626632478
785324144 664828963
949055853 757711222
722228910 627853481
869691957 710380417
916038760 735960176
791585825 664973480
973655635 766001860
522859247 515487678
828323544 684150083
660635882 591401550
916538514 729847398
840401209 688114841
884666356 711914536
589977385 551656553
940912947 741831079
706144625 614540291
742688132 633143489
874258262 703267538
940431445 738372132
762532540 643036244
879493985 705204128
568622396 539361393
803027580 663220473
829505632 676398655
959174942 744132889
772341345 645927310
963518430 743225727
644740895 577421325
767166853 640129940
859607806 686085025
937036776 718760467
929924713 714884854
890871129 695644459
876077769 687619571
681734884 591762229
704513746 602052371
797852305 646471304
679910594 589493999
900040126 694682927
854234329 672004393
923903567 701427827
981768692 727195807
624736634 561275068
733344207 611134089
926824449 700485473
830134864 654325386
945966324 706562633
708268406 597847275
928921650 697905569
933521865 696709590
922196737 691206057
656993591 572893100
981860886 714201805
990897449 717709066
737685313 606749306
907126567 680305165
895353453 674700744
992965779 716971431
989394229 715110984
932786940 690595065
920297123 684113762
796397609 630597376
917283881 682052858
974736874 705896657
910254123 678398681
965545563 701327701
989697770 711282728
815932949 636910108
841594153 647611019
743526998 605825110
809326962 633413577
930069726 684026076
606964633 548248562
802085676 629086055
714322647 592554641
734323477 600445721
826356570 637639901
971424658 694409821
796016415 623360589
625238861 554062687
791317463 620795093
891046377 660811618
688422503 578935111
886836883 656167926
730834031 594499729
951976124 681220605
900268460 660854908
841112556 636798889
874537509 649549947
750967801 599347145
833530686 630423392
724519011 588865791
960309656 677548126
934691901 667500026
530999258 515462705
769917550 604983672
791825017 612901714
945812953 670348869
923605466 660943998
902890198 652905769
911899032 655474028
970653905 676943783
964965913 673109325
900719654 648963113
963858023 668719279
797428791 608078892
938015473 657112729
886942616 637830462
814541030 611148533
996812218 672618831
842669806 619007426
922600495 644477250
821213534 609674859
901525011 635919401
907621661 637246235
873340060 626034402
790841931 598926582
714132575 573864962
858347030 620266553
636066332 547796949
818801428 606346823
776482930 592417492
824256103 607115404
958115992 647725447
769720238 588042115
963992768 642824728
825010327 600251633
942350424 633621962
939792347 631370836
951795529 634088317
896218593 616251020
821457786 594098368
861981506 605182931
942035087 625412649
613813262 535496962
780206301 580419786
722303782 564147739
919510444 614860526
859964558 598470353
651058600 543597305
782527685 576002129
754583462 568801404
650537858 542230038
924696327 609981643
928517583 610880563
718412811 558673399
781640986 573993972
979005338 620721659
944196402 610407235
877692638 594226144
575863321 522328169
748439432 560984516
869321758 588289163
713800662 553027612
839141535 580042005
757053321 561422487
698114593 547834267
841414642 577849792
624825934 531313654
874719172 584517128
660528422 538604249
594026556 524535271
702335898 547171386
938978700 595886255
803668695 566426453
971268098 600441051
620691661 528950370
583512256 521285569
808270072 565002480
998046486 601464588
763334364 555731599
888808366 579544862
897123866 580556904
782600656 558127434
981575999 595462294
929846626 585042469
898807218 577159635
741021017 548429569
955179594 586278438
640539028 529593638
732073732 544328565
685114966 536071723
709220526 540085436
950080938 580265512
800447352 554997054
993255556 586054165
979974614 583499931
912026918 572040479
894063726 568248303
652281798 528760663
664782252 530631474
688235380 534258480
896056645 565206949
590602795 517967963
683822433 531027746
883356241 558092660
822113443 546199660
903620581 555521151
809745762 543631930
648007360 523034129
857980938 548035422
883876061 548454684
902668275 550408015
666392541 523787888
711138227 528180655
794400109 536741434
854858029 542999954
899985128 547014899
607687471 516153008
869711726 541541830
885231098 542394239
912689062 540454395
658232238 518777004
948620370 542019872
819764320 530411436
824819693 530443700
682383946 519336819
988059944 535691593
776166771 522164760
989852347 532119747
851070663 524276570
712365342 516622554
735141764 517775978
624309968 511973780
742059937 517436536
657852116 513280696
758909651 517192728
721334460 515393162
973740056 526168381
725156124 515317273
963060895 524424020
668653655 512447340
917900132 520550720
544000935 507136895
804713589 515610466
606457618 509120220
799808262 515306568
878618024 516120627
996214166 519050791
807065942 513546151
766517415 512378566
741057660 510560393
994148601 512779288
870730185 509976792
907550415 507847710
865759801 507541068
823777210 507341911
895696925 507622880
909313353 506470495
908098841 505476990
975770261 503715231
875930314 504119211
694664255 504807041
873582941 500483747
798633711 500312849
872843943 496451952
781728993 498720151
765080277 498569329
870142988 495469867
855584062 492748297
754112259 496406917
753774508 495458873
964551314 484945622
802610720 490451941
946564457 481862120
849923648 487003826
656270312 497451124
877030151 482828221
977958695 475763715
921155378 479309055
741191462 490753061
888166097 480713390
997202699 470810694
804933286 483757391
879090051 478094395
854947539 479791802
706435587 489630665
593544739 498691038
853034956 475017456
795468429 479691561
897527562 470302289
754985628 482250002
816951984 473632853
669854321 488832092
981219544 456443657
955904784 452817171
813816659 469541921
971527267 450683170
956034832 452405660
893740473 456412074
915152751 452630868
694657756 479900546
808117563 463046349
852350365 456058636
852737942 455424868
861105957 449158894
852666808 448881253
638802140 483564858
996001448 423427147
649347418 481576699
840061026 448268813
716432930 469443228
831667876 449176971
930306592 431395444
914385064 431590332
749827179 461435439
777516087 455271973
756752244 459083010
987390785 415842361
929980432 426498835
834826483 443813212
720096656 465213993
853016901 439571451
794778237 450429896
850452663 439492045
862726094 437030355
811909469 445596501
931335546 421973121
666634740 473809067
833838647 439473526
907045936 424365650
956788986 413278083
639395867 478285327
858913972 432645335
828086220 438689672
707646148 463681243
881984853 426908014
873871210 427749338
844567802 433624682
761570126 451289565
946172737 411203943
953145114 409476124
838694531 433208132
952319991 405895204
739441799 453455105
967595551 402080467
947613081 406478113
684631170 464855888
943869032 405222137
816964644 433936533
993364507 393134175
786856478 440214923
966631578 396359337
610277422 480905473
734539549 451108158
984104032 391417101
611905507 480158537
955506227 395513986
943121457 396870725
749818060 443988290
718961683 450746800
870850484 411408685
571956784 488514569
746009885 442422322
892344817 403310036
861743768 409313103
764380442 435402488
931009266 389789211
941496716 386333744
787255370 427897448
978094316 374947007
988033753 371196889
822201508 417287100
909650480 392765916
907589399 393066725
710798458 447991759
794790608 424239719
835000061 411341231
826534383 413571643
868617370 400541448
969912502 369845003
987312442 363944002
921057626 380440050
965003185 366489226
565964475 487376528
977636204 359769948
984542811 354907727
856375904 394999247
736795873 431798134
855605209 393451218
984784896 351676303
975868797 354513610
993803282 348168438
810798493 407062914
998840859 344197708
820454435 401816222
841217405 391099531
867474762 380588639
855535440 384531003
738492160 424862772
971331754 341594413
706325487 434539878
842386068 386200454
766507074 413102605
821048888 393560286
760129633 415142740
550574869 489800998
999165558 329561772
934499291 351103264
918253890 356431154
610714241 467219748
988546541 327833051
976263920 331683071
862292050 373708539
841561096 381138639
912227851 354484972
855910854 375367775
840661440 377944172
653077404 449067087
922266956 345383808
932941511 340942616
936285643 339255404
660785039 445511486
930816633 339404738
761328172 405687483
950087744 331293814
842532381 373061641
967055188 323361016
959728650 325587133
974341235 319745928
819125399 379891197
994009246 309426353
993477176 308680929
795060878 388295783
586342655 472997341
612506053 462257209
989031159 307374476
883342910 349828298
785887385 389937338
789460982 387831840
997674991 299116063
810587818 377578686
897161935 339857382
836184753 362286044
887347280 338626400
965309710 304176042
621227747 454497094
801024111 373946900
521418326 498719616
827087201 360712171
972338959 292879817
982811615 283779072
560010026 480200012
688556610 419014899
977480346 281213952
888676698 322975353
989535128 274451054
600237920 460577049
683134163 420460067
885894800 322424803
658941281 431758740
952360912 289674365
824375514 351404602
678778988 421908966
914505280 306105560
913938744 303483975
901964763 308816717
695194507 411431655
927727385 295210563
859793582 326291592
925533346 291788332
983976911 258820118
884861253 309351844
936693029 281811829
747675032 376931009
917083770 284542239
993625085 243168862
881665805 303228142
981914016 248930625
872140400 307943430
902991053 291063903
978065258 250060143
837749279 324021923
738563792 378067347
787723012 350880369
763580055 363907883
943096784 264339219
894671206 290705991
981987299 241904500
679114904 409196037
901832741 284817396
565230791 472476290
948365527 257480894
954731647 251918244
750403194 367176452
955355520 250468867
799231223 338155677
614750943 443448791
596536164 453537119
962659357 242892010
937108714 256681001
842047815 308904680
990989207 220991765
992838563 219881332
691089624 396721165
845872598 303614487
992939983 214865970
954920499 236437748
576302233 463295218
853753432 295388081
752786467 356387516
630855030 430051453
790973023 333012478
539610563 485218160
929941774 248082786
972921963 221904566
942158903 240581162
803113520 324182016
948224086 231620485
890168313 266064876
914108222 250314367
694526634 387469716
949488630 227217707
807462169 315479383
805556219 316022162
844552759 291031807
992940580 196828740
773351088 335071400
981298179 201971970
957367949 215478049
944938851 223207421
897729091 248478723
625392441 427173630
983922288 188125684
972631203 195160970
918945361 230543191
886068679 252338506
860948176 268853713
797479850 311034153
982818482 187062554
849221150 274527495
674178518 390313880
645195415 410092372
844046736 273236888
966304239 188126363
962993650 189938800
761867483 328103015
689601598 377789392
967136070 184037391
760404255 327502479
790319541 306458722
900283836 224201343
914618148 211943563
991438282 156543891
914414629 208604615
973949609 163121634
899718290 216590344
971917248 161291583
880974270 227460143
974534797 154664537
866593759 235084810
636990178 407074346
848033644 247447644
656560328 391858068
917279883 194024788
974723975 147312737
880093008 217352531
755246022 312872560
803756007 275174902
997212476 124382057
828710801 254833833
792534868 282922256
965019451 148874564
922774046 179945048
939941266 165480125
888286636 205277142
818295998 260067788
933213785 165030901
908726059 184013295
955941179 143154841
853743544 224471553
588698670 438505626
965011039 133632887
727918239 325640854
869971160 210438813
929548482 161962740
884292786 197966041
740720112 314657441
881812864 198466543
782990767 278534775
988238794 107160753
952100475 136179126
850901159 217699877
786916771 270655735
628120664 402046315
754547689 293845560
969774970 110550367
998400406 84694283
724678302 317055830
876135732 184577053
989534026 85636868
957973452 112346986
970745805 100703409
717318732 321320260
695856459 339140867
936216296 124464802
886886110 166941426
753808545 285058932
904347900 150225304
989531571 74075830
748182156 288190962
874466687 174591539
827950774 215411560
707984360 322565872
794236845 244358503
911855141 136374950
994124995 60289386
747282471 285143371
767627278 266131096
971533193 78373527
845391645 190854155
906510599 133288299
612387902 406335680
989867513 54302849
954816402 86338398
807429213 223428299
832219129 199747549
688843589 333798208
845766857 186434952
595551153 421129811
862909843 169149310
858024438 172739627
926406651 108083961
752583318 271970858
886045388 145402770
877588219 152694533
736992217 285592044
868550584 159358101
745976612 275537835
869325380 157295114
806030450 217818779
905403981 121236125
893094896 131710182
638834827 376889877
703497854 313536383
813440756 206733951
964643696 58782357
948377165 73933271
982247497 40508954
766174175 251127570
878496599 139651832
979977885 39764356
553636338 458466610
679686697 333946615
916353129 99765018
634866366 377638196
865962308 147826157
697427191 314992505
983847128 29834956
750396086 261219574
991165583 20681370
890352544 121234548
919706641 91792755
778728813 232683351
938957611 71730990
938397688 71732595
564548822 446555832
722842572 286648146
985588736 21194122
866013276 141165450
662087583 346909397
585696993 424094872
873155289 130549573
880302951 123076852
914439514 85631872
691831696 314388824
856526815 144192543
959551196 37687465
948121769 48170998
627575164 379093758
964244914 28419468
960194730 32566137
982956849 8033410
965802324 24194369
723922849 276655868
723941590 276120685
851738638 138077912
851190673 138148663
977114345 3233034
844206815 144181360
622375591 380915909
901740443 82144230
531321370 478241160
875057252 110316348
883955960 100335232
608713625 395134081
675040571 323743384
950049261 25546798
720552684 272851476
810634271 174251533
664409128 332256192
719663735 271313320
914848430 57068791
882750228 88192620
939493829 24141642
860383548 111808688
690985310 299130333
804042065 170924285
856094541 112190079
798858799 176431458
793990166 181444520
861580673 104944663
525523778 483281761
921045044 36379252
742134492 238178954
721554271 260655328
826707618 140823577
933801208 18909589
824506294 140999096
675686573 310925479
761137895 211732461
541872741 463943594
662049016 324497982
900754791 47012038
783762976 182732998
743078505 229719032
575172923 424548241
679703210 302325778
759797497 208603629
911692741 30983173
751745102 217373295
860891243 86467814
797959318 159993871
885635709 54961292
764055616 198995643
842417051 105541445
619317454 370602468
909147469 25562821
730028886 238689889
859443145 82794750
855327858 87679013
786356681 169858080
657892673 323476567
824059515 124354752
561068818 439318221
826913770 118935162
873460442 60927699
873673818 60633362
810088079 135454439
605177307 384172924
827205278 110073121
883575057 39959656
833972172 95550443
864851832 54315128
779795370 159921689
763145098 180698494
834777908 88693885
814534229 114067965
846579290 72564686
747191015 196921143
845482883 71050493
853851733 58223297
734105186 210183581
752584206 186020594
875400027 25909734
880128924 15717797
851285197 52006534
855147329 46636443
836495996 70112455
843611158 60495394
886904495 2738790
657073978 305821352
613496405 362940206
875054886 16648812
871316365 21288357
758491497 167460127
774400671 144060496
718184572 217356235
702989878 237914939
699713238 242274406
756217670 165539681
848773159 39697470
710563242 226220782
647226804 311511509
830656770 59791943
737569905 186761833
592973051 384077840
861505952 5950433
678273940 262845530
784821342 112451827
727869205 192481620
791964009 101985512
698202238 232912582
683925548 253071308
558268869 430783289
785403497 106490407
720625586 198636683
602006553 367872352
838971526 27167049
653551907 292966241
847462930 10208649
653585683 290432512
684708605 244223747
781110186 99784923
574376376 404279409
713865621 198194518
764472034 121110547
782239274 93407529
718318976 188365593
803014783 61621010
733484529 164437341
810828831 48589288
762739656 119790840
792300229 70459193
768063904 107005358
821991451 24824359
652549909 278292505
749356801 127046602
770090249 92072318
825475576 2557922
571853927 401494715
793854675 51120778
668913768 247879362
653376451 272006190
621036988 322648679
677298267 232736916
659364377 261118211
801499585 33928150
770068352 83153442
655285390 266102461
813788598 7844891
777122699 66657254
722397747 154912926
775926606 68180065
652586025 267332410
812027093 7994595
692412268 200280055
728091286 141939053
714086756 162780155
774712077 61972473
618753043 318810580
615147392 322148870
654129261 256460898
620394069 312396849
609618097 328442520
765538124 60179359
699618373 172735523
684996101 195694428
672908040 214859452
773953115 38078394
746089401 85923587
633205320 281034109
760173613 57293239
715124327 136542596
711287030 140765828
733838278 100542845
659296152 232328584
752879849 64121609
542056789 439923369
609613419 317897168
652507625 240443967
625026938 289911003
657952150 229966644
611163552 314579554
766854416 32592010
758367040 45827635
759157107 44046869
663306528 218076857
706751502 138117000
775586743 11746647
742218295 69172426
735748036 79770483
688363059 166849007
659157537 220964430
579492611 367483926
648794446 236996149
723776976 95681368
726300371 88905295
619954404 289294668
605204846 315509614
579824100 362553302
642322762 242029556
685903763 154154337
754130671 19522152
729653429 65598766
706638570 110220040
759828300 4368777
738289156 42506376
723446705 68585916
704061211 105301911
713410289 86304811
723312569 62422859
642122640 227126851
698863573 110236710
679475421 146835625
570090835 372064306
537428917 439323124
600611462 305644363
715817929 62945088
685551009 126632520
709607863 70614791
735359182 15599015
666495343 162079295
664104952 164779281
581257322 342513527
667790801 155225137
699026004 83726802
595145898 309512024
710975003 55436154
710985328 53483834
623631933 245191442
643357842 201257882
618194184 255720006
698780152 76717829
626875761 233225468
564654097 372783072
648453595 179977902
702088764 57060689
604044869 280381433
633597605 212276132
676300327 111363120
623690511 231446881
717371470 9613440
706415557 27327167
675736276 98892205
587865167 308566658
679847384 85883556
621283852 225192187
644424025 168325538
681012437 78298572
582763220 317077920
680240418 69748651
703993020 3494180
695854027 16348523
600075071 261911692
623674471 197730153
613699133 221628996
640864541 149382567
671604874 60758498
678102100 39280120
604947901 235497891
615382635 206478327
567529982 335723351
631017765 161201691
632762196 152942827
680918697 11482394
618111802 185460023
583522211 281702447
631702469 143259100
668240077 34891247
632284862 133352477
666338976 30183571
672520027 11675847
558849685 348012899
551471247 369515532
648710944 77064065
667575932 16893754
600930809 217383217
639845639 96800177
626636189 129118526
650811610 50261980
563279603 320026739
614038244 156299623
646196238 50483654
600753002 192753122
624955837 111804248
575899609 271239567
618730619 127875597
622376954 114679346
516945759 467450374
601742958 182171057
576554406 266846625
652019912 8428091
615196613 128016595
635009178 49569264
591622720 201866742
613906025 122229603
554970513 327010155
597770357 171033904
590702704 195593176
553929877 326707188
587222712 198172881
620001528 71967144
585294066 201193194
587724317 190897248
622319290 57077202
537138743 383811059
523012364 438064910
616823663 68633714
602328857 124040609
590527397 164721809
614814990 66936415
549572696 328775705
601220345 120593187
592701997 154618437
538847992 368584665
581525242 192236474
603062511 96832954
618087498 28756123
596919372 113944195
560550053 268551635
520665777 438571713
565083703 240009216
593538771 109940162
601012919 68991878
546637594 315196508
542520713 333591776
613025786 1293455
573563982 183574517
605321336 27858356
609624999 1968715
544637792 315987245
599670688 44686707
565487093 209757256
593351712 70687231
589693416 88412642
541158310 328639151
568835708 190661777
525830236 401180293
572253305 159231115
584007883 96082171
564558450 196623218
578237099 124236648
595319276 27815066
536520435 340411287
547283034 282757930
559797278 213648145
562864822 193781274
571138672 138660148
580366549 86578388
560704039 195660284
585362413 52684632
568607537 140147109
575342714 98634873
559621693 181962803
540487584 294166296
562952190 140892612
536387499 307077138
521628245 401281557
562440532 136427167
547855538 229449961
559483055 142660672
554704482 167127647
558267839 140961761
528547633 346326626
566958508 69686955
525624658 360899979
556969922 128771023
540779671 242847230
526316460 347317700
532204251 300119968
550579406 156499625
559600390 79349177
536469164 256473457
532085007 287555492
547116128 155361333
536309875 241674750
521138830 371282991
550151281 110796406
549021443 113637731
513318494 434881508
547027026 101204326
523351703 322201158
542774432 93434905
544187877 51394555
523524395 289929252
545619108 10693289
514988858 385952766
535829887 112403559
535728130 111180043
540900323 27967357
540410362 32301743
542002364 2414250
514309202 379846761
511971349 412508540
524662871 226534608
539461833 417530
516460285 318114013
532199912 40521037
509945985 426233821
532581706 19916047
525215196 148218700
517359840 289501097
523026606 183258938
519918387 239877820
509891693 418065075
528974057 29507839
528864657 15794489
521053828 176622886
523299548 128847503
517772023 176409705
515083986 240937838
512986550 289109588
510825484 347515062
516649371 171441736
518198991 120397058
518783513 71187755
518162058 87529575
517458069 45136822
510206460 322375103
515345821 116714481
515860161 26644968
511349388 229831460
508300193 367274245
513911508 88961835
511083221 205613926
511330344 165341071
509739670 206214713
511560579 40296789
509072315 98663122
509309206 25046940
506959000 101362956
505506674 324153237
505423757 414069920
504605566 124924024
504447454 271847613
503454062 58444364
503189370 56426717
502985659 23181725
502943866 153967597
502221588 95450053
503406521 285879458
501317480 90208960
499370726 83559231
502591463 321744523
500029413 199520627
499771183 195162744
494853556 31839643
494905254 38550854
488071394 3972574
494052579 189922521
489083120 120391781
496844690 307654030
492014351 208501688
483559517 45629192
489470074 174821118
488870030 169998476
483007407 63819910
479811138 1539794
499521385 397705908
495456341 326482192
483189773 111415687
478307405 53970117
478985936 87104953
474853233 26471123
474745566 33118461
479949165 116219196
473186546 16607728
484027278 184243101
479365611 124351788
477404855 119597384
470839794 32730155
484385741 222357625
482923783 203272386
467820717 6282485
474013951 95451398
471377977 68423282
479621591 183706437
468762983 50825710
468161863 45766835
480696357 222556211
464523739 38443264
492858001 365689476
460949583 14468592
469294205 108048636
475280499 178037603
474967271 192304001
463316487 99578663
468486672 159702551
484610382 312622116
452476951 21201999
480690626 282117182
460660294 104696242
452452999 32536397
448773265 3404491
459720281 100474216
464269038 141598360
492677141 393386885
462265729 128281226
457462477 102753841
451843705 56677546
454476426 83544410
485942262 344148949
453903220 88103946
445132331 24351479
455278260 120498062
468801634 225122061
432917386 29069154
484092360 366046237
465901208 248878770
438288266 76456644
483169215 363768348
427769488 19228980
427536067 18773968
471484153 293462519
442615186 122594063
449151848 162709001
477401840 337857643
477934911 341161151
482893171 370908165
472576877 310890649
439472167 115647023
422865693 26691603
430136314 80141321
472667644 324822595
442349284 158124501
438992713 145494731
418746693 46786834
463329237 283343767
434221720 130587638
450180579 219017840
437222971 155026988
460239361 276872841
406399020 6385985
410603971 32005987
448188717 226178029
411615785 48742888
424505400 115646180
473468104 351696994
401115090 5183600
440514389 200528678
457994440 284409878
401188227 21251782
451769443 259143728
445700074 234843635
406717563 58525306
401756505 47812530
414596484 122744513
404213425 87882099
432003534 205895327
461453981 330178391
383441901 19390613
397298626 86934824
389651973 61002264
383053681 38649579
435907344 245821862
404436216 131262766
371595804 12889125
453437397 315832203
410316094 158750545
388792351 81459585
366423492 10921503
362603812 9013602
397688480 133994127
435811042 266232817
424400925 229170786
455580635 336336260
459262449 350436501
426522572 243424508
465322521 372461624
396993153 148758121
366088537 62331159
416779512 224089369
470557325 395208048
386615942 131710328
367596779 76902545
397870918 171767927
398428353 176458627
457426924 359313187
388712942 156186617
363776703 83166909
439175605 309527438
372573959 121941999
350999144 62680048
435328613 306124379
426972948 282897274
416967902 254893567
344376563 50008812
399678490 207346243
364581034 110512415
364768981 111354619
347315518 63652589
402435175 218133964
347053984 67593184
369406061 133351182
333131711 36832780
393681878 208378247
330910170 42318889
399105658 229586627
436440579 327862086
322836348 35953713
416847298 279033802
394645256 223475810
320069074 36879773
377412160 185092355
394198035 228568107
338137215 89144550
322862586 51355359
317401647 37913497
359705572 143532579
378015917 190241198
411875460 275627165
324475179 61108429
333636036 88759978
343762489 117583851
328709668 83385208
297472730 8976383
366720189 176068490
356946787 153290770
299266132 17497529
309784084 47097606
412320490 287973172
348162890 137948254
333995436 117394502
316658774 78501897
322782566 92952230
329040454 107556946
381187967 228366359
322165570 97811397
485886570 462615946
277685695 6264396
401466315 279306772
482261023 455479107
294898565 51341377
293796006 49303307
300462753 64530487
415695357 313393926
355398297 184813890
486765342 465998615
373033131 224480196
434909343 356370329
373090048 228767594
276096208 27301222
296110385 69094389
354449927 191184123
349568785 182458794
305832204 91838701
328785940 140133061
334310589 153162338
346554031 178455510
336102294 156947406
407201774 303804957
319857602 124471197
290463606 65226569
270200569 27725757
276243765 43109594
368106652 231214305
325297762 146627655
288079368 73439413
272060596 41879947
358127322 214104042
357737790 213793699
363005646 224519934
264702469 33385158
452908390 403082368
360752087 224448516
325624293 156350635
290240703 88670402
350355884 207824497
263380611 41451653
358018080 223833912
478249884 453779147
365408590 238385849
259211673 37576942
359356933 228891070
256446766 37115747
410654811 327837944
278241218 80503970
451785856 406252845
281640472 92314505
382302485 280398726
233347636 8834642
372493654 263147675
426895859 363590224
459728046 423271101
234504141 17133644
336253558 202807108
326591651 186170235
270434368 89998041
336472128 206834399
368218007 263142120
355578499 241477839
393901301 309792561
382712456 290638807
304007951 155239993
288885661 129264975
366259401 264849606
429821191 375160191
224172373 21974499
241608989 52589671
407613922 338058629
277347854 116369672
332111139 211684558
208824587 3939426
221458619 25351055
236618254 51168145
271511903 110232773
317642721 189472823
426540775 373781047
251418480 84031112
329796216 218638039
366683108 279009735
303638005 176973686
212119428 28861714
293351581 161061543
250670805 95952875
248271859 93543587
293076933 166631958
243227726 88366082
247573686 95378857
202138770 24617700
267900906 129884948
279452769 150178302
297720498 183250080
220166394 64699422
292692737 181282297
180485274 11242185
179543237 12529031
310504189 211225508
253343795 125858295
273688202 156919229
350548538 273114264
437646023 404166255
238380009 109003829
187865442 34674505
189564032 38915309
233074771 104420266
318588550 231528974
432062647 398221626
199837049 59196576
376621850 317805748
171513715 20538045
302743241 212500755
291293188 195944217
214554105 87482939
253459181 144659195
325693600 248783345
417471368 381458708
186083969 55228694
246301928 140970277
158298468 18026580
280464881 190549051
188052649 61650118
211436055 95024646
212994522 97202572
302088338 222040494
387362626 341661841
464798629 449385094
385129268 338943282
267406099 176129396
298871369 219846098
343983979 283077935
244748168 146728466
317611533 247707024
157872373 28559905
139934935 4611240
277616468 193937044
198405752 86133621
424160278 395476180
132984667 1930668
409513577 376216614
219110031 122874170
139487530 18013151
188112817 84865710
305991195 241381334
170755342 64361776
125725910 6747798
194982428 98467140
266618149 194305527
219896024 134207586
207844309 119025764
210408612 122667026
242857964 165199744
243599037 166475201
408441366 380164457
361892196 319947053
242859870 166848438
341821287 295258900
448692936 432862215
218687365 139500201
182761979 94569722
215126951 136878352
193515481 111613382
161469302 71714269
418425438 396230603
325952737 280426689
212407629 138262654
161715459 74735181
138036596 45224329
265153546 205178197
188508113 109427069
189718408 113233140
147969265 64585695
324879029 285805802
342906328 308852245
440780045 427839125
191143937 128715125
347637166 318050281
313092663 277153161
280315886 238240328
267263297 223287455
407144019 389237020
241701178 193360177
271600770 230399980
283529110 246790750
160619745 104038440
107055809 44660632
319772020 292165984
79515300 17054696
116575189 59715372
289657576 258302659
216630243 175550909
321218733 295580933
258901323 225651332
152220424 104807369
306537937 280956066
121007354 72925205
98501785 47861102
139225907 95293998
97661864 48773737
197159079 163456059
303468269 281816327
144875685 106204871
341996196 325202677
77488782 33590112
276330608 253015679
216037132 189001258
464437885 460938044
59135856 18966453
173738041 145174028
66459566 29857028
361271259 349910182
75443900 43273368
224834645 205227743
321075389 308771059
361418133 352699542
435409409 431383515
317081144 305731171
106564173 83374067
69305768 44590676
330624238 322139472
144922992 127039947
114296270 94951924
55748599 33900049
274574915 263995771
268294522 257965964
68902797 49788909
49334672 31910070
159933116 147014777
245082765 236288060
226288491 217066742
129041981 117103699
279462935 272746389
225944832 218312088
361686406 358177086
329593198 325952259
219474667 215468234
242653857 239848597
181051596 178021393
298678479 297223215
9433041 5618437
72621581 70486276
15839820 14521656
445340136 445613733
80732709 80539836
86189048 88942710
110790789 113448360
44977996 48717574
148398641 151890901
4370221 9352528
84775337 90795432
47373592 54435827
164562006 170208769
252705628 257035689
170331106 176043704
41260001 49415854
47990961 57317441
220938908 226892944
5248400 16284006
310075265 314827096
417948855 420688406
276889157 283990430
215361475 224515672
11521141 27292603
68105025 82293689
345138597 350683009
173253851 185646569
184606000 196934397
106851665 123784977
147203581 162655335
260200230 271192760
152650173 168795017
77166102 97733972
158574566 175397042
111115301 130443318
202765409 218015430
205221285 220756992
288677467 300182309
445054267 448700428
401729682 407754316
139293684 159713362
215850874 233664506
375143679 383788458
91608609 118493205
23260379 55921802
317348301 331000232
126099532 154848551
227124262 248443910
69441787 103118273
148884254 176885226
204607494 228690405
166116479 193365640
297595751 314669414
197623086 222771012
283816014 302561258
333808322 348460778
211601119 237298266
421217291 428925899
165840779 195934844
344293731 359725586
332878111 350755318
304446820 325789663
141612854 180001643
370486576 385946285
16559885 71583470
23842348 79197495
764123 59417523
449659950 456577486
1161688 62270496
432516160 441722984
217644109 253135393
137014592 183206336
647165 64530093
226911076 262771153
249867111 282983697
276657701 307082510
234792139 271534605
266839263 299379848
282393191 313173289
43802613 107192054
348377823 370320252
477662715 481889158
122689310 178329986
347975069 371303185
17658617 90666993
247964114 287345616
415502181 429794859
6528722 86068715
95096874 161060554
326411312 355874587
170156165 225626940
30995963 113165515
32557914 114779898
411133765 427886311
88345 88191634
363827301 388889103
140556307 207790595
73764260 154700663
50519573 136472139
291296619 332673962
228955685 283416479
472317198 479192859
35541878 130758167
161589824 231614031
43846209 138105440
310646877 350809370
432141394 447583218
116541833 197097043
356196977 387904376
207012463 270087380
273092535 322432784
48150792 147077260
199347860 266305753
90162254 181068141
42310124 144046694
118217926 203483007
217773622 281419756
54126729 155592033
241435387 301089769
179669634 253283735
168680883 244765914
285219549 336028810
181575659 257956306
213719086 283409801
262599689 320745432
83768788 185720261
171304458 252613816
53542239 164963557
207752687 282435333
95117243 198559157
12340860 141761572
244360045 314436573
184873351 273888648
175697900 267287539
270554316 336058822
153900637 252110864
151710673 250736395
439309139 458244182
96075176 212658543
9373119 150697831
141957764 246579574
207452371 293518032
44247327 178361363
193191852 284143203
76188579 201741424
234107467 314096398
61362096 193616301
50684248 187514836
57359034 193154933
156578129 263378710
447814957 465959977
174192486 277199315
245117789 327895755
96595306 226665497
331040949 386826845
114904969 240800793
122200765 249488930
100946130 235380061
146447336 266023400
170638418 285312028
4696104 176932533
226421018 323084709
133725281 262905462
252318631 340746472
114875468 251133409
74488691 225133006
208287266 313350837
204640717 311527684
440751685 464055499
119680989 257194939
80307701 232331148
159157491 283142979
454606984 473186479
337920714 398306670
398839222 437531310
24668495 197962129
308906761 381453686
52368930 221090281
57023240 225294458
63562402 230104457
373844523 424499042
272296901 362269507
25117088 212070347
62859420 236029612
129042821 276460396
68209761 240792787
144925353 287651452
51216882 231234055
188098399 313989311
334525913 403687864
279389484 371176022
236727785 345791010
200213001 324427322
248793517 353422540
19157944 224435196
199963113 329089737
359888074 421857843
129350795 290594228
286426728 380548032
439650146 468274034
21526189 230095557
284800230 380890222
11446423 227868584
84967436 272097570
45514994 251209253
68709717 264889460
450299460 475517815
22128362 241505862
369878303 431752316
252650642 368655248
14537881 241509443
263541721 375679580
49102042 260527695
32016704 251630317
54563152 264238673
108699694 294923643
41419058 259366141
190671395 338672713
157180456 321846045
4369940 241626041
71329466 278038811
206946537 349915923
296900097 397392230
218162815 357114183
212116751 354376627
28391770 260302210
163958991 332228898
51012065 276206094
62873513 282382832
11660773 257539207
223249594 364066736
288618008 397193573
379518604 442913170
90319907 299568404
77138317 293381911
317389897 412607251
465717205 486165093
170385063 341551266
356767510 433027282
36387124 276778080
157626 263142071
219117291 368339336
190294101 354749785
138540603 330172376
187842612 353883575
165745989 343731271
318565374 416900595
59838660 295462481
355070716 435506185
89623088 311802168
6471399 274506289
202587051 365879316
29937656 286134719
365114254 442045740
122692656 332124454
28750510 290310871
226082851 379744586
58292949 305441126
251657394 392266500
81759627 317391642
244353637 390674606
70154609 314584535
138441661 345786381
72331683 320273573
73283874 321176333
52502905 313168739
68088807 320095623
212853388 381803203
215905117 383115793
201203693 376983778
217557639 384819481
108866499 341037407
114707663 345309469
270269103 409824990
110303523 345616324
166571774 368703802
264156272 408360615
283064300 417257632
2939075 306185703
309804318 429250942
186823990 381740511
130719379 361555771
426389562 475462424
297647959 426423865
385218328 459971647
368561702 453929193
452374720 485774571
409302524 469498035
255856118 411633324
132127610 366371584
126480039 364933310
201208276 393489967
122581974 364842924
434409136 479845056
94456355 355834876
160262820 380593446
95850461 359388588
233428133 408972030
176618057 388783847
141247712 377824692
16850216 335312827
96635578 363185013
330555942 444882140
27674508 341072223
9014333 335225122
163560909 389214103
105663261 372889307
274298385 430510926
102531638 375919867
207446893 410097502
205386404 410407932
309965315 444047321
44580714 360670355
11971607 352811699
339116969 454468430
241324310 425789881
273458000 435592820
125699491 395902979
29176844 368435135
173716224 411068811
417078708 480634583
340989950 460059558
299672210 448636854
127953994 402236222
226454002 431335321
65472642 389756020
5438779 374237072
194804195 425219712
237154247 436536664
234504199 437523940
80103669 399884364
174131811 424308808
11235049 389261723
129012219 417443090
322149964 463936566
411716967 484616528
213757643 440408626
213861397 441626428
355364204 473155274
26411408 401576083
181585425 435903261
108537 398807714
390849196 481670416
302186446 463099767
22087869 404691357
155627989 432710717
257791915 454105766
40519853 409304372
12976884 410206972
104743136 428273089
46313206 417036039
180448099 443494810
371795966 480608806
193897838 447169754
446238556 494895451
88134414 428891616
126674098 437196751
238624642 457533965
113507834 436163328
98225824 434287740
184405284 449528989
63474283 429339738
208610778 454673462
9169816 421385536
242042228 461230960
228029563 459063310
111937963 441332309
81885001 436710735
45914883 431467908
67520759 435769893
178238669 453721932
148153383 452612477
111192645 449741217
86924907 446385458
114986235 451324729
71109461 447209097
124676128 457338165
59828214 449393508
73283101 451532659
6951927 444849688
250784688 475109967
15337009 447061642
14802448 447491727
50081267 451969261
236969079 475007887
163838193 466679997
391341990 493100094
147278853 467873217
333562163 487986003
306405153 486443540
300473042 486092263
12349432 458808485
93631163 468451621
188359805 477887103
241062488 482631880
416310371 498350568
163529628 477448876
100982179 473240517
179273466 480808760
42697960 470606408
91416298 475266381
141629288 479003053
51973154 472752318
132475483 479042059
300029250 491217186
104542498 477615109
191642533 484916348
490104161 504903224
3995301 475208790
273183691 492566628
459282919 503315962
87219986 483102749
277806390 493838656
22371018 482564602
153164809 489132326
296717043 496288370
297130562 496424968
150943936 491157649
89119526 489047729
113250751 492967609
50894833 492006463
363001155 502286902
254107752 500023539
139558240 499246547
20945428 497566356
174266194 500609584
369779987 504022165
93038204 500540590
48327047 501007982
96390017 503172693
220468907 504198867
290477899 505105703
177486685 506558355
67657919 507263706
78685585 507868794
133794540 508511501
178604459 508273631
116442776 509301393
53051640 511688810
359038743 507760364
66965912 513109634
479013285 506365372
171247107 512193888
118172832 513353326
125293568 514428827
14104825 517594659
10421399 518593290
131907137 516180715
294150 520109367
60230318 518743560
7407501 520334829
68330482 518758139
36991211 520190433
185399181 516150145
204527157 515977991
237950555 514936044
88014620 520904895
441374090 508276949
21178365 524974390
176985441 518862494
44504656 526593442
151414508 521830082
283340183 516391457
177233718 523084424
391766040 511873323
452513719 508918796
110544866 530779754
52992630 534715488
70023435 534336069
287539280 520280921
222041574 524773184
267741752 523007842
3701591 542929417
161876016 531436196
35139141 540868790
38995844 542020500
47256813 542421905
158145982 534564857
140868946 538217510
162728615 538627690
34867227 551002438
107308807 544274849
188538918 537334297
68779595 549402871
297753403 528280306
164280408 542831087
332278176 524695300
360339438 521646726
301265102 528807981
52473700 556744546
164365758 544230647
143383557 547822561
118519235 551208947
28258324 562249947
118790665 552219938
196131854 543467111
107845292 555195558
5226017 568444009
393121968 520121198
109282386 556397572
31537955 568028719
59784481 568598012
96975479 564425324
199394778 550009414
25168534 577033935
43764729 574310469
127340987 563239986
14673075 581683503
242565752 546931614
79484213 573081817
124553830 566682487
125369619 566627166
148291352 563019087
89581147 575746777
162912178 563498080
313184449 538540354
14375371 590366601
289634014 543413808
39544982 587134886
304790135 541871816
204713489 560517806
71169024 584796121
245683329 553158482
103429968 579211507
240443165 554709974
45354022 590770937
370381687 531047085
41010236 594462923
52865957 592445601
18344496 600430413
408048929 524859439
195935371 566316324
42051260 598742824
217448973 563711070
259246871 557096853
249392496 559488546
115379325 587762241
178368907 575692087
401547874 528243334
188729999 574611383
296368969 551548224
288831334 553248156
180540277 577313709
193725507 575546373
75397467 602456780
270769573 558981485
14068364 618902343
38400967 613705922
198474719 579384739
323984857 549386021
218251333 575127926
91381697 606247674
184587509 583671116
114960360 600786745
434439407 523311424
207988502 579388465
121951853 601766222
214257416 579342742
31331271 625869059
320141526 552982057
77769944 614979253
134948705 601065411
269554386 567439520
290359251 562167960
30230490 631869791
274335716 567597087
202882478 586900150
138794859 604194087
91851007 616974505
5365947 640292324
74512149 623846123
114861472 614416144
40039619 636738072
100535429 625144009
91375914 628413695
168025573 607215593
91352820 630520521
226994828 589700781
214204577 594884760
170833020 609046964
365392846 549249141
245539484 586828071
74133808 640950740
157943276 614997431
178131424 610017637
201338607 603288214
100713532 635673760
84382133 641706174
285995894 577795786
189223494 609901287
136175947 628274738
219006683 600950107
36851254 661784094
153635184 623027181
411652673 537269468
97080764 644120965
87870510 650728934
93112040 650886844
28768672 673665537
142898901 635534652
148222263 634978164
133788017 640616461
342809623 565745915
174826720 627792430
275726144 590679829
241575440 603305088
120243056 648392063
239644364 604532513
324049211 573335119
256825831 598462676
81888797 664671379
13073051 691655736
170732256 633549746
183520409 628905061
46275065 683190708
188247315 628507100
335013222 572782219
218038750 618749911
171654842 637779614
126122448 659105596
42890413 696285793
97143067 674194235
312994836 585421339
450043853 528902449
300911057 591253809
219580096 625195265
217363638 626661686
155451068 654380517
100371578 678398100
119432725 671116693
223771907 626754299
98642572 684852314
105513106 682166402
125387809 673631773
26437800 718500330
321465773 587649113
112178555 681795112
229028548 629573093
193079626 645941134
456265110 527976782
280005146 607723990
157585166 664400289
147266036 669304566
219534644 636463651
160906390 663716684
101432487 692109614
19308412 732866553
107372142 692044873
116101045 688653351
270584786 616187334
250662229 626680682
322202753 593303327
241988425 631690124
182800486 661479162
231142730 639004552
274536145 618601255
235935592 637679630
88073745 709999848
62212225 727403518
238847139 639768176
407757786 555481288
225002426 648417692
232579091 644612967
52373670 741208589
330745476 596812758
324495723 600182807
252695705 637946016
129753853 704090158
64543066 739612874
134947137 702615194
281314896 625322035
8583867 771786128
94131792 726363451
106177227 720304273
213111044 663479425
41411324 756310049
253845060 641793935
68072700 742143711
368519799 580483235
294837574 620679984
40326401 759581091
94784639 730077499
440613967 541865343
33406950 767969859
186118677 683871010
161849061 698761237
273743738 636205951
204222831 677343161
33724235 775368978
11822384 792949982
161732432 705807260
212326964 676821642
222403252 671454873
121073887 731447088
383763456 577322957
142536068 719231966
172741102 701918231
211450454 679130585
114414612 737197012
133096444 726544695
55453507 772620676
131506709 731822453
64204914 774388860
118698291 741977676
72306669 770867477
87084953 762972720
95157042 758397649
24594982 801858697
207599924 689259302
159659075 719259027
316940701 622500957
44148265 791952645
201062857 694770051
226160538 680191217
435678691 549563389
289400534 641177321
278138076 649383111
103839376 762685183
45401231 801310312
354722241 603103643
55910879 797426295
126076161 752144675
345449287 610028369
346324335 609740235
148292572 739835272
190753854 712544887
213310602 698195990
226928516 689371420
118471377 764378593
32286911 823243499
433937276 553901273
274281678 661120125
70249567 798756279
336031251 620288817
118807395 767141377
50835907 813665418
186467105 722327064
256780874 674637159
197835665 715376284
332775761 623613526
112068027 780258383
280455151 663058679
274681520 667140640
136359512 764758021
151541731 756052616
285232028 661922168
234876214 697809605
164060108 748491956
79800384 808373936
107150670 789556296
15462714 857639727
348631634 618525734
214310489 715214120
54458035 832375634
333131993 630704306
317340852 642281240
64334362 826887049
87399318 811170829
39820777 846166921
162526472 756889691
41046159 846965670
200881873 729700227
199509224 731442323
175163419 750211070
315483950 646503009
168557218 756757548
140016432 778048581
100101441 808654188
234433011 708433532
153995790 769326934
439688955 555240217
175665102 754061814
134952791 784859580
79433689 826895882
39444153 857430622
235160028 710668567
324636588 642979389
96437895 817031273
187220820 747984686
94022495 820685593
65872881 842428066
6513786 892620516
3006711 898878934
291019742 673770505
31498321 878784114
421870695 571909651
172347891 768950060
117529952 813331735
211707498 739750604
187299369 759685094
27181086 887682055
109120724 823231564
246346333 713556743
82269121 846027407
53576719 869271016
70000519 856174921
236150009 724151490
290475100 680288994
120292567 818762209
137248678 806068245
189529294 763533532
103846921 836269452
298901851 676273886
54556296 877862779
268024012 702322942
110742326 833283506
183079414 774718120
207384323 754591196
47019792 888960221
254406590 715720260
229319120 736874051
35791385 900500622
23899837 910821357
303914151 675625594
15849825 918553565
135082508 818681769
190057244 772576134
212134715 755044771
346078007 641944671
33977848 908634676
58090134 889011712
245401685 728628725
110956276 844420636
312363831 673084893
344877445 645445894
453924027 550747277
66215715 888675039
24344665 926713593
155074977 812427358
55653010 899981877
317473098 671144239
136465158 832499960
51842517 908409757
412966064 588017130
438042540 565950469
293708763 696542603
403341522 598021583
89410663 881362872
376479249 622386678
209864703 773295703
74142466 896615185
131883338 845154857
247142087 740949142
257046867 732389830
137458285 841951003
84939384 890333956
100883898 876889450
123960634 856083119
53561395 921082931
149275784 833844843
5405889 966395408
188318463 798290355
410576042 595128932
177993787 814478945
96411707 892691727
21683803 963419168
272495553 726866299
96553169 894760809
80770065 910388707
49920702 940323790
20603575 969510057
252432200 748994035
181943893 819733526
282257792 722451151
410464516 598595246
201575561 802533547
211758595 793274803
232117745 773574832
267839078 738668444
96990546 906514423
172157543 833773299
40261641 963951812
146901962 859345778
230095034 778336071
235402764 773244618
225780849 784649365
248536432 762578885
203007956 809050940
178626391 835381200
404049495 608482667
230512880 784476936
104229966 913935405
76224256 945053935
421855166 591512476
133379594 887326339
276496176 740960170
380497555 634216124
255184432 763184393
130154511 893120669
117362777 907288102
226558316 794528732
303185415 715449546
117054785 909102700
181276056 843192510
125156712 902446950
287936153 732840525
115785109 914020791
89629852 946493642
86493632 950630537
83998100 956182377
45957363 997868167
384633213 636177123
297441269 730261255
67341675 978600966
259336773 771697925
241846000 791766233
210698155 825735213
187226334 851334546
195379166 843314029
158731597 883645906
73075395 977673518
353831712 671375368
72618711 979163152
220797217 818145333
140294871 906839212
391343168 631222204
65127268 991375058
152450940 897783280
368424352 658163586
230977812 811859472
314902325 718455878
159517358 893334513
269237659 770717335
415359927 607220759
101380029 960587506
146951794 909497775
116541813 944938802
360441260 670203134
244821208 802983977
341811252 693266473
119963641 947291604
282372559 761374232
296039929 746394746
236968325 815045808
194112903 865751842
140780358 928014222
405445415 621857599
253697616 799175673
230707127 827540117
373318585 660879786
108062210 974423042
474971770 541955648
436433623 587601452
107273376 982272065
186330594 888338356
134844758 950203695
158104358 923521281
167311809 913577192
209017691 864391348
265532039 797046880
159185522 926749497
129819279 963369613
331932603 717474310
368526743 673450318
127735093 968272417
131828997 965656756
247216265 823958275
275013704 790210817
282338800 782458169
390806967 648499167
472311261 547155393
126334199 977633255
243312644 833151470
238106663 841070221
353873820 697566967
377142634 668310429
190830128 904265130
346161881 707713495
149658475 957338562
301381273 764856865
258472701 820071407
157506454 949313034
121638492 995325509
131937419 984840696
157720542 953985713
311444993 756023811
404334294 636756892
138381452 984350772
147543187 972446323
130873789 994890544
180083994 930836867
340913111 721589685
235290511 863091400
247576286 848286881
285430840 798291716
327760322 742311354
270391898 818662430
139123607 993995515
436201699 598251624
210896297 898600265
236052357 865657174
154324104 980532444
215460831 898360226
312979570 767499202
228818147 882787443
284461430 808029967
277248807 819190269
253075370 853077178
182104166 951917869
189703573 942165193
302232614 788995706
452837308 579305150
406893074 643495301
376642591 685929565
281748146 820592618
245841964 872727787
301490203 795371066
379906074 684167280
311128174 783416688
300848345 799062251
163433628 996306446
172463934 986430309
385868333 678591065
288835495 819029483
202988756 943661770
389445373 674379688
485914781 534756276
402090104 658768480
259601680 870600359
192902187 969752154
332972187 762311635
348949197 738627200
232315157 914681741
438076979 607501791
357374730 730447051
347546960 745607784
246273065 899966050
253871842 888562217
370727302 711043210
407573935 655231224
333269418 769167268
210118804 959457316
205553067 966840710
392546874 681193873
196433501 986264240
365142000 724848850
315746521 802754192
318376457 801359657
254304019 903007744
228573091 945995504
234317271 939181043
210598846 980013921
316838783 809218821
337348659 776767216
383628837 703195082
237431142 941315868
240802682 936029825
344529720 773341504
276167233 888354368
457832269 585523041
258378734 919619437
255259266 925206482
253489621 929871977
304385251 844458477
476397797 554896954
290517330 869866622
435634284 624768423
236785144 963282695
243007852 953097676
274932327 900335982
232284896 973590936
225090577 986159929
253821762 939602621
327666834 813028964
219831494 999989275
234949912 974283132
378478527 726460604
401308326 688086539
430256585 637937642
352727958 774416210
317134398 839721349
275534359 914975537
287255192 894346045
416926578 663953896
267438297 937402083
266252293 939935085
304633443 873603200
273374032 932008609
310409061 868946336
373969211 751258796
293974294 902946517
379723501 742066344
326295529 846100725
341434522 819325810
308513823 882251829
453063907 607446719
300576487 903066422
315536867 874222690
282173555 949686812
482335375 552298896
329773050 861683647
285072076 952571070
414989501 689372291
392605344 735840444
334958682 854019228
354097814 815328188
352231692 822227774
320021995 889804213
466289080 587209392
280724826 973402468
412285515 700443194
364757005 805684389
431779739 663817750
329197082 884347788
336756015 868302916
366987331 804815142
335742780 874902495
321446767 906406030
349654819 849013001
375136777 793243004
370940942 803352825
311291690 937845930
300017295 965142118
335136220 888704780
322793182 916729685
441743079 649957263
346394802 866197150
300226911 971628920
394671356 757827550
392804846 762356146
289155906 998454499
359879800 838042570
301536146 972420650
417099482 708267670
396667074 756663120
306059928 965509312
292076632 999340694
312338012 952776988
333429322 905915788
295811650 997894491
306716678 974151666
443519945 655379315
340744403 905979767
356721785 867771586
367258958 842651642
376811888 820078273
338023951 917324540
335797180 925414164
386096191 802286723
382189256 814182539
334917795 932383996
316115664 988373811
429542553 700149525
460947794 620005444
337034691 939133246
433357136 691449002
435701592 685566611
369139364 857365630
369712509 855932508
343920595 927892539
400044720 785403646
354583144 910381665
343321189 942455734
351485593 921062095
370188334 873740052
327927797 991406444
447402749 665898115
354404118 925955936
409869821 772502795
445019215 674531386
384184888 848519252
346868652 954707286
388376267 838157198
376214718 872986195
366511401 900981341
386042969 849140172
408664876 786156020
460638801 635935761
404389053 799406301
353323832 948707131
369970391 907866120
356702528 947530839
396979781 831445104
362318658 937760861
450124560 675270573
345165579 998964487
373300252 913807609
355799387 968909350
367893915 932899700
404868958 819561639
391676010 864317809
421729055 771648276
365759866 953021357
363724364 961354509
457899378 659651128
368581400 951776284
412316711 813362995
358440411 997039364
493977855 545163692
365652380 987430893
375613614 953319219
389342728 910326153
381803987 938766623
420437317 806685953
414344331 829690802
394769692 901028357
412191017 839807851
394655345 903339938
385445259 942001461
400324118 888233011
431682097 778092694
377807746 978377142
444511415 734041493
438808712 760362084
378444004 992325360
377474081 999216854
452677913 709607107
429639908 802807915
466432989 659675584
392814846 950521980
395513783 949630728
416550742 867392667
437030018 785298624
402993545 925344578
411373298 891279885
452014866 725847388
457835384 704016448
431419739 818819734
494581946 552291852
491112749 567495553
419550675 874686439
438534265 795882347
420019556 877709948
414118144 905334363
414918863 911640787
434786620 829424965
489256408 580407519
449087389 765603934
421557562 894417148
404629936 976833164
415525489 929840855
402632723 996627452
454162840 762101232
476792871 650224864
438650519 843602533
428846488 895790597
439519713 842396051
433194246 876584947
495769134 556229683
434659945 874332371
427552671 922221319
467402505 710052717
463127651 733820821
423091010 957540409
424132397 968742308
437262653 897399490
426546179 963974445
450347798 827330855
459124834 782979432
444595074 878902604
436734488 936057171
452920894 841384331
441326165 920382313
448636235 873246245
439415802 963676717
467969576 768225027
461979454 812903735
436065724 998466798
441541558 967830810
445532451 939091479
453655418 882117168
447337225 942039765
441887138 983414404
449822767 926132213
445096841 968700062
459793499 856114702
446792174 956187084
485864313 660861717
452515958 931660021
451249761 946946755
472525125 778735442
456296502 916933603
491779739 620926756
472492304 786258967
463221029 867092286
468223132 843725277
452887746 995791913
458196301 954032370
460478484 939133615
497703364 582351740
459972787 976838827
487204216 716873621
464118907 986954593
467260841 972518977
486937716 746050121
473681131 926547461
486154989 765436969
473443136 938720796
480899849 839050469
484533840 795955699
474656524 960887095
483349846 832895844
472438454 996880327
474616820 984001576
502038308 562027039
488063756 790227914
484498691 854064902
485295974 880268649
481334280 967754151
489635540 831256065
497309663 676004814
498263438 667277531
486987581 921193218
491955140 832287095
491402280 858865174
486270571 997635548
490717165 891103984
491780590 904434831
489702365 988230630
489779244 986623851
502794566 588791437
491415571 972473312
502831549 600535426
499403901 739240190
496190938 943437566
497382278 900288042
499155761 875203764
499571294 895559034
501549658 783567535
504035118 695281251
