517399141 777049587
532287655 778129637
551284106 876976477
561508358 940776659
573476922 987462358
573747771 951302375
559886849 764548339
570132801 802308698
616260673 960027087
541300661 644961750
589384150 843242041
536639732 622266043
624082098 909335628
579635626 750075095
643329709 923346619
619356540 847872463
657706066 888856940
669939678 886718218
658493697 857613768
654463683 793792787
680971812 841941889
668021108 812640302
649129668 771276618
605018854 680814877
752853602 950288693
772502968 982495936
782388566 987243977
590065236 642126082
748984877 914390942
689612858 812291954
713014635 830067937
765402668 910907544
768908904 895732082
745766838 854159747
791193216 915871822
837627268 983714826
696799546 760498701
644784169 688257605
567635805 579697872
711566799 770170168
781017562 859273261
821268928 901741181
728691467 778025524
902474753 996074790
789950837 854245413
868730436 924700151
757806774 788371360
678511562 690125065
960371311 995967947
944292239 965643175
892929467 905370943
946578369 952645869
849668300 847627871
926529550 915013070
809443032 797535781
873599377 843216358
695252819 675231334
960284666 920428219
928850641 890570810
930529605 889656757
772559924 737579124
858543865 802368570
637314575 610492968
902388647 834133599
875636827 798319157
715286837 666650455
764460400 702800637
962520416 859378553
831587786 753097848
909644995 803237936
783198283 705504266
969218095 842952954
759163561 681489849
948088974 807805846
970235606 821785903
668708575 608461029
713079775 635347636
883549797 736111451
932497389 765814651
855695410 715535050
775887763 655552130
800691255 668359835
947981196 736300807
980941374 750290678
942384202 726901307
635865238 564359790
948581721 724349612
857330634 676809991
803982675 646149694
717107954 601960394
802503274 642266520
711838261 595927811
547442492 517188877
983465395 723658600
989443557 716407252
730250801 596204202
853445809 649972598
869075221 655720094
853219788 621217330
977567295 665300827
961038287 657010007
733383614 564855692
984051044 633440395
618755485 528677408
983643781 626987238
802589101 561542720
893946733 577897902
787746617 546956986
989014857 579165344
961800013 569232575
643025130 517962525
965230444 557413357
868629718 543895177
902266418 525430649
617767296 504839255
924000467 521008158
968979527 520152580
695450045 506565736
691157493 505025548
885376996 508010056
980673318 500363414
908116293 494942282
759851507 493855066
937161630 475233869
746763289 484548010
885641960 474904923
558924696 492220709
835350018 458178461
871493581 451833369
913739229 434953483
899802043 420175779
831197961 433045962
792245980 436235853
851412495 414518113
693675077 451313599
970599456 380270380
903561542 389769937
914212128 381226909
823452392 404645856
865799467 392222520
821022726 399931088
692864661 437432129
977262380 342764940
980415143 333232983
959045427 333271264
887195642 356120657
794787254 365102889
912978553 305071355
877172460 317782033
969419893 261984975
658002002 419985479
803006467 343900260
753561345 363439497
754065765 358885264
702482863 387288791
839572062 309151782
767313862 349090144
553357899 470628039
916130100 254265602
944241474 230223930
678923550 390057977
966108953 205811333
687869373 379509633
656371221 396883958
966850298 179482596
613643928 422540355
935771806 190676397
830372125 257635356
976438644 136055816
978558498 132792412
597857310 425873891
810317259 257655836
923954137 158123296
700142992 334723634
781999017 252614148
927219789 121216490
862059702 174551807
710464681 302819029
835739754 173391232
711354691 294880000
871042458 132076520
746664014 245683622
864408408 117686778
843303001 127474775
654972692 334072178
951983521 1802316
886226725 61558793
770790015 182964326
615669971 365545309
623029427 352577645
664966721 296850704
845086491 54954652
818109263 89178890
812543571 91668313
817384563 82000847
638477828 304545704
608479060 340102020
707187255 181320361
640076683 286013955
774716959 55524017
631817491 280199990
735457396 90211165
707056873 138208020
642223528 252372233
696112871 148273956
690718876 143768824
617391256 282230293
655978350 182087244
666676130 154823269
665333314 146032474
678956708 111628447
558938442 379533199
631956123 209032000
689921568 61927693
690206310 58931279
645703614 151977664
666028505 95171257
648349541 134996494
698648963 3685011
683556178 32557067
640442689 72101795
529579531 420320489
594223799 181226240
602005451 144544112
551356004 303767131
599960096 23192794
550318752 268336303
570990191 84516727
576138070 32770285
564280539 87636704
544710655 218119676
553404554 53141060
537412391 110383598
524003891 253931429
523763784 249337639
518589036 204422971
511939666 274427206
510495717 214546983
507878465 109446157
487029753 146264651
477714643 24776601
483688879 143904113
485603775 195588303
480650347 140921262
485239021 210685247
478603096 125150732
488463127 315883591
450230689 27720928
472343542 224405247
461509721 145499331
471783287 266634261
430526741 1822339
439701496 81850648
431416532 36215828
435604788 76273264
482027733 355473261
458182565 221839043
439666541 132704247
427850042 71860291
400071279 33033939
390449615 23530553
398908178 90179279
444630585 270829989
398848930 105340707
377499008 32144293
384430270 81485117
445993019 294052664
379175527 84324647
382069944 102430562
391185858 136987189
410792115 201296885
415700373 233851368
321372048 2662362
488430538 450668831
347302750 94175953
411393503 265225019
341756900 99343514
291388647 6299210
325730533 95401117
306700513 60528002
343730812 149738667
482915317 448475197
312447976 107529117
317189554 127659688
338512601 170925194
347507327 201987975
373878981 257595168
346560306 209318934
394716138 296817864
253762701 45804792
440220957 379770950
283036556 102869359
255096391 58634762
222173926 10969393
229890194 56298796
270391745 133613984
332870953 250104228
171251483 19443776
198425425 63532236
267991320 176238143
335442939 289156177
359253293 323547721
107599450 42513793
224248978 177075976
286605755 249888281
70734606 9448862
106650333 53437513
222578754 185976640
341924512 326648623
247627928 231001075
191415705 174815439
20306454 11084312
344606471 336046018
47339205 41223276
161879403 157936198
399646266 392995940
3518198 28768285
471926430 466246079
285782004 298437894
381836523 386985801
4874508 55929240
147006803 182996388
104452517 146844496
67349145 124930104
253681789 305216820
288581031 333940572
215305216 280162593
152009844 235149972
15442826 134946955
23568223 143917064
176717965 259823886
269009707 329793748
35384574 179754731
158611194 265717536
185941227 286587408
256959871 335436065
105380330 244502607
133256858 276555246
442838638 461428813
65046003 250780791
241081579 352159349
486992130 487205600
34854102 245079735
57011070 258209507
288468082 382203611
172376971 324225560
59312825 277380948
391406386 445890608
348885323 437072464
38175955 325288634
133034005 362503153
147249195 369103749
211171797 393264478
370698774 451465241
48582111 350635690
266302992 424575660
417055370 472072650
210494739 413083079
94793219 398631003
156256697 418452422
318212114 457185599
163942266 431689815
174750151 445208686
184728642 447323292
445442251 493783009
389084502 490857813
181525564 481619086
322662576 488813605
282691874 489623696
216199637 501369398
136064272 506001268
270502314 503508834
93334794 516940255
285991175 508583171
50853274 521975760
294548021 510497839
131206613 520618880
29101857 534439930
234793336 523800751
400372293 511823477
8573995 582702040
319275385 530393586
3010799 596502731
118422984 574281561
168690119 571794087
119872842 583156277
231832171 567411551
172832098 586194590
58796072 621614159
61344731 622519632
145664892 601646436
16363268 652737476
97992999 632761773
54306519 650387185
23133505 662153695
27027821 660914083
141985029 626331812
482485133 506399357
371596379 547874835
595469 687448183
35013569 679700492
70592204 683212061
242893723 609885435
304295741 584811562
89760936 688178918
141801331 679720340
8536899 751135570
326774902 593348722
113561962 710186066
49803399 753808721
215515802 663726289
144269676 708079991
309656739 624895626
25726207 813405554
248951944 673463717
205112323 703443481
43529931 815761844
76772660 829710215
167155524 763567984
35723322 876440345
136066385 802220987
216948789 738110915
239418458 720802339
273709560 692838358
61480070 872561852
392127348 594618454
210305504 755321287
297038289 681665841
143319308 820174980
71731795 891892213
160544724 818787210
304262804 685854794
320951800 671392363
74158126 903737533
157188649 832053898
92152867 900100189
11633442 991789261
193926020 809864138
406959252 600666767
181859634 851599045
213603919 817129325
377657915 641014343
238145514 803867238
107521055 963312509
105400612 975230711
214179766 847886579
187395059 888711438
368110618 672179591
140263319 998922335
328716360 750304489
295510037 801852936
267013398 845611630
210529639 957554458
356153297 731094284
321268866 795622117
359073285 738911644
484864326 532666692
322870090 799141074
241639623 937265387
216378312 998293830
238350112 992244836
349867450 810226831
291088286 943555606
390973614 744969834
335259658 872967710
331723240 912920263
331089627 916846966
330060078 925665315
351729016 886463153
309925618 993049404
326374425 971518260
342064605 969746368
410394537 794630279
408096935 808631824
420920685 782220413
367127935 977736281
366782802 992453878
427974138 794276061
393403344 935332165
407720241 904916053
472919235 642063368
420736710 872005568
397590815 992577847
458453572 720864067
405566792 981745292
412134507 971867579
487964010 602549534
471033444 700455433
494491080 566357012
485574044 620742295
430689773 954502178
451576421 829129162
479923006 669234768
442083276 974593271
462323940 834959273
459465306 975561762
489477150 720404400
483767849 971443159
491522460 817597800
501613854 672335445
