493318142 668490179
494572181 728058643
494461526 658316570
495188968 692636795
494940972 665920016
501719616 983319808
498207438 784305872
498387133 760290705
500187066 787032933
498174351 705283514
504844748 921184000
499092920 716495901
503291622 855729574
502735499 800432345
503375226 807532099
504491759 836523828
510774084 982336092
509526517 944783511
508717660 845183456
516219018 990146035
514526813 922022847
517462056 978063956
504479964 712411593
513820957 880395645
520013646 977791946
519855143 958930192
512803202 829641272
523029226 997967148
501011833 629233776
512303226 804854570
525099379 997991461
517793974 884759665
506621654 709764265
522853305 947750679
523134873 925877227
520280563 884194530
529703957 982393988
528972576 971586905
493850146 511340257
501900285 611020751
532827357 978633873
528075326 906311696
520140799 809526930
537209946 994933677
537919781 996433930
531696515 925263994
532495545 921605184
510018825 680491762
535069033 928947103
527181441 839791631
495145631 521817883
542298658 971646117
543263748 959767597
542912718 955537068
546758684 984959095
551298271 998112391
539609908 893975862
540692365 901619942
527546108 789324543
529118278 796982212
545428684 923067059
531539051 800415615
539789307 858494879
540525540 862251771
495381868 518545687
531457339 790205807
522232499 718344379
547400283 902547860
529163373 767431045
553124529 922661307
515220188 654416438
502664136 566590648
503801795 572848537
549586302 876079423
497927240 533055385
546998024 856823517
522545365 689223732
507926913 593667613
537808618 775064234
522132998 678636021
564339025 936690287
560609761 907671883
507234444 583608412
561081144 894883838
562428884 897019772
522727526 665335646
559427593 853197329
569931707 908484879
577981854 947461449
587867492 998750603
546181050 777748185
556819629 832876404
546295263 776713973
555293819 823147574
558297169 836032903
563103843 850050290
565569625 859628675
551430058 788543228
572082350 883935531
542221743 736754060
575753353 896394043
539065972 719885254
597424891 984378604
521226828 630255744
553888002 772521860
559820140 792588733
541746860 712818914
584974329 901160924
523872244 632807896
560667732 789049272
576014872 853579434
566853014 813651445
601762661 958098757
580448903 859428231
610225125 980059744
571654671 817172469
584837441 867816919
541160886 686525872
599929540 911245801
603747412 923781955
606306231 930239832
623206364 994181371
613534178 953664791
542769610 687354340
555645127 729726555
570420806 782106049
621610466 964715321
606393650 902676323
631038289 988208114
620505373 950165894
633511728 991725346
633405544 982339077
625427849 951406470
634890698 982435160
621257965 935518578
610415133 894001630
590691656 827253225
596193676 843596747
607941827 880269358
534787099 638031891
496493143 511836126
646047039 990364494
506305407 542587142
642422781 973238509
639906700 963759356
627638634 924125932
599117995 833976333
558484012 705846822
643845009 971119308
544137627 659875897
621765708 895965767
604667309 841197141
651680350 983213370
657768571 990124412
575842185 745248315
618512450 870903200
655588348 975767373
605225099 824076355
666320921 999757608
608089248 831568426
622116975 870584574
640473791 923029084
502109736 526364204
624075556 871301886
661167909 974203332
557261623 680403573
572142447 721580185
558958652 682917230
591749998 772674392
581299993 741865260
648628303 925966321
673047618 988923496
607850929 810487749
581872621 736557326
592647961 765096448
677741898 989221820
675378049 982883202
651332769 918085533
662200016 941529684
644372964 894529598
585982706 739751511
659963525 929362955
683976049 989048862
688996868 999733021
571403005 699797442
689151223 998786746
633992465 856955031
569004790 692363420
642011898 873855763
650143452 893973332
638231110 860675229
686094688 978515349
614006214 799401808
658535647 908114336
574884632 700466863
586134496 727940934
670094661 929613334
564843593 674272607
629945740 829888707
658797488 896612199
617139240 796055758
554141571 645744824
584059293 715751043
582865996 710562215
533398496 594697209
692395436 965925297
583730318 711888973
628325759 814302386
532574079 591921348
698646623 974950543
658248965 881357466
654642664 871177012
509098023 537183187
708361779 990272849
597521990 738074424
558115018 647967241
540112324 607067338
641795912 837062652
534555093 594179019
637706380 826920412
651780113 857100796
655446017 864930947
637597036 823630798
684244816 925842854
634583649 810674790
679558907 906038061
655834713 851878919
706718966 960367150
636932907 809070291
722289860 992183795
711216596 967993177
718656470 981455690
710394337 960220507
719600852 973007223
615389905 750878780
584578934 687739333
653966987 826668439
683679161 882548408
689944443 894929631
722318756 959722781
719008402 943854549
569981912 650289472
725068371 952013997
597263704 701835776
655571415 813285383
749083080 993219832
670275023 838607248
675352086 848158043
689262937 870857777
617169974 734628984
612246436 724629718
747504265 976689655
723899773 932403542
653982656 800453415
546306909 599056912
597570324 693998538
651117821 791928163
612316704 719027164
709279504 896182524
714109640 904852241
685991713 853281238
577507402 654610321
612636442 718117144
690438670 859639810
566119471 633079023
654147337 792617398
524281589 556617036
623941203 734935078
575601330 647674140
679018463 832220633
663681058 804644688
735877874 932941398
764679315 983736980
739115177 937317997
668654645 811920514
627269469 737107278
718050174 896497770
669450712 810367585
550865317 601138760
580417893 652646280
702291374 863545569
703796656 865093637
639289816 752902344
691680599 841623278
722176465 893484087
775124761 983985005
730948807 907729787
718677993 885223845
741647408 922879165
613499248 704741569
630882396 732863955
781676660 985326655
676970204 808771549
561030851 613907305
667104167 790436105
787308833 990677300
629481320 727238890
656359657 771889657
782505823 980014229
655068506 768540730
778233950 969651412
766412994 949529298
626264017 718874890
561844465 613185395
718379569 869710050
769624963 953527809
685438899 815488401
663283573 777966262
750317497 919802739
678468935 802333264
797560096 994507412
569724792 624738211
793377341 987355585
703178524 839926838
772574415 951648263
776428556 956674295
653010898 757397313
745652113 905345190
768090984 940744616
669710905 782724425
581394774 641262844
733349124 882965450
804950672 996667003
785589633 964879812
773164555 944540730
744783082 898990043
725995951 868790797
579152826 636368056
698270939 821717510
542247448 577154153
673694467 781167868
782820499 949460740
710616817 837425380
581857464 637765913
805833272 979339611
711878387 835297033
771930465 925263869
752719335 895830569
691622797 802205783
810414104 982167314
823106824 999722958
716476696 838356391
728232825 856088270
717287095 839215578
753918898 894110177
771419699 919983407
703554598 815401254
780714273 930705701
779159031 928146716
746360420 878749798
810188236 972445651
640101168 718357705
825028817 989970845
785133866 930872713
773488549 913459737
594042065 648789335
799000032 948549048
733519907 852428121
744225597 867700078
823666451 983773184
809255936 961105868
570173401 612595992
787914157 929302701
800398533 946942312
736778809 852105993
699701720 798528672
694976913 791571490
716460337 821923337
717209663 822030432
628875768 694908869
767058208 892395064
797543178 935564573
824422677 973868215
810991841 951718404
781108804 908865865
784030296 912786197
820470272 963802353
804544731 940996314
839055654 989770022
779161226 902763224
843928963 990442282
692043016 777983022
788895388 913019509
755198023 864432939
584440480 627142027
754117571 861940629
752273799 856273105
831824896 962240832
848803971 983413552
752930716 853150244
823546719 947210565
731616888 819461359
751052626 845422582
806428319 917840263
864497775 990651085
828436848 942544307
763787267 856102038
666369394 726189931
853870521 970450381
830414382 938631560
869479146 989245365
868190724 987262612
660611310 717169337
708441445 778423976
625729800 670904781
738532421 815472765
834504492 938309755
664774487 720367244
782060443 868416604
578088520 608542736
706205032 771554341
654733476 705828576
589888349 623398009
583271447 614805620
813979613 907028300
861172472 966722913
840655992 940312379
708936453 772387944
866058788 970076968
565691066 591662501
781836775 862756681
846569590 940032418
844201657 936279518
671271350 721356739
744107069 811053292
640338764 682458081
855254097 947056657
794893374 872035173
598019470 629360570
849527003 936872129
780254092 851030441
820809222 900391350
896459198 991192412
826688730 905089962
900694187 994690794
741254410 800942279
743392621 803509950
902967333 996445764
884746485 973522015
792156716 860562836
854629708 934014997
686780837 732623228
690440131 736311506
628112754 661658316
594233537 621037450
902923286 988816059
890707485 974016886
890784311 973044323
824228386 892660051
796363043 859560482
669846009 709267038
797187952 859435300
853819590 925685305
823751834 888775535
728695074 777091440
737233919 786868999
889277076 964990401
544650629 560739478
902371388 976223261
910808046 985952612
670787413 706353065
773170363 820370399
871097080 932085958
553644143 569428735
834080151 889273163
621552030 646801824
904400942 969138750
689089218 723443703
835840394 888411118
790740617 835926765
737328000 775689783
920617877 981437689
886581739 941613095
897143464 953123849
901869040 956791787
543334863 556304081
883669642 932086164
873728445 921049738
792177618 830003043
907187068 956760184
727615714 758432466
600917906 618227220
841312559 880058372
741409947 770507375
810162552 844402137
878280106 917823804
876813536 914993999
789377908 820256335
846617813 878609185
818451884 848246957
596639635 610931968
872198366 904891070
739442722 762809491
661634302 679565273
959328919 992443360
848585019 875250897
792874582 816469871
509095898 517199256
741997227 761826821
892184358 918585569
879349346 904392229
816628205 838283019
953836312 980765348
883435637 905376140
921098941 943505486
841088222 860466326
933650196 956247841
932997032 955387465
881803556 901610771
928832478 949979375
974270830 994213806
971382184 990757368
739166540 752298726
807947038 822604566
858291290 873881572
977036735 993569240
955460134 971570093
810510471 821816683
960159729 973258606
696570540 705634763
951043219 960932822
875605680 884847260
968419952 977489496
769836329 778118103
966572631 973326210
958071568 964437763
933283733 939650569
754690952 761053250
668354365 674546568
732491171 738034071
690756493 696590187
918559998 922767791
756441162 759883179
990459886 989346166
862682120 861640832
718037587 719048317
669067991 671151688
784281680 782932253
815603165 812483098
996528705 986227102
800935813 797369197
765626542 763227120
815713545 811519876
589530064 593289112
955269720 945567130
879283647 872114208
571923677 576147047
842793042 836447805
993305518 980716267
790130882 785086110
990215216 976271126
724856855 721710544
895977680 885068611
990182821 974788118
935049755 921494098
712453497 709315065
721634150 717686777
965870449 949974747
933669887 918018952
867448693 853669006
839987665 827512317
993254373 971495954
619766408 619342744
978003574 955388733
943791064 921670754
673093706 668403781
734428970 724916494
743023608 732873662
681205091 675236411
782996083 769776710
927020917 903249243
857313807 838316719
997014409 965588037
964506390 934670645
895083045 870467361
651489713 645500323
929083986 899314483
686251566 676031000
875692077 847601405
972221122 934111064
935993888 901021852
702302612 688911562
947929567 910050985
690973740 677848861
836560095 806307447
867976885 833470544
844203462 810592617
895613569 855722942
744722353 721275435
842362537 806720747
741904738 718422522
963704913 912674649
952646647 901258267
848596101 809741150
955908728 902971142
552303258 551629797
966663772 910124611
796761855 762375467
831561212 791913808
644855882 631010859
718093223 693708459
843987972 801538353
963758096 903750130
779506929 745519789
833167012 791045711
790189632 752270781
659387107 639980442
886284729 830480926
992757116 919697736
940543237 875384939
676214203 653773301
797034842 755012889
855240700 803218051
776084602 736802177
953125247 884622236
823203427 775547147
809930423 764052496
895808793 834527879
915536548 850417808
921286387 852642808
896847238 832226678
987857143 906719282
915216936 846401580
922351747 852079816
603253742 590426638
869514115 807869484
910996307 840874891
539241539 537901807
992707917 905918379
978260754 894057810
673445692 645608218
880604945 812309677
639982029 618485029
778645873 729644384
729676637 689184868
869130144 799385406
950333415 863943050
817961118 758638343
966533843 876425456
853556203 785926551
887178272 810122737
895123219 814271723
647193769 620304895
972026857 872360976
779900724 722893116
998146362 889763261
889279296 805072422
741967023 691581726
614042844 592814712
842319933 767219719
863327136 782983597
767043703 708317436
696965629 655035803
677258592 639905324
896705075 805688207
917233522 820889072
682867150 643559437
686170362 645722671
686461495 645783937
736945763 683387597
798112237 728495445
951850783 843430387
990257629 872107855
753588614 694994521
787937128 719931106
627038610 599925065
662639336 626387442
974546877 858045585
772334677 706742224
864623833 773760731
621598701 594414630
974042215 851653271
817026825 736545904
893304751 791147712
854294565 760752518
640457383 605847371
834966946 744770004
560359162 548273743
703959281 650114162
745277213 678850930
886801207 778291084
870582805 766725676
743669964 675915600
880704910 771835809
837612823 740661946
973732347 835631380
762072140 687783356
861893163 756870557
958182272 823834662
701773110 645336447
990212527 845584637
980475944 838613673
981603522 839251684
667500995 621241324
657593759 614322317
891387201 776309875
732161695 665730876
776285354 696046910
998669643 847920175
904321848 782598050
788449189 702703746
987172249 838322608
943095272 807938064
924725515 793713359
970294664 823037515
689515831 632656662
659339380 612301473
790914204 699153197
862716286 745617379
622839757 586363754
991051309 830089828
618307133 583126958
883764495 758176413
897279674 766657788
963466066 810185403
916968908 778923706
883028518 755536183
979604611 818495044
742869225 663608482
882837207 754854816
590835667 564079124
997827810 829758441
593078473 565437667
986859115 821510598
854372297 735104063
729548924 653949512
687356789 625867717
801439039 699401022
937818458 787196941
665579677 611270241
664339119 610385507
965118934 803613489
885794092 752623470
720522226 646383458
846859534 727418231
822462373 711107390
975263660 806811335
506865766 509018965
990636419 815957651
825037107 710167529
729551991 648725061
776453087 677221282
659477595 604062374
732507771 649545159
962379936 792418515
720144714 641434495
976067735 800474550
866397341 732237585
647409712 596152040
565144015 545021920
535780505 526770237
972207081 797534488
772766412 673429342
638980880 590562144
994908590 808120540
873621407 732841580
927998458 764193952
887944519 739309225
846029196 713568575
987277376 798406244
771068406 667962244
827145153 701426347
799751005 684868690
965601276 782099791
664725432 602387642
837998729 704153931
579975607 551604729
925670547 754808611
669356834 603957802
830725710 698071311
938182275 759943340
992612027 789735092
803396315 679903324
947276302 763101422
542045313 528478665
554208193 535342993
648546519 589367585
599798755 561037677
823858058 688083782
661582735 595700658
643812538 585464290
844019703 698129701
906321010 732568693
945919117 753909275
589541513 554260011
633088360 578382551
964637258 759412599
785519603 659198038
958752462 752497283
773988697 649631226
982515614 760272613
918838231 726050427
619571391 566136006
755227890 636092760
860335413 689986787
955701504 738942038
763835654 639208390
749213614 630577177
886438450 700383390
685104254 597552083
819215171 665380320
995026363 753844150
903742423 707703585
845758028 676730696
807801525 656559253
948387082 726334257
729273911 616653438
946550079 722626475
760058091 630668950
802567525 650960105
784341064 641801039
963101380 726993129
741797624 620007792
874333778 681756548
943317108 714581755
884377923 684804975
737409235 615454597
922929723 700074171
812947468 648879763
728497212 608871411
860386113 669651293
900597228 686763918
931063553 699739618
838757677 657688772
660458229 576259456
947927719 706505733
989978368 725064488
886627093 677258872
861225800 665739310
681800966 584952655
753367876 616477679
876909942 671439772
931192404 695232117
894562651 678603994
978279639 714931025
977348621 711969712
935161380 693419443
868342400 663997307
621154018 555570543
813251555 638078458
800489705 632070657
902888868 675060996
947797757 694065564
805388055 633226611
976044363 705895412
986035930 709484799
774426452 619023701
944480717 690160785
833863520 642779334
827415564 639943779
717195186 593802233
866215463 655933900
894511098 667176825
945532462 687663067
812584852 631927305
908654260 671369190
689107039 580322300
905118730 668282192
885355452 660114485
813603380 630854893
947858620 685326701
830650515 637208603
854763502 646138944
874332853 652406428
777151164 613465310
759370360 606322201
925348980 672200876
749650399 602088051
987799279 696248652
635662380 556207697
949735765 679222168
854503157 640562504
795680747 617508171
600331730 541704087
937864850 671808084
561718404 526706072
751524134 599681282
775739403 608821323
808336052 621316620
800264020 617740217
992712052 691095228
634901723 554389923
684926748 573415637
999996105 692092252
821105386 624029741
825001347 625113630
775756899 606356764
630645257 551808009
926805815 662124276
681932585 570679754
987770775 683947574
926083813 660831038
997683953 687181535
961338766 672781198
858395628 634333716
883369904 642151882
765555138 599169801
765534054 599014049
943697914 663013234
908457392 650151615
906883211 649399980
974586776 673782859
766057009 597910325
535568225 515381649
848815319 626928969
897005079 643789405
748556592 590583494
566201372 526083761
825496901 617174144
741961335 587602384
681210956 565910240
687022194 567523987
761721622 593304393
992119013 672445098
859158790 622556232
569414921 525695700
634275809 547225778
830431051 611765276
812632964 605159651
908914815 636365954
538813681 515174425
841562472 613663861
924313363 639951445
761010740 585528952
715958413 570885329
822752319 604311251
863106722 616572237
647362726 548404640
963452324 644268304
927748805 632874974
813080520 596219819
831489042 601091127
634192028 542100159
874294234 612617279
928310632 628444267
590266843 528603749
665324932 550397602
684588088 555663942
585890634 527082282
784024065 583383507
955897021 632456747
621456984 536807997
690427807 556205529
716882471 563707124
879927931 609002352
903330377 614875892
985228449 637571999
753290058 572371615
809880116 587127729
855642149 598938630
830450168 591610281
958468849 626263503
964256991 627052034
577417989 522672744
875199213 601593788
820653926 586852923
840369685 590694249
838879418 589212330
778166276 572048295
963044173 618450305
960112784 616411803
738352793 560832610
943472068 608866023
846712172 584321859
678193801 544184458
647018990 536700784
609666520 527805585
782241162 568462209
909196496 596874455
965716978 607541814
961793156 605859959
610500709 526253216
819360637 572149094
671371992 538862011
929051038 594225663
957605619 600168690
779077959 561556540
846998509 574066550
975736422 600870856
756182151 554417917
930387185 589421631
937723216 589945102
772301548 556530607
825383605 565652638
904264666 578535105
848173224 567585132
678033583 535084459
804925068 558849196
896760738 575277125
849328446 565226250
808876498 557820802
799306893 555777496
900836426 570788109
825240696 557244877
767524971 546892002
792905262 550992872
972277081 580818602
935769359 573790190
967592643 578648911
980236578 579335280
614404052 519868883
685851055 530841667
792781095 545869188
827935475 550742910
979380233 573296668
983641710 573314570
947812570 567536829
967980677 570092827
985434314 572262408
925526925 563134827
924094005 562292048
848411608 550956186
940661701 563642979
531726973 505657996
983473078 568874994
982386718 568114914
977585496 566994635
984263004 567292044
915383541 556131671
612782988 515940557
780855964 537384741
744630295 532364326
916459580 553701757
841134591 542197583
758789391 532212223
669183540 521155166
766280622 532394541
949724271 553899257
911692836 546632637
724018155 525252457
838211080 537411381
697241995 521888290
651928625 516580633
950708542 545504103
991772237 549487355
998515007 550128621
870810729 537212968
565658371 507090019
876056492 535143441
873535855 534735425
975593186 540862377
744849251 520249018
894062332 531086211
861139593 527725015
958774780 533316916
946532208 532125903
962620679 533077225
631856827 509489204
948793961 530629849
800998232 520389332
828003428 521455050
593207626 506432994
605309090 507112011
873250320 523038698
779272678 517255227
787921420 515433953
833906076 517763981
827340956 516992260
699108651 510461429
927968439 521190510
914290536 520428693
942076256 520185643
890276339 515232373
944614086 517240396
689143164 507403503
768954833 510252444
638152834 505468029
688122813 507242110
838884703 512421702
792390969 509999640
825255553 510574096
642781273 504830555
984197964 515194381
902413324 511546565
886369981 510004573
910883859 509543929
980817261 510902655
841347074 506939996
974333228 508586609
753092436 504219785
937220571 506962322
800661753 504541055
785429350 504301999
828553800 503348095
923099442 503961330
938738210 503738689
970634427 502582747
840380032 501872176
992007174 499952139
755129570 499547526
785246558 498863691
940516991 497034250
944788398 496015929
874445789 496478129
938929829 492654617
646239853 497397526
936397627 491939447
999874200 490517122
913011660 490936189
656558538 496159868
674679402 495473832
754538876 493315202
743234792 493027808
857696190 489639023
984850720 485818319
997397419 485010186
937330095 486497870
654264400 494171414
700309420 492249202
809308062 487112686
626533386 493586101
877873624 480849895
522969732 498599779
658175799 491312541
828254441 481985130
695237900 489188023
639940825 492192771
741470362 486514297
991260748 472337653
986099073 472115401
847424766 477562232
974992160 468201918
698452558 486276677
676970313 487583594
744304392 482603584
880987789 472317912
916160190 469333501
696675780 484819936
873617494 471348424
927022035 466033151
856898244 471012399
918199198 466040977
947068379 463421635
810305572 473283639
894113567 465778203
822500276 470018725
947003763 456543307
701446728 479366518
900859210 459114962
815080431 467685485
756791843 473429610
895072537 459047583
987763103 448987374
886296104 459268248
594575307 489284519
968808669 448592282
623619678 485661140
988195587 445028909
715415139 475271138
997303364 443641877
874322484 456802376
745464245 471403856
754038831 470189590
682147587 477394853
921252453 448403180
967202290 441215607
618495434 484317069
915420057 445499531
694662314 472125462
719284701 468494081
555473068 491401310
903421223 441205720
878366527 443616439
999485669 424375188
944211262 432236981
945087062 428747024
680028156 470385589
736493273 461034003
763865277 456593633
661906534 472720316
887155526 435582203
772667441 453567830
840601124 441920236
962473811 421258463
917231658 427542335
955045219 421014707
812106883 445469478
847293127 439407842
954984443 420804138
952582972 420639660
948354562 421156907
993522893 410843144
947457274 418847260
780843792 448616797
903017553 426276917
781974911 447787639
733198177 456604587
889862659 427864277
626172511 475774312
942748721 415997463
967431790 409225182
633896931 472986475
858178559 429483735
920140229 417092651
957682700 409531081
635880902 471919943
807379589 436999278
995110162 398893803
700986845 458188713
719060686 454213646
976475186 401851405
914425875 414432416
667959879 464367932
842935016 428481345
785442473 438923283
942070172 405817483
985973394 395964223
836866927 426074182
886859894 414817563
721166508 450483810
827921827 426302575
758188722 441321908
925060543 404166771
876682379 414266403
660456873 462557076
624691266 469889580
581942434 479631830
644263003 465209326
844413770 417496510
626756086 468127726
914458530 396652163
918535533 394855833
984500352 378299483
989543979 376376503
811262725 420696638
854320464 409661926
967579660 378571986
957560653 380009152
936276012 385087363
785407763 424252320
677079483 452112663
742222841 434471362
536434675 488489783
905973643 388947311
902495673 388675792
839246931 405896585
614070497 467035490
915937128 384407407
868790429 397084494
942281852 375606436
911396331 382856620
922245160 379208400
820332270 407737374
881018000 390315394
872355206 392551712
977446686 362466103
881828792 389467061
765889522 422278455
958233513 367171556
936003633 372750571
941482960 370412623
871507131 390550018
594281993 470608981
777025881 416601833
846728961 394498995
879267319 383103709
797621102 407519395
997202027 346036656
657617557 449834997
884491735 380422656
970656568 353697548
863735555 386383263
937380783 363776939
876857224 381274830
915187032 369148998
583291830 471924880
879823564 378811063
718967772 428415862
961127790 349251009
965205680 346789581
756859489 413900069
764728473 410832356
552046920 480630132
829051142 388546617
954244768 346795740
992206489 333561255
821207926 389491062
985326258 333708727
671387234 439830684
921279409 353861687
988576297 329838060
761659368 407313518
797544948 394009187
777240775 400851030
932015740 345406742
787179951 395926868
994740544 318113805
968712854 326269799
996712048 314295200
701936534 422943541
852466929 367263869
739475287 408752713
687801238 427872468
963762630 325153926
961232295 325888618
790888677 388143472
705954518 419720212
768779775 395786218
601310559 459152339
976615888 317017564
780265964 391143287
671837857 432291659
813824090 378072136
653769444 437955997
812981335 376186627
765026857 394757656
934073983 329136271
952931216 321091134
814645581 374191815
781388099 387210944
959412202 316527452
961295646 313178621
635963500 442264605
913845673 329179822
645411159 438086168
686562031 421052269
791371794 378186935
985858863 297736853
827386722 362298733
598413287 456681121
923771065 319565770
781506200 378378826
949903369 306735659
701788048 411448099
988529980 288832605
841592003 351242332
993786034 286149580
698514282 412181743
890941330 329498369
982936796 288840723
927528298 312056144
751596923 388103840
722791285 400268674
704226723 408102555
893790368 325209830
887174429 327391060
721237179 400083834
711354407 404410876
854673400 341079252
912070973 313680235
860639988 336133331
735503774 391941924
683520360 414983890
594232204 454895008
677569153 417503050
965663187 288460097
797808385 363580859
517638388 489118760
987203095 277103857
962257471 285064080
717243645 397040357
733033873 389658134
927824990 299768894
675309962 415932540
879386934 320231843
954718110 285049747
539457202 478474812
824727602 344786914
982178090 269885718
678887693 412595192
814275935 348363755
822537229 343465267
936500362 288428393
908443149 301417858
994328306 259004839
906199720 300964655
832718670 336104005
874753185 315103633
887512714 308874031
901358445 302057855
857168709 322738750
902640064 298907035
634342613 430483284
869174734 314306433
784198114 356191951
806996813 344592151
994469110 251548570
862161995 316705024
928740582 282050398
874659494 308944414
892431231 299538017
962724450 263551786
546864023 472936820
745132714 372689572
882228996 299835338
727569048 378191641
997872910 236985259
838338112 320114175
876430361 297193267
856964729 306542926
873202782 297769982
899670882 283538575
714123968 380197738
857647646 302187375
972442777 238535747
984755919 231108611
954358089 247706459
684786266 395066658
869462305 293537867
674774107 400073764
960733076 242410331
801572901 329565779
968039926 235508845
799908830 328359786
936629846 251094546
998289607 216319850
841819454 302588888
955549530 237762300
903394541 266692774
769250574 342573800
840614453 301544243
945191724 241099442
995130971 212379019
943549460 241767459
787084179 330224583
926935854 249094737
916852992 254581112
723021143 366748749
524032547 482157643
749105125 350133859
857621473 286433271
784090890 328988966
604435408 434326338
754213323 345805317
969228795 217302816
855155490 284918101
956080730 224268767
877059966 270761379
800049227 316608861
905380557 253344625
640706391 411522509
911699926 248727033
659910041 399905747
928166367 238778151
998669686 196369225
919351393 243787012
601577823 434496559
814817046 305097358
905989088 249798699
720122748 362404933
643543955 408781020
578437403 448257154
746827187 345903965
872564381 269345820
904789768 246932515
894631255 251461413
889827849 252876391
798543825 309644802
850054949 274945802
964933207 202181440
678638529 382912213
869042565 262621194
783167963 315928450
924791323 225988415
924158028 225835346
924975852 224857451
763522449 327613973
971384466 193007156
869262700 258492728
982466441 185273615
909593312 230950356
597354061 432697316
777781254 314831202
993844489 173623625
730871525 344892275
731007694 344761189
948731826 202565812
822630306 284846698
676623524 379732188
946627845 202366996
951275627 198962761
866017638 254551484
966722104 186213894
979567381 175752880
736873798 337454880
584613848 438930574
840480498 266992421
953482105 191024615
735768622 336224421
677058712 375740483
687442751 368331945
917435164 211414262
926926372 204657416
826332611 272279844
831784219 267486389
950703196 185453892
891811382 225756201
983214568 159815191
884413172 228092786
866288003 239297403
951052149 180027705
743741729 324665282
814615546 274827155
701637497 353971756
994188007 148105140
749936263 318390491
767965200 305398314
882419742 224313485
746272010 320038366
915717214 199521182
885832401 220706623
748509257 318081985
888269553 218359612
777816160 296715002
965113892 162910848
755596843 312379019
667676269 375041201
769535447 301435797
656192021 382669425
594207080 427149020
953115785 168089693
579500323 437386718
928784427 183225073
876080397 221155760
973770939 149413776
827345557 253576287
770852346 295020081
829862757 250518195
990607909 131274544
886374935 207795644
855610192 228808198
749381038 307595967
853122100 229162134
856084471 226736521
913611706 182767204
943921625 159746253
952360855 152791739
668260682 367094330
963804748 141786338
888090065 197107672
884234971 197311215
967534859 132682528
750738708 300032836
685838486 350016825
888225560 192318964
816400325 247190415
921580037 164222379
755371087 293921242
729074585 314432719
984929623 111046699
824070984 238133638
986630585 106718630
981801592 108266538
955549515 129138873
695569909 337571172
954910041 129251611
952120647 130921194
762922958 283003812
995161130 96116619
827703908 230326337
971920097 113382762
836864990 222446736
925426975 149905738
923411023 150970042
725425479 311287638
985893647 98618696
844208978 213375130
852602225 206490110
774278693 270189133
669709577 354530476
758459753 280602217
873055829 185558362
666774351 356224232
683228596 342258318
670217744 352899438
629507252 386713093
959451033 111646172
864987972 190091730
729508452 302890366
780899481 259326243
961686783 107917089
692418471 333005185
815103671 229999689
888416261 167990347
653510464 365310520
938183380 126121077
947556334 115752119
725270166 303419315
904404886 151567933
606643616 403735071
953191721 108333321
522930373 474660239
573540493 431336217
785190126 249053006
964309240 94941264
722264169 302659492
677061308 341421359
986002358 74947566
924023656 128137918
677865762 340214028
768435948 261197024
822896747 213813922
999900133 59773836
956126670 97462188
603959846 403591329
799291752 232495597
567829917 434740885
899254374 144855818
757280270 268301630
593971510 411522459
978715305 73663935
906378943 136339164
859138420 177365592
987611398 62045373
919060533 122596684
966471410 79375942
614565097 390666758
730728464 284736383
762962208 255342741
548560556 449745444
670371030 338992047
862795384 164069267
657126665 350135958
987187417 46381428
653399829 352746189
842574730 177793371
671752095 333419407
744536100 265009693
714913646 291884396
822764500 190001526
891669812 123700898
813155018 197676384
913626366 101670451
964663901 53019116
883867910 129482973
858134480 153426421
876630824 135777845
693105387 310071586
895905337 117162365
720279262 283043584
580923647 415877900
857780293 150279970
767606381 235866927
829630288 175217336
856174507 149061331
836778931 165144072
931829005 71447264
708804694 289318127
875744735 124487832
951014124 49408581
803535925 194513080
647148045 348370939
757342568 238129465
653734728 340703538
841673192 153879089
758056948 236519790
777498097 217177096
721983115 271035254
782201913 210329780
626484826 366047016
929747025 61306921
889533294 101607815
921320723 69520591
804457211 186944022
654168988 337863977
801590547 188986652
926626898 62488400
553411208 439076451
955495672 30706461
590973576 400561437
739351644 248980129
717416609 270840211
754246876 231897844
897581955 84364888
739798279 246467347
806518129 177879366
954518103 25652302
949978067 30178634
935688220 42993251
681386900 305466998
722412221 262798476
703791706 280670116
960547338 12472676
798771987 180907628
866667577 108395405
886025525 88070910
949460072 20731528
651568185 332934188
837977060 135053650
932593326 34803287
883081366 85967803
805762843 167339582
826032364 144417185
944376849 17388893
559470953 428871956
841128881 125911615
951544423 6468423
763473753 208795238
860790358 103840666
888363139 73747864
781592850 187704455
623321923 358881431
749452871 222069176
897716580 60903268
918814958 37237653
664380834 313237123
922621415 30754340
591676076 392299435
733641193 235678707
740978874 227110379
934301645 14027998
733573575 234589810
753872160 211063993
824591196 132073100
842773978 111359994
825930954 129733422
765526958 196013539
722821136 243362478
729423814 235506122
624379895 352952568
764624909 195818104
914281641 26100830
626318793 350019926
892512934 49464728
916501469 22370854
930355949 3483059
736822972 222547824
539959387 446652447
684644221 281055645
851654066 90025221
705527021 257020618
607699232 368042261
826897764 115124031
653631870 314867075
811612952 131682447
863264274 71153991
759028648 191455685
847519825 88487407
867351433 62306505
724594271 228824936
842009886 90269054
598649189 375975301
909274922 10373846
607197451 365557920
760317285 184965376
857642278 69753361
701537047 253985650
586704513 389204294
663995229 297527963
732636369 216089421
705607727 248124225
542081780 441831344
894830291 22740368
907864490 6692140
789856744 144773665
892077557 21125189
892736055 19550101
839715383 81861043
583214470 391109542
673389122 281989824
565328908 412002493
898865784 5560482
802724551 122661139
669566855 284221398
714104576 229380397
806320236 115313133
700249972 244630625
781571864 144363627
886249916 14829410
839801467 70478041
717493864 221573948
842881376 65865613
569457125 405160389
741885797 190740164
827622930 83707319
858335402 44733559
883877267 12704811
809453408 105432153
877087845 19988915
735181447 196842073
788344676 128341451
693492114 246211325
858884766 36429177
676311919 267597409
762794575 157324135
705071554 230333377
810270886 96064502
590228025 376211171
653437168 295129184
816294419 85966344
820368791 78870330
876685205 5181559
856892996 30512937
709865092 219065049
818208633 78218169
820217187 75464506
840839049 47206177
537808452 441055797
686429302 244580753
797597254 96337803
776226049 123766290
838806753 40017282
734655291 178192095
781231481 115410460
790948585 101049393
852653375 17726391
631662930 314078065
697083457 226001990
614561275 336774607
775852717 119277768
810163628 72538840
702894964 216450482
745978958 157602904
796279432 87608534
795718539 87095480
753124733 142582675
837423903 26403125
624127506 319756560
836709993 26567341
542949610 430965491
744855298 150614717
760193363 128499995
792990785 82850634
702122594 209234492
824266615 39119699
676370691 244568133
806108900 62246272
721665906 178900561
804963880 60348921
767530383 111032583
661322748 260759603
695005792 212123566
796394798 67255660
530758319 446205718
718885379 177552652
691311406 216688485
771429123 98886963
826604721 18084732
784587760 77435799
834652989 4821904
808598513 41592304
643782872 280797728
579411250 374421634
748156499 128867609
594076661 352946534
566802564 392567171
752360051 121692084
777082945 85488012
596257761 349220844
823150618 16763746
685878464 215869696
649330854 269706138
767966069 94815607
813308065 24778846
824508074 7190336
759308908 103887598
752136483 114362102
799759373 43361134
556843658 404899430
780453417 68676034
824580899 2008717
546965017 419035603
767437531 87346834
581246193 367337611
573567983 378244490
791174523 48219812
734886235 128778107
606053251 326410778
604909483 327740324
812075935 4680400
661700387 235750137
765939852 72368566
713578660 154319349
803366832 12500327
608383145 318814819
795702702 23258705
803214601 8826585
737647281 110751779
776971044 41641330
556994269 396750448
717822624 133924217
777424181 35037690
736938663 100180082
737720979 97541429
558477161 392391696
577588867 360771839
677872830 194407433
661796440 220026248
616082822 295639673
698627117 155904763
624108314 280467910
786052354 6672139
736916562 88937044
616833841 291298377
526962538 442769033
744700028 74964683
779695210 13796001
673368559 193164126
703563215 140952629
683426364 174111090
714504740 120221220
688503214 163677610
590514536 331517445
726212040 96084475
726500003 94172107
740237729 67940376
675770761 178079831
638821112 241337285
662169894 197907891
724517692 85156613
527144453 438785451
709756817 108998646
723636637 83234264
640189503 233709878
746874182 40119593
696184288 131231212
721992925 83287097
666070724 184293446
736073876 53175720
645864910 217784467
575967191 346832858
738520156 46451837
575238947 347964304
741133042 39760382
553085877 388289922
730727763 56417544
729766469 57170717
530728278 429471490
675436257 154756134
701344521 105419809
726590359 57339828
688776706 128915272
611351381 275425544
685854067 132892183
584210101 326381197
560264950 371868858
715121360 71079578
618734571 256966302
719823364 61241370
737991372 20795567
740837026 14278030
642914342 205642276
711987523 68460944
720353731 47980353
639249493 208080057
742436934 1642845
534621916 416716744
663397324 158721254
577773120 330148897
738084918 7276752
687072055 108007683
599775308 283952794
618122179 246061753
691652066 94803436
704693868 66249505
592999924 294609689
697038102 79137552
536673369 409211508
593101397 291653522
639834945 192430536
698968760 68277087
555624628 368449901
694124445 77038426
728403569 3257670
687689303 88539534
548658794 382180012
719073754 15117460
720170258 8659581
621258898 220185212
669240364 115042339
659747595 134597668
639581731 176933614
631722775 192366241
636299807 181082166
617849376 220477729
617787577 218499031
529971645 416250036
627802853 193737484
681496018 68271306
654863076 129213662
609317758 231576813
695497588 31742346
682014247 62324564
643917695 150326091
561737713 340581372
658542753 115717573
693890051 27190454
690797576 34219059
702096226 5068699
635651405 161364414
655541621 113993592
647931208 130745428
697291187 8951764
653979081 112293932
685878578 34640688
694272056 13097136
565664809 322912669
578405370 291690774
578978822 289970149
631657736 160593237
595777130 248035334
657660428 95749957
685941499 24161044
654392463 100083919
689023313 11155786
632796005 150411352
691632567 2951327
646420335 115639781
619218908 183245858
564777520 319623310
636434553 139034721
559901272 330330576
642334765 112784082
634275361 133121126
564110982 314740824
546883708 357165154
553381075 339797280
656580752 64353730
613773279 177952623
612498030 180862025
613097497 177599894
619720873 159397317
628409049 135086903
563265293 309767384
641123773 98861495
668731286 22677903
670940784 14257805
611018661 177512835
526144619 409437947
624336719 136863980
662737803 29896742
614549878 163252601
624621922 135084506
638649703 95505298
632265595 111710751
667464001 13077075
632267293 109488929
532514868 387934281
630356479 103639820
596724784 198539267
647247276 48848039
622841539 116420225
659160747 8498400
573583368 260680441
576968746 247637158
637616673 64492392
610908442 144803081
546798619 336851474
624371563 101278371
571782327 260156540
645141860 36668176
605813973 156346484
623624509 99388921
637276247 55724969
573064128 252296176
591825085 194115213
642975773 34061620
650231405 8200650
640891304 35615206
590101044 192442490
627018459 74217571
636324238 40278045
645004799 4274396
506379879 456378345
636686123 27181891
598771060 151410195
586666005 188394623
636210039 22829976
581489394 201957578
563086077 263057100
634779802 20625357
531934481 367726612
586408388 181492484
583138548 191475034
581438979 196891453
564142983 252161471
599403948 128692284
613036812 75703511
556902146 273642195
572239766 218383723
624926083 16329813
612009037 59920365
587010930 150715571
524793066 381128097
613617602 46972152
605890966 75349741
561932658 232447456
606243900 60109010
618626642 9621974
616553758 9428053
547119418 278934043
543068466 290999063
585453385 112605034
519287791 389391074
602335360 38497450
594099859 70253375
596026157 58154756
551920822 246993858
601956832 29822275
501520590 463202612
599660637 33753136
525518235 357073600
558318200 205762711
602756896 4916191
579765387 106294709
563879731 177924512
558372365 198690457
598038388 14892950
567812582 153330320
570713507 137998001
556637558 197414401
571026295 126465638
546802628 239539055
589435682 31665765
544714740 247815452
527649851 330196982
575220397 96923664
586654203 37591685
588665537 17778861
569598957 111448671
525610884 332213400
572421359 86636134
553132902 182229172
526053071 321820155
578370295 36551466
536985848 255619565
539366949 235854952
551910605 155035477
568640542 56162845
574310597 20140936
512605911 381494479
535217582 243269231
521755013 324466901
543874072 189155613
527815175 286279016
570984037 15606479
568524573 27714633
547940736 149618811
538911704 202705902
517701354 336014986
547258938 139296178
566342227 10249519
518227266 322999460
538245315 181170183
561111091 10374297
558769429 24000922
540851429 148279174
527036737 247027695
555613285 33240104
551573137 61512212
514736594 337007294
550280371 69234109
508750411 377751155
529717919 208766769
501193346 434346333
544786973 77060090
543973234 66892714
520634342 261118565
529525039 176670703
530626309 163784303
516584056 287987492
541612000 63041646
500800528 428968565
537376803 80016561
534252821 101141459
514247242 291875663
538282847 44584845
520190528 219586015
526340561 138915690
538027522 10644706
518677102 219778906
535212018 37232516
531744880 61509683
524537001 138250652
529226565 82640140
529203651 73831423
515621690 231282394
498318143 435719503
512406454 263088020
525362067 100735532
522715963 113766690
514588770 215410028
518363135 164891350
512151946 246749439
520425502 135938993
498629141 424533443
506274673 320957330
495419156 466491609
529377355 992571
524157083 71185627
526267939 40221093
497029499 443731149
505491954 326322521
496198510 454524626
520258230 92613006
514178259 177418502
519623788 78978048
520558855 61822224
509920938 228193557
503752690 325406390
519633948 67903388
507576460 261513367
510437202 203249395
518557656 28662971
515171099 78023985
518607432 229009
498241385 388867377
511515140 83910658
511220208 71518235
511460749 23983915
500527434 303608283
508357797 94510896
508089263 98000500
504610977 186165227
501991103 251500381
508753511 42225101
506985164 68002988
500124793 253878426
494309060 452142726
506179718 22726271
499913512 222941731
500151904 209328902
502106187 110063334
502478569 82154351
503727018 19427934
502153061 81309256
494484467 420790749
496054824 338395321
497311715 225074481
497760241 118652274
498260596 14666341
494326954 372533780
495106379 206939022
495821575 48231593
494036628 168412815
492489796 48292416
492828042 465708349
490295015 9124247
491444218 340052453
490873823 289611280
489671238 248299559
488109460 172432686
485483470 78529154
484736216 56838978
482800950 58374580
482090068 58361066
480713786 21733505
479979095 42409064
477611418 18106146
484770576 273626992
487069926 337443035
487306315 351505338
476454933 76805483
474256952 51770735
481797819 235531243
475622455 89936213
473103109 40294948
477572385 146422215
479740650 203483335
471414105 17086669
486938951 365276213
472273235 45992448
487113404 374715802
474017402 96702852
473581579 95837699
478552103 218882965
478016896 238656300
465176769 18914165
488153440 418236249
469528457 104576322
472298121 152816286
484840043 366630971
475791991 222209965
461857186 11290923
472341593 177944904
466920436 95638954
471684998 178203574
470824894 179773655
465982154 115391001
465069019 106822484
474241856 239768882
458679916 23561659
468225821 160795917
471296970 203581012
463509922 99130658
460898636 93561386
459652473 90327448
483256093 382110881
455784659 49575598
455019421 49650041
451653929 12808357
456615861 82224977
461177116 139560834
460531483 142208288
456666860 101113557
451295993 50863769
454015025 86429896
456585441 116944390
472728404 289771039
450625362 62623490
458154088 154557737
445436218 31747109
470294843 280257846
446644465 52018228
465724952 245039833
463420712 223617521
449914157 110240834
440457254 27248775
441016571 34659991
447993527 101229436
477201111 361351163
442776166 59789036
467379067 283261409
469507918 307008960
435334196 28126695
461863452 255459330
446821277 146140667
442827957 121970074
434262166 66541892
467370685 313143746
457529628 241834850
431311145 57624673
459198280 258233770
476057984 380779771
428843136 47666351
477112478 389270444
430690404 72545183
465987413 315472199
426655389 47147191
444136805 168229615
456328373 263045711
453654794 248832286
463353164 312426437
420314048 41961651
467811636 342018102
419379106 37390028
428603517 102091390
468576987 351721516
442484765 195697090
432460935 139666784
450717421 255167281
452719910 267036259
468522301 359648726
455000525 282608450
462500152 328949470
429218426 142100140
425347137 122680142
411698490 50170735
405342390 15845014
455548832 295763675
447051783 252628986
446921298 251930226
478908165 425104137
425774969 141537125
405656315 36083267
447715814 271327211
438776061 229342853
401659959 47298716
402788752 65229047
393872228 28852589
400415117 61225845
469401730 388823668
454200019 317245928
480709326 442646911
410519241 115729141
430607885 215819930
426963454 200220618
400195441 84647347
462008892 362017960
402642105 99885997
440893402 269602811
464354683 373711283
381514070 7775294
408746009 132500268
402176544 104471186
390593882 55487464
422938592 197126832
410320880 142820224
378105215 3909527
439481636 269287603
389602343 56121045
395838696 90252945
394570867 87542133
409305334 149640363
379251194 24339803
443223231 293673970
399183068 113090967
409611628 160535767
462491168 376545204
399986502 123575573
441200585 293797360
377900724 47467704
393026843 108662598
394181884 115317392
420698213 220733527
377311770 60692950
432053464 270003157
376883103 63306904
413904843 203347039
377164406 67646993
375474534 63891099
375209227 65736802
370243587 52770423
368117814 49292234
376971268 93012132
393448987 151021014
399420806 173011522
464203579 400464433
350680160 7148125
386253977 132177744
351844853 16089584
414953510 235612970
439046672 320004897
370544825 94289266
368497050 87569741
419800662 258846604
365912695 81604613
362007799 74183972
360354372 75661725
430717392 301453609
409763081 234613747
446675300 352685521
354153260 63093643
381925026 156894685
380704988 153343002
384015818 163790580
413301686 255737957
387835143 178384617
362574029 102762844
342422535 41657863
371946916 131987272
337314183 33729529
329579637 11873691
334699731 33783965
333669088 31150820
398436962 226706050
402892682 240873524
362597616 126117796
364843910 134394492
393966643 219171553
410870497 267236721
416859492 287964037
384553983 197920064
379831431 190127836
364685594 148651234
440174510 355571242
324759876 42738756
345712995 102235183
365370161 155529215
405672355 265412998
443190630 366457508
319759405 34853875
474931124 451767585
324526487 48101945
328760240 61562620
317886821 32994805
392672147 234145815
368381325 170155878
372108110 181294210
464172200 425015023
306692445 17597729
344883977 117906163
401351846 263719812
386552512 226350622
331475635 85439146
323510328 66564396
338448231 106471776
297382192 2392361
402509220 270094839
370024013 187574945
387123421 231738632
296409447 6717248
340819372 120063049
387855486 237747980
358068410 163755965
328429477 94771317
297486121 20848355
312974210 64569476
297454823 27621260
302705715 40629556
348749699 154130738
355424262 171402618
377262408 227443768
352379874 169869888
325861292 110331915
329717293 120848084
382479940 243880358
343433983 154344535
311198626 79900242
349192173 167787697
354754681 182374180
393899682 274018578
323361137 113887374
383040974 250635071
316381115 100188882
308739902 84286588
375009949 233936375
453759166 411768515
467364078 443123749
369229888 228635348
359313230 207704604
265774841 5218169
280408675 38211832
293360056 69573030
393803357 287199228
324348441 139570383
404521062 311188661
397722132 296693723
281698030 49773873
292349369 72756376
421343687 348393157
386951601 275570747
380583508 263140044
379361286 260990786
386740600 276711102
300825705 98126222
289783552 76160303
368449691 240450609
388391009 283797433
283369694 68034335
267807200 36205902
341988810 195640684
261748117 35570986
278130210 71994936
297590554 110917865
246607074 13612450
402644384 321846541
261060590 44546920
285696385 93979213
397126233 312648444
359863322 240030702
256290164 41001208
254801264 38426820
304482335 135507540
306579482 139814794
264256079 59273548
244610873 23486973
247018602 29106629
364665497 254708600
240518161 19474594
425004340 371547787
289759582 116066805
321082976 175873497
355385950 241931816
336713845 207053130
243245311 34792796
277564709 101374376
264693248 78285622
252543561 56037232
283240246 114686576
358667593 254067695
379968120 293900744
363773850 265400946
467939658 454787891
298234388 150142105
258592066 79792715
313258979 178228504
292343503 143617843
365765618 274352940
349539521 246379963
246704378 66134368
432756257 394101002
336882832 225816419
388557063 319066233
405095157 348117838
252578131 85051531
350542482 254386061
463628418 449594267
253398507 87554988
220545555 32831185
217160800 27983078
326426592 218650061
273999467 131576017
217225358 36115019
312030750 196049762
214215773 33560420
239872834 77194499
392548456 334682388
361311945 283237954
372178120 301592749
362142853 286354513
187769733 1492354
340456813 251031715
372879805 304948247
411062028 367244457
317918955 216172207
196524296 25202006
326130690 232879598
220306300 64789297
216677820 62342397
403383455 358371241
236251116 95192003
448859125 431260606
369922441 308233600
254476996 128659585
329270017 246325567
228996447 92883315
249157583 124222818
200587797 49653276
247725120 126452906
191147508 42745787
365312929 307534152
222494001 97125530
199577010 64936221
160070959 8949110
247797298 138642507
172235521 27464536
178648440 37279777
380764155 335060150
339163875 274193400
288304884 200916286
160155919 14074934
307748310 230147992
153518550 5505134
188999561 59185760
356729566 302869279
208037358 87582272
451514255 440225703
320512244 250836812
237004990 131410914
211029522 94058853
217164922 104446551
265172634 174160089
340701817 283705524
455514025 447155378
332899486 274040595
265639425 179405145
294663610 220380732
350698829 300014081
431589108 413977234
152214839 21572887
400632094 370630004
188844568 73517709
245135601 152559149
200532616 90478945
187066293 76622397
218066649 120319306
146588518 21801586
212966478 114851766
358815309 316384538
376345431 340415783
268928084 193581353
148494116 29136063
130363841 6057011
271629512 199070644
161892688 52934750
442063591 431447972
350827172 308397907
324254438 272820852
279877024 213066471
355721629 316111065
125514894 8454900
373029766 339872483
164139156 62354451
191315892 99614809
242156007 167763024
167696378 69860041
126817397 15896470
190238832 99795375
131213483 22726489
156825394 57391956
233054425 158125652
245101961 174847395
241257681 171106492
162031923 68862205
113077481 5142223
274258497 215371715
198969246 117419465
190020177 108003765
375386666 348097273
288262433 235984615
158341939 69592383
297548406 249451432
414600277 399654643
284773119 233094550
293083534 245929610
125830890 33328654
293093858 246125009
300679719 255818143
273296229 221846958
142524126 56161353
183845424 110349064
150871662 68843725
177890160 103919944
100450867 7737917
105271760 14480671
355319883 327861155
371224003 348047231
479236597 483040339
406300066 392340331
393134634 376039989
162919451 90146411
314283511 278255047
114861502 32251420
333412266 303197271
118936416 38534751
199957837 139384609
266236631 222322476
230367233 178658031
188091847 127841594
254415118 208936535
127497745 55075374
146684589 79475492
142942050 76941332
156763397 94171362
276323961 238904972
145485192 82122809
174054045 116991239
294273696 262338312
172720257 118183587
289012124 257627808
355700894 337221207
282180735 251172747
107324011 45047249
104212206 41706793
461105870 462637706
363038470 347037056
134409643 77914086
261952003 228176250
267824463 236354105
418278787 412832572
137327304 84522231
152371833 102460462
65325976 1148341
91083628 32116575
295369045 271364330
234340207 201195587
72615174 15869684
206146129 169817337
252284686 223217824
271302296 245561973
163304885 121534453
243505715 214029418
325421452 308108191
210751176 177220377
198648914 163774395
130245911 87743957
189896625 157289649
187115885 155751075
116605023 76400926
281795356 263246738
84095251 41587129
233340312 209270546
56920663 11945377
217938886 192305278
81024778 39078968
54529099 9686513
220859430 196354544
51545192 7821023
141095311 107855220
247342059 226518011
284931186 268434643
350078475 341204739
101376420 65190030
75603414 36693799
209655513 187650835
100997570 68981241
134733035 106279057
212222201 191609878
66567318 32404859
105500056 77060173
340410665 333851085
126962406 102147778
183704824 164190778
71378667 45924279
220637937 206873312
224752636 211738414
112356301 91584261
80914733 58155375
295974278 289057071
271240691 262574998
27450115 1415396
275290486 267223275
171568566 157464136
112769165 95107128
93397547 76164996
144632882 130912644
332661178 330629016
281536619 276829147
19161944 362541
133403867 121283391
155837936 145051215
19088120 3314212
309764625 308641807
300625687 300400504
257188000 255872423
45900204 37111985
448069726 453726594
101122201 94687825
61888160 54303410
81687263 76121458
168020366 165358123
279136139 279958681
147635896 146032479
333418281 336703547
9908758 5267658
3881144 2219899
208697936 211211689
345516397 350505030
694786 742222
19923908 20594018
21908196 24024813
132863976 137115584
4257353 7510409
161529144 167006074
5710661 10510017
59985678 65444316
164040679 169953818
194965237 201424903
48754975 54934067
235179780 242880529
324320024 332575097
35391863 45715238
129757197 140044757
302178442 311266491
42645789 55361189
237432526 248197576
303647257 313651517
292691760 303332177
131243001 145564821
136372737 150648987
147228160 161532860
338957878 349780405
221893568 236061678
180697363 196284042
64789726 83742019
89944414 108310990
191177925 206919408
215287360 230992495
251391549 266300634
23471668 45909784
102718495 122771486
413489137 423359970
17970412 41330862
205064788 222225761
6946148 32161454
74653278 98893040
132626503 155590937
66151478 93337264
258564753 277043102
135496673 160328673
163374018 187628283
170081110 195371933
274940269 295709455
241549640 265387621
69579171 107446796
279478276 302796642
181077251 212728074
326011551 346669665
151278183 186130856
15069297 61941037
228743506 257923575
79282928 121070203
164744047 199756971
23495310 71072445
44542880 90755407
47252594 94203336
381671662 398913892
89609073 134518456
350226077 371549610
216488212 251024608
219615387 254555405
30945867 85106128
191693236 229713338
7413011 64474273
270698594 300889847
193040131 232591191
232098313 267830501
87945001 140254210
72375818 126811052
12554024 74832865
217610556 256658314
136177619 185187598
96177473 149905975
291850781 323944070
78991289 137648038
182661175 228709864
102412046 159304571
71012713 132173364
239760055 279722234
271704639 307791074
425424218 441609414
30783216 100055196
184242718 232985739
359391241 384733802
82089378 145184185
184646225 234194818
337605344 366295713
294870768 329982481
322375616 354184918
89704614 155446136
313973053 347859332
305522277 341502704
118344176 183083909
3842589 86369073
153829526 213961025
83193989 154613921
74560451 149515970
14287420 99094671
238820648 287529436
240775683 289762936
29311396 114174605
20500218 108339975
32321828 119787453
158491090 224671996
188839517 249916548
48031949 135385016
57447047 144459511
238045894 293506880
364692404 396318305
326901146 365874785
122955928 201570038
179374892 247566022
113379450 197189851
135285609 215525899
25638960 128516733
114756797 199618557
19231345 125997971
111147630 201210533
30150158 138085120
178952794 255447542
295201139 347063286
235739277 301561613
10047996 128287568
75111268 179200127
272733773 331343167
168335386 251692732
117508888 213557578
134700035 227008765
54467543 165864506
221314155 293242246
45638376 159966651
39345048 155505990
228975479 299716553
219063209 292453775
228398949 299791096
123099983 220689133
331255474 378011905
277182404 337545359
40669241 160740036
432665291 455023633
255227802 322778179
225042406 300568417
184042945 273171537
65053624 186717000
272225254 338501564
172525540 265661737
172842534 266000224
59739789 183566754
58435180 183440826
324040757 377371361
13105286 152130374
246406295 321496967
348391455 395616001
364917904 407835408
143097803 248412452
93298243 213358101
273285436 342740993
159036966 260937372
160171398 262013245
189400907 283305300
13532706 158118946
126709768 239133909
273000648 344217831
273440746 344963565
37366383 178911254
35305291 178373783
194927723 291678135
171109580 275191923
132947594 249000135
276966872 349518858
50584395 192746985
113998274 236968459
353169448 403601761
235779037 322535169
235284492 323126747
13476834 171205669
173283190 281423079
310129200 375980155
78083188 220159169
438993274 463783273
19681194 181426202
186198847 294276432
45068545 201040421
100126846 238946513
113599218 248220022
176890443 290843478
60007665 214286390
115254391 251499153
230916649 327687482
106765738 246188844
1583026 177488449
340434804 400078592
53534202 213836776
329425042 393792683
103568571 247201601
21278408 194290641
7247271 185599386
50496146 214080681
131933273 266855151
226137719 327895713
250148181 343554655
23709513 197778608
130286305 267098923
152362832 282015862
57698407 221453113
61672421 224714059
24394581 201921016
85185650 241107976
19324655 201035336
104421213 255098884
117110093 264648763
40787617 217166239
35023158 213637058
302609307 381153245
78998686 242889313
359620697 417326515
4559652 197993385
140263533 282429257
207255774 324077206
280749085 369738284
69476836 241237960
348274322 411779202
395526441 440726980
99645729 260194389
274013076 366870286
223422016 337007405
5375578 206037224
201417982 324455588
150462231 294238589
109401782 269944755
6727264 208387159
79625713 252276335
71003862 247146569
459347158 480042080
25055162 219798649
126726702 282121564
60625857 242953463
260517297 362020447
106361451 270585588
180763855 316269472
36698160 232877523
56235414 248697700
348120316 416869448
468468369 486097567
3297978 218651199
99026362 273711211
249848834 360475466
268370185 371479099
13017569 227036850
11688293 226631430
113311031 284618181
269424184 373745186
25567340 237359082
161040536 313955286
138993665 302808849
124439436 294765268
10921095 231488507
94299952 278017745
381368461 438171751
413253009 455898166
253492064 367156782
41437817 249783980
350005664 420953223
191793681 333315733
8912974 233158307
24949549 242450663
79066009 272653932
14119660 237041021
135284918 303825546
345479936 420542500
285757728 388355072
204990061 344831314
79520596 277546430
320983571 408126380
189005108 337824248
329319653 412980240
149737966 317313654
30089753 254314282
348732577 423687429
363084542 431520530
318118430 407830253
68164871 275931150
47154200 265006528
130542295 310104608
137372627 315067711
311301914 405616324
78529970 284908768
181919951 338683920
358337759 430333494
110220782 301942478
101025463 297266709
37891284 264634694
94651547 294709386
80309485 287379860
320028308 411041235
180725773 339263520
49665549 271801452
205368249 353518510
97893353 299121980
125561465 313411445
354723842 429956845
27700411 264111715
15335178 257866859
320023573 412466558
61543142 281481811
131885080 319596991
424299962 465869010
281333010 394493411
127777153 317864650
98374277 303574050
77312117 293206682
162612421 336357056
85985571 298528588
440316385 474105387
207662676 359889173
476703737 492245528
56489281 287811935
316730955 414951494
129058189 324294517
297763853 406066806
288686345 402073189
97490664 310470935
34370904 280530128
38138543 284468433
146480571 336885200
96635782 313832249
421568 268693047
237055159 380145568
448763232 479485048
303305615 411757579
304515972 412411402
157343699 344514858
271819139 397667228
243644404 385482286
89248985 316020784
240134137 384946257
265308697 396938550
84427106 315363922
5951006 281039371
138852505 340936956
2096541 280267074
29148488 293948771
198654845 369718118
124032351 337423704
94886640 324977194
84389005 320535182
158982493 354684232
62725720 317679431
296336900 417503527
24858596 303634144
30211290 306052031
231923155 391271825
5118857 299262789
87647546 333301786
173794975 369189952
147209981 358489369
118478260 346959651
39115556 315675916
237974645 397308950
329749760 434360767
248152107 401792508
116560935 349706960
188743440 378631248
144778772 361163498
182969249 376822671
86506285 338947045
6070268 307055103
118824359 352512296
41987972 323752281
237043645 400387258
149370836 367240909
127820355 359791712
195134921 386595805
194122219 387164003
379191571 457367303
69033662 340687134
377025211 456931905
259510511 413652006
370582245 454871684
183218044 386213194
193477710 390430300
162870725 379625250
60113396 343707445
236562699 407570952
343547683 446262546
265791067 419555923
87978355 356949361
184415855 392789304
377200236 459891864
82759514 357623322
145492056 379810090
143071872 379230582
268550504 422937224
94163018 363423189
200025557 399757129
312027196 439497455
24334287 343219004
2409602 338755994
167821981 394009714
214144523 409218541
61231039 361721402
117785296 380434098
162490356 395452990
56274270 362762915
12465254 349306258
107236114 379066634
270453278 431245274
378309651 465184981
15855527 354924095
86029041 376698438
223616389 419170099
56190079 369045097
287619798 439009969
338869652 454905473
107650353 387368564
67477672 377044278
152785539 402610522
74268403 381108858
57014554 376982372
198485949 418003197
424191213 481070741
49922958 377567875
102441302 392659980
32017929 373332438
120016208 398466651
196028521 419312739
167994331 413221177
52820940 384705720
47404686 384540975
359715566 465603233
293044341 448451133
72926056 391648494
357774138 465535318
11874768 378243601
19784792 380399747
125256141 407250119
25405317 382322316
114436038 405251389
293465916 450481310
105337322 405628091
232981 380318423
168068512 421908156
26376378 388323705
233443386 440154141
141563006 420061871
21104949 394249198
316004394 461461797
51328011 404398893
89537563 412733899
53546115 405487703
421302169 484770847
19329090 399314663
224356008 443363617
285763957 456686922
1092501 397783628
41460469 408419246
203233050 441428780
102839670 422732570
234017407 449139547
365496473 475340481
289488765 461066334
220461113 448427319
15383138 409935691
120415038 429989565
42180222 416012095
163113074 439093923
8924693 410924094
35935433 416517136
9526144 411992159
34578703 416602928
246085590 455888875
356445335 475835257
180394330 444643582
74495575 426338792
308517927 467764341
14619952 416709698
87966569 430985978
163424386 443993217
83480268 430758813
101656626 435065831
60052146 429263020
180784350 449543662
185041325 450634392
213277165 455469309
2581133 422728810
200345488 454671897
144062873 445953192
351836783 478386641
318610964 474073670
164563549 451005313
191479112 455290995
162541549 451545081
357864326 480329462
78787406 440379132
218191054 461404605
81811407 442323838
145399483 451648015
15073478 434305210
97310806 446922925
93388264 447007408
78797045 446702882
24051553 440899240
82858822 450970541
184412322 463183632
213086093 467293370
60424022 449716339
165828744 463531774
133111051 460808727
146881069 462464858
174393516 465884450
10660282 448366290
230991978 472126743
48649003 452968500
143597013 463460576
283420791 478210819
260071313 476006475
122636968 462469297
224205723 473188199
260321759 477039352
22762106 454263779
145610369 467820119
35538037 462238678
340341669 487571700
98019352 469476441
121126883 471977634
307747048 486317144
229436987 480877270
919449 467411318
475681537 499036807
68314581 472442936
405224970 494493953
382710182 493198718
214665731 482586093
453376912 497680298
61613563 475042260
152288671 480419576
54873928 476326747
1473139 474776076
97482870 480096127
192315135 484978517
8126688 475807520
2588533 478810887
448965433 498369053
94001249 484644421
119400513 487127722
14455869 486900959
359678966 496777461
138243226 491173411
242748851 494039890
291527099 496852406
142475806 495747950
73522488 495206732
201841004 496805475
266520538 500125409
257476682 500394277
227458383 502840389
90066468 504595253
23553838 505648466
40501825 505692530
141324957 504490216
260113785 503089610
127426428 504803173
134395663 505434405
355373089 502385293
45325128 507642659
100620272 507610452
182851215 506352178
236054524 505387844
70751777 510533637
137147340 509684583
94724167 511932266
234523377 507845424
61651845 514446212
198784591 510136353
152050177 512308465
153774891 512358324
101835521 516543195
131713153 516213094
39133474 521631157
53359805 521101908
17089549 523136444
99826616 519894108
279578151 511174495
115293890 520146749
133912578 520479927
149695578 521990551
125912307 523806347
17126638 531431333
47875581 529523854
169406720 521595231
257620285 515888575
267227346 515272501
4112617 533221923
323859214 511934441
268641030 517039649
44709037 534073494
92987027 530975658
119727324 529498382
143089694 528612157
12577555 539307962
110804302 531584719
48617337 536708167
63347570 537575136
23254100 541596176
249740007 521773447
4960713 545185396
173885921 529776588
114766626 536019414
91983968 538876377
17183612 546233011
2282516 548310114
177052153 531265160
127537098 536158769
61179555 542939825
113311325 538147545
132893029 536302517
31602613 548317147
241965060 527299449
24450373 550817901
61339437 547431992
300802324 523150584
64200433 552962321
14801605 560906750
35297632 558378618
24326712 560819568
49999673 557891966
226108354 535491653
307115546 524903980
36177108 561719696
122414840 550263458
333878222 521989024
105276907 553604761
51067271 564010837
289415230 529855996
56169133 564198246
109026588 556994357
385493813 516425465
214797511 542325794
76557431 564253097
85009410 563524799
57634197 568955507
379357015 518157423
56380341 570338302
125435350 560837938
65178853 571091008
141995527 558475874
317346462 529730045
17596286 580346668
166392129 556776317
23039808 584110056
146328505 562616183
18842422 585770853
180253740 557142679
29635886 584733951
144548306 563988902
275932689 540718379
202047268 554576125
74674966 579694216
138615927 568028281
19534578 591829268
109988456 575631239
289373849 540556807
231721160 552049846
8558240 596405199
286041113 541991304
237774689 552097302
329767700 533935723
307670113 538849113
64258088 590124141
68778743 590366036
194358565 564220524
38994697 600746239
146681617 577060252
62023490 599781090
73339513 597257986
30467691 607580603
333450879 537385011
109952559 590905453
181394507 574180452
200219410 571151803
136069539 586725118
436497543 513955115
202938000 570957576
170036782 579359581
8048042 620453137
116756834 593493831
63597124 607661716
8016892 623676716
57257563 612205912
103936079 601753913
62625405 613210413
135201572 597848691
348239635 540096779
194676778 583010213
23664442 631784148
254822957 567249564
327436408 546858458
410418389 523614789
82322167 616852008
260694041 568316913
46226404 632024001
58669317 628456956
9933597 642923228
255085453 570880614
258203399 570097060
19446506 641464045
191626289 590259552
62654742 629896806
81256351 624331083
345425262 544723220
79943629 626243593
256418956 573597512
360977641 541428775
7340150 652349410
88216585 628682060
158665179 606757903
7360565 655077945
49859527 641853011
284618305 567134010
916191 658321603
69992301 637981632
2178284 660290567
158939176 609436261
245056377 582425575
215080885 593737037
145040121 617449552
79014152 639785475
95982093 634167438
81148844 640156722
61937791 646694554
89524104 639142943
345918096 552576301
89396861 644902571
308308040 566732168
77374649 650043750
78149666 649811902
152120379 623834113
268027468 582881319
636481 682633452
127791631 635846058
193385749 611656641
165176081 623910862
55482790 665440416
124023392 640155911
11491238 683093053
264978749 586867042
150743281 630510223
131157697 638463367
73798023 661034023
222641179 604304205
230554784 601318535
13507948 687600449
80690071 662127738
379730013 544926523
127616611 645462434
241024735 600997712
185528205 623768958
120401718 650852375
26402102 688904726
171431405 630562659
77073888 669348807
5372925 699522605
69292052 673803895
181558669 629282576
214686929 617247764
54963177 684773878
144421793 648938459
356649521 558462041
343919482 563965371
25054421 701242082
302138704 582209574
27248979 702166672
187626101 632761954
99042588 671578861
104620901 669586518
4010353 713494783
37920449 699487471
34780404 701281495
160494149 646186525
224754596 618327024
44297218 698579429
54436951 695497718
101496535 675431933
286396152 593244932
45110876 702033278
147039097 656321038
107691412 674311351
286909352 593573651
49865192 702386029
180057402 643011628
32037915 711137155
43347791 706743873
108292801 678007816
165136224 652017674
75352039 694147627
103247401 681803014
141007968 664279926
380257031 552792360
58496716 703115787
9669688 726417573
165255556 653627398
114311123 677782192
91326505 688785291
292975577 594826513
95644623 688796760
120778153 676983442
295122821 594274364
247788475 617042289
98344132 690037166
336849065 575852043
186024693 649035779
222179716 631575857
113873363 684757298
180111579 653058185
377005342 556938387
108550412 688440337
349208812 571005516
174243990 658078612
88902834 701194120
33428384 731334493
47356396 724779847
23172966 739405034
159636324 669960666
163853586 668076330
410506341 542631471
174571490 667064382
42135836 737703707
85277140 715080457
295430301 604478554
23613758 748873272
233037075 638069647
106967592 706162190
450978874 522706873
61967779 732472061
73770407 726571219
173705550 672824239
273178407 619059209
107579415 709212184
38360239 747786917
86182606 721901458
40812505 746644520
89190720 720497441
29150305 753333617
194409772 664006885
198120063 661993684
62625985 737142248
3374621 770595465
112853560 710656043
160169926 684471705
157571769 686252959
223149123 650100509
140461994 696221793
375090012 566145808
125765686 705741050
219468123 653443172
212484176 657509436
224188950 651636326
60527983 743872212
146451468 695552047
212011785 658973324
294211866 612659924
217554534 656753939
29727515 764250903
181541212 679595274
456904978 521018409
33936999 766025743
183650894 679890097
292844204 616471168
72791174 744452590
17265803 777183688
47329851 760448525
254735761 640474207
2944006 789022661
16185615 782061424
251055355 643328305
52157888 763018991
279805108 627650219
95678749 738147319
121348341 724527701
149139876 708389755
33413258 779838004
431363327 537668434
263949371 639735678
174601137 695424935
163018656 702706999
52471232 771367064
42417062 777874273
93182121 746652751
263722731 641758574
19643404 793866852
129961247 725515244
50543222 775141021
1398247 807501523
285900300 630704905
219736244 672443809
108118626 743259843
169503324 704871990
175865397 700926691
93796315 754234558
120517718 737547132
106142554 746812275
274027853 639997839
129490089 732786578
62349023 775956627
355186601 588536849
49600688 784664700
264220731 647432061
30425830 798000255
434041681 538229491
192627093 694634472
248045189 658843231
207286750 685302373
120908463 741567905
412770779 552352691
48433122 789588866
208733368 685383791
114774769 748849150
108802039 755129475
187314263 703209845
30023253 810060604
111829946 755465637
35326427 807554271
131625817 743010017
51158570 798029285
65743240 788231448
441758792 534702657
258899337 658040542
236301653 673692210
208730674 692335576
67210731 788020733
77817897 781521599
247952141 666325109
314069129 622014472
73364847 786141280
28196721 817091429
97354621 770509110
113906628 760246552
120261338 758097800
223898270 687258107
416424291 553519776
2381291 843638743
336902991 609524798
271318001 655529217
72611643 795328782
373833230 583897414
76214302 793172122
340814544 607544160
319871948 622532665
73360337 797161277
230383579 687248658
212385737 700542502
102725785 780134231
293002460 643724843
136015162 756831101
157068509 742144983
177479354 727699439
191521909 717629776
211816269 703228212
118083185 770939369
137716520 757124089
188080329 721041138
10960361 852372196
102062049 786312081
95712849 791638726
130324673 767111270
39807409 834743486
9857185 857070527
35424839 840432333
376797964 586635639
154942278 752024662
384860956 581050729
98857656 795510372
276777737 663008405
227517802 700287771
130411135 774143857
408793068 563796710
129096231 775714610
160153532 752434598
247593419 687011067
98792301 800763947
121941697 783558073
2155704 875099060
79927739 815754105
117229969 788408790
255896080 682541850
63421514 831708464
89780355 812649541
227460607 706259960
248626604 691722080
639833 888872682
154780663 768160333
439057097 542899470
113664611 801725939
39022681 861254675
252569905 691695603
351413088 613085855
218604881 721345754
310282794 647894024
116892804 804707974
203582234 734607104
135134220 790192911
133328137 792094392
12412989 890266157
429453039 551738435
26645903 878851415
12171785 891039728
74283020 841979342
234251287 713522766
422749747 558145137
145119564 787435761
372543328 599801914
26376092 886971245
18474566 895729012
181245860 760287080
177699496 763451348
24231523 892561491
131862599 802846706
165314249 775869523
224744560 726282861
284941935 675658667
21779424 898613141
280913994 679522111
322112434 644887181
107941530 826456122
61252803 867099938
48259464 880420178
34383050 893466867
84038041 850938296
37353906 891649096
175490658 773142752
97946375 840081323
44481759 886731469
39316069 891408116
205999552 747827878
70087782 865416474
50877549 882481316
245360019 715292912
97414654 846210047
118590686 828318711
75272221 866307876
148847277 802943192
80048435 864397858
228070551 733848128
115278655 833738273
335602916 639397564
77485935 868011332
227160013 735511551
102926969 846349117
184779980 773725207
55720973 889082643
95232955 855855136
146869593 810238327
188782325 773034668
136503952 820484709
39883117 907469990
33691730 913949527
132682812 826257617
85138349 869920448
27023343 924228204
28693928 923900183
244533524 727164765
141105208 821975821
201092207 767869595
334539426 645695283
96430007 864540613
71267332 887680799
79120448 880658793
259690313 714903759
189303214 779732365
858443 953875457
384146539 600766281
75279289 886293827
91115261 872794651
306676390 673052529
90704715 873570991
82469062 881309625
285308828 693272662
161543328 809432357
112958966 855463762
87773132 879687568
3619828 959153474
12631582 951660338
8717614 955907730
162884329 811137361
34794990 933810799
108283842 864910198
67796795 903449379
232626229 747931178
226966421 753681163
150993612 826201594
415463318 574082676
78245095 896064006
17114183 955972750
246085801 737216489
393082953 596086226
15112374 961347064
69178062 910003241
331739714 656194450
229019669 755621546
76316803 903867944
118300798 863385299
309487013 678417909
278309910 708726820
38525892 943610559
14602275 969333609
39399420 945138737
289652899 699737921
181979997 805716972
68947600 916973162
329291529 661204808
291099893 699863138
370983703 621666464
70492374 921595478
118912947 873861478
169884253 823152540
197592511 795475168
279926667 713200154
444286215 548861437
254434523 738963854
164615903 829058582
466855474 526331042
166360284 827660369
74928918 919734978
36729416 958081738
164885631 830287811
186625491 808453850
408109688 585591332
39933840 957258869
72470325 924783561
423783055 570294646
111692383 887773150
98536669 902332014
85586333 915983853
105489130 896324957
294382155 703289108
153368719 849299524
178743649 823725596
85278891 920420471
55874917 950838279
131814935 873960042
160382586 844466660
117078512 889480016
22180455 988794241
19185958 992492797
134251856 873465280
42039327 969443464
156914167 850055170
52666332 958780655
74582543 936068062
170998447 837809576
212424193 794945577
299367597 703678724
56841767 959597347
58420762 958046192
20937609 999675227
94071744 922883335
196341583 814801253
340221028 662802555
37635406 986562343
43080380 981235710
300294857 706357196
95102699 929571174
103942426 920307975
153511171 867098705
113870099 910664027
33286081 998212454
134612812 888598384
220638891 795984781
287601244 723687952
132893778 892118262
206797641 811768739
101922979 926979833
335318079 672836201
390604947 612517870
77772583 956051789
246329502 771088115
228848610 790434632
286361612 727316003
84647076 953253233
182554084 845163325
82755499 957551376
402858774 600919586
113260470 925759484
196853723 832711158
105047432 936532966
80313856 965238042
225618271 802335521
119781203 922068014
219814196 809061510
247926080 777829504
85717294 961868324
270945352 752391646
337731080 676659832
160658358 878233937
413677224 590441074
251065842 775748587
85156023 965483845
255554356 772746265
319986968 699027514
318349669 701148465
318156808 701916819
212733735 823641677
221557679 813723516
258678425 771195044
104892837 949379730
112419403 940934882
214890890 822581976
148490369 899946819
198807301 842808997
167109572 879929423
67667931 997528066
83457301 980561071
220217507 822694761
81696962 987247185
416757836 591186205
398031224 613774422
355328880 665352133
262791927 776846954
112680663 959056679
195993883 859440488
343836160 680631780
316129863 714195454
87247255 991225474
246379901 799620283
300924525 735356045
361611124 662022361
121686405 958120385
368899964 653674602
152273473 925522249
133311286 952671718
176102885 899862673
217151250 848450343
430922789 578701591
352661522 677902824
239417647 821915702
140324243 948009151
120694894 974989253
264736530 791395327
272903742 781139899
171283948 912081180
114562051 984879284
191206272 886833235
273910906 781883041
219743044 851717009
123604750 976163552
363931100 666470549
182972523 900117031
109994037 995165779
244461006 823429947
218153942 858097932
201474746 879878269
338592890 701639271
130277667 974190179
235318680 837554377
407672161 612196357
346362590 693319653
297828670 757530585
420626568 595721949
118415847 995077634
383932664 644338288
131075830 978769326
450459994 556523570
292290198 766308879
240979394 834649701
182517892 913399724
176373412 923641606
177511167 922145261
230007158 851934683
404553805 618699874
188177376 909825336
169324205 935210343
306182300 751416326
218854754 871315889
163795177 946874915
445532993 564762189
148343988 972216645
236195327 852678582
334921695 717722418
173045719 940590903
257479358 824446957
405050629 621568161
380165703 656250279
205958946 897462235
249796635 836808241
212547118 889107689
152099238 975533136
301518055 767994019
267177757 816315594
311812175 754256671
311261098 755309129
255196764 835315704
139665608 998575411
185060650 937088602
141785825 999044392
298853658 779621548
319449286 751315434
218154730 898315366
209546873 913605053
191272644 940950620
354340525 703025859
286861314 802322371
170730539 974426548
236214849 878678801
227112136 892779242
174957879 969977978
283074243 810469082
172163612 975715761
309655064 772031283
308937590 773205566
276755167 820998851
207425575 924685750
255459107 854311276
346803559 719105963
365174128 691929296
347766683 719274859
245659551 873566976
193791401 952065887
348473660 718632066
276370618 827806271
271979448 834892765
259507605 855347835
430189525 596023640
382858716 668638473
212168988 930494677
274468872 835394677
280419225 826514685
456905180 555634673
193679495 960893204
297286326 801411946
277170512 834962616
203116996 952089977
192435661 969884317
234445094 905464456
244594361 893026319
252400353 881940110
268348697 857803784
407106588 637158719
333830152 755274337
200215196 971237888
341927760 744355030
263221897 872485604
371518210 697203259
388903825 670205698
205456166 971951406
369392000 703032249
247203574 905642740
344483606 746110431
307341796 808620303
207702631 974293040
411744853 636522471
327271331 779432347
318273588 794836358
233981371 937764148
361315264 724551035
364018648 720649012
348812786 746790839
219354990 969231512
229063962 954002515
310091254 816413481
216603163 979204673
228160300 959517733
301043867 833778985
294103261 846213435
316819258 806997418
254153753 917338461
213805271 989185418
234128835 953632058
212758963 991532779
378222715 701462714
241058260 943935324
252368398 926139254
459054692 560582826
322230658 804860113
366598571 726259737
333361258 786342305
288096004 871064998
391646378 683606323
285277340 880822784
263911435 920427929
269773974 910866400
283937401 885806638
447680968 583775902
269251038 914665161
408510224 657768768
419062326 638304981
249368825 956666546
388079379 698139174
353412364 763733974
405458019 666576277
392992503 690745298
258719056 947985011
317421060 836916234
451124456 580749164
428036924 625241575
300536651 873279373
258192200 958159304
270750877 934603788
271698398 935995135
311207136 859300194
317969255 846219855
262759803 956145759
339725985 803974170
313557601 859410045
279631060 928304704
307255504 876151636
438530989 610498592
349277991 791988993
345836276 799595147
307138600 878705878
344753799 802389602
424408019 640073121
273223622 951159341
279137144 940939833
256668978 987345326
294259541 914338989
272796537 960876735
364818290 768987666
315195308 876252710
457402931 575955220
334223892 839154867
295565099 923877117
317000898 879389918
408090584 683622792
355196590 802472531
371923805 769404913
324410351 875163314
369386146 776479984
282064610 976300315
441142606 617213675
363142695 793709117
468363672 555797363
303813275 928715223
424078524 656738872
336869248 855881169
308273208 921373131
450222188 597687669
379202920 761381253
344899354 844649885
354458562 824498816
314903830 918210524
299598462 955009740
327708121 889471663
298037468 959437149
355499799 824393850
415585298 683248363
295442468 968914246
382742120 761912109
302040412 957669346
311731381 935031771
335138864 879560447
327436498 901084347
317147766 927971741
340282692 875730109
401146711 726455447
420681711 678422444
339232190 879788716
304111402 967314187
405189797 717798136
438722918 636967672
322990564 929324145
408772210 713035757
374417771 802594718
457898120 589901524
381267064 788237370
336945610 904733760
402454079 734998765
338587383 901631979
312554229 970274754
390458957 768103818
374453268 811588717
380259819 796618879
471988345 555351229
441577431 635701837
408701694 724261682
434284607 656560027
329207134 937464508
336618607 917779044
325783668 946986943
357542944 865115626
423021384 690703445
388817373 786602618
395966382 768396768
319295629 983271741
341609009 921724770
370115548 844725049
362385697 866531976
394265147 777612722
332961845 951407081
331063998 958465026
414589133 724134088
331436871 965916907
409347392 741671734
358285643 890282914
355572687 900349425
410649986 740814522
403804359 761064739
370663144 859067602
379368249 835035098
423414447 705799678
362584261 888267974
368999367 870507019
374614518 854021282
437961157 665527971
330707479 990805693
331203101 991269367
392566157 806874648
364729876 893280452
393009293 808368656
375126246 869168512
386507063 842362098
348452637 970282952
386569873 853126344
369963199 914533294
361166608 945872136
421130932 752895126
370337350 938267474
410758893 795268986
387097879 880885953
362975306 973469405
399047509 843310804
378286468 920685801
392928020 867282079
441576652 688808848
428425023 741612881
373558196 947735559
369231296 973637159
371433963 966789732
449970146 667278495
366294119 997343389
372593728 973043717
406713598 840065567
394085947 896059455
420306705 791577423
442017462 706479545
396327445 893492596
458510163 641489509
457183728 646964398
383673242 949588265
375002502 986546145
393457779 912538576
400275528 885805585
399545241 889652367
421976492 801098595
441984804 716896834
392478331 931217302
417728189 824726678
475172581 577785651
406763358 876421085
478602286 562867052
396143047 925942894
404582149 891436157
448255360 706779761
471890864 598359183
401340733 930427721
418247897 851302634
411240185 885193140
398573544 945530011
395670372 960883555
425262853 821178625
392221382 977881650
434620908 777639283
431854625 791338776
479200054 565946245
394424160 975582122
399262175 953545367
404816960 929625044
397875382 973224159
441792946 756413732
402591809 953263855
443729067 747231231
462632790 652678546
453621053 699627742
395763500 994453396
455335091 692752108
407125345 939622225
424536704 855624949
417405067 893189239
466120150 642030851
404495335 971960453
456261532 697522617
406230763 967147690
435832470 808085442
413672212 927797176
436321113 809172849
426417645 863286611
426457421 869728824
430040190 854072611
434085789 833960878
446933686 764484807
446548277 766840144
416025618 944530857
460414310 690383319
433736630 848826810
413824931 968318673
474541554 609143094
435127933 843561884
454368752 730104840
416393590 956877488
409754231 998302377
411701739 995408211
414413372 984362763
446640536 785953022
448931423 774878829
464181197 685707002
460049255 712781980
445390348 808564286
453272717 761137081
464544372 689311829
442720530 836029699
456778439 751926765
452131621 788740163
436881015 897760386
460824556 728545375
447613626 824702500
439331768 902148413
473174037 649514001
432098344 970813640
441372509 899676221
480418017 597983625
434652483 954987989
458462229 772063543
432429750 984080932
434912978 968663301
442740757 905678183
454136167 815700091
458128211 783588774
439006422 944559191
453764642 823306366
434328678 997450697
467338545 728782086
457811884 820882859
440850368 982946226
473979977 676688411
471569946 700934436
476436840 656154475
479350700 630541799
450976010 905888241
469017196 734538394
449791352 923863041
443789280 992680964
454744941 886887402
479546596 636233088
458034676 856310572
452219610 915751145
454104873 903340793
445862872 990580423
463115105 813214091
465545004 801546384
462148464 844333455
449363777 989285739
464839396 817784932
455435840 924152030
469460296 771523430
457156770 913627433
463873579 840010470
453157113 979331117
455827331 968350939
455443852 975459197
470750107 782697732
466003645 874033263
465036194 888870829
470045833 835415546
462054914 965160611
474701485 786765216
462412669 984849249
474036088 812470856
478521608 741022386
484636189 639325984
465177330 981328761
478341033 757510937
469220851 947786056
472775979 887930253
470142174 946807113
472034748 913267899
473759949 881908869
471336970 938568824
473072240 912190639
477997378 813215069
478465302 807735316
471097997 978820781
479756421 789333901
479234050 801100666
482245605 777304670
478477674 877960345
485992663 686424158
475020730 983827134
475570848 979984654
488504915 623216702
479516230 886505210
480474531 876223638
479576287 912793605
479099697 941974367
478970261 975695205
486332994 792416813
488551433 707709337
483388149 952720085
486433584 817754041
484888592 917678550
488976920 717022236
484280261 984742420
486200416 890582005
488046027 837565759
487207809 923488891
489750115 821792611
490255225 773425827
489873984 812895960
491228235 747686302
492744449 611515502
492852333 723807715
