500919314 844745768
501872785 986738387
502533179 879916405
503054497 829937084
504125544 908938660
506795127 988703591
507228398 978690029
505371537 778898030
508776271 977623141
507225804 875896600
508308064 901675275
509265108 936406708
505436301 697175937
511017581 893232129
505449004 669833118
503913129 590012503
509762764 749932710
517334347 925771704
506778342 643511362
518539754 928212321
517033661 876400230
519372041 896512510
515084022 793084803
520085563 891957929
519021988 830737692
516451912 777487397
523420558 898117151
524715572 909181176
528045185 954012495
523533179 830476567
535166021 991815272
530631260 919322361
528678951 881331338
507051903 574232208
517456005 709615529
520724645 750256187
520380808 744787051
508966457 593677053
514065729 657367650
506104087 556912995
516860294 685292881
536439478 916255570
509529485 591688675
522348850 732227652
545162828 973591377
537549616 885987862
540290057 912595192
543348022 927937141
525798918 744720260
513577407 617740000
544429915 915744090
544244848 907603676
554021680 995177046
542386166 873043576
545086304 895611533
556529938 998770250
533075763 784177547
534541506 792304162
527552289 727299345
558161785 992409687
554377107 958554896
521178439 658980777
563013500 995575771
514786088 602795255
531192330 733072936
556599830 935083351
548592310 867849392
534209949 750450940
543296741 820305029
561512915 961306508
549480753 860897504
547907502 843639398
565652072 964120292
524660130 664578017
538316912 761287169
549095446 829873007
526960772 673428561
562308859 912608635
563782663 919676771
539104385 746944498
527766294 665300761
557368903 853578569
572662074 951153443
539727347 739928937
567508457 917034807
566032973 894850450
560185012 849865572
580081430 967845550
552989569 804288865
568090672 894291025
565153090 871892023
565493699 856563941
563433183 841934506
576559048 913440028
527805057 641566085
589908557 987110417
589079276 980538044
559959948 817709890
534206611 674550254
584587657 938931013
571459793 863029848
577516069 894737963
586799367 941025015
578071704 892234584
586792714 919742488
586019051 913567255
590403370 934627664
595691394 950393724
556611283 761189250
592074088 931754216
534058508 651319895
539134968 673411894
563034428 779488740
533757053 641541952
553881040 729732888
536954759 652835649
535206159 644511232
608140122 962732038
607714534 955136292
600610462 920596963
607005977 946811286
543913668 672595207
588775998 860239655
617019748 975992673
592122226 871594415
587393653 845952805
597665019 887085862
572623896 783003192
613306746 945212590
583988706 819012813
581221777 807770175
554325858 701600066
550803625 687543849
619853041 956450720
515521551 548783527
580573700 800782977
577090257 787163669
531348926 608668180
613047175 920658734
623428978 956551452
604826243 885187013
582259722 798407627
578673359 780200358
632822224 967180689
573741983 751183725
574389321 753427678
641409406 985383346
583730057 779285184
562869469 705805397
585788438 783930942
532554739 600080766
553262482 670890376
595042016 812598572
611257985 866474465
572216883 732771514
603784416 838474546
645595592 978078772
555228763 674298971
641749342 958053882
622115891 893040083
637651082 941115897
626164552 902981777
638478937 942564893
619061865 877207572
624483612 894666865
611671408 852094013
590587736 777606546
555001172 662905399
662324783 997591619
644103599 932520656
641427684 917465518
662693045 979991412
589533788 756442658
669514630 995011295
607117065 807256506
600936841 787065365
665909297 977033408
628648138 859168071
668635072 972686270
607297071 792177215
573320797 695866566
602609690 777947863
622193365 830507158
633322751 858060018
679229679 982167546
667432058 943525507
545647249 612247965
651863449 897950610
621118680 802630167
614601524 785512476
660799763 902359992
598655827 741609909
568004540 663083155
655605538 884455989
602655615 748841592
639010598 838348666
570286959 664942537
689812849 961961924
584331784 698808219
647926619 855131043
585554096 700672181
671470332 910932342
549339307 610746450
672417613 912438442
591674070 713301397
647262310 847586932
675476338 914843001
581960697 685518862
624318393 785135225
673640743 901984684
644727883 832151724
569359692 653353057
636984560 810137229
654835708 849914774
584574349 685821336
661365806 862571677
689989596 926430187
631148375 790611153
724480780 992822163
657290778 842097931
612324414 741328383
690961410 917380639
542116490 583625535
594687049 700658285
668419598 862931859
578005126 662286845
606257190 724129967
680771465 884021257
681885751 886234453
633841519 781298903
701335449 928182326
593533380 692340362
722549510 970862018
565910789 631810838
729132439 983016821
577284512 655795405
579588808 660255135
718489972 954621260
726330956 969278203
709846182 932299587
563016879 621865994
734922188 979675288
694668339 893918896
717962373 941963116
591289168 678919749
618504569 735027413
713208054 930484294
737111039 978450096
700682885 902406606
627923230 752871078
584125689 662269976
676339998 848620391
541560863 574319412
746747524 988347310
679358385 850530569
734584570 958603408
668727214 826816673
650344393 787117578
703172519 889150556
704468415 891468322
630385599 744934795
698060763 872822505
699807633 875542636
717651569 908831881
738083682 947105522
576483690 636907447
639012548 756220813
716662867 903622600
550651140 586662836
596592853 672577649
643260806 759773400
687506008 842147151
681866079 828846171
687906584 839944205
760742596 975504435
638250355 745657955
645361629 758345344
726280801 903069550
608868919 688675479
725226294 897458538
745734447 930799533
651618028 757281777
729049359 892395616
614216209 690533817
746771340 922539685
778427327 977854785
777277019 975659888
640228615 735427107
672773101 791361879
706379427 848962855
642283602 737000482
653302026 753202647
736241526 893375491
632579006 716490794
746358619 907266438
701959051 831233976
779740248 959595373
661369999 760870803
788859750 974192500
792662606 980470889
690915568 809777956
704087065 831714290
686710734 799104816
699227207 819463243
754961214 910009153
647666023 733000939
622347540 691256362
749224559 899055341
635774657 711769877
789334128 961160007
619289081 683758975
721534424 849387713
558009602 584359052
596111468 645557955
617765275 677983932
806242005 977772814
804251129 974041047
800294330 967578230
775091040 926658911
662279113 747730135
674755885 767052761
810852422 979591362
814357367 984836024
690555154 789420368
789829899 942367396
787380695 938288650
730127460 847482758
704130881 806919162
749544725 874550653
783030050 925035877
790215461 934724931
731015465 842646211
621372801 675301282
576909527 607554792
674875796 756259283
825185570 983798391
702964983 796368310
690787896 778005231
733590594 840341108
654388862 721172964
655609250 721316282
642865921 702252306
586534540 618674005
631394916 684768863
764636528 880196572
760332272 873507411
837903683 987186525
730156805 828786430
748697401 852683384
787070355 907835170
775093941 889026775
798528497 921541309
783064588 898610072
771391331 881071126
760559906 864375131
774623140 883627995
796753727 913742483
778304894 886314789
795888257 909909493
765959462 867394073
836133056 966304136
771664470 874926371
791655287 903195845
815661304 937060532
617642903 656873333
688792058 757445928
776579615 881306134
777963459 882751131
833783740 960690633
820582995 940967775
807166130 921359766
809868988 924495693
832953532 954906448
679179411 739810509
754146463 842758072
624334154 662834371
706039215 775730974
862867601 992262455
753369744 840279286
822808025 934625891
601810715 630239979
725045044 798712471
754227214 838387772
655807155 703244998
727420034 799697478
854625580 971376136
697673559 757716613
824431217 928889716
765543248 848693802
586511365 606654762
872001116 988475577
846456039 953989247
643898611 683073389
761326394 839718283
773350907 855524802
665816863 711817092
815959976 911572182
717876840 779922604
556755968 565097871
869087358 974542168
837578763 931534826
836522808 927578105
803927005 884852020
806677742 887990147
564401936 573939525
822921651 907985173
817905480 896935489
801199665 875383625
825568296 902675586
650692986 680984430
690484303 730479527
777006805 838795954
613042956 632454277
877257796 963659975
782754823 844616947
905059196 996464593
831724605 904769095
834026394 907576130
777952978 836631542
764502202 819655264
767319519 822634587
770144264 825028606
726505069 770446300
753804694 803794196
908810945 994348496
861397700 934675440
552149517 554654657
613080698 629201632
893641311 968626996
922441123 996096349
836577712 893193216
859270627 916709288
831860833 881902717
663259212 682338956
801627313 844288396
754450890 788601646
886640238 942988217
910984591 970281426
816013673 858785148
769609524 804232698
752878578 783722311
618069976 627519236
776804457 810616774
605420639 612430283
787876784 820747382
732002986 756284250
599789004 604882591
927981981 977980534
835746206 872085080
560380399 559112660
763408970 788451365
811826272 841555313
621513196 626436356
886991344 921811180
590676814 591782493
848105494 878325697
916229222 953632449
927421862 965836528
794921576 818258337
913201257 949206264
878506716 910118376
798986444 821415929
854191864 880795266
752379264 768545867
662346755 668997968
784045047 802543532
874769739 901197937
567293040 564497567
946272590 978990009
924434040 952761108
591328543 590020970
956194049 985911941
821787300 839340228
747309755 758218993
618446054 618485659
873858195 892701175
963016526 988144647
940006710 962052847
895622255 913854540
883660592 900996990
725990290 732232099
844934439 857383986
944909511 963067017
962218034 980911177
735690166 739952704
945678063 960386809
904940825 916487256
568922340 563321828
937195734 949139703
979595129 991983353
573037083 566876560
905246413 912234976
520053190 511710812
660657616 657537754
821624903 823138735
729959722 728344301
627828308 622506656
956780343 960797495
886550418 888429780
947543057 949163802
853743056 852709054
854218009 852441244
861082485 859252876
886053766 884066609
799086248 794558458
687238591 679701500
894113212 888229364
882756246 876188621
591577420 583041772
766970126 758454702
731300330 722644662
630354344 621434873
949421476 939010319
944899611 933468785
913391705 901152269
784157233 772572883
998652382 984990657
584369117 574444545
888908499 875159324
939043857 924651865
999423184 983256869
810537815 795975102
785571588 770691808
808304497 792925406
709283745 695354066
888644285 869193662
595756121 583950138
714496087 699186674
625967427 612918176
931666266 908413133
854027855 832804763
989405527 962816109
652724237 637210629
824316828 801204473
978029275 946422167
799775205 775539564
778841734 755097764
920845996 889294628
966526033 932519732
732912497 710465046
584911771 570832920
867006931 835713685
885293328 851842374
852341952 820707913
971402720 932113806
600651380 584995288
995818247 953027081
746188925 719976357
678631522 657112512
723742302 698537861
877888627 841248645
864480156 828792265
950765319 905181750
884005047 843538175
928935853 884557942
777461554 743412459
834860987 794940764
961031556 909308645
971261829 918439216
965484387 912533914
848392706 805059111
942011751 889420928
862816535 817936498
708099862 676599561
633761534 610177341
790170919 749059521
969576497 905853388
809347305 764044400
987910064 921273497
665517887 636908424
718760519 683707610
940209823 877226134
899734860 841378609
908415266 848584565
790385690 744797166
700180754 665934322
598624503 576939467
908686104 845203267
855924808 799135384
733446326 693061202
824813887 771690356
606383309 582048830
869860476 807045093
989762384 908792086
991499341 910262069
857151025 794567491
656794769 623719999
788957020 735102230
652290623 619447275
904314052 831565786
924058147 847738446
793823887 735801081
797704532 738934396
697783853 655686640
971757377 881277585
585866448 562102405
847361702 778134474
792244708 731802296
792629243 730364768
935286134 846511712
594017552 567807155
899681195 816705705
847130170 773656781
974573135 876782546
924262947 835262767
748264510 691645938
959637647 860945801
788625916 723210548
981779025 877278988
774208092 710600178
913390255 821103302
982352526 875978740
801416896 731376341
865815071 782531722
870522988 784672805
782964154 714533458
710805571 655530257
947848328 839953157
927646089 824173249
565496995 542128189
979128937 862467970
876880972 783017396
989295521 869458940
679462472 629779130
818738392 737068175
991416262 870001808
590007117 560508069
997512362 873910726
755943004 687291557
669154522 620092038
953460699 835511441
853805693 759497711
718076998 655912933
806485187 721121877
815831590 727780343
827500786 736406379
675561491 622539520
721392247 656664745
983963432 852235899
963504953 834946134
734031112 663325434
748898893 673908114
771355881 690297350
769484897 688799842
988903784 849530966
904435544 787451296
800144774 710315516
588199734 555391914
749402213 671943812
688533663 627430746
928202259 799246448
768148051 683319567
569054158 540655422
976535556 831762620
980867046 831673048
994712089 840622954
845207248 734995751
995888402 840255807
977170121 826028977
761350565 672617752
889848048 761704484
671233233 608862616
992487431 829151824
957675218 804448572
693548905 623086776
768310256 672722658
828596250 713398147
993293831 823610608
792828740 686904489
874057802 741181295
614388501 567638066
867139512 735903881
878768863 741759345
965198148 797864335
775152667 672439313
583838291 545931504
909340226 757971457
650700598 588859359
876656513 734615050
891920032 742243631
920722632 760198321
955894844 781050342
775731366 665145988
964826096 783243859
946756169 771092269
837359985 700740625
849514154 708071422
985775818 792158662
992012132 794058936
847682496 705040812
949124425 766534695
952727964 768595541
884714833 726636438
798702910 672993911
965963210 774550634
700599526 613005995
978766191 781369587
629559659 569787382
956644175 767902433
869386579 714922401
822515566 685979156
920297546 742531419
868608078 710405600
943250443 754645482
936041527 749815299
930559013 745686334
954202009 759306165
721797189 621951629
803454159 669191856
830207340 684850591
870383735 707712631
997188578 780342414
931410739 741378565
945049638 748443106
844316006 690210678
679061506 594131440
723002519 618975696
853149723 693407290
811915014 669774565
981773168 766320921
713249032 612953523
731328614 623129557
910942857 723591235
961923473 752120287
740416778 626314498
781219226 647548178
838361140 679149404
865254086 693729579
837937962 677659280
743987298 625640005
889842877 705699106
775750502 642804448
921722345 722654057
887147589 703249749
952027702 736254167
546936046 516577757
929938455 721567167
572449930 529737988
873326900 687837140
565863009 526023692
908310773 702396900
908134930 701562211
674003087 580489181
841374849 664216831
941796380 714001163
984290963 733035807
794564499 637719486
812722826 645073067
843442360 660152344
979026464 726512703
985053059 729165602
843663597 659160563
861637775 667771096
994636255 731092956
833419607 652751461
639836933 558907183
968336462 717453039
793871544 632440130
762135833 617031582
796833568 633631630
989659876 723466817
922737442 691720935
830105655 647378695
791652902 629047467
612495976 544451068
836900778 649731139
797907253 631233348
621665400 548384407
734718238 600316849
848475906 652682649
992084509 715907393
823537184 638755249
918432125 681421713
966228590 702188450
709427854 585570118
830743157 639899273
843636694 645096644
912926596 675817334
879318763 660328072
656177038 560564878
883793522 659815450
892108910 663417504
726810525 590885309
722816852 589116271
914902087 672101579
836006244 636909931
641707133 552411332
904714237 665110963
937317772 679099429
781989524 611900159
899139936 661819780
683545444 569141024
836372924 632839909
768764991 603742694
871664450 646321660
960004997 682203798
924434178 667181696
817436878 622432330
812516922 620374132
826747740 626064774
929977217 665697774
921631223 661433813
814775177 618318954
966979565 679525951
836133306 626377278
950290979 671174893
750176660 590845498
738286277 586018857
836642922 624780430
633897241 544417023
958219981 672041898
992824182 685394868
626402237 541213206
688242700 564933008
805159744 609888847
979811569 677618791
716515954 574705357
796491235 605338964
847254514 624542663
868819273 629422296
687192365 560995426
731531968 577347195
990454913 673079196
705857568 567681165
931105905 650371104
859378402 623025785
774097371 590536065
734907970 576197364
733361475 574771232
960128267 653697821
870133726 621915563
896134738 629875795
815002958 601068773
723330065 568002469
580956564 519236644
961096076 649001917
905854074 629017384
726074029 567679585
992173746 655555876
867531241 613934030
878862057 617248779
730237393 567424027
851429279 607171376
979907933 648491392
710175088 560058004
992702773 651990843
775156144 580553807
869703537 610226989
595145441 522042692
854833073 605215982
848831284 603103864
713622239 559492546
902510236 618128309
972274717 639605490
749871606 568972056
960401360 631201189
700301396 551878177
771760564 573260272
831217651 590438067
954958070 625485636
954449914 624985039
751963386 562371423
691547889 545117821
955929632 618776461
890297905 600144229
644814803 531788392
774940183 567148513
917009259 605016654
984011758 622192603
700793682 545606161
724129745 551015748
965459829 614815989
706864470 546311784
891550797 594908889
745728730 555620300
855185779 583115766
671356610 535702928
871588677 586941587
654718486 531202277
913885933 596616545
699016025 541935241
968628353 609253847
934955933 599874659
911616582 594010615
956212205 604677034
653372601 529422238
917245057 592952128
600802696 515666250
760543350 553356516
860953681 576246577
700553129 538297136
807551105 562226596
841395387 569693946
853206187 572110783
901890348 582694822
568041803 506941367
845808727 569119963
596881900 513280354
740278707 544636043
800208333 557159761
847171881 567293232
891670420 576972276
971494197 593794157
928910842 584534647
709841406 536349652
987316140 595195852
618121183 516683273
980201675 592977781
589077691 510443665
929398429 580871466
954645871 585753608
601689123 512680431
917248890 577243321
703817282 533119636
521528493 496013926
808489846 553897023
683437723 528175930
827408666 556815079
996013411 588937197
849462708 559791927
960542942 581222288
824439783 554253707
946023989 577190427
926608700 572898620
973554075 581488448
963916906 579413821
952415824 577176727
897312715 566344704
887074478 562676796
739635489 533514241
916029820 562517687
902982399 559624321
838907217 548571417
935809885 564355884
997489452 573929176
822933644 544310026
833672183 545868639
896482337 554490908
835193463 543592921
791379237 536164264
865222265 547313828
980239907 562643055
898190497 550062762
867668671 544818608
765698096 529986820
998229135 562800583
936688824 553653845
951205101 554222394
742462194 524095584
767156834 527268655
898850011 544717770
968270088 553606282
928690693 546382849
827394519 532961377
813901206 531152788
842728155 534264131
825395790 530479228
668228053 511478959
845192199 531745668
896239858 534139041
721146746 515311808
876271115 530580865
996450242 541003993
918447643 531388730
911578784 530476526
834490782 521988354
858719016 522709528
914916373 527013277
764358650 514090551
827469237 519275925
917373852 525221623
661105386 504325787
810645378 515298120
683777345 504628364
681490102 503961919
577850796 496958495
733044717 507225330
658241837 501861013
994259445 523137607
897385716 515274624
869298694 513016440
771549449 507044872
849964678 510868150
792682647 507737530
965898585 517084714
889219249 510910586
702684739 501108196
700690584 500714454
969063464 510403071
847205986 504046981
991914903 509032064
909177626 506124255
751560521 500594725
858431868 503726102
958107026 503366606
952533830 502621867
826235683 498095792
651156685 494627846
918727223 499272456
834800488 497689032
931626639 498161889
756211184 495495589
988026316 497417184
881682642 495724371
911936592 495627130
878963491 495290364
967337766 495743539
996309344 494928107
688653008 492707704
892186631 493405882
649611828 492340907
827120745 492793975
815971197 492318232
902788510 491736643
752391678 491096036
729209121 489801769
591639685 490532051
870271223 486261801
560652673 490934726
970330801 482539353
849045466 484865155
785215955 485845432
988138351 481522366
958145286 481414135
786894936 484965949
990267225 478478557
858744909 482050746
855019133 479139492
812257615 480503796
931025976 475902114
841283262 479002707
858927080 478257355
943098098 474158618
785078571 480331162
982035263 471572884
919492397 471699171
948162235 467819347
916368008 468832992
879199827 470455146
854628389 471115087
899059745 468505891
847361789 471001092
746257874 477007406
876765683 466480476
737638216 475232804
684225170 478391815
922856708 460060411
608194337 483435835
955337342 456039699
584093849 485255149
920686726 453239793
783451441 464890674
767879710 466227237
745425439 467967766
854782540 457090693
910708546 451172269
938020543 447402493
835539360 457383422
914513585 448641461
677760460 473324909
824524880 457479244
990158939 439712553
826107980 456691339
712605410 468539889
832767015 455259026
889008324 448687650
627724934 477553261
750309900 461600314
938488167 438457893
819376756 451532103
617092662 476711976
810875336 450385535
849956535 444919841
790785382 452747751
601185176 478162292
852893082 441917773
830886874 444977773
607608736 476648680
656694343 469495680
864441231 439522976
742638022 456952973
769254479 450365654
934287575 423999378
741711917 451434741
809055797 439499855
730859836 452715691
699210175 457563078
723615957 453186101
944194312 414412594
730786111 451499863
809686869 437488583
845453669 429523019
965476104 406127405
797507263 435562043
928582287 410066156
983274705 399314951
681962249 457114916
743816916 444379096
816251718 430061464
543742382 483439029
849363643 422797040
962380322 398251771
882283096 413941662
687631366 453591364
903837822 407479537
889470814 408575755
839994929 419162502
915556284 402590378
777245193 432078952
892701054 406882311
916403655 401483784
655345870 458078263
994163530 383638597
968236203 388993565
871275165 409857678
924590202 397947336
958249548 390336053
867105477 410521087
602506595 469274073
925456358 396931008
930830277 395548698
706305941 445649601
986429280 381322637
764349331 431715319
710566264 443573445
618432088 464491383
773267984 428446236
929409016 391639920
772153285 428194942
894292608 399521893
811122696 419035056
846811609 409147218
808716370 417493103
836188569 410821704
717582206 439332798
936683592 385712384
942416666 382910570
765471427 425525686
978336951 371641409
918076016 385445169
838457192 405606951
721723031 434320628
871367897 395135624
990477338 361979699
635768221 455797643
976064809 364771908
945705941 372388739
884368500 386890913
753618937 421769942
653752530 449090708
915792711 375277859
902853854 378501735
933623406 369445491
928769815 370382937
938115915 366961998
871191600 385766334
994001408 350093476
519807423 486349294
657688430 445742955
909621225 371283260
891076016 375517165
727073799 424361672
895704356 373140665
913367321 366534409
994200391 340295895
981032574 343339171
835221501 387833810
610938842 457597072
675589818 437387630
962063145 347641497
580352519 466934511
940002032 353749316
899786825 365583462
866844730 375311736
955676769 346568697
908508149 361032791
914018326 358771904
821799079 388355190
828677145 386037249
664302098 438726494
903099236 360712832
795003662 395128723
842698441 378956044
616943189 453398309
838597140 378130907
914048365 352251674
768141816 399992083
913607121 349853921
915952834 348880404
953041623 335484228
847196824 371475479
933831507 340789255
690552052 425206798
825013974 375993407
693592135 422745972
850142492 366149155
980700980 318750907
725318059 410523852
799793611 383265236
971488082 320039561
962113418 323210544
664436959 432040734
807628721 378703179
978667640 315488876
746430680 401185998
980869835 314472933
986711648 310730415
984354111 310858343
712947501 411376731
687026279 420761177
782572760 384001711
878185458 346929699
964753019 312492668
605911124 451225954
848969991 356682751
993630067 299805649
997595397 297683313
980380166 303935258
794808892 376557991
957371894 312662817
780293779 381527228
820036722 363580200
855468890 348998863
669369816 423702134
892254835 333395595
771454742 380909799
988151606 291920712
930458284 310910034
758234067 383398850
999017168 281704876
992671541 283359164
965768221 293889822
755740638 383159771
976904148 287424975
630048755 436219415
864660198 334470507
738959334 388617420
926401887 304802316
715773260 397168649
760164376 377444086
770183441 372964247
784434290 366554686
940862760 296389750
786069751 362642586
889762889 315069229
944419402 290185405
745891880 379796120
831974268 340258426
995118993 264883440
590761595 450521117
923137642 297532250
977020564 271162447
999746166 260164202
828017350 339396234
728906479 385462369
988412123 264300093
750567349 374719221
742583062 378416269
776536111 361817577
778682195 358522662
970980231 266026197
667839781 409991138
872104225 309817113
775802820 356113870
898810863 295213253
663149643 411493751
686651976 399824005
924163526 280941665
845634540 319792233
768817573 357426251
750576870 366368976
688261036 397591882
851696772 314885504
575709274 453904743
983961811 246515695
644687422 418372064
958123292 257210935
997349438 236176003
736223202 369629885
777097170 348318617
730054151 372725711
988061018 238051326
907733076 279430068
723192396 375556594
990433972 235726953
911703584 274713309
582422804 448676909
968836344 241605412
859330894 299846963
761937790 352009238
962750375 242201426
932178594 257084022
807511058 323665534
972190963 232796107
971845251 232974861
922721445 259587508
887188316 277385947
703304277 379010812
627359737 420694729
899664728 266150767
660217382 401096517
897063538 264941524
684634141 386433401
802045203 319003528
749422184 348247925
943192403 235340402
930403631 241524190
618553616 423194247
744248443 349748707
995374655 199697566
843160656 288943104
963650252 216078309
729512318 355262443
881597501 264281850
964386109 211364794
705707710 367703095
948051813 219562348
885484767 257048049
701443899 369048398
928277455 229385640
872458710 263328829
850026006 276939690
602856077 428759123
981375520 193529569
765180614 327677431
591401920 435508067
847168440 274552904
928007605 223234942
574568600 445129913
764140570 324787589
857946985 264753628
540858295 466422422
877366508 250796694
803497404 297940678
996733590 173701283
855095466 263988037
923573709 219799610
807774120 292837687
896148456 235304676
975324590 183905645
750083880 329878092
789437157 303722415
870979826 249334464
552151253 458207299
817201499 283697943
786554540 303499538
843232812 265811768
828571461 275264271
901581084 225218010
734022139 336368776
951186523 190400693
868190364 245761582
979659103 170957624
819570373 277270905
903842613 220227055
833743454 267188332
625305955 407876324
886249041 231567271
969206187 175298622
989393998 161541365
915517603 209918877
680655761 369371724
559211081 451975633
944638587 187603728
877518372 231217442
934587376 191502676
839910331 255457219
648906116 388389995
798712750 281898125
911519694 202203029
872667524 229451441
963411202 164942873
843973210 248542520
905176281 205114243
901351450 207765349
579651777 435970124
851607240 242553854
793511317 283367303
881450436 220013040
520443193 477811435
950440350 167989131
808512443 269557059
879771758 217891760
702045751 345970443
904212325 198887611
748723145 311184023
681466303 359180924
916777014 185699379
797882737 273215626
978051356 140272957
941049768 167047604
791225970 277062121
918701880 182077919
760710329 299023794
682935859 356607564
814288389 258848100
891645195 201098130
994835257 123300717
936268317 165915204
811402134 258995922
772081709 288376566
904269590 183904714
535372112 465410881
566318493 441645884
704314828 335589428
867854424 208744086
991889903 112650544
834576179 231298466
882681635 193678796
922831752 161089186
599488583 414489165
862550952 207912009
987122165 109337968
801413133 254785590
723973652 315312159
850575326 214725011
998344212 95409430
826849329 231700811
926541240 151328800
633754528 385462973
740995615 299149320
806789716 244101233
910807657 159572951
956059532 122574297
924001519 148566532
998232343 87720472
844137989 212885581
755081344 285028131
766447475 275747796
786843765 258153186
769588207 271680706
789915255 254467558
923853018 143323351
827566901 221200235
942666331 125747811
980921926 92613209
996333711 79267739
851114136 199411843
636419508 378671866
804827760 237395999
848543425 200163636
829843117 215706642
817472010 225639200
642471599 371448736
862212316 184228228
653329277 361860868
732635869 293379229
966820137 92653658
685847267 332689123
910703650 138250934
998478889 62222612
627748467 382146464
857250578 182366426
968566142 82518586
968729582 81947091
980498853 71516125
842938901 190836060
880786766 157481369
884207571 154210577
623123335 384102848
799399223 228387039
877392540 159289615
926030066 116249888
661808319 349388399
795370111 230942568
917947515 122012907
668952019 342336629
858326211 171954178
632775128 373544197
958613509 81112516
694495766 317963808
887695989 143716032
919788314 111235950
954386570 78319656
943232032 87841052
810270872 209255729
928093320 101042155
676226556 331239536
698699212 310483773
928635491 98852105
891655573 132156327
713998927 295572120
959295979 66991361
930229254 93167309
805495660 207769009
899088737 118431137
972048517 49906028
924559610 94397104
749500878 256096967
819664363 189153986
801429001 206082053
897458336 114510392
929863479 82008380
718034690 283922681
761037109 242644815
985465509 26847827
802007681 201992964
668267750 330217899
811255089 191263153
689239426 308970136
945445417 60132047
985597384 20887102
815175186 185859232
727604230 271067198
940868747 62583132
795876860 203970232
829610762 169424750
742076110 254402111
855077412 143137055
936959681 61107390
759829405 235815252
836145530 159544276
944367061 51372294
764985935 228504497
750196202 243248323
955510451 36905231
861989954 130111392
940483630 50637125
963620216 26561444
970943095 16687900
816206148 172612449
869678333 116903468
793836152 193965024
721494830 267335091
674832592 314422419
766209276 220973145
594901017 395800917
718932579 267843441
799693388 184218619
884632129 96470040
875337228 105147101
745326817 239271654
877561842 102576828
914040838 64477060
806916970 174655355
904621947 72180887
840579457 138664267
615735170 372417312
879704746 97490716
555684138 434778195
921942397 52774470
657264942 328669299
697762512 285693914
820542668 156808433
656443246 328784221
821954130 154371714
641214907 344173668
678060913 305274266
959377906 8262142
829818055 144293317
639042583 345639262
547065530 442916236
661526780 321473333
826806208 145876874
901493186 66509929
877588837 90899664
812681995 158851323
819438711 151228728
783141190 189553144
800135734 170072941
748315355 225408636
719046121 254716751
875553874 84059591
792672560 173466502
947730996 3429637
828713305 132731160
823487942 138354901
878016180 78186506
943814793 3354860
832938181 124070298
680935408 290735521
635835008 341109341
867665367 82058936
818363625 136445275
842746470 108899218
771803508 188315524
907951876 34157971
693054309 275227197
906128191 33340150
916186634 21684473
806988159 144372148
623158268 352916710
903341439 31809050
896446434 37191458
520236617 469604407
720409737 238679070
843248294 95528675
804616565 139909888
853550474 82881133
713935727 244466655
629839326 342038023
917710619 6820980
786930124 159009346
752086274 199301273
895582165 30993818
590377154 387304862
729731416 224290277
572985894 407529605
709859967 247336639
776943622 168429944
874041340 53671490
773479696 171387762
916031230 2848209
812642353 123370614
624660366 345168635
755793800 189196192
890989014 26780714
683315443 274176432
818468399 110062239
690615847 263025841
603178449 368098085
768365445 167203605
804651836 123116891
720760913 224355937
831734300 87180021
752760049 183487726
806243302 117761854
738550124 198721995
890470789 10734709
869585856 34464715
660079814 292824919
666229315 284318092
662732270 288594478
881209055 13098841
563331498 412872149
722971729 210129242
850897904 46949342
790908850 122466322
765615211 153755218
872592294 17029987
859738539 31516051
832266460 65707371
861893430 25833871
732069350 192298866
784675723 123555721
853891799 33649541
838040117 53749309
564173851 409601571
817484685 79682528
620095131 336371951
682319290 253597255
826603538 63343668
844731677 39446116
698867959 231151576
827561037 58523033
804564590 86923245
812921624 74333953
801773222 88897668
724912244 191668131
586681953 376793368
787105142 107423510
853148457 18336841
735685181 176211806
798606855 91560880
724440381 191283817
825311898 55313594
692378575 234011747
806790391 79325408
827735521 50136649
747406989 158623674
649980249 290245205
781701285 111758479
802184964 83455778
785503406 105021054
566402899 402784339
786385474 103239832
750981055 150967305
648310374 290711259
727946936 179589591
694043033 225902025
742293423 158435464
728309296 176206441
811592440 59416497
851222336 2410869
833503949 27136054
770538502 114689289
798103405 75879274
735346419 163697147
734540436 164695674
697171096 216655694
787085115 84865035
698833115 210366167
586567291 369734348
730412940 164591717
634410881 300526597
819934791 33307991
805261620 51852769
728086983 163381353
797717511 62303812
752222707 127157296
799210874 56204214
796502899 59526160
718935255 172388215
812669065 32481187
786578971 69274900
772405100 88761690
763122391 102111051
764047659 98846696
702596138 189210207
787258270 60657130
695296508 197273293
816543909 12477826
631091093 293000932
715485369 162824966
749847165 109110704
630939433 290915154
772089005 72092630
771567440 70448292
632722538 286495587
612298357 318308957
769170291 73138509
691559860 194164059
702564154 176787779
755968660 91280649
671435251 223892812
772688486 64569124
797334997 24290029
613891189 312978187
789935067 34120820
787323122 37689386
681539234 203007664
684863818 197084330
772324077 56018466
775237249 51327362
764421753 64248884
724715273 128469427
690453526 182801807
703379678 161663126
590898754 344855811
750020228 84702300
679708460 199004635
751619035 80239958
685146645 187626112
761461713 60544420
684341117 186669467
715679197 130652889
764537215 46853713
679502630 190356163
686940049 176692572
766424921 41451276
687927108 173860106
731524626 98921034
769210364 34426114
705777627 140187875
591570050 335765622
647403247 238610035
776917770 14276050
705313213 137531624
761949035 39205622
736624140 82684606
669296467 197508568
629188081 267369344
670450054 193541806
779102998 779187
692708285 147367698
737752564 65150727
703104904 124585292
732689329 69742217
657480567 206142811
714469526 98102098
759224861 9075240
648375691 214946297
755609806 12365973
708510602 97918952
737626433 41355362
712532025 87921858
710223764 91850029
505979771 482115930
633858579 232196636
653974489 191107882
713174886 70496336
734067498 27851163
744202157 5048681
722377028 47345596
564760323 361172190
672875344 139701041
724945884 33009102
735267669 8663134
586650503 314622991
719499951 38753754
632205286 218339563
734308823 987341
724539080 21513554
701986395 67845298
634771835 207438918
634580302 204485725
675217702 116454923
686626238 86916086
678356880 103919885
693533391 69684249
614393360 240754921
621256139 224646992
658909136 140237782
681818097 87816074
705804082 33298628
684592112 80724166
631302582 199043239
636019628 188049973
615881411 230819258
554867889 368664406
597658195 269653605
625108709 205553205
710630811 3378908
613116278 230267203
571200755 327837055
645837270 153549928
582819184 299706027
701391354 21530792
687119313 53911428
680960447 63687409
569297657 329180622
667793609 94000538
603037828 243484916
651854895 120572845
603999660 237936659
640527711 145383211
652642819 114815063
653809511 110613534
642432623 137445708
605199905 227626169
643792212 128764174
623077413 180107362
651946803 96646474
666430425 58089674
626359886 162583841
671469818 44008610
582930194 275087865
542910912 380339922
644855803 107595890
618015520 176604451
537136324 393501688
653390797 77741852
612257479 188002370
581367618 269446088
625178055 147895378
592070048 238864901
616350351 166233348
593879549 228695378
611785968 175066380
644343979 80688311
651646404 55464234
607795837 181134708
582667154 253044485
657199383 32223985
652728704 43222382
629517346 106389088
593156708 213254811
652116511 34216858
637782188 77025759
574732355 267154025
640014173 68094604
568708356 285179657
563101986 301735754
590800637 212937584
562466262 298469908
627677019 91348814
531552584 394963797
553862568 323853676
627768578 85296096
645932306 25089531
624714340 91069309
607632640 143273748
585489509 212940768
585150495 210609868
605836549 136879887
562960916 281895859
616065664 99672311
585588481 201871082
595135744 166661500
605345348 126718987
583400115 197140076
600539031 135006892
606074695 104824567
632861581 6093292
609662307 90155013
545315873 326783044
619268236 48956795
600694524 115776597
618397391 47959646
601197442 102806650
537355737 348057772
546287192 310240484
613485909 41221269
609283621 55029913
593655807 114840085
545957738 307029030
609459338 46027431
594087816 104110173
602783943 67377435
608512243 41403451
525590904 387129371
542774605 308930343
545276339 297701224
554943149 254853187
603263194 34645204
579425446 130035625
508629674 455840677
576669913 138249260
541541988 300291969
596003162 43064473
580826606 114563548
563980366 191083871
550883659 251656858
524015766 380373543
567904112 163287372
592260912 32489159
597845563 2543242
522277647 382661539
565395791 161146643
543689488 271924455
592732996 16647897
556397592 203335209
530739350 335321044
583913973 52958778
585739516 37934134
549835652 229637411
547117052 240080390
565115285 130063722
558396612 164699705
580617688 36861470
537766967 277542809
568679738 94711970
548791851 207520587
574439072 52315229
520705622 372624636
574172354 46986502
553311296 168472201
569738694 59292009
559840152 102711121
544830230 192248679
568083371 23684964
566064868 37522491
565748850 38024800
543514887 193286598
516833644 378861308
521066262 344496952
540471837 199621677
565475608 11897534
538912073 206614101
545482777 156878756
537717108 214586668
527602131 284077283
553430678 77140143
550344762 92516679
526921601 275456391
555320360 33925579
542216087 137454895
546724111 93680624
548116058 80257943
547867073 82080892
539333418 156413157
532707282 211803605
520852677 312625661
532258917 208510713
546452928 76978580
516583833 347603930
515450444 357782813
528766110 234194724
529000098 231317696
543508510 86960681
539039105 129263505
544142202 70112047
533371673 175121662
538763068 95470114
533696852 147560962
531967737 155946634
538640914 78547216
541648313 16344045
531404150 122088206
534015392 74879280
536904760 34740322
509306863 383615027
518973975 257183878
526282760 144811679
526350015 142225464
527002169 122139617
534001232 10400532
519730422 204002071
514401021 285101883
531876678 5646541
528675305 53396392
526733740 80770956
519889374 169284269
517436478 198092954
518773922 167923696
510498804 307138282
512653320 265465547
512820336 236159790
508316353 325094830
504181410 416463533
516834007 112904053
516185286 82362300
515641562 81358458
514722265 102181826
508989308 263419020
512690179 157219746
510398679 201122250
506435923 317320770
509271998 208687819
514573719 23319485
514254422 25875632
509280564 148243147
509845739 122088973
509409049 113958797
508618352 65302294
505815348 166906865
507432941 9529702
504672389 173092151
503414323 209861372
504118852 62755004
503331142 135025952
502126603 295779151
501274835 262458096
500735651 1181380
500029757 13327637
499860465 101941479
499710334 201632670
499093616 179963231
497822680 20212741
497537734 28713843
497438195 52520521
499585184 354779041
496112999 67916804
499403756 361478241
492869708 60029235
494481174 162216422
496820380 326106051
493935489 215766861
493355216 206823184
493206665 228583885
493546230 240600461
486986904 77564476
494765603 309934934
495317095 331210771
485166578 41724484
491122775 212257079
483505152 8053207
492898360 276042810
486696743 119115198
482720997 45944866
491839504 300702354
482314695 119310652
487589054 235533677
472364219 6910554
485957530 248414290
475129977 94803223
485669912 264155241
472547928 81079156
477959752 160153279
473804751 121503837
497236464 442185107
477327403 178072264
475207064 152728129
478933774 214511930
466517382 65549467
477515630 203338183
485111933 305053019
490230678 368554771
494184350 415065594
484005901 299017032
468891563 130989521
472270087 174033183
462063616 67475696
462388603 73141636
467165474 133487520
483625052 315274582
450534312 14854772
464474572 147639239
457356203 83072152
467656236 182489783
456386219 92099059
453678826 72659067
488121784 378542012
456282845 96871553
462999469 160029721
489837320 395162582
466414491 211951875
442662124 23697052
455495325 134350399
451811740 110105827
470991842 263609916
454806431 146516077
480140690 336490205
436077389 22835262
471848329 285629108
444623336 98705024
440207771 75129509
431899899 23177177
438891550 87212829
486941246 401274653
445603373 136886251
450112924 166333144
425507568 20683840
455767738 211037544
423756780 12055407
441974360 129149261
447157515 166826701
459470069 242254092
421321729 12511372
449070711 181584915
482238835 381314826
482993810 386489392
432008500 90425177
458146089 243582741
426634794 68189303
429323004 88596534
489932162 430712089
411819323 2968585
438545059 150644299
426196402 85087525
454526085 240312553
455560729 246076604
444488795 188039653
453821081 243451469
457696065 265362693
459479497 278408578
458219430 272992835
456316099 264527982
436900072 168609129
441673014 196300634
412283655 53532896
416548563 81310130
424602302 124141087
431710843 159526682
462249043 306610797
440888897 204353666
466966473 329344031
422696910 123730479
406242106 49888605
421520766 122217841
408822504 64643855
457370754 290177334
406103697 56276302
413477302 93975033
397904402 23821065
464452616 326234945
432496874 183169836
395551443 19114828
469376075 350694264
495540181 468274773
386962876 419120
438584453 229086723
426367744 179361573
429187115 193935132
426192078 184929994
441734802 249221980
397982572 72318546
383277168 19795521
409917360 130074267
382354627 26061964
375401802 245782
375166788 1615348
450972433 299078119
441546972 264674007
419834018 183577204
424527499 204420451
480621456 416034189
372186037 12946901
384639904 60861127
393298579 100548282
371312165 20829152
381721237 60442520
429207368 234824959
452514939 327884838
362483826 24039727
365784536 35338852
368839483 46742772
402250481 162075856
433716170 267265430
384748099 103730454
414114810 202139769
411526766 194660941
411852875 198907505
351869610 8475396
420195437 236106545
356911709 36069693
376976041 99607550
397749700 166579819
383280659 121760254
395790887 163887635
378420268 109902991
360595650 59670437
346990398 17880118
352666831 36979758
386611164 142161757
366854358 84803134
360505763 72118983
373388927 111657836
387246979 155542228
352601136 58378492
473320621 411301771
342578581 30081876
382897305 149220193
336940517 17257793
354630991 71965756
341730444 36228383
392645757 183942187
396812464 201865681
380239448 155760712
359415531 98511614
331706217 22313588
421597057 272088394
343460656 58347419
425778012 286631597
431678187 303534192
420533358 276156094
365414541 129187650
401899252 227479790
438557934 325923169
409350269 250355807
314640993 3912166
410996716 258541147
320844067 30363133
315724196 23698159
331310755 65503361
440068260 339030114
429198281 314033504
380465525 194292731
341954657 103303922
404029284 257477593
356239883 143173263
337070407 101303245
347299606 126981276
335718863 100459425
309417885 43151380
335832281 108179182
423900042 312983396
291651775 14303607
356322829 162809911
411881923 291033473
296868263 39203242
344586160 145263536
394679269 256930666
298318999 44843279
338344040 133888573
395928561 260795339
279286195 8679611
444053263 368003898
288405867 43091574
326649596 125144675
413924278 308926729
347391180 170421466
354911146 187358496
317931699 110306010
405569664 293370110
303977106 83121766
358530188 199434002
262486490 4382083
262824337 6929387
433036137 354286455
373454936 234005739
307750086 106331652
292776161 77969700
271283241 36142420
288804117 71846470
261878961 19384332
278816035 58657716
398327814 291890422
398416066 292964787
295004447 95107497
276069548 61146584
366213908 235621950
336866366 182727407
309878313 135762922
334309916 182597580
312248318 142369927
284280573 91969684
310497834 141145437
335677022 187740745
337862013 195153316
340850700 203257651
344095774 209539216
255770365 51189559
284562459 103745162
305896104 142965458
279567289 97124178
419353185 346612958
289971681 118331410
227077467 7280122
310682682 155749679
291041897 121536030
370685497 262111790
241891200 36263432
494453079 480498880
369067560 260313376
324623241 182622828
311841329 162213210
276974336 105344003
233184383 29959129
235448496 35969671
299096400 145730732
251259383 63986445
489728983 472733406
327917577 196646934
254070605 73214620
475881374 449718844
290516922 138580674
282679207 125454876
240155873 56290868
406495600 334387749
324754146 198341062
249096803 78120519
392403760 313726389
315293118 187779287
265506121 106834068
209402328 16959116
227907524 47432553
265335611 109201575
252898965 91726874
261419623 105890936
216287471 33866072
273404577 126421664
238727534 72095617
323804787 209278943
249375323 91048721
215122791 39851161
209236780 31051428
252954279 100191590
222882144 52713130
405641374 341724239
250733847 98262018
200217670 18955225
297002272 171195012
417017020 359926630
218939922 49013241
385946467 311657953
226551349 62111356
290441057 162217672
261639687 120087974
273513892 139995294
248717222 101884203
294096491 172231853
217169480 54323044
199815316 28658279
182176525 2286117
394104190 327899575
319766907 213914758
274449836 144652633
296568431 179025878
392039311 325320411
419575855 368389230
217556080 61953437
371138555 295292693
338899843 246566953
183844422 13601115
188940894 21639352
226723401 80096962
279810290 161251071
182871736 18248530
226154119 83260899
236345212 98643066
322797974 228945713
446516733 411590348
204643999 56180741
256259286 132124660
186868641 30582935
244397336 115257007
316432574 221113672
257806686 135131885
249072345 122405430
205791395 59494289
198868247 50508308
206994305 63080332
181410959 26173271
395392343 340354312
439667710 404174688
254000163 138572620
459621217 432859433
281632697 179024307
193097727 53061208
384778912 326499086
397484619 345568162
300721525 211337210
276278990 180982023
299208744 213281497
395732721 346845861
226574294 114605203
342848773 275326401
167143699 34870352
311259392 233731303
475578269 457417737
163340214 36620419
154425872 24921202
196261961 83851439
291370734 211599486
268542820 183823159
223485712 124521139
280243452 201204922
409956126 372196614
165314179 50737286
196338550 92445595
203407131 101874124
141296773 24624978
154945610 42442735
206372269 109939680
179008500 74606013
382823848 339039270
135643098 19597021
125496295 6990653
423954463 392473256
176720820 73831813
127546219 10545428
117452333 1362496
268619774 196383353
310860372 250666314
201740697 113097667
148442875 45768822
320386812 263417141
355761111 308339658
288891622 224736033
112898713 6665497
113022490 7199722
120510632 18515896
310044369 254485092
170787185 81347346
313516420 258928014
247906187 178959601
246405039 177875612
145780085 57450984
135751256 45804123
125199010 33490031
251027752 187403807
146022118 59693756
132027152 43337370
142955541 57009816
311815286 262649746
270781744 213688121
176151916 100373209
99902729 9488188
302744046 254808744
90918119 3744960
285058618 235597661
206587794 143692640
231506904 174235724
142958711 70804358
296077687 251340485
92229800 14784152
198254688 139378289
370710246 340357822
402941320 377931953
139273661 73177447
341808581 307721246
116572198 48275568
154056122 92145008
148714516 87935712
191107571 136594205
407076393 384550138
180733272 126953574
216568620 168205879
110571394 47811052
157910444 102230424
454030280 438636968
246107223 203316318
329632136 297948949
484561632 473417222
380789043 356451661
85148810 23271239
118793890 61451215
128611927 74944232
195074237 149437878
93608247 36135481
299305036 266620063
197261007 153580646
77156492 20011029
93706724 39400952
195498862 152959589
331184639 304187553
89549251 37588463
290328442 260359188
51640653 579393
62222355 12726431
225292216 191233994
150081372 110384581
117863283 77038439
312121667 287419830
222775308 190852128
196111502 162157806
88546600 47742856
391230344 373751180
77953088 38495073
59237783 19974988
198712830 169424900
264945893 241163451
265643512 242243075
158426867 129309603
36406982 504570
107681328 76415201
215510619 190726744
295527049 275157295
118686933 89834611
126824384 98903660
433582251 421279374
275491839 257144308
157329064 134403358
241526035 223197293
93331178 70538319
74401764 53162140
84810953 63896124
79765393 62254854
191320501 177329159
78455224 63215383
143741327 129723056
275215737 263482208
69966133 56220489
368971547 358758302
46507304 35483823
188864011 178995821
319904636 310412398
73998601 65022651
403653592 395067490
49288846 42717203
44355998 38054844
230245227 223236955
207870316 201054903
306467967 298966020
6548374 2039869
335675822 328285467
175567751 170393225
51877971 49477119
101672209 98904013
164429905 160825126
242356468 237597990
252321384 247909961
27013959 27975051
54952527 55668033
288842221 284462126
71687332 73254431
44073392 46392495
12450899 16130043
66629797 69143238
207940136 207284654
112707429 115316251
95175900 98889301
27323268 33801562
29498137 35993525
474473445 466345783
180503844 183718084
139133676 145513174
256230543 257910649
46954624 58414359
288289306 289035313
144152693 152203804
47805066 60771516
322227217 322851828
82953908 99166221
88746370 104965093
297909769 301405242
228979408 237094973
103053611 120574480
175609122 188319736
143430892 159153620
59685827 82446890
394233675 392871246
309466299 314282842
15240346 41400939
314827798 320211742
163406498 180976761
196763200 212110754
353040983 356461783
488369986 480393421
91398911 117900442
68023936 96938237
132583293 156359643
161136279 182781930
238898328 253911612
104155302 131885737
198511490 217523085
288528415 299466287
29081365 64457146
453768993 449157000
343580842 349817963
432977786 430680111
64346719 99395254
236210127 254183426
208771746 229700104
86606211 120305590
13274223 54638170
120911515 151608999
6281145 49588733
183073804 208504861
89967058 126304214
150381401 181150477
268488311 286187837
51091536 94389744
63389353 108281954
301835603 317670066
63889316 109655539
198395472 227993049
92922747 137107175
79329071 126969262
145315354 187394783
245385891 273386165
253600323 280915892
9592061 72955573
116915480 165799439
416347876 420056148
356593024 369394291
199510052 239168167
8479538 80442642
143971594 194064717
108215696 164327897
188598386 232667059
305215690 329960023
9328533 87506570
202523492 246509526
156624654 208990580
96339502 160804566
9738995 91756792
4045620 88417503
275785363 309101148
70714037 142787009
404980663 414137655
18272069 102750171
64184925 143079952
231846215 277522544
108908294 180535263
408681032 418680712
6521838 102381101
18772218 112042731
1869449 99607950
76341237 161324947
106034752 184526511
382806998 399956920
131125269 205328289
196709882 257599670
48699404 143670008
88734289 175013514
6883846 112390834
223583329 279192015
23410020 126311074
166274467 236177179
348685616 376027496
328604362 360947361
22565038 128912048
200505656 267831994
237715310 295857446
284786798 331151580
134827641 219731107
52530190 159265338
321493418 358856596
224239616 287577269
18757647 136371124
381331588 403981445
241699138 302058231
382691064 405359241
72751462 179165469
148897532 235239815
15123013 138317954
222895102 289551807
76400720 185083847
363071222 392354126
1068291 131165614
205140783 278518612
258079236 317121312
45366961 164147549
132776424 228794894
427555191 439458517
450595934 456246734
137752124 235806257
18481205 152085825
24206186 157848515
154272451 249055879
416842697 433004790
240047420 310353440
83271687 201616444
115170966 223934150
101937948 214996682
150655751 249107671
108331015 219827928
243917670 313848449
20644298 161640782
97776236 216475177
6863676 155878025
103496281 224011470
328436335 375920864
89314665 216347276
65866565 201063045
200304125 292125355
51657373 194135972
38256928 185302972
66084135 204362668
171238501 274334973
228735300 312554976
67132145 206292328
7036484 166735245
421095770 439820702
221768982 311622754
201970027 299650319
60176804 208836013
59971233 209058759
101935816 236811796
256024659 335345883
26293768 188574355
22619642 186632593
18256280 184473708
371430133 409402420
72409816 221765286
10503831 182788429
190983032 297053671
83123206 229630838
423672181 443571284
65880545 220243476
38524791 203389275
51549759 212989338
192840130 300918119
251150208 338026428
102051667 246278420
195893725 304799304
288455580 361942837
320413898 381902134
8370128 191945597
190458872 303109777
103554104 251643872
52962916 221714846
199986965 310685064
53947902 224419702
11785772 200538174
406781978 436243977
67052254 235796396
26498999 212347811
36651354 218483520
69021384 238971813
408360803 437832117
188058900 309316705
123121047 272087497
107159119 263080847
208702815 322991667
169564392 300462213
85428024 251925582
86824839 252887345
118355849 271314403
195533943 315896947
121828995 273526470
18522688 214312452
91569175 256468228
118707299 273389723
83373259 253320607
104721716 266934044
328862022 394346367
135481446 284940946
138614101 288436770
53646482 242775421
62192874 248003801
266694144 362317935
306605525 385418047
58601254 250098072
78068390 261981767
17610672 229362736
177458694 316313501
74026053 260836183
315146981 391712699
62243592 256553453
105100291 280245869
42396960 247414750
151960496 306175136
246466629 358140292
430355131 454846138
166623826 316555989
66229800 264586434
260788246 366336777
280733393 376981653
57750884 261030169
153468835 310924091
438418518 459341792
242999114 358323397
111519653 290275610
197912617 335027898
283939196 380109098
316688010 397226548
9599689 239973793
14047997 242801283
159989058 318805201
468906940 475627826
138181487 308300728
301261865 391418962
167292395 325652133
220121642 352448515
112011731 300069404
13221429 255338768
151891202 322646098
405193640 445820435
79815615 289889864
29551803 266484888
88698241 294846387
152265393 327616067
111651179 309011271
159618799 331749766
176846202 340138615
119688912 314924168
348000576 421106912
231708968 368557134
38856575 281043068
59302874 291021982
328645151 413517636
303436885 402452797
20162280 274611307
231078036 370387605
326332013 413870436
52960276 291821690
51112136 292084597
315481953 410164825
136717531 332751754
237599577 376959815
1292874 273918101
20242461 282430731
164978854 345560491
68282859 303472950
361336353 431473357
171742461 349466488
157907645 343505071
247104120 382129721
170743027 349376030
390080076 444046182
432523590 462358574
6813636 280255114
131163015 335087794
176885548 355056584
146786069 342652811
99257167 323911303
365760382 436008014
123816323 336672104
217981695 375438994
133821236 340936701
145206196 345994432
112900225 332863674
271227407 398085811
1557205 288808183
243910044 387481828
312085439 415308433
85706038 324302929
245004429 388870141
240160846 387215088
306305798 414394616
140415131 350177533
183704982 367546513
54032710 317090530
232388040 387207290
310970526 417899773
214512390 381369027
324640052 424070592
344587246 431846988
360021855 438089443
44731970 317926246
285562892 409754565
313084973 420404845
129731831 351494059
179219087 370296184
175928125 369340743
5601775 306408137
199310902 379922563
361416803 440401668
144019808 360490863
129867693 355406557
96452438 344019856
164901228 370217111
363531813 442465344
95214233 346439436
51589422 330953993
228201253 394262914
350425504 438022864
20416064 320340750
268461444 408937337
41237676 329550265
407014836 459582566
120115709 363211228
215710138 397572167
122206361 366694586
84160483 355024973
143344694 374687043
73259180 352709407
372454200 450184223
349205686 445012875
291571208 427780000
201294902 400523850
26018044 348282804
110135603 374631656
252061178 417917325
260380959 420562569
46751136 357477766
226294590 410724176
156573252 390434230
184079306 399734106
255003249 423797954
17482590 358373698
1142655 353865482
340011006 447521476
164023670 400067391
79039351 377163673
203792429 411478686
210115628 413960792
220661851 416818283
246548608 423858088
63656294 375912113
19276527 364696600
38399515 369972421
108797693 389818609
238636911 423863856
9505552 364639735
103687200 390224974
186164442 411814066
18518255 369740072
86920248 387082130
402235692 467014325
7209823 367661360
210979045 419621241
29030688 375078506
32372647 377828880
391651993 465672592
97418518 396381402
154902495 411092913
134986937 407056590
352735337 457514105
197055848 421549852
2211900 377357134
167335417 415446037
278105363 441398722
327001202 453009829
60609263 393700183
82264787 398987670
109556180 405046189
66064908 397595156
206597715 428238370
83632520 402680337
179842163 423430497
4236341 390739237
51349622 400414311
75479892 406133451
215696115 436136863
73926047 408562723
415250136 475694550
223513689 440407743
38736961 406913083
186773422 434158318
70253843 413201063
144468652 429925763
210279782 441555882
380297750 471132643
36316738 412382246
226969976 445083241
11421576 408707277
455100409 484276928
237516031 449239558
192763651 442266629
124384387 431329846
127028421 432320779
295593987 459213335
107974792 429938955
354421388 469455370
85031856 429759245
175864132 443668996
37460766 425170970
180710250 446158289
25111802 425450783
272999979 460065900
110755138 437904853
77036223 433648093
435261600 482879628
63824780 432321108
34305838 429625827
240354911 457713351
248558328 458960321
31787320 433273000
401211676 479649695
54138733 437838793
262321790 464249653
118988195 448820799
449772884 486207158
113659210 449715264
17275677 439454608
207059140 460377383
89538167 448275209
278232055 468278662
256110606 466400449
7297273 441535697
42834354 445990805
243876025 467006868
316369930 474648796
102714207 454898011
72349703 455197118
193242590 466053740
83925619 457743552
116094606 460464966
175086474 465307672
24127644 453871721
34021152 454665034
3199372 455872541
337732207 480097572
383666379 483490109
62882626 462408976
47250258 461377889
246198748 474777340
336621384 481025199
119239719 466841047
80259950 464575871
63650392 464054158
271547709 477425556
133769756 469127515
312478546 480357034
181579678 473989988
406715121 486779061
342799484 483422346
231968547 478393032
47797322 470292645
58992544 471114933
7716534 470527210
226015125 480966874
216466484 480851151
150744821 478701233
55842068 476133377
255543588 483409576
82330090 478262670
134985228 480150435
60176004 478589885
15019827 478512011
423228696 489789273
155886970 482797124
170732683 483548754
8152834 480687406
186813978 485200242
118035294 486498298
171964264 487901601
242217430 488895253
181827555 490050276
279873980 491176195
339382497 491523728
65450488 491780733
116805435 493281500
225935399 493062982
180252426 494470819
53593262 497381319
202815291 496044792
292257301 495674829
39195145 500427108
360952648 494511146
111613297 499927505
148782854 500199934
31880258 503794584
254496260 498235512
113777213 502151654
211185883 499829841
34467021 504847389
94640648 503440582
235050385 499637576
45476352 506256167
364611927 496203600
132238996 504897177
53405235 508578803
111381188 506455186
63215004 508945082
7494577 511427202
55317039 509731937
236635795 502701452
141630739 506724142
342601552 499672915
91716948 512590894
172393374 508514631
87117356 513174969
156448271 510111957
77786405 515772299
31500271 519165954
159838353 512117799
240354363 507350775
78652242 517034524
222068021 511113321
51517194 523074354
6447759 527135211
267302916 508738821
47511896 525213119
152289309 518498815
39434803 528024411
56039953 527689502
122100932 522648047
253674528 512429120
293138853 509191472
138673573 523568139
54018408 531002115
132987432 524185888
320013245 508102898
173336605 524788776
142690331 528095599
108700134 532102969
32582587 542622600
38762834 546652148
121850169 536989453
86873958 541298769
86197723 541798846
269602482 519928455
174891450 531789546
182016062 530922496
57691287 546834063
161836478 534024668
76328103 545826706
226452789 526835213
159277835 535506284
251329824 524030438
167397087 535828785
7574771 557362116
96531912 545735036
174032953 535618899
230639678 528137749
152221512 539907132
142092246 541539064
151523889 541014811
99910279 550068121
192993342 537477569
120930070 548174621
53789336 560112930
5902942 568417456
211543659 536773842
94883719 555363792
404138918 507132141
74465992 560700550
200338604 540487224
283678951 527053113
272859622 528828536
262757353 530516947
86636332 560652506
93217738 561634558
90548740 562617204
189641115 546037689
129114335 558056827
296105497 529606428
327465918 524242226
463190020 498955617
416604783 507894173
143015566 560567577
78425352 573171989
122492257 567378971
100700510 572826023
79527452 578084318
34420960 588788960
69479622 582416465
146928912 566284881
334969964 527183654
151312743 566928715
126118436 573595366
246712323 548660747
33997295 597024749
12290295 603593152
221057233 556511252
151858790 572746675
2336104 609408930
192811958 566270497
241928200 554699697
88437732 593159024
93283822 592104267
250486244 554150930
48565630 604582257
52038815 603755074
12556013 613788857
434143332 508726592
57555979 603936463
8354283 617851254
3499997 619739183
139883482 585016371
249053994 558344513
12047094 621502165
1467151 624508431
127199388 592332855
266110690 556067459
107964348 600264532
282902269 552111552
13117118 627699614
131282016 594828783
278266574 554032711
218848570 570948160
3691485 632030723
269246292 557947289
63673524 616843713
140093190 595394915
267544 637963378
444093508 508672282
364845972 532422695
84451809 616656301
377124348 528968622
121681118 606269110
278877937 559138462
281811071 559235958
257629132 566736957
103730068 614192876
15346836 641669459
73919589 624055401
399567637 523591596
5194526 648465748
122098840 611943012
224755981 579923562
184673334 593192761
146891294 606575728
194103153 591413525
62313213 634568697
203627430 588907344
89213821 627098199
89116114 629341143
256833251 573587063
41131551 647582316
85737767 634218076
260100328 574566170
1537164 663840529
320479920 554249930
71570479 641327582
54231968 647461476
254330323 578362635
69979647 644111281
6110940 667068141
57104996 649137737
271228245 573783506
234867016 586949374
9249722 669454045
38212537 660499705
184093576 607950006
141982374 624838929
42284440 662221232
420042753 522027244
33145394 669066960
99058836 644448080
93095693 647068382
60404902 659536735
8085998 681108268
202580209 606676815
146645428 628922307
15288570 679853976
359815930 547008211
11972936 683138439
266514483 583586999
235751890 596096501
140766493 633770440
94234492 653562548
61298427 667230240
375623890 541943482
18652100 684833336
81492860 662955862
384816032 539405810
154248114 635035676
15648343 693041367
50494607 680921700
311133372 572045608
212105615 614184639
318616578 569092220
262023783 593493458
310492733 572893494
187169526 625577926
129178667 651345950
5827885 708466362
18758986 703841104
7758954 709665616
253034388 601544575
252391489 602072900
132955385 655202790
129770513 657019008
120264042 661259568
93843459 673882252
90858224 675377960
299638729 582009522
269896705 595478997
128932889 659145979
127427837 661396352
162209588 645639914
204691137 627051311
201274552 628816074
265851100 600274976
46417058 702594596
11973156 718605903
158081016 651760789
292493047 589537122
104730158 678118228
119074624 671770873
44024851 707667495
124692797 669769839
26308987 717531511
38083739 712515366
345745030 566060942
17662647 723222564
122266527 674666820
363562060 558826946
161298776 658798071
227922831 626086583
286844585 597595321
7953584 737421880
388733548 547976571
26679668 729160439
240334524 623070122
199421685 643891370
377698759 554887075
388923171 549173928
330400102 579651243
111459489 692452683
380228101 554292020
124342214 686843926
242489845 625738478
169050982 666741849
21431609 744982210
112599469 696951381
223724618 638758069
141276323 683518175
198452527 653409813
97881976 708477184
195366349 656804803
438858599 525376736
151620046 680880398
373285583 561273531
256135916 625334693
46319036 740873234
47671002 740654413
244986307 633304749
196356493 661365312
71652995 731048015
67020845 733783863
76463757 729172134
4417843 769594417
392451083 552551159
16422705 764340691
357813709 573024738
216459605 653424009
14210295 769786662
328846951 590228013
34157951 760767997
34660443 760924806
239874036 642996766
278332506 621339865
116014862 715839387
100069340 725862219
110263347 722040571
291132943 615974263
460540999 515810995
227624097 654144444
273514692 626979124
178705361 684564531
267602596 632884408
201709427 672847025
129327760 717095632
117472703 724719205
141911937 712334718
161860850 700367566
16741689 790102071
63472621 761791219
182472151 688443290
151530870 709930882
127000542 725814935
338869856 593431530
782787 805917619
182853379 691597074
155430423 709207891
38391024 783259860
136004964 722292126
76929022 764913564
50538664 783065705
155330334 716798343
49654893 786736674
197731038 690324643
301397926 622594885
201161866 688657228
2347559 819353718
10931882 813762899
68725641 776301757
204547756 687766365
36793485 798867780
123219645 741752184
217562494 679350975
73421934 777551397
243831500 664248204
256657437 656093399
11102253 822876148
139197854 738129393
403972489 558010676
84431062 778314942
284197571 641682833
355643946 592368813
231318781 678667361
361302433 588647364
223030568 685434037
214222107 691672509
159683522 730383555
369172571 584286789
27286460 825833848
205459579 700763578
99498565 777638458
58791215 807695380
45695034 818166976
26924574 832743499
371921547 584976041
302903888 635417894
146104818 749817079
225816361 692229314
258318942 669978868
309652883 632312017
380864562 580398310
275052764 658586284
171707766 735155774
14514848 852679211
40785066 833408798
94892019 794584269
331470165 618912775
357565336 599747513
283536757 657383595
18891942 860168857
343057418 612806907
23754717 857905466
73771322 819927291
168260681 747779573
74250737 820581481
220619109 708264064
329439841 624853723
86157700 813850827
90644588 810624916
43579140 850328558
151281936 766921777
317542530 636662569
15201025 875476202
122831975 790559693
188943013 738530777
439067439 540818768
30326072 864961872
171172885 753427020
339172823 620385098
287154267 662378007
16723917 878435281
101864620 810540179
12543071 882069779
1762117 891581043
77816236 832186129
462229046 523023797
162007642 765156130
305200780 651285966
41520726 866217277
27182161 880804281
138743047 790874732
244852958 703630700
283333597 671937895
148123723 785044734
126509943 804030019
331911089 632949796
108335847 819778828
236673620 712805546
97749956 830635422
134880058 800345198
228390096 721823747
346167200 623186028
179056072 765346507
87592811 844791777
151599600 790144545
301414777 664096058
57493032 875121636
295829099 669203795
250151913 708923706
340584297 630935603
46119961 886773870
79026639 860153486
124967556 820053337
74207812 866665523
25097145 913343936
206464211 753160985
261604699 704597476
80734007 867499970
180354057 779045837
52390073 893955424
329456278 645562737
138765683 816660627
222936045 741261967
30136448 914499128
100025785 852198310
408826249 574631404
98905316 853819664
17208488 929374865
97539147 857639077
27048025 922712364
45907165 905829606
124702465 834970982
129850179 830546023
268499796 703998432
38415253 914359120
286680646 687991654
73310035 883800091
53444452 902222905
317051164 660684938
80024603 880359213
370029473 613035150
109798073 855657393
46266142 914888837
144249370 823847115
331509395 650012225
125851222 842767190
328930570 653071362
214263016 760916644
26643633 937757974
314582875 667799308
321442943 661632079
39099074 928976841
139064563 834954290
98157829 875577834
20818850 949264505
272467525 709712455
16697737 953650543
237213634 744415285
52899473 921203288
123472750 857505611
160656137 822259210
9250986 972072647
64515638 918230655
300582513 687661650
128836887 855666811
340506884 648761535
162337945 823563090
95373356 889397782
127969479 857578818
320137489 669411744
212296663 775761801
50639857 936161596
274046386 717579986
393512813 599293259
129919119 865000898
95602602 900863219
440170833 553167544
288947597 705979375
128256295 868438865
47441892 950330831
154483353 843538407
202741964 794894359
24166752 976450050
134015439 865467550
119436188 880964266
272458605 724905804
94393574 906863225
413383097 581413310
99961376 902983628
117598364 885524105
55566499 950432421
190317310 811980432
33609275 973823715
323010766 675697890
265337228 736031860
53488252 955942880
143523451 865065537
134873870 877042338
157887087 853230741
203085358 806635471
345097384 656718899
94405451 922754088
149450254 865013726
192912544 819419364
153621382 861756053
163070535 853455917
167491197 849727722
67579191 958676086
335565074 670344146
199246617 817554647
42732940 986771579
120568290 902712702
229499669 787274802
85438315 945290794
231921711 785420848
125230689 904189837
55084121 982550512
123172413 908309340
101511015 932698699
144703602 885175767
139081151 892209810
425370635 575527175
99371904 937470848
157491273 873610670
233298991 790968631
59951282 985368940
126585769 911495682
288775663 729732805
88087456 955795526
226149941 801201869
172958050 862737580
189067891 845807067
169706279 867830111
74351797 976332342
207193473 827607492
208543004 826861404
201441663 837140521
298137783 726176744
159646251 887551250
162953545 883809917
214304096 824406043
214834269 824744817
347463551 670412469
112001160 944797009
130668178 925405524
147956741 905267896
257921688 777691488
76282580 992367897
321414331 703846201
117491381 945727684
354461803 665607703
216949059 829567595
197268933 853055737
79304178 993651692
417380375 591451372
154240389 905571272
201862668 849333881
130643760 935059616
252425774 789429947
268335123 770507332
118353626 950237783
103274539 969718598
159391410 903265848
328225605 699952712
236360335 812013947
160110061 904721741
84659764 998796443
131188238 943044712
107986067 971429331
130951323 945778742
229919492 825358339
194930389 868843098
102379618 983410937
285383974 758066903
182049290 887150847
125415086 957547583
408285054 607242544
230725877 830366697
192175070 879988113
409817227 606467554
104203998 991374120
151629099 933395584
262103109 795986605
349948519 684451531
236198884 831228823
205633159 876140336
284045485 774144632
178139174 912154112
206648762 877247284
298050343 757938419
290987829 767657442
280289446 782608484
121727656 992834242
174228347 923514551
177603085 919368466
190693968 902229488
365394639 671286305
377355099 655703497
391059239 637785665
294102632 766592944
184770993 912181913
249344316 826453280
241285290 837841810
404191051 621200132
424498937 594171591
196050411 904502112
272957309 801334665
290885062 777159458
299204856 767576909
259675985 823767141
143773331 985587576
414293423 611959492
240193495 853599046
264584833 821149722
366301416 679904972
157225664 972834298
148534664 986292530
202760359 910519268
267223518 820721731
141256483 998269295
359363196 691358883
425598368 598806111
272308187 817321912
226791102 882929885
245489867 858537769
369095567 681306682
156548268 986972630
292637002 792147265
291691781 795153557
425452813 601250032
347201998 714723710
366661829 686891062
285795707 804801190
160265484 990602201
371771970 681426738
385713277 662413634
264023167 843450656
190594646 954276582
407032503 631790357
218443862 913081309
213062324 921354080
207856155 929344866
336585100 738776042
190179284 959237154
170569942 990881290
282547881 822124240
280136448 826918427
210710615 932552837
273066990 837993651
370634734 689789298
461563998 552401600
329958495 755173641
265677991 855925993
181475383 988152571
439907294 586887108
369973551 697964356
377333694 688103740
398104089 655133426
252991816 885823188
231994490 920733652
315548805 788679025
340061489 750443448
288092601 834002702
211037427 958067716
267005184 872056261
240968446 914942522
266589085 873471178
204067293 978467648
426913094 613410505
405292629 650745668
198161738 995757111
333189568 772358274
229005742 949379096
266425999 887202672
359680340 730701456
302882629 827593296
374371725 706471706
217011264 974539690
216244519 976244759
307891362 821747942
261920784 901995166
292997862 850880224
340148455 770768703
286021252 867993508
362758915 734958014
226572270 974954644
273810912 892011893
270572947 898960476
356883766 750192470
344828334 774787144
352531705 762275524
240200613 968411738
277434871 902257707
242346356 967900798
284406435 890669505
434879314 613630754
290508489 881703393
407638700 665840884
278211363 907764948
343375394 787240665
356791245 762159855
233607303 999968958
408609054 667655059
291964980 890318123
266488821 941094206
287523023 901489429
291654026 894718523
344790244 792596143
322358211 837513326
366573883 752000326
256548694 966411993
253548792 975239304
246623572 988831347
428651432 634332359
310451127 869636531
282857654 925177836
441870451 609414466
360880046 771251117
259538638 976338319
300815463 893747257
277112721 943587700
396969720 701701948
364995148 766510927
431524171 632757387
430308595 636224495
383820030 731415540
321311186 859649480
313822246 875586489
363066948 776590962
352935238 797788073
290260631 928600006
270642720 969568915
329329503 849319838
474440609 547127099
320949880 872491290
369302311 770269456
288901210 941331875
276565217 969587225
323018327 872219270
293804801 936733975
286557385 957862845
273812131 991485624
338667778 850256982
351452089 823288015
369317217 786676686
474734525 550929282
291229633 965216142
306075895 932853551
333938417 872027474
346174500 844605555
379444039 770905641
408932142 703878634
290400819 977524195
300569968 955022500
321425381 909471262
313930643 930407966
444572513 624742086
427374299 665996987
487395814 524040964
395660496 742706646
411917552 704558586
369250322 808501628
425240134 674366100
335254957 891686665
406470556 720100808
362882748 828943602
426991159 672503162
301806608 978510693
299823439 986038254
326023496 929675844
333221126 911856760
382330734 793891081
335703794 916854363
390929353 774853713
332210456 927581716
442931514 641757778
396737224 762764786
328588260 941634669
314063985 980575119
318215958 972959472
338310050 920367087
411157982 732210901
397591487 768561237
341649620 920128566
401221897 760199022
344814266 913397790
405142206 752527573
327469643 967365034
376373154 833592768
432525238 680095153
417672302 721179139
386599641 808278108
437910238 667836049
369937000 864518500
381686984 832168170
333093584 972669252
370887143 865874285
419288538 727047325
374427439 858161896
332336509 982866737
329560213 991095389
359758001 906309118
362134806 900109053
379191505 852402139
391497474 821188888
423547558 726847114
380149470 860912556
397710436 809312038
379414312 866149631
360820727 926103479
351385622 955358436
434112981 701498723
431001413 712307325
410068997 779479234
418674099 753615129
455082756 638149648
404605617 799560053
453466062 647871863
370725210 921133745
352504778 987205048
377519060 905363463
367360843 945094691
352574600 997079433
421979424 761821641
422682368 763155125
428841179 744194814
396126077 860094377
400868954 844911550
423504486 765168956
384555363 902770442
365251425 972188801
402489145 847458082
385825166 913437819
441368240 710935838
416479682 805382237
379232633 945340992
423824802 783207985
421496251 796875916
376558409 971079895
403978641 872085854
447507522 703603829
417697532 824712430
423568077 802741807
422389978 808383980
426200882 794207864
449967109 701093996
380334527 987349425
401819554 899689049
383479864 979179228
427059751 800830011
438134638 754686408
389124118 960981427
451896953 698861219
405188429 899152125
450314363 707876032
423037190 831059959
473142645 614530653
474485114 608755298
465499834 651110680
437058795 783118226
418642335 868259982
434463216 800437582
437531071 787333018
415385699 895981706
398117050 987274832
436775619 804622650
413158153 924234384
457849071 704665178
448148528 760088209
415316673 937646895
410565099 965427131
449301232 767070192
454014882 746153295
410781939 983405625
415852012 979537422
420462219 960976775
454588691 762650370
453414027 770966031
440564698 851525993
422315177 967663500
437413890 878284623
420272974 982888423
450913752 797488413
424599167 959697963
425121259 962054317
437882430 888276110
433158878 965683372
437132538 944041461
457204508 807049502
459384897 796073803
443578539 916255413
470379867 719441447
454185868 844700715
439426380 969164288
437279077 990203019
448191020 931659753
442588791 982030439
479548275 674378301
453701291 901657879
457579885 870221855
449585208 940160795
456281906 882011021
446919683 971170719
466327193 805930879
482236384 666877061
470800607 777923664
447866693 996259449
477152153 720486472
475458673 736837026
461027083 878537846
451439708 972110087
452128462 983553206
468346505 822069211
487432637 634060768
457015904 957096565
467355322 852808942
459701106 944483407
479969486 722524193
472377893 825028355
466274507 899429450
473414615 835109723
488099279 653553161
493389664 586846369
485563573 691359260
481067898 757739816
465874227 984851165
465563576 993661893
492026014 619182546
474602584 871485714
474436055 912125385
489879822 667091132
471715016 975401491
476002452 913050125
472146444 995754320
481472021 846983845
480803746 862835518
480488678 876866339
480509379 898101423
479051164 932237978
478108058 971182543
492104301 686568155
488054038 819204741
488478069 831576164
489278335 822443158
488078329 858964413
485905169 931672143
486713355 916610721
494051310 712480206
486441819 972255661
487475976 995694604
489476088 969175454
492422629 885743926
493901578 859968245
493685676 898045300
495106648 898661305
494108543 990969744
495463937 895290508
495240123 974771998
498038246 751533859
499823623 669041578
500206980 651640927
499280053 965094048
500310877 688793688
499615535 975813038
500787859 724626830
