30112595889 63130159913
17759625968 57881512818
34793520224 75711072464
40678267201 66905116622
15113950679 39770387412
26883652424 55365402557
24498736285 53944340436
14000848947 39609778425
5364779776 11949975218
23406875446 33460189960
9843677032 25758975629
20576513768 39874946820
52410361095 52052170119
53401887223 51148231678
33833618305 32261585878
12350461894 14223254085
25519789490 19197484378
26613146785 18551559028
19566548055 5155690134
45434887585 15744529182
37243163757 22071061160
54551825215 16053711095
41903578427 8148778074
29353511969 6466542954
51637316176 8423751285
58507708504 14760838900
48682895507 29560729671
27037744133 17011107598
37096774418 34177954304
43904814206 39432762802
56103075622 39434187574
58451363739 35499527265
66012014447 15728042917
66030167530 15678338567
56380220225 8286968752
41418882543 3134027238
41860629469 3745607220
18650442027 10565341
64630988423 1537392916
90011204788 2708182891
90881162682 4155506490
84872524689 11912038435
79594878262 33877820534
75890176963 9569585647
64816303767 2547477567
74204723652 38511664908
87166539189 32556346937
80583389501 33579136407
89683667305 14118558585
90181216015 5925191395
99936566239 30942349700
97754572155 73693728705
86363842546 86065435028
91776452564 81204455655
81886513177 93951970252
78441040636 92926130209
89204836547 81306193279
87477651142 69396347089
88430219906 70943385182
90765114979 60703442377
79215055421 69580579377
86857297139 71033864750
75818571110 83413941086
78754324399 62487860595
72707173397 44449127805
66677621185 90789709600
66326103454 85145505638
66056802258 69434871631
48494128745 93902859167
46816655268 96436253473
64330025091 83482080548
66367303665 96179287629
71661248644 65524403646
68142896808 98266307618
57446212577 99427461318
676755811 98337830476
9170104660 75702081360
5986738699 94717106969
17081159702 82426813153
27088135893 91223649950
28567059024 92770915497
7237477861 95749096343
24650873884 93642228502
45718086402 95648655553
50241362585 76516008171
45457229008 70943549302
42063372741 73295990123
52801840972 63979070326
59662386310 55953093806
63608336451 47798233930
66401554517 45013617242
56514105379 72538232152
54570458497 72924218526
57674810929 68385192719
51788346638 65695309283
56618660695 81203172619
68719650705 37747722160
28309426515 85206016210
3909573363 47050583813
19917318875 48471678854
