30112595889 63130159913
34549606759 63077235222
37286795038 62179437741
39912859050 69917833253
37356211150 71449114958
38991156357 68732766183
27678547388 61771740603
30530999991 64406387175
36838992606 69674801112
34516083186 68811772038
29486152055 63841866171
28224696601 63124945571
22144040037 52243008655
34443170363 74471154168
28925749774 69583979774
25442804104 67342213452
23286709567 66410705184
31669695661 73242222302
26914437022 69939958216
21796660275 67173439858
23614529245 66114622615
29789193350 70023039538
27535737078 67653473479
31295503517 70772263788
22212830029 52835468300
26379182515 63042658123
24519876292 61128452786
18124932450 51709900963
19211989648 53834845191
24869484470 62014376545
27775051418 65472316620
22564284635 60873697685
15869892429 54271849975
13438603347 52210221658
9981460743 52196354618
16919841922 50768109857
7168944234 47372403503
10792426019 57206034046
15513731560 57641168543
12250525954 52699649631
11664005332 52405600747
14913965605 53920875756
16869400743 56357764688
21047346000 62222191310
24810998509 65636158291
18701305582 57130653789
27374557093 66613193770
29202972728 67011620316
26739779143 67938488733
16944665149 59716951276
17759625968 57881512818
12655382514 58690984845
25585987856 71328826501
14990314135 63048149926
26439862324 72064452451
26176356387 72622434906
22024153717 69629232588
22424090122 69204973206
13987935323 62564902095
20619120798 71628734486
22629606924 76166461940
23098994961 73566607201
25452226217 74407588407
26759453310 79438539886
30605306646 77562353691
26735537567 77511113204
26656219092 76030679052
26144473878 73625460181
20292090684 69150086109
33107129491 76780439469
27363302168 71564510371
34603215376 75679491501
24472056411 69767187890
34793520224 75711072464
40990268184 68878378950
53615791176 54242960989
46072002094 61660078855
60175537615 45334182127
61264544350 44342809706
57715684921 50048616206
57670676807 49594790529
47304962142 62885821287
51932601936 57340739335
65327056590 40715187640
67751725151 37456625196
61578584591 44408511221
60902290195 45049335588
66598714485 37825221732
67635307988 34129296513
59118357021 45775760178
57799830197 47191742951
56661597299 48592438047
46971474814 59300498380
65768105905 36046177672
40678267201 66905116622
52347959571 52033885657
47612722851 57243731581
45107441298 60653376380
42686559880 61201381656
38305687463 58271127695
40057018221 59018713022
35711969516 53338040252
32637563745 50569796047
33274207754 52186489594
41689723188 63740217524
33437017003 59468676473
35595321652 60740096606
31064492073 62650749622
23245750103 48771606416
20756999131 45845902534
26647970697 51836137520
25389083295 48961820095
27877380289 48700105295
30836659873 51735773114
31021925363 52904754401
35703922773 59591149634
30241168906 49445059047
24390211458 44446186477
20413363884 44304681041
25805982211 48557607493
24316393832 49375457142
17113024711 42225658700
31902653195 46657023045
29661126010 45403461808
20581201798 42681549539
19415927286 42343817399
17380065246 41793842920
17931380305 41106112721
25460765750 42677484131
33245747326 47202642568
40245207328 50338283015
41503383602 50384423451
43291376205 51291661739
47359938270 54252686729
47611231518 55074574734
44842310462 59780381267
44919961356 55123888389
39352395104 52566087919
36237322947 51069460544
40306388632 51073323547
29871783209 46582119674
41077819963 55157348332
44609291578 60305559096
48225780234 54414552222
47409412732 53675929217
41968469753 48718000923
46714030196 52694498154
48816588415 51048006253
32146073161 44453631501
40356507780 48484184711
43543305974 51440703884
40290131151 48822194819
32394600935 44649828519
28963150075 43151402978
17689112619 38754114530
23881986398 41426544531
15113950679 39770387412
15367469261 41387343775
24120802836 53262698165
26883652424 55365402557
24498736285 53944340436
14000848947 39609778425
17423033019 37739276059
8940502116 40681987333
10579436956 38077054759
8665726427 37484523183
8152644491 34943971148
5959164971 32185481164
6139759039 31966418330
12473709261 39316041593
16672747046 37915149726
7957849636 27249676608
6662320690 25816715738
6655112986 28217912815
8109328179 27903073678
5220882666 32158761415
5736622066 33223157060
6239613002 32605686926
5369832254 34920018079
4947202303 37647313168
6774312509 39901120729
7736008165 43879614361
6663841395 37513701738
8217715595 40915484636
10963861955 42655441179
14788187257 47234875495
16771442623 45737351780
16270569021 47999109628
9175909453 46962626896
15140871761 47401814504
8170339914 45641190057
7779633728 46979460868
4194743052 40194302854
3055475995 35640604385
3578840752 33081738302
3672012254 33609477631
4334663384 37522865980
2932525421 28353751904
12233755458 21494260066
4495961545 27077158525
4883610018 22352456487
5886514925 24900865919
6866563771 24496211784
8825301034 22107117527
9598170497 20454779100
10340284951 17705005407
3533418458 22210123139
5304317909 21387074496
3072503211 23679701901
1705580122 42814033342
1946291829 53475629206
2188112828 45588512135
3234769372 48545713423
6048982257 53456436290
10129133216 57538651447
5082133293 56776848033
3518252830 55377856594
5467901873 57736569806
7174298951 58772025465
3420520984 58190373722
3375479685 55443638539
1598621703 58223150915
4300525322 60659542954
326026541 60834889145
684703870 58122396667
1676508567 59346254662
416989677 49167663671
288982062 31586300452
361924055 31522737030
394812448 12213650106
71084582 19011431779
118734833 55801187249
586470945 69323110617
147255517 85454128246
17432946 13344582106
1480655752 7055959502
1499151874 6324499816
2728378708 1177537192
3425126057 1488293037
2236379328 15296618769
428207574 28419318902
2453772551 14074311636
4355582627 358978950
549542114 34945467204
1687151726 38269601132
809633693 45426372614
1063292654 53817252966
2580064354 18557089897
5808624367 13638057179
7902658993 15030558335
26561298068 30608338102
27794751777 30235384602
38173517115 39664203233
39331493150 41824260285
24097466242 29418001012
22728377056 27714012869
24554085374 30356264771
24991471703 30671762958
24393962315 33072765043
23317351223 30416156812
19894716833 27526133461
21258333313 28345975454
21869105678 27224235094
10353190330 17273120569
10793734963 18066497381
13165690834 22487955440
17248611530 30518220725
9624474328 24309242167
17590621247 35355053159
19167160835 35466379236
20952524304 32948067079
18040194312 32202489422
18743305940 25907614495
21834155603 30807725616
27045184839 35548590516
29259400298 34164226676
30196793171 37603278590
29820738620 37016600410
28612917662 37786292889
18763347499 28564528488
27229394304 36975205867
25130634002 38775057786
25380051529 40554224605
26484564934 41244023460
28308374799 40861470404
29428567118 40508997834
35492225803 42675113376
35543989004 41117436957
28836714530 33360265876
43956475507 46089267369
45047227175 46197595015
40127660156 39981955159
37890854763 37849312316
40953346343 43311625311
35570922366 36009509558
25245884145 27415597258
29485078415 29764021956
13643319394 17776434734
24922244597 27615306268
34810952073 36242481182
20749448792 24004838702
5364779776 11949975218
8491967702 11708664366
6629953895 7453532690
15812297533 18421420290
36733018251 34721240901
21979640010 23334088387
31399454839 31132449368
34915451948 33890660319
42887715856 40664654123
28786400912 25927079262
45003810771 42539763700
50105942993 48130195427
48645692757 48051163121
47873042058 49474318260
43266750995 48456270030
41042404752 47618729869
37221517454 41409380288
37080425022 43538667710
35570988340 44812407123
35817167720 43909838476
31665245044 43418443751
33354725488 43069197141
32248166362 42746400376
28244608917 41996154486
26214614445 41563849448
24271445431 40669767122
24519460880 38253585360
22848135019 35642459970
23406875446 33460189960
21019205415 31838953321
23795867319 41075109316
17013348365 35010455846
9843677032 25758975629
20576513768 39874946820
52410361095 52052170119
53401887223 51148231678
23855244797 20677876691
19091569343 15363577513
33461945836 30566075321
33065622801 29881390739
34536707319 30119106642
28161054462 19204522298
28275385474 20813429493
31848006169 27299905659
28078509451 20915351197
27475824543 19483223316
25188606693 19409121758
31422377462 27765382178
33064194147 29930611489
31029018710 27788543992
25031297323 21393345664
14427119999 9256147247
21530695884 16985010463
23365287999 12528212973
20591931174 15863920101
20334661216 12948112528
21806849226 13615938895
22577919980 9419784882
16080277846 9449960425
5931161036 4474750795
13406444274 10091518997
12923120139 7951009694
16833899621 14410579649
18002842433 16019188074
10488066823 8288307987
8306760101 7802259868
11986760381 10452800303
20406747416 19531563957
27220107964 26337230592
15808513120 12661518773
30991930914 29306139094
32295598050 30710743857
33833618305 32261585878
12350461894 14223254085
9289230617 10113325244
5630927126 4464273841
9820007301 3111485068
6955199750 2063890507
4365752176 406465699
7561523596 1380157769
11903580672 3237093164
8396739080 238819029
18629799741 1594971236
37762462045 3966811793
31786306579 3028932734
12597257513 697911992
21724085872 730365216
24459695717 1360757253
40079853105 3505727758
42177044835 5658206001
39870447144 3668376082
36352199895 6688078824
29447554046 5331786643
25587241295 4001911340
37682943424 5293325049
31573414637 4561158653
12968538509 884037536
23276350939 4190969052
16636460744 5653963855
17893715226 5948126155
17214409387 6297845343
14051443016 5618269861
19957614916 4215237412
8943529705 4049509014
13453850164 5784533130
20690380852 7533687136
31624646904 14428504414
31544570093 14347580103
34105124927 16128734293
23909318706 15478355688
25519789490 19197484378
26613146785 18551559028
26946984818 16732846711
33033691737 18606252750
34834391277 20106349739
41888463008 19674671225
33185085448 18119496203
29411192812 17191394614
39421771743 17005993292
38253063002 15461987608
40718935783 17959530055
40884279484 13544014889
36974959270 11584611818
31438236226 11879101976
24838945399 7009596504
20852201377 5600406527
26631809467 8657111399
35642004198 16878665294
32140981351 14324659382
19566548055 5155690134
28868263923 6834300270
40516324675 9073765678
50617059701 11665189765
47398249986 11462058634
43240526650 10194780828
44382905254 12753768388
44906088933 13548353858
49323920994 17575809683
46903602092 14235013441
51318643219 16618539751
47464026290 11658481481
51930605919 15507798969
53296672083 16701463036
47894933240 23124374378
52350580968 17175864374
42802966778 22977738020
46461771985 19905760150
45018988941 20251986405
42804953642 20633479832
47074838525 19191019927
49643922853 17953348914
33579319877 9219481330
40576918937 12862502937
40307726152 11880738920
40069178620 11459307234
31255458908 8254762143
45434887585 15744529182
48900968706 17871426195
37243163757 22071061160
39119529919 23651685064
38999245398 22875354722
51964160459 27216326763
49804957344 31945071488
49636617402 30489569186
45429331776 33028675529
40286547082 28166131184
39442940274 33600637206
44883329119 34822707995
47689801093 33714576102
56588400439 29722248712
58325273913 26665762199
60085080210 24271889627
56969439077 29325724346
53682946883 33321976001
52376244992 35379226379
53151851710 34638657531
53924291899 33910449954
60255578904 25971520259
60717894970 20770855996
55961920860 13806805737
54648822321 15468912068
55371822920 19234109647
58131751343 25752143582
55647799226 20868772134
54196063388 13749367157
54225435821 14138304606
56626176158 27267791332
52244442590 22697228633
53753480227 21189944777
50690449787 22582672873
55017888386 25947578501
47402489878 24363813485
50740883988 22184740038
54551825215 16053711095
48617249226 8713883234
33261058747 6735920871
41903578427 8148778074
29353511969 6466542954
31285692116 6516917290
51637316176 8423751285
60595492682 12277592468
61123109807 15967804966
58920460158 14226191191
63443873777 18294941251
60425256230 17143740713
58507708504 14760838900
63442432112 22182909516
62906002889 23544670924
59634427213 30956253629
56752089077 37911764207
61404749348 25892207090
57439106438 32679924661
58661270651 29741906004
53400681667 37122391611
52485359002 37714934009
52249178580 37655795623
46241157709 38733135332
48645837599 37956276418
54213748950 30912606105
43270630352 35984603884
38772274900 34551633645
27921706555 17741976963
33622906612 25960489959
31863421161 22070607429
34247354544 21933109654
39214923699 25007547873
38211214455 24912287973
35110333397 24323638533
44099285594 29478738291
36015472608 24613796828
46319143972 29013678397
44908579106 32519645130
48682895507 29560729671
27037744133 17011107598
37096774418 34177954304
48157772986 44912624264
54004993168 49726064664
47115768662 42141603204
55698457552 46725751715
50385590798 41496250548
43904814206 39432762802
53901429154 42005927405
58751036681 37671090154
60173167839 42576282046
64875023499 36516282910
69108666587 27750365356
60967284595 35287850849
55131118013 40857973253
46499944830 39951275286
56103075622 39434187574
67243913007 27111579082
60241606825 35163311525
68743994116 27388272296
66070981695 24069888122
64114870059 26714685314
66281769122 23647612774
65248173166 22305957813
62766859308 26420584789
59126971246 33954299435
59108021273 35693534672
58451363739 35499527265
66012014447 15728042917
74137041216 46343504727
65112998264 9163478402
70840014553 31139251741
76712672472 53836011203
70417899726 27416969642
66848381236 13164547149
66272970366 8785208084
71760421359 29794083773
75113454196 42619071618
76261359457 47585155413
79738042753 62830307263
78650664622 59213223153
79485786750 64747148694
83699476998 58147902005
80861326497 64981097275
83764159887 59541038280
80453327170 66035468822
78608274639 64775738671
76897647464 64839086229
75059142557 65561346254
81061779160 70545304903
77628250820 74254396021
79438507549 75438505706
79500377921 74384210366
85393114532 62360730969
94783085634 51161654697
94821417652 49247311558
87614073041 58103819858
92888876255 53067192798
93931627785 52023738700
80844529988 67329959106
86825032567 57416085494
90929162473 53454830665
89613590109 45156331664
87960376316 47173081147
89737553000 50125628206
84468731969 52398462903
85449273159 52414980505
80313388815 53869966086
80578640655 62204740792
78654545924 52601157527
78287750638 43371862325
76126036276 41696441303
76674956095 44770756426
77667555475 45475903962
77307239360 49841153177
76996681572 49604291627
78729340548 54350302703
79596087789 59875350321
64474229059 1492700176
62300333323 2338574330
58624111034 2897675681
54362627360 3319080988
56495895700 1263489028
60408358273 1178039628
34840447627 483762861
42378284745 1131091674
52533843176 1215696653
48528048374 3747338555
53897103247 1192094863
51817929235 5356530173
52633606707 5268818016
59491702940 2788553367
61024278493 2810419574
58274283923 5364635295
58893019232 7953051476
66030167530 15678338567
56380220225 8286968752
50791172634 5248828334
41124907583 1341836878
40385854295 1227756808
29232949440 971484069
37240637302 2466458954
41418882543 3134027238
41860629469 3745607220
18650442027 10565341
80521324991 17504880
90372900682 337853241
67578750716 765042215
43976748367 189901302
83459307438 1188427233
90740253717 1742885140
97086298789 2350951445
84645256972 2480052211
72597787777 2186584254
88611787455 3002242712
79555180624 4032404253
87076194990 3396609038
81492272322 4444271266
87154910392 3742899042
77813402130 7072734789
81014527152 5197203183
76470703040 5296215108
70198679806 4581045542
65976875115 2282475867
81020565398 1830945223
64630988423 1537392916
71378712064 5892209330
80256976353 10859828782
83614054071 9751610474
87256969942 9613738886
89090788097 6972023978
87055378961 4937665591
84407174723 5639923581
84019474859 7851238075
84015636290 5196427972
90011204788 2708182891
94537243423 5042705231
92299608954 4543368005
97475095416 15779580037
97587434764 13266315003
95067994205 2725831494
97413822647 3692541770
96639411979 8000174876
97759523709 9922488389
99291029776 13611224524
98835706962 19273443021
98337398437 21061344765
94393590708 11482591910
97190299896 18113912186
92629594397 5517675309
90881162682 4155506490
87116642161 10256934984
78942183723 11179164224
74967223158 10622082069
76866237690 11005943484
76647248012 18966725969
74840719883 12674095731
72703716315 17838342712
74223929469 19883827574
74672816638 15886246514
76350554316 26600304513
79501494568 21795575258
80025258813 16957145941
81297882084 15929893916
84872524689 11912038435
89319946950 8727863575
89878892212 7417606055
88756224366 13101548700
84084660579 15602540885
80913544607 17695835713
82332083209 19624343753
79876808002 29064603215
84156277860 19864966652
82362239722 16957883601
86761078528 19401224839
86170264684 20704683568
81935623437 26980075268
82602334091 24534140187
80170530765 31258877619
79594878262 33877820534
85106325974 34455570716
86628324817 34809542970
83584507449 35089824875
81153480112 34562105311
82726437057 35357170489
84122957001 39080006213
81060679311 42272129296
85795497367 40267704945
87875935136 29101056469
88896042582 42662129240
87723264459 43375394684
85269561158 43128134110
81543081057 43865753132
79251590062 42926716584
78676753293 37297447141
75870202377 26691174724
74677761109 35394961701
77001393140 39519524344
73805939198 36005020834
73512131786 28231662775
74985571369 28720991593
71702487581 21697390696
73171470472 21845576824
70607824323 18549267985
73215027645 26093192509
70538295543 21853879158
67492042918 12389593798
68834317794 12745786397
69689734013 8229836597
69020247230 12378717959
69961555964 13983116092
81608956115 38568953702
76153718381 26849362978
71701579596 17203204607
71044490235 13958851086
70113304185 6007139203
72616286281 7525041948
75890176963 9569585647
64816303767 2547477567
74204723652 38511664908
87004272686 50484967943
85607466828 46470915604
82351653849 45400920890
87239558907 46372426357
88207043361 45266353715
89791714409 41725176974
90189524331 29472321045
87840689836 26493290355
87839756943 26759712798
87339712474 30482895058
86088557028 24582676004
87156830359 24669626313
90196475820 29212302779
91618300579 36095940503
91028038074 37524323300
92139696649 49452598135
93977446148 36117285970
92966334416 41017092527
93692685640 23867393888
96047226556 21010499666
94610701130 30575780023
96312000920 23327931167
95512152521 27919925661
95445648293 36376408757
94493716399 61156568556
93604824529 57349115077
93522217331 58643617353
92146072583 57225230566
96410282651 70165786204
93015203414 74870286803
91946494094 74006575278
92355723207 62787770779
93744681932 64198594981
91560644273 59346040277
92080936822 68280756726
91335144969 56491083217
80406519567 76486682792
90567407534 58812337249
91804953444 67752166151
91682366949 70314154120
88781153377 70981321038
88521297504 70802379567
88393354074 71674939387
88422917460 72206708887
91600089373 78655510928
96296533363 75274131066
98461214508 57091733068
98026125736 72790551174
99262088560 48316653402
98943535199 47413823789
98296596469 56815215032
98573934411 43357882365
97590094123 62909403191
96959594795 63446924266
96284953545 63658396859
97595759869 44186344289
97164528941 40721351678
95596333290 67509080486
95590150002 44850255815
97758334796 28627671166
98433464397 38662432474
98517461094 43307978109
98680756013 30180135323
98187675283 25269790779
97807430761 22774143617
98609898289 30393029203
97301139056 22759301123
96424488015 19218535355
91164205536 15169321876
91465338757 14309587073
92592989827 14943032633
93242654141 12719978920
92407129687 12126697902
90726831347 12336504563
86754535390 20570577443
90447011054 17619721609
92033020791 16315584465
94899084925 18633263016
92984065681 18207606969
92532268182 26772720808
92079405849 42926958566
92037555547 35788111962
91191160848 24637664832
88570355235 19912996597
88057992460 19785303837
88101199534 22701031749
88599793462 23807352764
87527350158 23922365790
85618373468 23028500728
82458312237 30077638547
86167500750 29051421533
87166539189 32556346937
80583389501 33579136407
89683667305 14118558585
90181216015 5925191395
98466031523 21978827838
99936566239 30942349700
99532916506 63513668333
99480004900 91355501955
99284329167 72682170733
98848091497 94313360985
97171808045 99101035898
98328088354 71919873378
97918054219 83562091697
99485590257 45039953439
97238714583 97055009664
96577266692 90424667356
97382008668 79520318443
95808980155 78960645037
95934646330 92199798797
96700977254 87263383924
96334769505 93646669442
93854078066 96301420415
95091145283 88297270604
93459498190 84545784814
94382635619 80282263513
97754572155 73693728705
88441326454 84412623103
88313866140 84287208714
86363842546 86065435028
91440039203 88203787252
90013277591 90980272148
88165849798 89491372461
84451463969 84371970370
84111079045 84224404369
82601127990 85423125028
86596732280 88774703662
88250186713 92621243551
86563550501 94408410926
85588205088 94075031219
86947156741 93622739484
86378367059 89870387804
84465072339 88861292127
81565960987 91472734796
80211672468 92898059030
84254969700 94002323733
89617357198 97267081913
92228636880 92686222860
88885993128 96113805231
92422327451 87713603727
91233733680 84289644267
89205956665 85363812338
91776452564 81204455655
94854595408 88454141752
90803026076 99674072369
61210466798 99617415300
82290675787 99390727400
73969908521 97062375647
82972444684 97250242198
76006236684 96625089109
72820262282 95784721372
72789002598 94930259005
77015569803 95188022779
88384876007 96899028307
86247177856 96070008770
80337113756 95615804569
72947838820 93419560498
81886513177 93951970252
77397181115 93175059515
74331767654 90778000558
71810401703 92891747420
69954310072 97532669790
72833810436 94030226949
69170511804 99393742012
71896913347 89440882449
77926305586 91168773546
70323249688 85647697253
76806133079 86242890399
73193525018 86914787334
74712741030 88171008928
76312573789 88235641706
79265717830 84220893583
79313085923 83618128655
77021079432 83386377752
69911663253 84925154854
76497116157 83245332588
78401649524 82300918922
79004792090 80618378787
79778965599 79333231603
81926043324 84973913885
79733777348 88355485556
78441040636 92926130209
82156727013 84553493344
80927221206 80571940077
87194785019 75586802407
87562259704 78348031089
87064488268 79681188919
85747458024 79912455574
85537636582 80877528945
89204836547 81306193279
87477651142 69396347089
88481382249 67505360407
88430219906 70943385182
90765114979 60703442377
85483207095 72105115922
85731086689 69595753067
81580271988 76177034193
78537768290 78361338968
74120489423 67267958827
79215055421 69580579377
73861549805 67093970370
76260083793 82270599149
86857297139 71033864750
75818571110 83413941086
71225791335 82968186503
70335871062 79126552607
75685736773 58974058454
73947425038 51637421382
70690025824 68427895018
69692338699 68569455754
71580062709 63115014642
72321467038 52253040549
70526946232 59008348017
69570818589 64484347608
68944759520 82223611542
67904059968 75381655227
67095391011 93195693225
67533054385 76365337140
68285260823 63089374099
69030363025 69642668017
70049778284 55324730525
67782515384 53567446311
72163139960 51407336846
74871715436 51076472463
77593552049 59152367515
77604364418 62022325408
76014786785 54480614602
76148493021 63074320831
78301817803 62660489520
77355880522 64376264386
78754324399 62487860595
71048595537 38966352701
72707173397 44449127805
72272843857 43373078924
69580685410 38723008709
68165015754 45213619574
67238758366 52112729633
67131393865 62108368113
65169371349 61109251661
64727921295 69260393779
66057832036 62226045561
66254319080 66730649590
66562116347 78904490502
67209453723 74423168755
66573920659 64728859911
67254723194 71733845677
68076158454 56557626136
66677621185 90789709600
63764878590 76903667131
64938381925 84420206508
62582519742 76964479504
64430881197 73770497305
66326103454 85145505638
66056802258 69434871631
60117366907 75671385652
60188392186 75830873588
61202285413 82818177937
60844448372 79050561098
61085084824 78826784257
63804043396 84465034351
62598126005 92036438851
58740760875 87196560808
59047004519 95253245512
59056631700 89626064601
62099986693 91471402267
62116463713 91520146738
60515564155 95386362062
59405957939 96276259204
58130629289 95727822677
57480179881 93288372934
57703104054 92065362475
58270172163 86973431944
53730890659 83089011904
59186319783 85917821159
60959108561 84608497844
63245806881 84336338679
62449232455 84013721866
59639715669 81500051388
50561885389 80653148043
50061765049 83198805687
49038642056 83536779965
56218497727 88993503724
51294521122 89728765534
52037036905 87454171176
50473600135 88365034023
47751474495 90816421448
47951730404 90695596618
50156935153 93493898827
51676016374 90930638452
57644584787 91571053550
53840111875 92809797454
48494128745 93902859167
46816655268 96436253473
63563236868 98268328650
66265569155 97695352075
66820504200 97547221084
58376042433 96993443302
64690750495 93080323184
65999093380 97069583342
64821834830 87470527224
63086437003 93801773194
64330025091 83482080548
66367303665 96179287629
66605127858 95747236380
68737357094 90624646838
71661248644 65524403646
68142896808 98266307618
58329890552 99859983421
41083213351 97014832141
31797936492 96606755675
37673784218 98339688693
36696367672 99047807298
33352102878 99624637520
14346252918 99103216556
21391094375 98153151539
28580447796 98304185574
25528558241 97413180983
12658275228 96957830720
12260461440 97113286993
21814815628 97632610757
4730779643 99491750486
2919146632 98543512600
7589071127 97367331970
10922158455 96599510806
33091348333 95676634285
31932075223 96109517126
38721880368 96203945779
29254109318 96273366828
43230245320 96651501771
41805779776 96816867791
57446212577 99427461318
44362161105 95894442131
35096448784 95236177454
17176549219 94564335115
8164616968 96397263967
676755811 98337830476
1595307736 88253319670
1334937366 96563926321
3888674818 95880918971
16679540774 94405918829
28235639771 92672090327
2228402865 95875538149
5489181697 86939571341
5389329909 89603744183
6007706702 88361094557
7336703945 84583602804
5960898550 81027943540
3296837164 84798234093
3819221759 91144304563
3339175360 91114176654
3324118974 87657339175
1370142100 87047939206
937169184 89283775030
598747235 84754465318
873308351 78302061287
2136236150 68147447198
2358580599 65806177705
2739600018 65727204093
1457988141 74906480392
1849753574 73420121611
3372050607 72734738597
2664473497 76407951687
5848329204 79182670562
7086014276 80506833159
8699549052 74984156243
7541003404 75834027794
6708859559 74573735132
10750713478 68766937313
8748458465 72961374271
9811381791 74302546357
15113106009 69388153802
16677731163 73760904207
18211212434 72871130105
8441361203 60639653763
6422635327 60877823842
12966013034 67585051303
12266543419 68657777996
5232351747 61421964701
3737807007 67622083461
3828571186 72748892094
4394237575 74218947405
4290220071 72813199271
7355308239 78336188800
4834201673 78064240062
2721708449 67495773316
3499628067 65406252127
1181201597 65662616928
9003038280 57433366936
12845551643 61637402152
18583770020 71132577751
26000026875 81737096355
18856818295 77054563563
21930693053 80526283916
19542337748 79079766658
23562674087 83017324896
22790909963 81112111642
26935723313 88069948724
29172887579 84836320719
27589378127 90074951430
19820259957 84131567581
22884384573 87235244138
18206325941 82657739917
20250917393 79790759333
17713724337 79571937396
16214298465 79864725976
13814933489 87358381521
13683556460 88131205372
17989070343 79862822134
11486297135 93693833292
9650450719 91020098522
11825422864 83476900644
14688841047 81039332642
13241719242 71228669340
11102350399 79481202728
9761000099 83043467127
9672882511 83265593676
9882662979 83200757850
8470519689 86899700418
13039762313 79537661314
7711668836 92771950715
8093888529 91476479471
7117912965 91004136302
9170104660 75702081360
5986738699 94717106969
23096190387 92675086497
29642360217 91183081693
22977592483 92428142411
16857897616 90118494370
22015193192 86997134642
20147550037 86350943025
19171612543 86234856609
16595232429 86109194992
17081159702 82426813153
27088135893 91223649950
31115564590 84347841672
36902906527 75209315683
27422371052 91058878687
33124179251 84660404318
32121622822 84452234177
39502190779 80577158235
37946931477 81526566425
42916868634 84196189928
42420993412 85625529548
44441316650 80818443802
41750724280 79662717492
44600736537 78133269658
45113857804 73831595019
39711251533 74257359999
38769691047 78286152257
37062798718 79520808279
40182368332 80126954134
36877887625 81249827514
31954651815 83872034956
38690176665 73655223628
50258224915 73853363698
49276766381 79684091708
47911564264 85816516393
45183922793 92851712557
46394432057 79933167194
47438282062 80897209887
46223737293 77352375973
42209690032 93087488799
43784348539 94445528981
42131973591 94642840816
41108716888 92983694059
44231370516 82208441387
38568075452 94641646094
34044296613 93077845800
34713211588 91125869265
40158090452 86358505285
38491666219 90312585706
37645955254 93106503163
42414084795 83976909420
30975498729 93585913782
28567059024 92770915497
18409573161 94257398764
7237477861 95749096343
24650873884 93642228502
45718086402 95648655553
50241362585 76516008171
51073369868 79252148099
51510971677 79760324898
51286563694 68319533657
44002234284 72446302985
51731513026 66115387939
51481168362 74176766541
51614675368 80427352618
51800633097 62307324044
47860411689 67964157850
50415572617 63119300044
47264809616 67476806513
45457229008 70943549302
42063372741 73295990123
49392229995 62717024073
58819004883 52705359319
59093554704 51706189280
57285786109 52534453523
47559413047 64033388835
43110436922 68926880855
60080804265 48387458969
67926732568 39162765907
65695943165 41882291102
63436925756 47888052637
64410541661 44875953144
63077687109 47438977316
59778939664 52890137738
56636352234 56735436834
60001827199 57011561487
63005313401 57313056289
53576442319 59596166995
55516826500 60185441819
57148891176 63499694818
54959420112 62550737401
55990769017 61507978426
52801840972 63979070326
54175881033 64647019137
56404986728 64104948867
60676184700 60725767265
57644825728 68995403111
57469074290 70459356427
65525324775 53410844276
63283230921 50899991269
61704138908 55782140254
61815233120 54081891162
59662386310 55953093806
63608336451 47798233930
66401554517 45013617242
66810432535 47142632373
66707668311 49044253084
63141460695 69667987356
61958130759 67971041041
58327712645 77985040001
55912445072 75828884889
59556210226 71979143670
56577510247 70175225264
56514105379 72538232152
54570458497 72924218526
52945676838 66479331670
57674810929 68385192719
51788346638 65695309283
56618660695 81203172619
63453908523 70142290747
68719650705 37747722160
28309426515 85206016210
3909573363 47050583813
19917318875 48471678854
