30112595889 63130159913
17759625968 57881512818
12655382514 58690984845
34793520224 75711072464
40678267201 66905116622
44609291578 60305559096
43543305974 51440703884
32394600935 44649828519
23881986398 41426544531
15113950679 39770387412
26883652424 55365402557
24498736285 53944340436
14000848947 39609778425
7779633728 46979460868
6866563771 24496211784
3072503211 23679701901
1705580122 42814033342
4300525322 60659542954
118734833 55801187249
1063292654 53817252966
2580064354 18557089897
5364779776 11949975218
31399454839 31132449368
37080425022 43538667710
32248166362 42746400376
23406875446 33460189960
23795867319 41075109316
9843677032 25758975629
20576513768 39874946820
52410361095 52052170119
53401887223 51148231678
33461945836 30566075321
33833618305 32261585878
12350461894 14223254085
8943529705 4049509014
25519789490 19197484378
26613146785 18551559028
26946984818 16732846711
35642004198 16878665294
32140981351 14324659382
19566548055 5155690134
43240526650 10194780828
47464026290 11658481481
31255458908 8254762143
45434887585 15744529182
48900968706 17871426195
37243163757 22071061160
47402489878 24363813485
50740883988 22184740038
54551825215 16053711095
41903578427 8148778074
29353511969 6466542954
51637316176 8423751285
58507708504 14760838900
63442432112 22182909516
54213748950 30912606105
44908579106 32519645130
48682895507 29560729671
27037744133 17011107598
37096774418 34177954304
43904814206 39432762802
56103075622 39434187574
68743994116 27388272296
59108021273 35693534672
58451363739 35499527265
66012014447 15728042917
80453327170 66035468822
80844529988 67329959106
64474229059 1492700176
66030167530 15678338567
56380220225 8286968752
50791172634 5248828334
41124907583 1341836878
41418882543 3134027238
41860629469 3745607220
18650442027 10565341
83459307438 1188427233
64630988423 1537392916
71378712064 5892209330
84015636290 5196427972
90011204788 2708182891
90881162682 4155506490
84872524689 11912038435
79594878262 33877820534
81608956115 38568953702
76153718381 26849362978
75890176963 9569585647
64816303767 2547477567
74204723652 38511664908
87004272686 50484967943
82351653849 45400920890
87239558907 46372426357
87339712474 30482895058
94493716399 61156568556
91335144969 56491083217
91804953444 67752166151
95596333290 67509080486
92079405849 42926958566
92037555547 35788111962
87527350158 23922365790
85618373468 23028500728
87166539189 32556346937
80583389501 33579136407
89683667305 14118558585
90181216015 5925191395
98466031523 21978827838
99936566239 30942349700
97754572155 73693728705
86363842546 86065435028
91776452564 81204455655
94854595408 88454141752
88384876007 96899028307
86247177856 96070008770
80337113756 95615804569
81886513177 93951970252
69170511804 99393742012
79004792090 80618378787
78441040636 92926130209
82156727013 84553493344
80927221206 80571940077
89204836547 81306193279
87477651142 69396347089
88430219906 70943385182
90765114979 60703442377
85731086689 69595753067
79215055421 69580579377
86857297139 71033864750
75818571110 83413941086
74871715436 51076472463
77355880522 64376264386
78754324399 62487860595
72707173397 44449127805
68076158454 56557626136
66677621185 90789709600
66326103454 85145505638
66056802258 69434871631
52037036905 87454171176
57644584787 91571053550
48494128745 93902859167
46816655268 96436253473
65999093380 97069583342
63086437003 93801773194
64330025091 83482080548
66367303665 96179287629
71661248644 65524403646
68142896808 98266307618
58329890552 99859983421
57446212577 99427461318
35096448784 95236177454
676755811 98337830476
3819221759 91144304563
1370142100 87047939206
937169184 89283775030
598747235 84754465318
7086014276 80506833159
8699549052 74984156243
7355308239 78336188800
4834201673 78064240062
3499628067 65406252127
1181201597 65662616928
9003038280 57433366936
13241719242 71228669340
13039762313 79537661314
9170104660 75702081360
5986738699 94717106969
16595232429 86109194992
17081159702 82426813153
27088135893 91223649950
27422371052 91058878687
40182368332 80126954134
36877887625 81249827514
31954651815 83872034956
38690176665 73655223628
46223737293 77352375973
30975498729 93585913782
28567059024 92770915497
7237477861 95749096343
24650873884 93642228502
45718086402 95648655553
50241362585 76516008171
45457229008 70943549302
42063372741 73295990123
55516826500 60185441819
55990769017 61507978426
52801840972 63979070326
56404986728 64104948867
60676184700 60725767265
59662386310 55953093806
63608336451 47798233930
66401554517 45013617242
56514105379 72538232152
54570458497 72924218526
57674810929 68385192719
51788346638 65695309283
56618660695 81203172619
63453908523 70142290747
68719650705 37747722160
28309426515 85206016210
3909573363 47050583813
19917318875 48471678854
