30112595889 63130159913
22212830029 52835468300
18701305582 57130653789
29202972728 67011620316
26739779143 67938488733
16944665149 59716951276
17759625968 57881512818
12655382514 58690984845
13987935323 62564902095
24472056411 69767187890
34793520224 75711072464
60902290195 45049335588
66598714485 37825221732
46971474814 59300498380
65768105905 36046177672
40678267201 66905116622
30241168906 49445059047
25805982211 48557607493
24316393832 49375457142
17113024711 42225658700
17380065246 41793842920
17931380305 41106112721
25460765750 42677484131
29871783209 46582119674
41077819963 55157348332
44609291578 60305559096
48225780234 54414552222
43543305974 51440703884
40290131151 48822194819
32394600935 44649828519
23881986398 41426544531
15113950679 39770387412
26883652424 55365402557
24498736285 53944340436
14000848947 39609778425
8109328179 27903073678
6239613002 32605686926
6663841395 37513701738
8217715595 40915484636
8170339914 45641190057
7779633728 46979460868
3055475995 35640604385
4334663384 37522865980
2932525421 28353751904
12233755458 21494260066
4495961545 27077158525
6866563771 24496211784
3072503211 23679701901
1705580122 42814033342
3375479685 55443638539
4300525322 60659542954
1676508567 59346254662
118734833 55801187249
428207574 28419318902
549542114 34945467204
1063292654 53817252966
2580064354 18557089897
10353190330 17273120569
18040194312 32202489422
18743305940 25907614495
18763347499 28564528488
27229394304 36975205867
35492225803 42675113376
28836714530 33360265876
20749448792 24004838702
5364779776 11949975218
31399454839 31132449368
34915451948 33890660319
42887715856 40664654123
41042404752 47618729869
37221517454 41409380288
37080425022 43538667710
32248166362 42746400376
28244608917 41996154486
23406875446 33460189960
21019205415 31838953321
23795867319 41075109316
9843677032 25758975629
20576513768 39874946820
52410361095 52052170119
53401887223 51148231678
33461945836 30566075321
33064194147 29930611489
20591931174 15863920101
12923120139 7951009694
10488066823 8288307987
11986760381 10452800303
27220107964 26337230592
15808513120 12661518773
30991930914 29306139094
33833618305 32261585878
12350461894 14223254085
9289230617 10113325244
4365752176 406465699
24459695717 1360757253
39870447144 3668376082
12968538509 884037536
23276350939 4190969052
14051443016 5618269861
19957614916 4215237412
8943529705 4049509014
13453850164 5784533130
23909318706 15478355688
25519789490 19197484378
26613146785 18551559028
26946984818 16732846711
40718935783 17959530055
24838945399 7009596504
35642004198 16878665294
32140981351 14324659382
19566548055 5155690134
43240526650 10194780828
51318643219 16618539751
47464026290 11658481481
51930605919 15507798969
52350580968 17175864374
45018988941 20251986405
49643922853 17953348914
40069178620 11459307234
31255458908 8254762143
45434887585 15744529182
48900968706 17871426195
37243163757 22071061160
56969439077 29325724346
60255578904 25971520259
56626176158 27267791332
47402489878 24363813485
50740883988 22184740038
54551825215 16053711095
41903578427 8148778074
29353511969 6466542954
31285692116 6516917290
51637316176 8423751285
63443873777 18294941251
60425256230 17143740713
58507708504 14760838900
63442432112 22182909516
53400681667 37122391611
52249178580 37655795623
48645837599 37956276418
54213748950 30912606105
43270630352 35984603884
38772274900 34551633645
36015472608 24613796828
44908579106 32519645130
48682895507 29560729671
27037744133 17011107598
37096774418 34177954304
43904814206 39432762802
46499944830 39951275286
56103075622 39434187574
60241606825 35163311525
68743994116 27388272296
66281769122 23647612774
59126971246 33954299435
59108021273 35693534672
58451363739 35499527265
66012014447 15728042917
80453327170 66035468822
78608274639 64775738671
80844529988 67329959106
86825032567 57416085494
90929162473 53454830665
80578640655 62204740792
78287750638 43371862325
78729340548 54350302703
79596087789 59875350321
64474229059 1492700176
60408358273 1178039628
61024278493 2810419574
58274283923 5364635295
58893019232 7953051476
66030167530 15678338567
56380220225 8286968752
50791172634 5248828334
41124907583 1341836878
29232949440 971484069
41418882543 3134027238
41860629469 3745607220
18650442027 10565341
43976748367 189901302
83459307438 1188427233
87154910392 3742899042
76470703040 5296215108
81020565398 1830945223
64630988423 1537392916
71378712064 5892209330
83614054071 9751610474
84015636290 5196427972
90011204788 2708182891
90881162682 4155506490
87116642161 10256934984
84872524689 11912038435
82362239722 16957883601
79594878262 33877820534
82726437057 35357170489
85269561158 43128134110
77001393140 39519524344
68834317794 12745786397
81608956115 38568953702
76153718381 26849362978
70113304185 6007139203
75890176963 9569585647
64816303767 2547477567
74204723652 38511664908
87004272686 50484967943
82351653849 45400920890
87239558907 46372426357
87339712474 30482895058
92139696649 49452598135
94610701130 30575780023
94493716399 61156568556
93744681932 64198594981
92080936822 68280756726
91335144969 56491083217
91804953444 67752166151
88422917460 72206708887
91600089373 78655510928
96296533363 75274131066
97590094123 62909403191
95596333290 67509080486
95590150002 44850255815
98517461094 43307978109
97301139056 22759301123
92984065681 18207606969
92079405849 42926958566
92037555547 35788111962
91191160848 24637664832
88599793462 23807352764
87527350158 23922365790
85618373468 23028500728
82458312237 30077638547
86167500750 29051421533
87166539189 32556346937
80583389501 33579136407
89683667305 14118558585
90181216015 5925191395
98466031523 21978827838
99936566239 30942349700
99485590257 45039953439
97238714583 97055009664
96334769505 93646669442
95091145283 88297270604
93459498190 84545784814
97754572155 73693728705
86363842546 86065435028
86947156741 93622739484
86378367059 89870387804
84465072339 88861292127
84254969700 94002323733
88885993128 96113805231
92422327451 87713603727
89205956665 85363812338
91776452564 81204455655
94854595408 88454141752
90803026076 99674072369
88384876007 96899028307
86247177856 96070008770
80337113756 95615804569
81886513177 93951970252
72833810436 94030226949
69170511804 99393742012
74712741030 88171008928
69911663253 84925154854
76497116157 83245332588
79004792090 80618378787
79778965599 79333231603
79733777348 88355485556
78441040636 92926130209
82156727013 84553493344
80927221206 80571940077
85747458024 79912455574
85537636582 80877528945
89204836547 81306193279
87477651142 69396347089
88430219906 70943385182
90765114979 60703442377
85731086689 69595753067
79215055421 69580579377
76260083793 82270599149
86857297139 71033864750
75818571110 83413941086
71225791335 82968186503
73947425038 51637421382
70049778284 55324730525
72163139960 51407336846
74871715436 51076472463
76014786785 54480614602
77355880522 64376264386
78754324399 62487860595
72707173397 44449127805
72272843857 43373078924
66057832036 62226045561
68076158454 56557626136
66677621185 90789709600
62582519742 76964479504
66326103454 85145505638
66056802258 69434871631
60188392186 75830873588
63804043396 84465034351
63245806881 84336338679
62449232455 84013721866
59639715669 81500051388
56218497727 88993503724
52037036905 87454171176
51676016374 90930638452
57644584787 91571053550
53840111875 92809797454
48494128745 93902859167
46816655268 96436253473
58376042433 96993443302
65999093380 97069583342
64821834830 87470527224
63086437003 93801773194
64330025091 83482080548
66367303665 96179287629
68737357094 90624646838
71661248644 65524403646
68142896808 98266307618
58329890552 99859983421
7589071127 97367331970
57446212577 99427461318
44362161105 95894442131
35096448784 95236177454
17176549219 94564335115
676755811 98337830476
6007706702 88361094557
3819221759 91144304563
3324118974 87657339175
1370142100 87047939206
937169184 89283775030
598747235 84754465318
7086014276 80506833159
8699549052 74984156243
5232351747 61421964701
4290220071 72813199271
7355308239 78336188800
4834201673 78064240062
3499628067 65406252127
1181201597 65662616928
9003038280 57433366936
20250917393 79790759333
13241719242 71228669340
8470519689 86899700418
13039762313 79537661314
8093888529 91476479471
9170104660 75702081360
5986738699 94717106969
23096190387 92675086497
22977592483 92428142411
22015193192 86997134642
16595232429 86109194992
17081159702 82426813153
27088135893 91223649950
31115564590 84347841672
36902906527 75209315683
27422371052 91058878687
32121622822 84452234177
41750724280 79662717492
40182368332 80126954134
36877887625 81249827514
31954651815 83872034956
38690176665 73655223628
46223737293 77352375973
43784348539 94445528981
44231370516 82208441387
38568075452 94641646094
37645955254 93106503163
42414084795 83976909420
30975498729 93585913782
28567059024 92770915497
7237477861 95749096343
24650873884 93642228502
45718086402 95648655553
50241362585 76516008171
47264809616 67476806513
45457229008 70943549302
42063372741 73295990123
43110436922 68926880855
65695943165 41882291102
53576442319 59596166995
55516826500 60185441819
55990769017 61507978426
52801840972 63979070326
56404986728 64104948867
60676184700 60725767265
59662386310 55953093806
63608336451 47798233930
66401554517 45013617242
59556210226 71979143670
56514105379 72538232152
54570458497 72924218526
57674810929 68385192719
51788346638 65695309283
56618660695 81203172619
63453908523 70142290747
68719650705 37747722160
28309426515 85206016210
3909573363 47050583813
19917318875 48471678854
