30112595889 63130159913
27678547388 61771740603
36838992606 69674801112
29486152055 63841866171
34443170363 74471154168
31669695661 73242222302
26914437022 69939958216
21796660275 67173439858
29789193350 70023039538
31295503517 70772263788
22212830029 52835468300
24869484470 62014376545
27775051418 65472316620
22564284635 60873697685
16919841922 50768109857
7168944234 47372403503
10792426019 57206034046
15513731560 57641168543
11664005332 52405600747
14913965605 53920875756
21047346000 62222191310
24810998509 65636158291
18701305582 57130653789
27374557093 66613193770
29202972728 67011620316
26739779143 67938488733
16944665149 59716951276
17759625968 57881512818
12655382514 58690984845
14990314135 63048149926
26439862324 72064452451
13987935323 62564902095
26759453310 79438539886
26735537567 77511113204
26656219092 76030679052
20292090684 69150086109
33107129491 76780439469
27363302168 71564510371
34603215376 75679491501
24472056411 69767187890
34793520224 75711072464
40990268184 68878378950
60175537615 45334182127
61264544350 44342809706
47304962142 62885821287
60902290195 45049335588
66598714485 37825221732
56661597299 48592438047
46971474814 59300498380
65768105905 36046177672
40678267201 66905116622
52347959571 52033885657
45107441298 60653376380
40057018221 59018713022
35711969516 53338040252
41689723188 63740217524
31064492073 62650749622
35703922773 59591149634
30241168906 49445059047
25805982211 48557607493
24316393832 49375457142
17113024711 42225658700
31902653195 46657023045
19415927286 42343817399
17380065246 41793842920
17931380305 41106112721
25460765750 42677484131
41503383602 50384423451
47359938270 54252686729
44842310462 59780381267
44919961356 55123888389
39352395104 52566087919
40306388632 51073323547
29871783209 46582119674
41077819963 55157348332
44609291578 60305559096
48225780234 54414552222
48816588415 51048006253
43543305974 51440703884
40290131151 48822194819
32394600935 44649828519
23881986398 41426544531
15113950679 39770387412
24120802836 53262698165
26883652424 55365402557
24498736285 53944340436
14000848947 39609778425
17423033019 37739276059
8940502116 40681987333
12473709261 39316041593
16672747046 37915149726
8109328179 27903073678
6239613002 32605686926
6774312509 39901120729
7736008165 43879614361
6663841395 37513701738
8217715595 40915484636
16270569021 47999109628
15140871761 47401814504
8170339914 45641190057
7779633728 46979460868
4194743052 40194302854
3055475995 35640604385
4334663384 37522865980
2932525421 28353751904
12233755458 21494260066
4495961545 27077158525
6866563771 24496211784
10340284951 17705005407
3072503211 23679701901
1705580122 42814033342
6048982257 53456436290
3375479685 55443638539
4300525322 60659542954
326026541 60834889145
1676508567 59346254662
416989677 49167663671
118734833 55801187249
17432946 13344582106
1499151874 6324499816
2728378708 1177537192
428207574 28419318902
2453772551 14074311636
4355582627 358978950
549542114 34945467204
809633693 45426372614
1063292654 53817252966
2580064354 18557089897
5808624367 13638057179
7902658993 15030558335
10353190330 17273120569
10793734963 18066497381
17248611530 30518220725
19167160835 35466379236
18040194312 32202489422
18743305940 25907614495
21834155603 30807725616
29259400298 34164226676
29820738620 37016600410
18763347499 28564528488
27229394304 36975205867
28308374799 40861470404
29428567118 40508997834
35492225803 42675113376
35543989004 41117436957
28836714530 33360265876
43956475507 46089267369
40953346343 43311625311
35570922366 36009509558
29485078415 29764021956
13643319394 17776434734
24922244597 27615306268
34810952073 36242481182
20749448792 24004838702
5364779776 11949975218
15812297533 18421420290
31399454839 31132449368
34915451948 33890660319
42887715856 40664654123
48645692757 48051163121
43266750995 48456270030
41042404752 47618729869
37221517454 41409380288
37080425022 43538667710
33354725488 43069197141
32248166362 42746400376
28244608917 41996154486
24519460880 38253585360
23406875446 33460189960
21019205415 31838953321
23795867319 41075109316
9843677032 25758975629
20576513768 39874946820
52410361095 52052170119
53401887223 51148231678
33461945836 30566075321
31848006169 27299905659
27475824543 19483223316
25188606693 19409121758
33064194147 29930611489
25031297323 21393345664
21530695884 16985010463
20591931174 15863920101
21806849226 13615938895
16080277846 9449960425
12923120139 7951009694
10488066823 8288307987
11986760381 10452800303
20406747416 19531563957
27220107964 26337230592
15808513120 12661518773
30991930914 29306139094
33833618305 32261585878
12350461894 14223254085
9289230617 10113325244
4365752176 406465699
11903580672 3237093164
8396739080 238819029
31786306579 3028932734
12597257513 697911992
24459695717 1360757253
40079853105 3505727758
39870447144 3668376082
36352199895 6688078824
37682943424 5293325049
31573414637 4561158653
12968538509 884037536
23276350939 4190969052
14051443016 5618269861
19957614916 4215237412
8943529705 4049509014
13453850164 5784533130
20690380852 7533687136
31544570093 14347580103
23909318706 15478355688
25519789490 19197484378
26613146785 18551559028
26946984818 16732846711
40718935783 17959530055
31438236226 11879101976
24838945399 7009596504
20852201377 5600406527
26631809467 8657111399
35642004198 16878665294
32140981351 14324659382
19566548055 5155690134
40516324675 9073765678
43240526650 10194780828
44382905254 12753768388
46903602092 14235013441
51318643219 16618539751
47464026290 11658481481
51930605919 15507798969
52350580968 17175864374
42802966778 22977738020
46461771985 19905760150
45018988941 20251986405
47074838525 19191019927
49643922853 17953348914
40069178620 11459307234
31255458908 8254762143
45434887585 15744529182
48900968706 17871426195
37243163757 22071061160
38999245398 22875354722
51964160459 27216326763
49636617402 30489569186
45429331776 33028675529
56969439077 29325724346
53682946883 33321976001
53151851710 34638657531
60255578904 25971520259
60717894970 20770855996
58131751343 25752143582
54196063388 13749367157
56626176158 27267791332
55017888386 25947578501
47402489878 24363813485
50740883988 22184740038
54551825215 16053711095
41903578427 8148778074
29353511969 6466542954
31285692116 6516917290
51637316176 8423751285
63443873777 18294941251
60425256230 17143740713
58507708504 14760838900
63442432112 22182909516
53400681667 37122391611
52249178580 37655795623
46241157709 38733135332
48645837599 37956276418
54213748950 30912606105
43270630352 35984603884
38772274900 34551633645
35110333397 24323638533
36015472608 24613796828
46319143972 29013678397
44908579106 32519645130
48682895507 29560729671
27037744133 17011107598
37096774418 34177954304
47115768662 42141603204
43904814206 39432762802
53901429154 42005927405
60173167839 42576282046
60967284595 35287850849
55131118013 40857973253
46499944830 39951275286
56103075622 39434187574
67243913007 27111579082
60241606825 35163311525
68743994116 27388272296
66281769122 23647612774
62766859308 26420584789
59126971246 33954299435
59108021273 35693534672
58451363739 35499527265
66012014447 15728042917
79485786750 64747148694
80453327170 66035468822
78608274639 64775738671
75059142557 65561346254
81061779160 70545304903
94783085634 51161654697
93931627785 52023738700
80844529988 67329959106
86825032567 57416085494
90929162473 53454830665
85449273159 52414980505
80313388815 53869966086
80578640655 62204740792
78287750638 43371862325
76674956095 44770756426
77667555475 45475903962
76996681572 49604291627
78729340548 54350302703
79596087789 59875350321
64474229059 1492700176
58624111034 2897675681
54362627360 3319080988
60408358273 1178039628
53897103247 1192094863
51817929235 5356530173
52633606707 5268818016
59491702940 2788553367
61024278493 2810419574
58274283923 5364635295
58893019232 7953051476
66030167530 15678338567
56380220225 8286968752
50791172634 5248828334
41124907583 1341836878
29232949440 971484069
41418882543 3134027238
41860629469 3745607220
18650442027 10565341
90372900682 337853241
67578750716 765042215
43976748367 189901302
83459307438 1188427233
87076194990 3396609038
81492272322 4444271266
87154910392 3742899042
81014527152 5197203183
76470703040 5296215108
65976875115 2282475867
81020565398 1830945223
64630988423 1537392916
71378712064 5892209330
80256976353 10859828782
83614054071 9751610474
87256969942 9613738886
84407174723 5639923581
84019474859 7851238075
84015636290 5196427972
90011204788 2708182891
95067994205 2725831494
96639411979 8000174876
97759523709 9922488389
98835706962 19273443021
92629594397 5517675309
90881162682 4155506490
87116642161 10256934984
78942183723 11179164224
76866237690 11005943484
84872524689 11912038435
89319946950 8727863575
80913544607 17695835713
79876808002 29064603215
82362239722 16957883601
80170530765 31258877619
79594878262 33877820534
81153480112 34562105311
82726437057 35357170489
85795497367 40267704945
85269561158 43128134110
81543081057 43865753132
77001393140 39519524344
73805939198 36005020834
74985571369 28720991593
73215027645 26093192509
68834317794 12745786397
69020247230 12378717959
81608956115 38568953702
76153718381 26849362978
71044490235 13958851086
70113304185 6007139203
72616286281 7525041948
75890176963 9569585647
64816303767 2547477567
74204723652 38511664908
87004272686 50484967943
85607466828 46470915604
82351653849 45400920890
87239558907 46372426357
90189524331 29472321045
87339712474 30482895058
86088557028 24582676004
90196475820 29212302779
91028038074 37524323300
92139696649 49452598135
93977446148 36117285970
92966334416 41017092527
94610701130 30575780023
95445648293 36376408757
94493716399 61156568556
93744681932 64198594981
92080936822 68280756726
91335144969 56491083217
91804953444 67752166151
88422917460 72206708887
91600089373 78655510928
96296533363 75274131066
97590094123 62909403191
97595759869 44186344289
97164528941 40721351678
95596333290 67509080486
95590150002 44850255815
97758334796 28627671166
98433464397 38662432474
98517461094 43307978109
98680756013 30180135323
98187675283 25269790779
97807430761 22774143617
98609898289 30393029203
97301139056 22759301123
96424488015 19218535355
92984065681 18207606969
92079405849 42926958566
92037555547 35788111962
91191160848 24637664832
88570355235 19912996597
88599793462 23807352764
87527350158 23922365790
85618373468 23028500728
82458312237 30077638547
86167500750 29051421533
87166539189 32556346937
80583389501 33579136407
89683667305 14118558585
90181216015 5925191395
98466031523 21978827838
99936566239 30942349700
99284329167 72682170733
97918054219 83562091697
99485590257 45039953439
97238714583 97055009664
97382008668 79520318443
96700977254 87263383924
96334769505 93646669442
93854078066 96301420415
95091145283 88297270604
93459498190 84545784814
94382635619 80282263513
97754572155 73693728705
86363842546 86065435028
84451463969 84371970370
82601127990 85423125028
86596732280 88774703662
86947156741 93622739484
86378367059 89870387804
84465072339 88861292127
81565960987 91472734796
84254969700 94002323733
89617357198 97267081913
88885993128 96113805231
92422327451 87713603727
89205956665 85363812338
91776452564 81204455655
94854595408 88454141752
90803026076 99674072369
82290675787 99390727400
82972444684 97250242198
76006236684 96625089109
72820262282 95784721372
88384876007 96899028307
86247177856 96070008770
80337113756 95615804569
72947838820 93419560498
81886513177 93951970252
71810401703 92891747420
72833810436 94030226949
69170511804 99393742012
71896913347 89440882449
77926305586 91168773546
70323249688 85647697253
74712741030 88171008928
79265717830 84220893583
79313085923 83618128655
69911663253 84925154854
76497116157 83245332588
78401649524 82300918922
79004792090 80618378787
79778965599 79333231603
79733777348 88355485556
78441040636 92926130209
82156727013 84553493344
80927221206 80571940077
85747458024 79912455574
85537636582 80877528945
89204836547 81306193279
87477651142 69396347089
88430219906 70943385182
90765114979 60703442377
85731086689 69595753067
81580271988 76177034193
79215055421 69580579377
73861549805 67093970370
76260083793 82270599149
86857297139 71033864750
75818571110 83413941086
71225791335 82968186503
73947425038 51637421382
72321467038 52253040549
69570818589 64484347608
68944759520 82223611542
67095391011 93195693225
69030363025 69642668017
70049778284 55324730525
72163139960 51407336846
74871715436 51076472463
77593552049 59152367515
76014786785 54480614602
76148493021 63074320831
78301817803 62660489520
77355880522 64376264386
78754324399 62487860595
71048595537 38966352701
72707173397 44449127805
72272843857 43373078924
67238758366 52112729633
66057832036 62226045561
66573920659 64728859911
67254723194 71733845677
68076158454 56557626136
66677621185 90789709600
64938381925 84420206508
62582519742 76964479504
64430881197 73770497305
66326103454 85145505638
66056802258 69434871631
60188392186 75830873588
60844448372 79050561098
61085084824 78826784257
63804043396 84465034351
62099986693 91471402267
59405957939 96276259204
57703104054 92065362475
58270172163 86973431944
59186319783 85917821159
63245806881 84336338679
62449232455 84013721866
59639715669 81500051388
50061765049 83198805687
49038642056 83536779965
56218497727 88993503724
51294521122 89728765534
52037036905 87454171176
47951730404 90695596618
51676016374 90930638452
57644584787 91571053550
53840111875 92809797454
48494128745 93902859167
46816655268 96436253473
58376042433 96993443302
65999093380 97069583342
64821834830 87470527224
63086437003 93801773194
64330025091 83482080548
66367303665 96179287629
66605127858 95747236380
68737357094 90624646838
71661248644 65524403646
68142896808 98266307618
58329890552 99859983421
36696367672 99047807298
25528558241 97413180983
4730779643 99491750486
7589071127 97367331970
10922158455 96599510806
29254109318 96273366828
41805779776 96816867791
57446212577 99427461318
44362161105 95894442131
35096448784 95236177454
17176549219 94564335115
676755811 98337830476
3888674818 95880918971
16679540774 94405918829
2228402865 95875538149
5389329909 89603744183
6007706702 88361094557
3819221759 91144304563
3339175360 91114176654
3324118974 87657339175
1370142100 87047939206
937169184 89283775030
598747235 84754465318
2664473497 76407951687
5848329204 79182670562
7086014276 80506833159
8699549052 74984156243
15113106009 69388153802
12266543419 68657777996
5232351747 61421964701
4290220071 72813199271
7355308239 78336188800
4834201673 78064240062
2721708449 67495773316
3499628067 65406252127
1181201597 65662616928
9003038280 57433366936
27589378127 90074951430
20250917393 79790759333
17713724337 79571937396
17989070343 79862822134
11486297135 93693833292
11825422864 83476900644
14688841047 81039332642
13241719242 71228669340
9882662979 83200757850
8470519689 86899700418
13039762313 79537661314
7711668836 92771950715
8093888529 91476479471
7117912965 91004136302
9170104660 75702081360
5986738699 94717106969
23096190387 92675086497
29642360217 91183081693
22977592483 92428142411
22015193192 86997134642
20147550037 86350943025
16595232429 86109194992
17081159702 82426813153
27088135893 91223649950
31115564590 84347841672
36902906527 75209315683
27422371052 91058878687
32121622822 84452234177
41750724280 79662717492
40182368332 80126954134
36877887625 81249827514
31954651815 83872034956
38690176665 73655223628
50258224915 73853363698
47438282062 80897209887
46223737293 77352375973
43784348539 94445528981
42131973591 94642840816
44231370516 82208441387
38568075452 94641646094
34713211588 91125869265
38491666219 90312585706
37645955254 93106503163
42414084795 83976909420
30975498729 93585913782
28567059024 92770915497
7237477861 95749096343
24650873884 93642228502
45718086402 95648655553
50241362585 76516008171
51614675368 80427352618
51800633097 62307324044
50415572617 63119300044
47264809616 67476806513
45457229008 70943549302
42063372741 73295990123
59093554704 51706189280
43110436922 68926880855
60080804265 48387458969
65695943165 41882291102
56636352234 56735436834
60001827199 57011561487
53576442319 59596166995
55516826500 60185441819
55990769017 61507978426
52801840972 63979070326
54175881033 64647019137
56404986728 64104948867
60676184700 60725767265
61704138908 55782140254
59662386310 55953093806
63608336451 47798233930
66401554517 45013617242
66707668311 49044253084
58327712645 77985040001
59556210226 71979143670
56514105379 72538232152
54570458497 72924218526
52945676838 66479331670
57674810929 68385192719
51788346638 65695309283
56618660695 81203172619
63453908523 70142290747
68719650705 37747722160
28309426515 85206016210
3909573363 47050583813
19917318875 48471678854
