493532 856141
493215 728826
493346 757867
494396 797400
496718 975163
495762 824297
496116 848887
497416 965318
497337 926001
496563 812605
498150 925388
494471 625161
498226 841897
500790 949690
497652 769852
502092 903495
504277 979697
499760 793269
498044 720025
505664 973444
504427 882942
503920 822452
507018 895065
508926 936492
498023 639038
508324 860786
516044 984434
518294 997730
516502 954371
507490 777608
507659 759702
512357 839414
505801 700309
524411 969806
512262 772036
514507 796629
516187 817090
527131 956990
516982 820620
529454 986532
526196 942920
509597 717327
499595 586860
525869 927572
531505 997416
529471 966673
502756 624203
505897 661753
519390 821421
496481 538551
522509 823908
538432 994508
511041 695731
536590 969056
519736 781929
539701 992057
505972 625790
522056 780000
534861 898797
525171 799183
544393 975841
512834 682848
512198 676848
524937 794224
531239 840502
538162 901986
531384 841302
530373 824528
512738 668849
541841 914843
535582 860800
535599 860680
543450 922969
541983 905462
538383 874365
526924 778127
552295 960490
502560 569044
558938 981728
539543 839248
542450 847690
530277 758946
517667 669295
563922 980053
564503 980361
567077 995881
540714 800152
555870 888497
573786 999200
542888 806646
573092 988014
546591 823204
531911 732672
554813 868884
564408 918170
561007 891025
537758 755853
551107 828953
549442 814326
507975 580247
510710 593976
571570 923617
571011 919330
523248 659281
556077 833498
578966 949324
547777 784508
583979 973972
570300 900755
556345 825370
585210 961331
580832 938881
585983 959776
575236 903368
572172 881816
571479 876764
536788 708205
591855 971411
557673 804215
562086 809582
558302 791058
550372 754872
581342 892802
577539 873268
551136 753721
587567 914998
577845 870819
591005 928576
571663 842431
573268 843786
560180 784947
537874 686470
601842 957254
546442 722208
519635 608199
583180 875946
533963 668497
547522 724884
613230 993409
587279 883301
559944 770844
598631 922562
527398 634384
606500 950382
525839 625863
607450 944789
608791 946749
608106 939657
548285 707808
595042 886358
568339 783046
596552 887603
552125 718340
609028 927547
597964 883702
551778 710990
603168 891405
615430 933598
600038 863682
564382 740031
539120 653336
627591 955743
609922 893695
567418 747356
625267 939000
597108 841634
618545 912910
628945 945484
610891 885187
599281 843410
509436 549125
639108 972573
563565 722269
584703 788635
609569 863508
642818 968462
559090 703481
555219 689288
579068 762046
576971 750484
655373 985831
531259 610473
622117 882942
647426 954334
624578 886068
642886 939715
640398 930279
641598 929976
656584 971973
634097 905734
610219 834414
603554 814679
629210 887543
637021 907141
607784 820715
631747 884443
523453 579561
648402 920801
677766 999271
622122 844586
534763 605977
574137 707546
638893 871452
600604 771982
574962 705279
683595 981151
614614 805118
674249 953296
660749 917959
572560 691770
679246 952815
515546 550095
601229 758518
698900 993268
580215 704646
684118 951982
697556 983996
602854 754400
655427 876764
598465 742671
660508 888269
645757 852503
704249 981499
641038 834934
638510 828063
589750 715448
581688 696523
705425 973919
698004 954919
617869 774718
651969 849422
707967 969417
701167 952376
556954 634796
704886 958305
656199 851087
587385 700413
642552 815461
679881 895084
594249 711325
616302 757835
663719 858322
617997 758712
645143 815498
703626 938438
718813 967617
617798 754612
682696 888193
673287 867387
688575 898754
582101 678395
670416 858874
635421 786269
721615 956642
547507 604576
611870 733595
713229 936816
600824 711088
703102 916007
642755 794322
744215 989736
505039 518242
665942 830526
736437 966725
611068 723146
546251 597256
706342 903530
743976 975504
665240 823413
731023 948960
714690 916805
568574 638454
584980 669323
682232 852205
718605 920157
562138 624831
640344 772085
608383 711747
735236 947194
635953 761029
713159 903653
637697 760538
719799 907175
631362 745264
752721 964335
757006 971753
598785 685409
626153 734529
761839 977599
721956 905528
625190 730242
649309 771726
744992 940129
714904 886266
664811 794581
704122 862859
659602 783398
694592 842102
751506 936645
755839 942050
750911 930811
551199 592298
715348 867966
657857 770359
626237 716642
735578 897716
738537 900705
786793 977589
759539 930687
745219 906007
732190 884012
759617 926350
744823 902089
580979 636518
764548 931540
770099 940114
762714 927153
767056 933809
649364 743052
793815 967177
653408 746453
725321 859176
767831 925546
806428 985825
658006 753070
721254 850974
805412 981358
780720 941541
728986 856829
701064 813349
810072 977591
654276 739246
645282 724842
803745 964385
607560 667287
668816 759344
827363 997784
632870 704795
650003 730263
691097 791543
670824 760961
613282 674165
612221 672450
806332 958415
812896 968087
549968 578458
689452 780948
551071 578940
612914 667648
757416 876396
675664 758209
587026 629445
803068 939261
712760 809663
832970 975412
765411 877630
841221 984208
748363 852920
746795 847173
852023 990028
557805 583375
618823 665393
562512 588565
604268 643974
582968 615313
572817 601365
697512 767972
649373 703359
804755 909844
698976 768442
766629 857417
652070 703314
813523 913414
741200 816929
713104 780169
658526 708896
816684 913940
872545 984953
761794 841570
736636 808874
577431 603074
865005 973550
838562 939170
738109 808801
828598 923290
795984 880889
769282 843504
862185 959780
744718 811226
791316 866713
869589 962571
814113 890737
759609 823161
786074 855527
894241 986446
760266 821957
826860 903601
830160 906398
698103 744230
689173 732613
907263 995777
791182 848688
728676 774150
863554 933917
877442 948228
844157 908538
814025 872771
508357 512213
539883 548939
790579 841139
730242 770033
766627 811926
675163 704892
911933 978540
827110 878975
715077 749586
682978 711795
728698 763867
841040 892348
742317 778752
860918 913741
593351 608306
760358 798070
743725 779162
891664 947112
738637 772855
895685 950329
914094 969093
849715 896232
752752 786613
875446 923820
851070 896357
806721 846520
777891 813426
826556 866863
943216 996862
942095 993223
759450 790053
831722 868463
566317 575075
728504 753658
768194 796810
660862 678419
948769 993011
890568 928390
875470 910792
663082 678831
751569 774846
944641 980299
818035 842940
953589 988401
653720 666582
599877 608502
943729 975468
917927 947723
789467 810419
688758 702075
589731 596851
952418 980918
855582 878211
874960 898691
615573 623631
648415 658290
875070 897497
930975 956290
849864 869038
812653 829857
925371 946353
651019 659213
808952 823040
911432 928821
779635 791579
915726 932463
664691 672105
705982 714504
866298 878858
899305 909695
710471 716169
569195 571844
911471 919543
922535 928863
856114 861404
833830 838260
964185 968276
995086 998446
849771 852310
984164 987143
918778 921375
903559 905294
681144 682287
917819 918728
756761 757069
891377 889807
879057 876087
726898 725271
986143 980431
621710 620674
917122 910853
898698 891571
827869 821938
887332 879164
900217 889806
599658 597013
721638 713640
982156 963169
649238 643728
657785 651692
566201 563921
602412 598331
956874 934895
982882 955595
770552 755435
829711 810378
999655 969965
926477 900156
960758 931877
561491 558120
739091 724064
971388 940809
737164 721570
830019 807382
991056 956685
675752 663679
956714 923749
885409 857552
724843 708564
623658 614776
829963 804973
995796 957781
855235 828010
935779 900471
736776 717700
891847 859467
972576 932580
978547 934877
934784 893271
949927 906150
799454 769600
905583 864792
788933 759459
811368 779518
874953 836036
913230 869637
964489 913973
970487 917104
624446 610068
886602 840346
989076 929744
979827 921036
830185 788509
657095 637301
910481 858273
888560 838747
606511 592534
686574 661313
932761 872646
770835 732591
889021 833504
662268 639095
838033 789277
956916 890686
605750 590023
944231 875998
673483 646178
862922 805003
829691 776727
794146 746395
557928 548353
968611 891711
733456 694853
988780 907952
897083 829485
591948 575963
650010 623959
989023 904139
679111 647334
625442 603071
816001 759660
774199 724494
987630 898658
677437 644779
906034 830550
833528 771220
963862 876622
678699 644716
900843 823361
791303 734491
929153 845099
932565 846770
903915 822745
867693 793710
687372 649369
845169 775454
937778 848504
889903 809905
993669 891177
992129 887614
952581 853630
883386 799321
758973 701525
966578 859390
969398 861490
943433 841368
831719 754728
812843 740129
978389 865397
643356 608548
925164 823265
743823 684316
959005 846469
931349 823730
807644 729932
979964 858430
704196 651982
825570 742660
809518 730640
640052 603498
982337 857065
969951 847665
582911 560592
977078 852333
977489 851049
930641 815801
910402 800763
852852 757430
608373 578275
553644 538143
715365 655635
990124 854118
617771 584253
831059 738303
932134 810932
800172 715523
885090 776079
994932 854465
759708 685176
848896 748562
952019 820260
943422 814079
740004 669485
555355 538191
944160 813910
847104 744103
983553 840440
979565 837419
830921 732470
982538 838119
940801 808057
901725 780434
735130 662741
729586 658644
856128 746753
791017 701328
995676 842266
779925 692674
610697 575389
988258 835810
847923 738568
623591 583610
732791 658462
621251 581827
645212 597112
882494 756462
600615 566106
974024 814898
719715 644702
993149 825735
946187 794565
699435 630610
839495 722855
793406 692199
884163 751641
930495 781548
737470 654198
947458 791353
971586 806615
819288 706124
989408 816144
603374 565416
836112 715178
988106 812643
904609 758477
726725 643963
890283 746980
812090 696512
903500 753744
855153 722683
840220 711495
986869 802652
861535 722668
523178 512462
918625 753517
660580 596048
902264 743363
612127 565562
980989 787578
871614 721687
856059 712245
893396 734416
902741 739949
835492 698360
792836 672884
900838 736934
941612 760391
672913 600700
705308 618300
680644 603553
810680 678990
768177 653824
726486 629509
721778 625518
964506 765041
923155 740804
865311 707501
834439 688765
650567 583413
920144 734120
854894 697050
590523 548219
692554 605099
748788 636242
992134 769498
947085 743238
890693 712088
616153 561382
675414 593841
581161 542020
919905 724750
840950 681567
979893 754507
886834 704522
606981 554457
983077 754075
697815 601528
866265 689240
750118 628139
879691 695551
840353 674121
813238 659950
898490 702908
848026 676235
684026 591905
966016 736379
930846 717505
699642 599280
935320 718469
970092 735356
909527 703603
965723 729200
755807 623980
781222 635784
932059 709819
706826 598945
956873 721083
799474 642437
910650 693989
946121 707973
722068 602007
735947 608288
611288 549407
863151 665405
840121 654560
900009 682296
751451 612168
650513 565782
846649 655439
673657 576111
947942 700482
947327 699984
642196 561360
670470 573887
953155 700495
775205 620424
877553 664676
983230 711264
937696 688859
912144 677475
837616 644706
727179 595922
535420 512192
918384 676851
991862 708333
548994 517709
846275 643299
745245 599669
914224 670286
986973 700188
970110 691169
985292 695021
700158 578240
861996 643088
576142 527301
856487 639851
837957 632396
956863 679505
788228 611801
932920 669346
728130 587238
701927 576532
961499 679383
661089 560188
941263 670855
619819 543642
694198 572252
784974 607560
660424 558738
836156 626558
790657 607732
908660 652062
694290 570151
978767 677676
706194 574270
898721 642845
713893 574329
870343 630076
854949 623354
999330 670650
676350 557326
910806 636690
812202 602693
941086 646435
976780 656431
967447 653254
918654 636055
760664 583099
823083 603930
871604 619844
990993 659343
814964 600487
929258 637907
978660 653777
733714 572396
940463 639415
866702 614885
927477 634335
837624 604887
650070 544370
710480 563704
901650 625179
829389 601894
840013 604924
773189 582855
865836 612044
988958 650399
985837 648681
627038 535786
782724 583909
929661 629579
895231 617202
984715 644308
868972 606063
719742 561113
919189 619909
734976 563181
709273 555382
891583 607100
839144 592034
889445 605746
725897 559279
761185 565795
890018 600409
909899 602021
897981 598895
750090 560436
775238 565738
940402 607877
741444 557025
679013 539614
962131 609195
833040 577142
867711 584170
883693 587624
845421 577622
911974 592955
737722 551391
969820 605706
631978 526133
951910 599436
799830 564131
834863 572083
771528 556561
897082 582396
775325 554384
981616 598753
689693 535562
640453 524932
934500 585629
844146 566399
643238 524735
868950 570448
978499 592829
921075 580633
743616 544453
949365 585624
961116 586391
983143 590571
866271 567398
963601 585261
988976 589865
688795 530534
982590 584568
761829 543018
800022 549197
880081 560843
901645 564514
983335 577915
783331 542737
672552 523946
641670 518555
691554 526645
988462 573049
933923 563471
948880 565423
663038 520356
974773 569037
921066 560530
709458 527326
709983 527394
803744 541877
829089 544252
948229 561102
915078 554331
585646 506821
757468 531210
992546 561337
791041 533247
743141 523870
888654 540030
722871 520515
992144 551992
924605 542423
633384 507841
793517 524119
987158 542974
873057 531490
854554 528768
977547 540433
748336 517545
686955 511769
805272 522319
821978 523428
812373 522129
725171 514301
968753 535664
936779 531884
821026 520786
766156 516121
764501 515250
594020 501533
700779 509258
960520 527589
875604 520996
627492 502922
789564 513755
951665 524387
665639 505114
988034 526418
666038 504817
707170 507362
992492 525237
668767 503847
959652 519584
797470 509986
947541 516962
799841 508670
664759 501791
830704 507920
824599 507295
733594 502448
985037 510971
992496 505985
779369 500437
967930 504089
607419 495897
945400 501581
973795 501256
916545 497568
745601 495828
910106 496940
961545 497253
749273 495240
910360 496320
592064 494102
990785 495768
903323 494344
782628 494050
594492 493467
842336 492497
710630 492685
713313 490589
706406 490011
845424 487198
916417 483773
951792 482591
728643 487860
603289 490466
967524 478550
932309 479405
852625 481943
606893 489647
981847 475798
985039 475656
951059 474835
763517 481437
763462 480742
761632 480827
878932 474249
891161 473138
906746 472122
683498 483281
793936 477289
920305 469885
953234 467766
839477 473860
927858 468588
727855 479836
685348 482032
968767 465115
656605 483715
954753 465618
910727 467931
880691 468855
812600 473178
957685 461423
810537 470608
840846 468201
928778 461786
874052 465103
821843 468828
904397 461762
896865 462225
740732 473683
969155 452317
643786 480408
752988 467320
699196 472347
919239 449119
941725 444429
848090 454431
887486 449165
773371 461953
990599 436608
925280 441444
932704 440196
635285 476101
861903 446742
902330 440890
856230 446516
916472 438112
850758 446160
907061 438585
678748 468757
991834 426644
858957 443901
811202 450362
697360 465242
881849 439724
905429 436236
901578 435483
910474 433396
942009 428800
741979 457309
867927 438522
707476 461839
849236 440305
978613 420636
971525 418112
820111 441121
962404 417091
700658 459475
964639 416308
677019 463073
740715 452426
903196 425517
859466 431168
894586 425032
991833 407410
672958 462308
962693 411973
758375 446399
750241 447816
845159 430710
799608 438516
909166 417933
570972 479194
883939 419849
852014 425025
704963 451099
951236 401753
730426 445486
702182 450934
948192 400760
692091 452805
655087 460335
784577 433769
667487 457423
933718 400391
993358 386974
983842 388880
770307 434300
904097 405090
928668 398526
675945 453123
905459 398057
968656 382341
924003 392726
630471 460996
929088 389223
720546 438796
906957 393630
565925 475760
915906 391006
985528 374129
908429 392408
978568 375052
997960 369737
962469 377094
992613 369383
939271 380953
940037 379909
888318 391540
702187 438409
970132 364884
944249 370930
888013 385931
985821 358775
646110 451462
549227 477874
785772 411669
804241 406056
643537 450927
598741 463377
832777 394513
900368 374044
811436 399988
934000 360717
591166 463678
792797 400760
938712 353884
763439 408331
985691 338055
777962 403128
786211 400475
693870 429587
759176 408639
819170 389436
838177 383237
707689 423580
760148 406371
967616 337791
936233 347255
613487 453517
750921 406530
869420 366055
659314 436917
573708 465913
811901 384517
626801 447442
841644 373513
839990 373790
993570 320367
891563 354875
997897 317712
843556 371196
782291 392263
725331 411760
993620 317147
887021 354381
760039 398419
964186 325224
850524 365212
894117 349327
539039 476769
943612 331256
914681 339538
897493 343723
786151 384237
859355 353386
943449 320756
683064 419889
765680 385949
927788 321298
938427 314786
865179 343545
772437 380622
996519 289013
893678 330151
728094 397284
838931 351609
916924 319580
793275 369852
980865 290435
969024 294933
721192 398173
902064 322142
615019 442064
631057 435204
953363 297701
964495 292070
814433 355840
616332 440494
625093 436421
905652 315489
725150 393026
847563 339883
803295 358919
967361 286551
686327 408934
947884 289096
961838 282423
793153 357908
990561 268156
577190 454946
883228 315026
843743 332665
765013 368243
595294 445928
615796 436342
930431 289384
706560 393357
696748 397190
908259 297201
812565 342242
990193 255708
851270 321563
986057 255515
789801 349253
940050 273797
843215 321293
944587 271275
809724 337034
642195 419598
977772 253481
917753 283129
792376 344478
776925 351768
707098 386321
742314 367652
887947 293837
889323 292035
762541 356189
948663 261003
810253 331439
719555 377665
874708 297819
909807 279304
759415 356440
854416 307597
833494 317797
899968 282408
586495 444558
661047 405582
749596 359173
721345 372514
976654 237243
970258 239057
926623 261862
886988 282746
675857 394376
540088 467659
930154 254150
911127 264281
962287 235865
646013 409182
752940 348737
819398 311751
789689 324408
884354 269928
571417 448389
871667 276677
806504 313220
937295 236333
857067 282411
976630 213161
854432 281486
915008 242876
530982 470614
669837 387900
880787 260508
843298 282944
906605 244595
845800 280836
956589 213840
913776 239406
681909 378834
910357 240438
928891 228577
868934 264581
824705 290357
906336 240060
699209 366085
845417 274757
812820 293948
887590 247169
942982 212613
544036 461303
573416 442931
733021 343047
855011 266609
916346 225893
732980 341632
778792 312695
811628 291195
908866 225566
737093 335984
786160 304333
830121 275531
972936 180855
995159 163835
869950 245456
966489 181869
898875 226246
879720 236747
967717 177989
878232 237273
903642 219368
892900 224438
871603 238114
867229 240946
887373 227037
565539 444179
758360 313897
697621 354658
883317 227373
727156 333352
641597 391627
652166 384014
643951 389477
715129 335364
809757 268135
953931 165071
988794 139328
748301 310044
970422 149492
830026 250340
767971 294246
996054 129058
753035 304760
764428 294636
610548 406951
618996 400569
979843 135550
652781 375251
888300 201117
910922 183805
748234 303437
522977 470769
974885 133839
947563 154113
812930 254138
800285 262989
941435 155901
768945 285108
981478 123828
809508 252948
850645 220880
716939 322547
975014 125402
923497 162984
949459 141742
977140 119834
985291 112925
894728 182823
928045 155430
870869 199750
753296 291006
996820 101884
789677 262600
907252 169505
732232 305965
810469 243828
998898 95533
988088 101024
934862 142180
907428 162330
721266 308698
765394 272141
666249 352153
514647 475344
830884 216420
813088 230909
798685 242611
752189 280372
943275 123455
590577 412924
588703 414229
664397 350885
597967 405972
843136 201943
722011 302638
908637 146431
651773 360427
977105 88185
804702 231936
515659 474000
765438 263898
983676 80336
935358 120268
818549 218425
905734 144604
956445 101756
766731 261727
971706 87084
907334 139207
993165 65850
728030 291939
729729 290216
585812 413501
817147 215265
798245 231433
659628 350180
956121 95281
619054 384550
689660 323700
863318 173827
847571 187014
575881 421462
943602 103714
759429 262221
992691 59552
774131 247389
632748 370339
968919 74891
869766 161472
608060 391703
882181 150120
682896 325669
868977 161176
840430 186291
990588 53375
854466 173594
995168 49138
948977 87917
677604 328992
640380 361968
990222 47782
749625 262860
565128 428148
837988 182029
851665 168327
544239 446295
909973 112216
905945 114234
788203 221468
955953 66841
947612 74043
752289 254026
648440 349604
712754 289580
891308 123629
916753 99713
995337 26187
976515 38581
980748 33128
869845 136948
989029 24037
671530 323997
789597 211469
957017 51951
912810 92851
813793 186989
798449 201000
796896 202314
829282 170747
584286 405021
953002 49058
902296 95719
998607 2143
684778 306220
928058 68336
882899 111785
775871 215349
953933 40094
729973 259887
874844 115650
580109 406841
945205 44696
872975 115972
815226 173150
940718 48467
910361 77779
877056 110826
781098 205984
783294 203723
693458 293044
814504 171900
864998 121441
559643 426331
899253 86225
864190 120584
891164 91895
829729 152836
918647 62987
970426 9926
805184 177027
733455 249107
742236 239427
840595 138942
691317 290790
767792 212623
624906 358109
686990 293673
890106 84763
931723 41331
882350 90628
689393 289243
930408 39242
893658 77050
737023 239068
828312 143424
725719 250198
832300 138583
840264 130031
767671 205444
781296 190709
811301 158619
516499 468236
555465 427219
558840 423565
713398 260667
825984 138379
736003 233528
884213 75210
910037 46263
865103 92592
836999 120365
541486 440386
747676 216697
810524 148501
726101 239783
912956 36702
931812 14712
869719 81639
856246 95348
676046 292528
695317 271043
863267 86039
726348 236407
805005 149285
761888 196481
726038 235777
705236 258639
657962 310360
682136 282045
702571 258322
809610 136688
760535 190887
537157 442957
809175 133948
596928 374602
900034 29513
719686 234541
669868 291025
853214 81316
867964 62156
529478 450603
711266 239687
899871 20803
760237 181766
716607 232193
828623 100704
853262 71268
517455 464119
888965 27527
687026 264646
751656 188541
898787 14785
909787 714
778123 154860
874373 40061
864448 51618
809590 116767
812666 112487
772606 159554
851416 64537
873525 37808
755490 178606
666441 283533
535303 441467
748172 182831
592969 371250
709232 228458
658921 289886
849715 53846
763077 160115
695140 240933
581302 382567
708476 222346
704502 227294
863031 28137
855728 36438
698046 234612
616433 337046
848657 43103
820490 78695
726633 197016
732278 189118
803759 96275
782098 123289
789724 111310
569665 393872
833839 48969
609360 340914
693634 230287
864289 6749
669338 261167
680353 245983
748424 155416
667361 261927
785857 104490
751489 149373
772028 119841
842181 25347
711355 198561
819608 51848
772345 114207
704209 205342
818438 48397
760119 126828
812777 50163
573037 381474
827877 27093
659787 259855
698071 201237
832656 8942
772436 94352
823167 20940
769005 98310
812533 33407
646482 271548
660627 250865
654328 257822
770903 88098
754652 109699
657177 252272
616637 311557
716187 162378
816562 12964
811394 20351
701192 183552
715311 162095
804731 28754
715384 160661
791962 42205
622374 297339
586707 351054
692044 189491
737891 119642
804121 18071
707255 164296
729198 129969
732625 120586
784584 39476
728888 125547
580100 356557
785426 35756
805726 2789
626744 282473
756115 79115
530927 432882
599220 325282
722711 130504
766490 58734
613264 300202
782709 27703
718316 129883
762529 57075
768951 46087
783003 22567
520084 448610
758699 60934
715014 131233
661528 216304
788993 5677
790123 3347
776984 24202
771549 30677
728332 100305
633149 257259
606061 301895
769789 25585
754313 51561
777156 12742
659882 210564
701289 140456
742435 70699
706184 130146
741629 66184
777502 2291
708730 119657
642548 233423
684016 160969
771877 3329
737804 62506
660757 197301
772654 204
698154 128846
705386 115440
680373 159546
722196 80787
634479 237065
731246 60403
693440 128592
605685 287859
638451 227857
543352 400294
733068 52707
515745 450611
681658 144924
639628 221894
662236 179721
573345 343919
634031 230496
547704 390612
677966 145679
676236 146535
662523 172167
750430 120
708800 74879
567172 348864
648086 189424
618326 244720
584345 311529
737585 7910
731162 20429
730948 19644
643367 192626
653063 173203
668343 142583
515413 447264
546749 383885
623244 226658
712161 43808
704506 58510
722173 19428
665072 136970
636700 195110
687019 90966
665504 134014
689439 83080
563625 344827
631516 202635
608631 250310
691840 75197
668369 124331
597256 273501
535089 403910
570013 330457
607121 252441
722043 9813
689586 77404
706838 38444
669092 115894
716833 13197
612923 233269
640206 174282
709322 23150
682842 78006
681183 80809
688152 65353
640661 169223
703906 27474
684953 68420
710656 11241
617276 217082
712206 3561
616753 215397
680149 68206
693194 33858
538218 388458
680923 57931
602122 240024
551963 355762
521051 426980
701656 4597
689232 33609
681200 51638
552427 351898
634280 156369
556851 340380
652244 111989
633982 155451
652719 110508
609801 212383
583584 275079
682988 36211
630961 161042
665718 77203
554707 343571
676915 48641
586528 266587
606922 214711
693885 1217
584097 268376
569145 304248
666588 63408
558967 329006
628427 157197
510008 450051
678908 27355
652232 92910
607291 204684
652271 90924
580917 270535
617065 178554
616923 178563
634754 132495
664373 53806
661781 59395
588923 245811
676547 17221
573597 281960
570829 287660
650090 76179
595541 215584
612383 167171
668417 11086
666791 12756
600428 195316
648272 55266
563454 293305
617712 137439
641771 65963
627981 104290
652321 27294
611112 146936
631506 84288
578143 238103
640270 51536
645095 34986
615822 121310
531635 375082
531518 374368
582541 217938
623062 83392
615335 106111
635386 41656
573007 237194
631269 43532
641762 8094
608609 114558
606470 117534
606211 118061
513262 424300
581492 196611
632357 26916
597671 141512
545436 314362
550836 295089
623778 41037
596560 134173
630608 14276
550289 288347
608419 74934
610398 66805
590424 138988
589452 141845
611877 60408
586437 142101
604870 72181
598000 93962
606420 59361
546776 286323
594568 103398
536046 326674
602816 71219
615858 16995
557446 239544
616678 6445
523192 372089
570860 183509
564352 209030
575819 163380
574577 168071
583135 131499
546052 278819
566532 193785
605624 21607
609581 3100
548629 255738
574326 139677
529197 334647
538024 296308
542985 274203
586666 82004
552149 226394
596727 22654
599050 8630
523532 350174
581012 79168
538423 277417
583306 66222
563761 156109
531895 304208
569049 124871
563205 151523
544926 238122
536636 271336
525389 326828
561698 142209
567056 113558
534233 280677
555750 167952
578918 46494
541905 236741
513631 383299
510794 396297
530706 287762
539919 237871
566446 92325
524423 318586
530349 285492
562135 110432
559583 123720
577704 23526
524953 312526
573613 38225
566430 71973
516018 358443
547950 147912
508984 389598
544476 158378
565037 22186
547022 135899
526392 270567
526343 270085
566262 5006
555187 73163
509529 378760
529600 237443
538523 171039
547986 99388
549107 87841
535433 184280
533863 178261
542219 106791
551894 24208
553891 2782
533895 157141
536545 131931
545029 54779
507945 364135
534635 128144
525002 208677
540106 75374
509316 345440
534183 121704
543631 34901
543129 18484
525822 176081
501517 405363
529420 104219
538474 8013
537052 7309
506258 342070
518348 208850
505289 350318
523619 126565
529627 51847
508892 295978
532533 6537
526873 73868
500270 397336
500564 392367
526415 62170
524301 88308
515903 180683
497322 427913
527391 21207
522345 71809
495029 454508
523713 20358
510714 206844
496509 422482
506678 229851
506817 222728
514497 77714
507181 194980
507586 179721
494735 445407
512733 68227
508829 136694
500648 305929
512719 14017
510908 42738
510825 41106
511529 2342
508063 34532
493587 459186
503773 152779
505982 50361
503526 101514
503092 5615
502013 54651
499382 161198
501052 63947
495727 297812
494163 270892
494917 66211
493909 232433
493556 221838
494098 6084
493188 180334
492933 82374
492364 120710
491597 156731
489103 78813
489521 134193
488847 56699
488197 81848
490564 313302
491834 439007
489071 189908
486900 66497
487411 132305
490134 329455
489544 295799
485144 13830
486325 132707
490853 430297
480022 170
489134 369851
480694 73612
479695 72291
487008 317118
482333 199961
480635 161902
476598 54477
478459 116656
483336 253991
484512 296177
477254 117778
489833 430899
481109 229238
483496 305115
479201 218404
472168 80872
472717 103196
473065 135052
479780 278732
470084 137693
462097 41924
478958 299228
466240 124122
486958 417976
463018 92847
466022 136277
457736 25370
462000 96913
457687 48548
472221 241146
456039 45581
473909 270780
475604 299050
459724 117700
452750 61957
457420 113980
459019 138305
479519 356738
447459 60703
447546 69529
449005 87457
444638 56282
450013 111257
456590 206486
438795 68994
480011 395817
442944 114087
484820 439842
468793 329341
437848 117781
421327 9773
423187 24324
423883 31830
460904 285141
475877 387318
437623 147686
426966 89955
420600 57703
414409 24325
415544 35650
459453 297407
418017 65675
461397 315154
419260 74070
409951 23800
423792 104150
429934 147599
411060 45313
439263 202780
401447 4060
422362 121473
464192 345434
425166 149194
437441 212441
419750 123541
422137 137563
463894 349171
467759 369854
438626 223999
410439 85408
486628 464646
480595 435038
392148 2766
424756 163254
401909 54304
391871 13712
433917 218345
422497 165305
437854 238510
390868 27593
394820 47819
428811 208856
457130 335774
423034 184508
406126 110711
434340 237664
398548 80605
391724 61476
399261 94495
409096 137188
444102 287585
381450 23775
447217 302795
433850 246495
448435 308673
448076 308935
376723 13329
435138 258882
404546 137372
388134 73303
454956 343553
374089 24296
384721 71302
387219 87029
401782 146310
372263 35471
391987 113891
403288 158323
362506 5051
403947 161942
361078 1520
396126 132961
438017 290034
375990 59676
367152 27987
405746 173859
417190 218422
371711 52520
407864 187099
445430 323272
381342 93493
384121 112739
444175 324503
405679 193429
411843 215326
463512 393681
442524 326008
414248 232510
388189 151150
344990 21848
431290 299903
383288 148880
378327 138398
375999 131994
364660 98830
403353 218518
380989 151971
346945 47642
376349 138851
415487 261468
335225 20337
337250 27089
368209 120274
430935 309596
341954 47900
342107 48676
367497 124858
409968 250303
452700 376617
382166 169638
409864 251257
400630 224788
380059 169036
420071 286904
326422 23662
368960 144924
318365 6861
363992 134763
360067 123889
414196 278457
342671 83386
338869 76266
385073 203043
419764 297591
465011 419844
354966 124766
313479 16498
411516 279029
345634 104509
360105 144663
357491 138362
405619 266242
424775 316827
379011 198491
356425 140908
337401 91695
325839 66830
314119 37229
384421 218702
419087 306985
329641 79868
356573 149212
348882 133734
320393 62371
422424 319272
423861 324861
353773 153766
354303 155127
402163 272721
288947 1034
389497 244473
351922 155497
292761 28380
403359 290800
275524 1933
319466 101541
276242 4105
416594 322476
337998 146090
366707 211184
287278 32899
374078 228203
286036 31394
354931 185711
359905 200968
418622 331432
355129 195485
464565 433161
282214 39653
324442 132545
288438 60747
340968 172583
301247 88748
324058 138108
265042 14886
332599 159478
407938 317041
353633 203934
274734 40618
268286 29199
382758 268734
397293 299561
328450 162261
434698 377295
335430 177699
378177 264075
291166 90829
366337 241534
268840 47682
383008 276942
363116 238490
277179 70418
329091 173543
246126 11585
278826 84407
274104 76469
360502 241860
345639 215060
328838 184285
286815 106640
346797 221179
308709 151438
317374 170260
227052 5153
235138 23458
398679 322607
384791 298765
242125 40722
277230 104422
304229 155241
458854 433183
421305 367470
241651 50337
330010 206683
293889 144707
312843 179407
265137 97055
260864 95318
284156 135892
271338 115385
288791 147981
298762 167388
216250 28530
208631 15757
250865 87725
250296 89141
349926 255618
210559 24847
205512 17264
453638 429229
285403 151079
375772 301769
248981 93809
457786 437135
249481 101500
321009 217582
348896 262618
257223 115481
419409 376711
184409 2085
282648 158840
292254 174761
341900 254975
409626 365303
187320 25402
263477 143167
189675 32354
292521 191263
270703 158963
271599 161166
298698 202585
217937 82035
182745 29431
169265 12265
343445 272622
233305 110567
183207 36676
240064 121042
268247 163759
282754 187618
256904 154617
239059 129904
158247 14425
248061 144228
366710 315546
294994 214537
315459 244148
302920 227277
149087 11318
281608 197559
242575 145862
245333 149872
367723 320421
145499 14797
273334 191947
345847 291853
199798 91688
251164 162241
308890 242451
317333 254027
255817 170281
142612 17825
216264 118443
303196 236777
136549 11005
142540 19304
197660 94383
220706 126659
183436 77438
234652 147334
259330 181315
174066 67433
328885 274924
172434 66197
185872 87078
353637 309628
273355 203792
149170 40415
135239 24655
235104 155807
171949 73021
174149 76201
439929 424670
377768 343269
266195 197371
143519 36867
417411 395434
327740 279290
272127 208051
176714 84677
186164 97106
297984 242095
117152 8396
139387 39507
129580 29735
169913 82429
141139 46121
121709 22366
210549 136866
220138 149234
165960 81493
218949 148529
226772 159581
214382 144086
182499 104820
265671 209361
166085 84893
135710 47884
137242 50067
355222 322636
127290 42265
251948 196408
198558 130554
147706 68877
292679 247876
151152 75633
161361 88500
296805 254356
406429 388393
162046 91034
109829 28012
135181 60316
111302 33734
202061 145419
330224 299244
81907 2902
192675 135370
315588 282422
145931 81406
308510 275093
271430 231856
222688 175018
431856 422003
125640 60736
278222 241975
403180 388895
408463 395185
222030 176928
100633 35206
164062 110580
70704 3077
80322 14553
122743 64823
130300 73968
108013 48438
135813 80711
449944 444589
175096 128400
91274 32032
66717 4659
231675 194764
70313 10655
63447 4365
192215 151255
192904 152586
346792 327801
196248 157104
105788 54383
80667 26909
306558 283942
203952 168550
293550 269513
289301 264815
206044 171854
170125 131972
176248 139917
57204 7360
118106 77034
220072 190664
105301 63227
201726 170936
77706 34074
109403 70091
216766 190861
372794 362245
254521 233145
43871 6167
193078 168960
84067 51128
404068 397962
349185 338841
35648 819
88386 57840
275959 260187
186160 164523
278576 264222
250520 234829
395589 390111
52540 24422
109958 86189
449489 447976
417873 415052
129816 113122
424318 422104
49234 29456
72945 56974
195811 185297
158729 146847
30980 14892
28492 12572
103557 91046
53164 39115
197434 188372
378608 376512
245198 239650
30807 19786
221557 215914
72720 63594
81081 72948
466005 466500
260057 256510
130616 126141
85142 80554
278764 277286
97511 94041
260488 259782
422603 423232
158178 157979
170967 171055
363640 364413
317710 318863
270462 272075
132857 137205
150114 154657
15822 22151
127196 132729
60273 67664
317441 321290
317571 321623
80595 89065
88509 96955
23752 35765
212753 220879
218209 226326
270929 277880
114891 127306
184822 196475
39172 56055
34928 52305
235353 245746
252750 263559
131363 148076
94864 113169
274284 286333
132786 151962
177563 194581
414985 420118
280104 293386
119128 141988
60953 88688
145422 168124
48796 80079
246236 264424
379368 388647
33110 68317
7162 44656
51554 85949
38649 75045
270409 289545
225409 248757
463060 466608
127244 161253
11423 55989
45045 87973
116292 153711
104550 143819
179853 211865
392991 403923
101715 144567
88791 133044
297691 320340
333960 352689
153598 193658
194416 229982
187250 224596
125012 170656
101575 150498
397408 410251
285604 313524
165629 210127
329855 352684
304578 331233
55168 118857
47246 115592
51122 119278
11932 87563
70149 137457
2040 81470
283873 318407
227061 271493
14803 94474
76809 146645
225993 271639
69042 141710
38796 117718
160464 218632
275102 313848
109369 177048
275898 314738
209576 260024
203912 255889
80104 154840
176831 235404
79119 155893
35373 120713
3723 96513
223146 275187
429605 442632
135371 204890
234994 285446
60173 144393
219638 273426
197686 256848
256913 304697
30759 123703
77272 162320
162192 231614
12153 114580
155069 228540
138699 216563
183147 251411
285826 333273
362152 392974
225487 288485
232295 293928
203426 272430
73813 174495
313922 358488
36567 149633
222604 290247
187160 263570
124068 216125
214522 284296
34494 149401
76936 186713
90052 196702
355946 392933
63930 179797
16570 145607
92568 203320
12653 145882
45798 169898
417256 439228
218466 295726
158370 253863
13465 149925
166682 261303
124587 234030
243643 318178
215894 298708
254207 325824
6874 155350
51662 187607
158423 264012
286451 352489
28997 178336
104117 231264
96067 226309
127409 248493
262359 340833
126487 251578
134646 257786
344686 396271
368315 411920
378586 418929
70004 217348
267658 346820
96321 235018
197633 301581
193269 299094
71482 219972
258999 343287
62861 217530
223372 320867
61150 217453
470461 479607
182907 297732
86382 237700
238383 334344
225047 328316
374761 420982
17670 200975
15178 200964
171536 296952
124225 268044
248946 344746
74877 239345
316744 386723
208133 320933
158031 291098
20001 208132
163971 295299
208519 322940
67489 239561
300854 379224
399056 437832
137620 281963
387078 430715
17660 212532
251416 351398
159583 297259
112314 270623
74889 249056
60896 241492
325466 396593
409848 445647
148882 294424
1067 209071
198003 323452
21141 221508
62730 246318
346529 409593
83384 258468
37594 234105
52821 244238
31670 232586
132953 295150
110545 282853
393806 439475
264781 369165
94400 277886
165889 317008
123680 296501
138567 305345
246457 363177
129307 302010
44259 259964
87741 283201
236106 360735
85646 284082
468946 481478
82988 287380
349281 421457
38393 265611
132135 312727
191393 342478
197904 345858
120429 307454
188555 341700
68133 282455
221848 359436
123865 312516
463574 479441
56903 281650
145772 325467
205299 354545
285574 393689
292421 397194
448976 472645
50977 281680
42988 279092
34141 275918
228625 368803
305455 405234
79198 299021
48967 286197
151680 334589
42734 283999
51259 288352
34789 281143
55523 291257
139386 330516
15638 275024
277304 394934
72411 301131
324140 416756
74853 303190
9011 273931
331842 420904
55857 296566
381681 443702
20965 281896
123631 328875
277468 398848
255760 389477
24719 288355
392827 449937
11021 284326
149833 345100
253919 390332
27794 293766
24777 292663
105221 327269
102133 327558
67672 313331
443622 472857
220945 378838
339711 429090
40843 304315
336540 428250
303249 414316
304468 416464
230837 386401
245442 392631
227181 385192
110677 337804
18289 300759
132749 347555
189254 370745
135390 350686
102915 338174
125334 347526
293873 414561
96692 336308
298822 417226
349190 437083
339457 433480
168589 366457
22523 311141
24217 313463
278905 411447
100148 343250
469487 484872
81725 340557
116496 353508
177215 376954
170888 375053
190116 385129
273302 417630
133300 369634
33587 335694
130847 369483
271170 418777
225342 403343
237839 407695
336102 441310
96279 361436
32000 340478
191128 393587
25497 338710
131198 373789
11962 336455
249498 414395
49778 350499
82227 362482
18314 342497
334518 443435
55660 355584
124424 377470
413069 469106
215979 409201
216359 409409
153120 390566
61250 363507
4386 346588
250613 422180
118166 384261
372388 458624
59358 367942
81243 374927
150556 395179
118214 386081
106350 382685
136019 393603
136811 395634
206508 415579
130124 394946
271803 433856
143774 399672
62127 377898
169267 407239
354399 457061
206573 418365
58771 379553
210173 419371
332519 452021
193008 416075
57203 381199
56290 381075
383118 465586
198900 419012
147345 405965
266350 436568
49590 382254
196791 419657
330675 453365
101560 396778
70091 391109
34637 382571
108746 400671
305558 448434
48188 387009
173180 417744
130006 407767
143233 410950
269517 441117
314683 452264
87289 400436
46474 391870
79155 400168
264680 442437
235636 436600
418530 477273
1432 385973
173540 424248
201542 430561
116373 412797
212865 434265
17675 394035
399963 474209
130048 419606
310519 456879
359695 466820
40262 403386
75185 412012
107581 418654
160302 428955
420411 480108
64028 414839
52909 413491
229986 447132
86133 423119
328453 465688
293328 460326
2947 411965
10048 413308
42602 421057
294204 462060
214083 449748
230317 452714
343167 470545
229445 454030
215861 452289
12933 425472
137715 443349
28807 428113
110642 440287
179868 450724
26335 432384
442874 487044
241984 463418
209047 460317
166300 456111
61269 444180
383838 481266
57897 445325
29428 442265
195157 460648
50198 444863
315626 474107
114369 453612
62653 449780
391286 483233
262875 471116
24609 449494
248729 470849
285236 474979
190109 466513
214175 468699
37188 453145
225043 469830
136258 462318
214324 472043
146178 466811
130337 465604
38632 458548
158074 467809
203234 471586
18031 458026
50427 460610
145832 467817
35264 459890
352830 483474
103415 468340
36090 464301
352116 484716
186559 474355
388564 487025
140088 471509
210813 476018
22708 465069
121607 471135
54137 467202
118128 471510
354296 485412
135368 472596
252772 479882
64498 471773
134424 475849
151753 476922
215739 480647
283067 483856
48144 473038
46930 472988
97220 475546
41791 473048
387682 488841
250211 482803
137458 478922
276234 485006
230994 483369
154743 480586
244297 484165
382428 489420
7134 476042
80840 479606
4340 478175
182565 483885
54476 481621
6882 481529
33735 483683
24484 483539
83189 485709
90089 486226
345276 491237
30398 486840
330283 491271
146399 489314
98689 489529
248640 491053
126577 490430
356803 492796
257830 492388
139047 492437
212772 492784
231815 493351
69047 495185
39351 495869
135025 495695
11915 498580
39745 499532
325492 496038
77140 499943
241858 497566
67867 500619
120199 500186
169990 500181
204181 499560
140053 501043
152293 500905
160292 501155
106519 504837
141250 505115
137553 505533
132479 506025
40574 511055
18679 512853
13799 514706
58660 514852
23310 517035
379586 499233
183460 509174
35041 517780
360370 500727
89378 516065
14060 522373
165343 515791
28895 525275
18369 528025
328556 506077
168092 519225
30377 530292
165457 519563
386508 502156
2179 534032
253319 513654
4250 535692
21275 534628
322054 508444
388786 502703
27992 534803
64258 532425
66628 533140
35778 536167
25325 537398
66347 535498
101561 532393
401824 502662
13431 542137
372276 506066
318391 511705
367464 506790
315409 512410
50521 541037
163862 529723
1123 547918
77008 540027
191689 527208
215584 524591
27964 545907
85531 541396
77918 543072
117342 538806
82082 544274
212211 528686
4189 555812
317345 515888
133632 540417
73898 548429
164251 536833
146620 540889
416593 504132
254678 526928
376667 510233
70295 555778
189021 538689
87441 554873
21891 568044
4528 570939
268753 529838
67996 562602
77149 564271
63960 567106
193403 544880
197976 544521
3042 578927
170002 552915
123301 563894
72178 574551
229587 544322
437022 504226
158517 558260
230985 544408
84387 573352
120796 566533
249136 541786
8720 590164
435824 504954
192495 554199
65079 580287
295211 533598
49137 585842
106639 574173
92262 577615
295140 535079
56670 587118
367920 521427
309986 534480
176052 565424
52909 594315
348541 526805
61823 596146
238796 555148
205175 563806
19657 611741
200344 566911
157037 577920
1882 618562
27158 612968
244135 557570
97847 596248
319666 539102
216228 566551
259585 555358
271752 552465
45064 614580
199793 573808
176245 582517
306255 546165
55327 617278
430812 511158
409783 517206
346157 535830
71468 615339
31284 627182
369054 529384
138244 596551
100141 607997
179439 586832
90539 613484
21438 634437
276373 558197
6580 639218
206997 579142
39683 630840
19384 638963
433163 511799
159792 596804
186256 589247
134349 606624
437764 510942
266014 565931
75813 626857
296310 556457
338941 543682
228872 580227
20436 649360
95859 625471
135780 613875
443544 510254
379155 532708
303664 559145
428243 516082
80340 639850
217015 591678
72652 643448
41391 654915
155109 615155
162996 612537
74512 644745
9169 668690
251869 580949
8665 669370
99714 636626
142362 621659
198729 601351
150887 618928
241094 586323
98657 639140
141245 624646
408574 524937
227367 593021
164737 616613
23600 669639
368209 540725
93450 645654
213994 599770
98991 645048
47330 665699
248299 588507
242005 591815
77603 656892
268050 581933
301999 568591
220057 601433
40441 672948
36361 678091
63715 667801
252688 591276
286311 577659
167857 626059
120013 645796
221285 604491
3545 694724
244510 595612
139862 639571
154904 633425
330609 562157
89641 664967
19942 694883
342442 557531
413529 527247
293982 578780
12484 700147
349421 555288
92241 666744
82354 672046
264723 592815
135484 651457
292454 582910
117422 662694
7873 712493
52129 692622
12933 713543
335539 565933
251859 604753
14423 714642
241769 610006
291832 587661
29415 711305
135414 661931
30961 712098
76393 691253
198652 635160
113064 676694
88119 690211
35797 715939
117577 676439
53607 708034
201883 636067
266502 604682
248076 614892
236022 621214
182132 648153
272709 603294
33149 723107
411650 534104
210830 635844
74678 705578
324989 578646
251987 616464
259547 613026
28545 733844
217973 636009
190350 650444
140940 676199
415789 533388
334554 575769
63459 717345
221222 635225
234836 628831
125261 686400
291216 599449
119307 689963
95240 704672
140633 682237
202399 649454
12976 752541
215042 643669
77074 719050
141521 685397
249992 626558
318448 589071
95137 712941
82979 719713
15735 757361
226005 641411
221365 644477
201690 655686
149771 685425
188188 663971
421993 533013
189784 663269
115206 705112
309285 596507
363139 566556
1068 771215
42664 748170
71920 734047
100292 717956
289235 609921
157278 685773
159252 685407
245301 635913
150784 692342
154691 690383
284028 615004
1434 780120
197711 666498
102273 722583
108502 719292
313342 598905
261884 629345
9537 778080
38199 761712
228811 649292
367936 567304
18959 774495
366131 568606
457651 514240
166785 687597
74232 742795
168258 687284
96511 733828
126729 715805
337188 587900
218365 660392
116032 724760
243665 647279
269259 631543
94616 739938
132443 721335
41887 780925
217016 670041
112087 738445
221045 668332
257621 645618
11184 805579
29137 794656
47521 784961
54290 782151
150713 719318
335922 597224
168949 708121
315199 611447
154383 719355
243349 660634
24118 809221
286342 632492
39361 799573
33066 803886
87137 768428
314636 614996
121616 747652
282747 638069
18699 821096
228054 677287
22247 822209
142799 738284
58178 797876
81165 782522
105983 766534
253401 662683
159001 729851
78989 786888
81129 787848
347801 597552
15414 838019
15546 839308
60412 808183
228036 686178
155872 739402
94636 785639
190722 715288
27573 836371
169932 731542
167474 733924
79880 798889
113271 774280
475633 505960
186749 722306
25470 843178
298853 638526
139111 759273
96535 791732
58288 821546
16955 853716
938 866060
169785 738208
300603 639054
328834 617768
139694 761973
132694 767646
285405 651574
207329 711213
51474 830661
214107 706787
214161 706771
319721 625955
364574 591686
218414 703945
154502 753713
53067 832673
153737 755075
291955 648389
78053 813751
116811 784036
13265 866083
257079 676779
325563 623623
163616 749942
1305 877193
413728 555151
60044 832391
9789 871785
150918 761208
136731 773714
25213 861590
307391 639961
188975 733916
191996 731915
251365 685698
67106 834033
133863 780923
18850 873239
365901 595561
1591 889508
286511 660186
280719 665549
235 895971
238819 702350
25254 878275
18135 884975
103473 815066
39472 868549
400352 569972
393242 575973
185185 749559
231576 711233
257563 689613
53675 861658
111685 813161
132135 796463
223557 720954
195036 745219
120575 809255
45834 872946
60141 861442
142505 794157
164078 775975
222039 726165
184822 758440
67487 860263
236452 715025
238707 714103
188799 757892
56983 872761
143965 797612
24757 902278
412725 563688
79497 857126
52721 880909
231543 723551
50885 883074
288325 673940
262459 697340
165129 783797
156060 793439
156537 793069
59152 880071
221528 736554
169957 783254
310396 657300
325864 643784
153898 799280
157106 797596
210337 749655
162062 794387
46299 901253
241073 723417
214023 748174
150201 806932
227024 737176
48377 901764
52503 898513
55739 896011
211652 752861
93937 862022
5826 943790
80116 875451
151753 809575
203645 761521
381359 597040
62598 894239
274386 696850
204303 762520
358099 619038
284722 687765
37520 919013
24477 932071
341928 635161
402005 578647
68240 894870
25786 935574
23927 938029
154703 814129
201657 770098
215236 757907
241553 732943
304465 672911
274045 701993
120801 849032
316799 661903
393831 588533
205623 770569
24350 946220
79710 893880
468441 516848
205865 773873
77347 900953
310713 672369
229971 752105
43126 936283
406600 578125
302440 681064
98930 882218
124724 858562
108927 874497
237780 747004
189108 795765
246894 738549
83308 902320
93170 892661
39605 946955
72341 914303
94130 892609
26701 960585
276599 710103
134436 852977
186727 800706
325636 661384
242384 745622
405460 581239
152046 837284
186879 803201
189000 801338
28874 964725
66441 927248
182649 809492
207776 784441
50478 945788
13951 986951
56037 943772
226777 769374
234964 761987
119421 883096
18312 988957
147980 853952
240847 757125
58549 948537
135161 868444
274387 722909
336362 657903
236741 763381
141914 864132
211469 791659
182313 823412
283905 716569
167282 841322
96536 917972
114635 899007
33692 986370
177118 833489
110570 907448
345240 653084
94327 930028
309132 694538
66821 960741
47760 982614
112060 912610
236365 775868
369786 628935
300489 706104
146827 876332
429744 563374
370299 629627
51251 985286
244172 772740
258030 757578
180023 845828
182113 843526
414266 582119
345348 661338
89565 953376
317730 693852
162374 872607
321087 690355
290100 727491
208417 822653
293078 724685
81101 971682
336680 674950
222827 808043
75803 979964
224565 807805
106539 946406
210210 825203
90739 965833
384805 620386
378005 629058
161514 888143
333298 683579
412047 589545
167312 882360
174283 874082
299710 724250
292732 733051
283483 744299
165364 886103
79446 991490
387395 620351
297197 731343
194335 857297
416665 586070
311842 716494
180982 878510
206584 847441
233371 814673
306476 725098
182825 879216
90503 994795
198555 860331
320383 709429
136801 940341
308571 725081
259196 787602
199054 863995
319649 712553
147194 931515
138611 944638
136844 947939
178242 897721
238818 819863
173202 905016
102500 996621
144324 942689
139437 949454
373369 647417
170539 911209
285234 764057
324718 713051
130029 970335
139037 960182
142688 955833
432429 572836
113582 995196
155670 939519
183730 904381
353106 679961
145249 960860
375939 651044
306091 746284
243059 832590
257936 812661
137324 977001
217774 870223
185377 915049
304270 751844
318639 733504
181978 922867
210739 883522
154775 962276
248733 833016
175657 935980
225080 867156
205992 894005
158933 959889
267627 810007
354615 688042
274634 803904
326211 732264
331831 724279
228827 875292
238150 863327
461747 538330
325992 736683
283405 800325
217844 902070
289220 795929
181174 957383
179156 961242
166967 980157
378376 664359
318470 755783
354240 703316
370280 679308
187683 959241
341180 725077
438963 575737
298342 792616
218631 915893
387117 657316
219459 920369
230002 904587
177040 987908
236974 894988
196372 958873
231590 903939
344169 728578
177042 994722
282691 827692
342186 733504
187658 981874
337488 742804
206093 954523
423021 605502
181622 998195
183687 995155
325537 765373
225131 928960
242133 902364
342541 739603
250170 891771
192197 987254
190176 993268
246258 900630
240316 910470
280708 844125
301144 811194
327547 767998
350958 729462
199702 987284
428271 601793
364266 711501
212997 971070
435374 591107
239648 926773
380407 685868
286583 847948
209393 980957
229419 948062
420022 618728
245395 921299
304956 818611
418428 621878
356837 729045
227376 954344
230569 952382
217765 977481
316727 803722
282764 863887
325630 789755
306175 824505
304801 827132
242401 941678
392980 671860
253541 923048
434539 598016
254139 927082
329654 791086
282544 878500
383550 694518
240627 958705
418751 631017
233166 977975
224230 998319
353550 755754
276405 904074
245892 963873
382804 703964
293343 877093
371788 727071
421712 632145
277962 914640
264373 943626
393400 689299
242829 987872
327563 820276
259079 956208
266473 942961
350781 777529
258150 970877
268317 952430
411848 660910
336526 817401
280250 936165
407702 670321
285069 927336
297761 900913
429439 625660
398654 691520
296418 908302
318575 862061
265526 978427
268861 971673
354768 788678
384553 728366
315991 878002
338187 830293
375629 750504
351654 803523
311702 892242
381061 741412
312199 896389
396651 707929
327340 865035
368829 773832
286904 960147
456988 574422
299085 935687
307413 917668
428728 640212
302638 931679
340520 844458
299537 940753
290499 961784
392874 725979
334621 866179
388734 740755
312193 927962
455449 582751
470099 548259
367040 801677
382313 765231
311892 939551
380283 772138
319708 926536
299945 977843
321978 923139
330595 902981
365695 816574
311316 957116
324628 923263
454110 591948
310250 966091
320434 945216
442579 624550
308073 981531
430329 659234
365489 835004
363120 846618
387729 780689
324517 959064
364734 847943
378627 809489
338492 922438
433487 658096
390732 778489
351042 892638
339738 928158
348112 905680
406205 741740
330119 964312
325108 990150
339962 957354
413645 736800
370884 871308
440657 656006
358758 916303
449755 629531
446695 640150
352598 944179
399416 794487
472055 560267
367030 905639
381035 859694
372164 888911
341057 992321
383490 858587
368408 913278
392679 833136
384409 861532
352904 970394
391609 838510
462424 596216
384894 873438
409019 788721
392150 849256
372985 925652
440677 681089
444808 666949
366411 953849
384081 900865
378126 928854
403788 831948
368634 966258
379131 928882
430314 732406
391175 884167
405061 831932
397275 871293
384533 922177
390515 899254
386179 918347
442064 697808
455468 645259
453417 654034
449356 670937
425135 771299
412005 826622
403164 869862
382822 956352
442547 704396
393106 922159
394646 925110
409420 859942
436822 741180
388180 960447
420154 825768
386737 980760
466375 613837
451404 684951
427234 798392
459460 650935
403933 923660
468192 613238
456645 675994
407967 935538
437838 783966
470115 613042
406450 960999
406019 965027
404636 975338
460696 668757
440591 783141
457793 689670
406645 990720
416491 937091
413167 956889
450426 760528
425690 925905
433465 875902
457741 725546
418427 990699
475467 609513
461442 712215
477584 599213
444867 832847
470878 648379
427685 959910
439604 881140
437157 909306
425370 998511
454997 776960
448062 830833
452821 797821
441872 888310
466725 694812
431808 973278
445350 875650
451757 830028
443906 895834
446760 889763
435174 991027
450226 862390
482398 582898
459709 785469
446013 919424
441958 958578
454176 854343
489014 526849
448824 925563
459246 830558
459640 837309
471118 719608
450338 951602
466952 772611
450692 967540
470164 746471
484111 591781
461814 855714
479032 653005
461552 870207
451919 993425
471383 762431
471605 799386
458553 992990
464002 950264
463522 982139
473723 819733
486239 609370
470036 923101
468744 953159
480670 725975
476638 841328
471667 976294
474932 958374
478931 918585
481635 913617
481136 943665
483710 879177
484850 881839
485908 959378
488174 799102
489425 728983
489678 728308
490153 688865
490011 804668
491377 988689
