495116 771832
497428 724689
497665 660878
501276 807704
504236 929285
504947 939767
505868 903352
505425 884933
504995 858734
509741 939347
506360 823059
503743 740645
507635 798318
504891 732580
508836 789476
510517 800415
519588 964588
510364 776105
514321 827134
515918 849608
514595 794690
528659 988290
519018 850238
525516 918092
501834 599551
522222 840883
517345 775624
528586 904722
537192 970638
523524 818010
538444 933679
548070 992148
544377 954044
537478 857821
520685 687187
560866 956893
548724 854648
539356 788869
566917 964108
536385 762353
560308 911624
532108 733721
568982 961877
571019 954397
578624 995742
547646 801482
532186 713611
529759 696094
543623 772709
556405 830319
561802 854335
567608 880384
593786 995557
519697 625590
575924 893027
559333 808537
568152 848524
601898 994156
528576 655983
550875 756376
534826 682357
558378 777841
578192 860891
572938 830141
536648 675947
565821 791494
544087 702459
544517 697632
602769 926066
602953 924933
559344 753078
532283 641000
565632 759000
577034 796890
635408 997391
623984 955704
579229 795204
630064 970642
640377 984301
642785 991560
641438 972979
597025 818574
627482 911831
572394 739373
568910 728206
586922 783360
623505 889217
533050 613473
606353 827543
605408 823553
621201 865429
585054 760009
638642 913141
630170 887146
616699 843542
667910 986567
598785 791150
670956 992201
659826 956622
615187 830950
606299 798543
663111 950289
572269 704497
625836 845603
656818 925416
635836 869873
559681 664368
659616 915686
549078 636632
673419 946091
518532 558165
563410 664189
688340 960812
507263 529469
634838 828670
599288 743752
684318 938097
629406 807802
650137 851327
679766 912606
665522 878584
648199 837820
593005 712675
582936 689298
603205 731339
626934 781746
592359 707869
632853 793175
714322 964096
686114 897922
702121 931190
691418 904509
640993 799069
556862 626931
699806 918650
685566 888882
694931 905217
662897 839597
529353 569745
720518 953596
705343 921045
657266 824447
670615 850142
686277 878023
536028 580776
646943 793706
644224 788099
719597 933231
704278 900827
694557 882135
719052 927249
707445 900479
695808 877648
751712 979335
633473 755960
693497 866383
746879 964008
745405 956921
704080 880686
739196 939261
761960 978938
656041 788487
642745 762291
760368 968166
776298 987527
757441 953696
672083 801827
743238 919095
754346 934408
703524 848565
697282 837341
759007 940191
741225 908322
791888 987149
634678 729151
736385 893175
558602 602727
624478 708586
692255 817384
603746 674879
792608 976723
722765 864098
720932 859310
676286 786152
612208 683716
818359 997501
659619 752846
765046 914537
678052 777060
633765 708048
815149 978967
681010 777672
715695 828737
786531 933819
770457 908583
769040 904661
624646 688926
563533 599792
585527 631432
648166 720500
638575 706641
816528 960277
772085 894703
688212 773351
797601 927761
710098 802469
734000 834133
572665 608500
792698 915076
735629 835166
672098 745945
757032 863520
664136 734109
705984 791598
781615 894587
718242 807274
854767 995046
608446 654550
706101 786790
840269 967521
814908 931265
730271 812437
733567 815820
801940 906006
638307 689167
607883 647281
649605 700019
774231 860808
879703 996557
874111 981141
807716 892399
826860 913503
863637 959326
703572 757523
735747 795112
834173 914666
677594 721815
837924 916658
713724 761686
811587 877015
569129 587467
819903 882039
811488 871140
859504 924714
916479 990602
905317 974659
576425 593965
756126 799539
688906 722217
792943 841249
564052 578854
739890 778181
809210 856452
704674 737404
817164 864769
554348 567048
772364 812599
918807 977410
798728 841898
566199 579562
781575 820490
812818 855113
698869 726781
711247 738880
704251 731048
612591 629601
660178 681613
883088 923243
752083 778736
661323 680172
911889 946203
869505 900043
938221 967641
578478 587790
744423 762429
767444 786421
636475 648549
705982 720856
852430 872697
706602 719727
897250 916680
976916 999134
656548 665195
924177 933269
868875 876678
676812 679981
964672 961874
994272 990129
822013 818536
974310 962509
695624 693118
879778 870174
577316 578895
851391 841580
957389 941519
858837 847181
811302 801439
971616 954169
990300 971627
787258 777991
915922 900356
608632 607437
827755 815150
936647 916304
601418 599849
560329 560872
957362 932321
938579 913155
786216 769046
968283 936775
774614 755214
950543 914745
676349 664496
772586 751937
738419 720792
591099 586799
867034 835738
769333 746183
920698 881228
945586 902324
770803 746118
969711 921490
924677 880657
994199 941617
698426 679377
739741 715325
857996 819243
762733 734494
586743 579474
774579 742405
934409 879923
664944 645848
931811 875321
982875 917871
668918 648619
766379 731767
614352 601270
977025 907226
955695 884478
633757 615157
837284 784254
706931 675810
933631 862819
834064 779939
846020 789104
917335 844358
691332 659766
808580 753538
890195 818765
847739 783099
794024 738680
792541 736782
711299 671964
748388 701113
765182 713866
957617 866247
821281 758007
828772 761245
795108 734424
971879 872006
787264 727663
713491 670034
711069 667855
934836 840616
562291 551657
995163 885402
985240 876301
632460 603055
578886 562597
961013 846244
646424 611888
748630 686095
852240 762034
666816 625763
914952 807953
977938 853669
979584 852733
567572 552384
741879 679260
866527 769840
921008 809422
928561 813087
939416 820131
685951 637199
955563 829299
611178 581174
994044 848307
650208 606204
919518 790505
958810 816299
635941 595522
891860 768350
798018 704629
831825 723598
720201 648062
838885 724450
705745 636647
892173 756418
559978 541033
886268 748688
630967 584913
894917 749981
922034 765307
936557 774333
904840 754230
625036 580164
875392 732864
700732 625180
942913 772082
923825 757704
575894 547722
789629 671623
834466 697785
708197 622496
894018 729601
693313 613594
719615 628629
868638 713914
863932 710521
891584 723017
974175 768941
907330 730027
811612 673718
831337 683284
888003 714079
812421 672196
702886 612273
991556 767297
569595 539381
954345 743722
762677 640483
731273 623660
830025 674385
772805 644344
832910 673876
972125 745106
689092 599015
785125 646241
930211 718941
723936 614761
642086 573498
835717 668991
750536 626584
716940 609259
918825 706263
863026 678034
896930 693622
949246 718836
944073 715992
600840 550016
957339 718242
868700 675117
935554 701967
879006 674419
877128 673538
802870 639517
858586 664809
815510 644985
901974 683696
880212 672097
810024 639807
933658 693047
700422 589855
765310 617274
788305 625702
631710 556865
727004 595012
748243 603235
778964 614931
863440 648768
614314 547371
936439 676852
691545 578302
948202 680175
671234 567236
884686 648941
673352 567373
844254 632510
952277 673504
906979 655570
995281 686661
651769 557923
860062 634956
960211 671939
559122 522850
684789 568955
988119 679279
707145 574377
890748 636782
859108 625308
687001 565350
925900 645218
822857 609626
757023 587425
664081 555958
833598 609904
944633 643785
895668 627562
940923 639963
967444 647106
804830 595721
883918 618580
995115 650451
960477 639706
739075 571507
957419 633632
757216 574103
845658 598275
732512 565120
999978 639158
872283 603022
963864 625794
711774 556157
974147 623952
593858 524665
853835 590927
968873 619501
843414 585990
854951 588807
913112 603011
886074 594981
911955 600136
954785 608864
659873 537632
774712 564004
969879 608342
834822 577296
648159 532346
687559 540381
709629 544683
943874 593953
780445 557957
942585 590508
831797 566682
959183 591049
931860 585342
948877 587642
681487 535473
923335 582110
970808 590859
955022 587115
673615 533096
752894 546932
726747 541510
898248 572448
743415 544199
746561 544696
815101 557030
929383 576133
558521 510417
633960 522382
792552 548172
640444 522462
945891 570880
978558 575425
986965 576172
581905 512716
550719 507498
869098 554313
586532 512615
717351 530517
707331 528592
883036 552645
817024 542956
964252 561858
919187 554203
918522 552425
885646 546879
983473 556548
994248 557690
847744 540186
798552 534028
979575 554607
974640 554031
914113 545119
816171 533776
885373 541018
600486 510236
753508 525621
989473 549150
812560 530808
890181 537231
654487 513235
951962 539195
906285 535174
928553 534849
947762 535538
933480 534133
795887 521987
848569 525182
918575 530134
792204 519422
979739 531723
808260 518881
782447 513556
801699 513197
774820 511314
883413 515824
821632 512237
882498 514513
756760 509366
895288 514176
985519 517164
661997 504472
956270 513673
869954 510450
791022 507013
758067 505941
829651 505082
982875 507008
804922 501735
860068 500940
760749 499455
898662 499202
759699 497472
664273 497528
880953 494491
569258 498146
550268 498331
947494 493089
988770 490921
881165 492118
529408 498308
945573 487364
968764 486394
960176 484430
779555 488676
716012 490900
970050 479100
658849 492015
896232 480890
734470 487076
603676 492888
768047 483391
841774 476733
806119 477606
863645 473323
957032 465411
774482 478013
899560 467216
536206 495607
945872 459302
921860 460587
995709 451871
800058 469104
805359 467005
850413 462046
743622 470196
999467 435508
914335 445946
727141 469442
889473 448708
709232 471017
991750 432938
785363 459255
942815 435363
853270 447950
996640 425016
909756 434829
692387 468354
845817 444128
847807 443770
829586 445681
962832 422904
969130 408815
989679 402796
796339 438353
947025 406770
889797 417820
855570 424522
883639 418407
889355 416510
810541 432423
919903 407155
773676 438250
682956 457655
877966 413774
937228 399788
851744 416942
670737 458438
907420 403601
834356 419537
838932 418275
847836 413315
683006 452498
956794 384612
912745 394172
926313 385766
876854 398339
878334 397880
855855 402374
940226 378882
699897 442870
719292 437017
717492 436823
961603 368099
824774 405562
545406 484358
851027 390882
813599 402060
943190 359256
828135 395002
953841 354980
817299 397680
805931 401161
731139 424071
971682 347091
987923 340107
932158 357219
917368 361581
850465 380410
988095 333059
861624 375037
760397 408915
719151 422409
924882 352292
816523 388660
853211 375981
661445 441273
675428 436325
906684 355983
796864 392777
919871 347345
800721 388803
608183 457268
892954 349618
883547 351489
585477 464381
906783 341258
762483 396333
995521 304213
998598 300386
878436 346386
965470 311132
908195 330652
835248 359872
608893 451510
870977 342588
897743 330651
908973 324404
589507 458451
893551 326907
985818 286578
877085 330593
551084 473872
773594 374593
931393 298006
766936 371953
951153 285489
792979 356948
858434 325761
950186 273584
717516 387462
934158 278774
770393 358173
983515 248975
770256 357337
773838 355417
705571 390423
886744 296351
975886 249023
757520 361426
722145 379743
871409 300013
599933 443127
891172 288357
729775 373917
871342 297577
992471 232675
643618 418777
974931 237345
843748 308301
856692 300675
945428 250762
655741 410077
772626 344958
835201 309355
938140 250084
989953 220826
603277 437776
795137 329560
821762 314443
887407 276926
712038 375969
761233 346234
975055 223368
969282 226622
928532 249956
762631 344457
786587 330352
964369 227588
860897 287113
799123 322259
787956 327513
689937 384764
706052 375223
834187 300155
906704 257144
888820 267055
838307 293986
617787 423970
910121 245737
946894 221120
910593 242273
794876 313338
921105 231396
837229 282873
947094 213135
873406 258643
697067 370044
971007 193859
841726 276518
932589 217119
818170 290455
651539 397762
893307 241280
860377 260410
964970 190140
963024 187074
979257 176270
853115 259347
824054 277166
871110 242367
946370 186902
954136 181102
916694 203878
881901 224399
748114 317824
653285 385153
985019 146036
870829 228099
895497 208857
697710 351607
908430 190012
966723 145082
959523 149970
817100 255722
900453 192743
969119 140639
925457 167605
974467 128153
823807 244121
848949 223349
720479 323100
894527 187338
820409 239619
823242 235227
918637 157141
862535 201279
831554 225676
958957 119920
597383 414705
863616 194350
682654 342624
697257 330104
555262 448167
747333 287752
788728 252925
864140 189131
916316 145409
785778 253957
869055 183214
974217 94485
834693 211972
750076 282864
857044 188721
771565 261489
969097 91851
958055 100696
856000 186559
769187 259997
958335 93919
840705 195941
830526 202405
888873 149872
959651 79179
936766 99117
903266 128883
803991 217475
961224 70232
988311 44635
685923 322304
941401 86010
930853 94780
841570 176909
677859 328381
979175 46925
801604 209529
701610 303343
772628 235999
752421 254838
947689 67101
773747 232028
746718 257763
800880 205834
828978 177977
814300 191486
930028 80066
941416 66900
814298 189390
625997 371548
792637 208046
647850 349126
688574 307565
912132 86929
769977 225426
804597 187860
786537 204612
935469 52790
941008 46139
850429 137284
711548 278096
890415 95750
776798 210864
924737 54251
969163 7951
862359 118250
576534 412926
850511 124243
958024 8640
719110 261215
737291 240561
900053 66241
764064 210232
797023 174796
934945 27051
552499 435879
537989 451150
802688 160654
838169 120178
850216 106629
915876 33955
661423 314577
911120 34827
684669 286951
824072 131448
726062 237835
786834 168514
644533 329268
589615 391183
697540 268904
712991 250038
654051 316975
769817 184342
908108 26371
624349 350228
751480 203598
884020 50584
817556 125650
713800 244516
871338 60511
738914 213468
768549 178173
794269 147725
787809 153283
899865 21277
764236 180788
732494 217460
788392 151254
804510 132189
842084 85938
755459 186317
900015 9597
773307 161727
835920 82111
803132 121647
615270 351148
647355 311912
862863 43411
670728 279103
596356 371110
751105 176527
580514 390759
829154 74780
759738 160476
549530 428375
869409 18968
845346 48315
804821 96531
653237 292872
756258 158472
641177 305071
634158 310931
739939 164815
795443 87424
728805 177819
676514 249347
839200 24498
729918 174077
606357 343397
570308 392960
656223 272468
741477 150409
768633 111372
830620 20545
526209 453603
795199 68291
571147 388275
719886 173478
564867 396205
721311 166387
630589 298879
711542 177262
804926 29247
804891 29170
784206 59048
783273 60214
793402 42233
646727 265683
600239 336764
693149 192317
671911 224905
726320 129209
738481 108063
734726 113781
769180 57349
789050 20751
699671 164121
775154 32131
681931 182913
655730 226793
763436 42617
685649 173548
693305 160167
679728 177677
754846 45779
675349 178928
708495 119045
682562 164856
710052 115652
645553 229791
721723 94039
653223 215360
643412 231868
733119 69846
658699 201213
707123 109431
760138 11653
710587 101180
589070 323174
757532 7023
729515 55684
594123 310137
692410 121524
692923 118572
647272 203939
709150 83623
677026 145479
625278 244828
722472 55976
741366 9304
698800 91134
678550 131372
726206 36127
706838 72522
689976 105935
662450 160813
582547 321501
696971 91190
674591 134651
725760 27526
648879 183599
626881 226899
718666 29869
616323 238814
724968 5877
723965 6877
674369 110514
577478 318813
701016 38318
565909 337980
566122 336601
619135 216509
641624 155993
605250 233141
621995 192439
618906 199100
660351 98497
593830 258618
585085 279622
670974 71635
627347 175110
618138 197156
660704 91494
553904 352540
569576 312091
654579 99166
669790 60060
646602 117152
671937 44289
678471 24210
611189 195829
609717 199408
665162 53579
609381 197950
572264 294170
626192 152372
609069 196500
630883 129953
533191 393619
646797 81002
669554 18174
601426 201983
591984 227576
587145 239507
650709 61235
592971 222011
593259 220462
665226 16840
597145 199837
611805 154834
577567 249819
613602 140350
524389 408084
620133 117316
592644 191555
622453 90078
600131 161297
584165 211486
566810 266624
621923 88702
560128 285749
589823 177628
576329 221936
637840 11191
566357 254043
630793 29478
636878 6962
574973 217476
627822 32953
631415 14003
547694 308898
623368 32569
621724 34536
591465 130456
567515 221190
615727 30648
521798 390759
587262 126642
564025 215200
557683 236596
565046 200149
606528 22283
561595 209040
584340 110908
581453 122412
541716 290571
562871 193593
584615 92332
586154 80276
578773 111279
543596 269286
583322 82864
562108 179984
597544 9934
539194 277829
576778 74901
534215 291640
573797 76032
501446 460809
552038 187978
575064 47845
544046 219103
571283 54888
548954 181754
571417 15627
550632 139131
559827 72810
564502 35176
512874 372927
506578 409355
531483 226719
543451 120323
537147 161091
515157 324136
522058 231132
531610 131342
518821 252885
514357 297021
540974 22368
537066 21814
521969 178214
533899 25022
525988 114356
512054 262671
518272 173646
525388 42078
506932 310392
523206 41091
517885 118787
517721 111336
516440 124078
517827 83054
518366 57962
517787 46421
509070 209010
518281 12883
500572 367624
507937 173537
502786 271460
509955 53391
503058 172027
501379 139836
502228 38883
497712 45600
497121 17656
495824 216718
494151 42553
494108 343259
492793 85675
493839 376677
488089 44288
485602 52763
486578 149452
488482 246623
488018 249495
487168 258744
481808 147067
487367 324356
475953 79419
473780 55721
477029 177148
486467 354427
470202 116708
476612 221360
469916 117816
463440 26641
479928 280530
473394 208871
486302 395702
464675 127429
464545 144388
477540 304902
454294 42739
472796 262303
467307 203685
461727 161712
451597 74245
479290 355936
480675 370459
485107 417999
439975 43300
451706 149253
436179 38008
441568 89775
445743 135547
456989 222421
455195 224910
435967 92306
450387 205707
441183 145370
437760 141920
457192 265823
416895 15923
414272 13296
433088 129977
415888 27916
412918 14741
411967 21968
439607 190427
415678 58727
419255 79395
426923 133860
428563 144111
399791 19547
408399 63798
427671 164291
392958 17506
484919 454551
440607 253459
408292 106850
395636 59431
395459 64361
410101 139789
444161 289825
418449 189644
449273 323105
466903 395246
393239 116908
388456 100544
421183 224373
399801 152651
386341 103987
427784 258367
372479 72489
395674 167638
364222 63893
435943 308529
399197 192248
399178 194070
359522 67550
428478 288796
431243 298237
353115 59860
367044 106626
332435 493
385911 166341
359786 89317
333280 10115
389158 185142
372281 136297
339230 39997
356832 96122
395127 215737
385313 190263
374917 162713
426558 308641
352674 115090
350429 109244
397605 238363
392160 225676
419366 299790
310730 19318
308005 15951
461955 415207
346780 123651
365653 172046
322489 63305
357353 155300
317458 56930
433234 346481
478833 460497
439570 364315
292716 4582
364069 180962
420885 321403
364885 186825
333197 113134
289803 13638
311891 69064
313969 76737
441063 375291
407615 298841
357025 186126
399516 284830
338510 149300
294209 53096
299741 68309
400414 292959
307057 88540
273182 14760
441824 385088
296355 71657
264965 12622
387709 278847
349688 200834
276016 50839
270601 41695
346633 197507
283700 69457
273681 51882
343309 194819
273999 58015
296568 103549
294667 100581
320164 151960
427720 366384
392525 298431
288077 95080
438026 391154
288697 105909
317242 166665
262677 67325
349214 229168
451266 419113
323122 184571
285464 118830
298996 144406
228035 17657
227810 17545
299076 153696
307696 169015
323855 199649
275418 115532
310571 177690
246391 69167
238734 70565
241669 80091
264518 118963
321505 213537
301265 180825
298278 177871
223425 57038
267873 139094
219965 69617
179739 7280
291858 182998
302840 201298
320382 229955
185008 22314
265963 147782
425205 393031
178696 16468
216802 75534
166503 3173
310045 220374
203445 60251
261831 156101
222572 98806
162558 11025
210360 84096
221546 101279
288691 199863
285310 198559
280657 192625
155446 13967
156929 16362
371445 323708
154717 16947
252343 160656
245774 152411
198303 86466
268236 184780
171908 54188
197244 90958
292756 223362
188707 83537
363776 322551
335466 286845
423043 404013
145305 35086
316067 262705
254103 183452
118230 7553
196359 111272
282933 225444
118546 14644
447214 438679
174874 93835
287898 237302
429436 417290
234585 172786
453914 448413
288954 242086
135454 51536
101152 12554
90976 222
227980 169764
400230 382830
236330 180702
396719 379536
207713 148313
281588 238781
416507 403929
292911 253176
85204 3054
86551 5285
116577 42148
257980 214876
415289 404286
390878 375073
200604 147268
353192 330269
104967 36972
316078 288033
272477 237771
162555 109859
199455 153722
83009 18837
238686 201021
395158 383638
98283 41096
88132 30226
309759 286878
114927 63128
278489 251908
120100 70695
140715 94302
287193 264155
196303 161276
191806 156278
156360 117207
105835 60435
71880 23721
209060 179044
340710 327046
255910 232983
154569 120923
79894 37962
116792 79487
308899 293373
74217 34729
123575 90063
156231 126449
154025 124530
250107 230332
371600 364447
167094 140873
42868 5086
156205 129322
110865 82102
147480 122487
314853 304236
60236 31208
77270 53120
93459 71093
316225 310057
276278 267998
32473 9827
326155 320938
125600 109130
77152 59027
449388 452150
34550 23676
66754 59472
32206 26028
275267 276594
127174 128885
74822 78364
43523 47176
61511 68350
148682 157516
283709 291244
191965 202609
203214 215646
53648 70210
225372 238514
228730 242260
15258 37617
207397 223318
83599 104529
355680 366712
109069 132334
20316 50154
74832 104153
64302 94860
57940 94972
318267 337174
54891 95338
24753 68601
182847 215128
75145 118503
44819 91259
354619 372646
340256 360647
102704 148748
56843 108261
48768 101378
103078 153083
50689 107578
58267 115012
193456 235299
46455 106801
47893 108556
114993 167370
407995 424040
259697 296348
15613 92029
2281 81621
166663 222213
33744 110259
194221 246379
136517 198518
243511 289734
207497 260932
6431 95968
48352 132167
178897 239708
361799 390164
295689 336731
86014 166860
171111 236255
151657 220965
44560 137303
238195 293601
88202 174677
61551 156216
214624 277734
93375 182719
103277 190555
85020 176778
223895 286433
190742 261777
128766 213935
231496 294152
14503 126735
296393 345539
235352 299726
328896 371966
127879 217674
247529 310692
64251 171679
60896 169556
408111 433523
85536 188611
220524 291674
35072 151947
131023 226321
221191 294825
368181 404752
285674 344191
25499 152326
32687 158971
122455 225169
225869 301832
38549 165373
453041 468992
99589 213434
68132 190978
171765 266301
146012 248641
161243 260265
3945 149319
154630 257374
61924 191507
278633 345795
307149 366756
59838 192585
25179 170001
26 154850
365950 409978
136426 251553
30120 178801
209186 304158
185152 288043
139442 257695
160660 272365
250221 333243
177535 286179
16289 179100
45390 201279
74524 225716
139529 268255
254924 343942
243040 337113
308134 379103
394917 435176
176899 296684
21457 198015
51639 220096
185977 304827
13892 197448
22379 204387
430798 459651
299595 380348
315987 391121
291020 376217
116429 271522
44869 228979
429055 459971
200813 323739
285486 374472
293136 379195
179288 312371
63271 244229
164771 305608
89049 261833
215798 336315
74148 254752
24128 228774
325704 402649
97590 273249
224480 346310
273910 374837
173015 319080
353535 420260
29223 242300
27834 241725
318274 402338
59153 260562
356517 424297
360659 428837
342650 420040
38429 261637
303859 400605
36838 264033
2956 250486
69640 284648
59378 281550
18225 261935
95953 301332
256336 381230
50006 283561
14687 268336
199960 361511
266417 392932
157007 342596
84946 309581
337447 426687
200169 366272
324386 422595
193306 363641
75987 311123
271915 399840
72548 311424
20953 290754
382332 450328
23318 295665
250448 394325
211216 380210
76438 323983
41776 310540
116788 342653
92022 332520
155203 359130
119732 347898
291560 417334
34319 317455
77400 334906
173571 375522
121270 357753
7876 315002
123385 359255
252641 408376
251249 408168
145858 371287
166457 380610
58637 342753
137603 372246
217416 401170
85656 355898
73271 352649
201370 397833
283938 426653
25406 339295
394042 465368
425791 476295
271568 426474
207826 406647
108093 376391
47522 357164
222602 414459
236213 420082
62814 369246
220467 417081
81824 377637
316080 447037
167509 405216
258484 431626
321110 450511
317174 450273
7656 375623
50227 389474
79721 401171
158306 420193
188103 427245
89779 405978
23322 391200
134641 420271
323397 462460
166048 429452
56734 406661
87437 415810
18336 407276
133886 431322
175940 444200
27482 420266
79452 429267
294928 466932
71949 431023
31924 425147
115500 439075
104052 438040
334698 474588
298768 469234
17471 429173
105338 442052
103419 443318
298507 471532
148014 452199
109127 447146
150038 454906
367694 483391
186235 461271
13999 440643
61575 448329
2654 441761
133110 458078
148211 459857
119656 457631
311450 479186
90286 456091
142490 462559
305536 479684
73104 457282
42920 455603
20872 453679
139647 465554
146290 466196
282182 480473
95169 469155
150901 473392
244340 480770
50031 469071
150552 475925
7611 468012
153798 477488
198876 481000
119662 476752
80404 475274
364505 492205
8096 475316
286635 489781
9112 477576
126418 482766
718 479277
66937 485610
344473 494540
410251 496721
73853 488285
248115 492937
158799 494370
30587 493742
385651 498407
230053 498815
96612 499972
132918 501757
73558 504825
241406 502812
11666 513474
68367 512386
35768 513810
368850 503620
69425 520507
270315 511179
189686 521190
235579 518609
256295 519272
207925 524211
387091 508899
14890 543299
77056 538703
105978 536450
127490 535326
139226 534477
429123 505715
410790 507596
2819 552393
124584 539329
226670 529084
466893 502149
273854 525044
218454 532040
406616 509537
23592 557183
119435 545822
29234 559294
252494 531166
130535 550842
61096 560900
217439 539333
184605 545950
21016 571434
182674 551406
116904 562872
6467 582934
450620 506731
197493 551780
344141 526653
254853 543112
249671 544532
129424 567399
198782 556480
329229 531911
28166 592841
133166 572920
463110 505422
233522 553490
32140 595786
29485 597145
262254 549251
134282 578946
28543 603281
161678 573920
26122 608374
256259 555002
60187 603859
317088 542179
167496 579869
331487 539509
237380 563136
77862 609848
3324 630446
12258 628093
285138 556217
157885 591876
162953 594024
74212 620085
185796 588016
27824 640114
51425 635008
87286 624899
36307 641560
262699 571495
63941 636340
141233 612319
284947 566453
128433 619030
144035 619281
134108 622930
257823 580611
109197 633347
328232 557606
287897 572073
62630 652460
209855 600500
21772 671228
131201 634270
105685 648029
128572 639356
36014 675874
52977 672252
247800 596381
83149 663216
76651 667478
205348 616807
338376 562623
75777 670995
221959 611424
225071 610748
130049 651459
317485 573115
319639 572654
327863 569688
138251 651472
320928 574344
124313 665459
54258 698623
226337 621808
95351 682161
183118 642618
145048 661918
127001 670388
294045 592808
115280 677263
285959 598089
278829 601644
106684 685771
328102 579136
113053 683529
171582 655207
95937 692497
135192 675222
62701 711847
131559 681142
195387 650442
183175 656715
321125 587095
218083 640294
29426 736870
6099 749925
118332 693354
310542 594414
79049 715236
190039 658079
10401 752162
238872 633864
116813 698935
286199 609867
270818 618661
90658 716922
21338 755753
29368 754294
108454 711642
139500 695390
26784 762126
77909 733525
315670 601196
256111 636820
131883 710312
194587 675144
41220 765691
82227 742033
176593 688643
370727 573317
16905 786255
58686 764835
206283 676301
372493 574449
256338 647140
67159 766577
175962 698505
346709 591536
58926 772655
242415 659091
206177 684458
355890 588304
73522 773435
264862 649724
250061 659686
136988 734646
229148 673890
94767 762595
274843 644513
179778 709946
116737 752223
186942 706528
182474 710786
19841 825240
40905 812788
6103 836993
59662 801396
258425 663446
166675 727682
54618 810176
345701 604582
121777 766653
120170 772725
318718 627926
106467 789010
29750 846380
19715 854067
13785 859049
19781 854585
66849 820150
43328 839060
148156 762613
152733 759317
159630 756366
332773 623980
145006 769875
250686 688273
81695 821380
235156 701638
195060 733016
234267 702365
161909 759361
78402 827512
39378 858939
378132 591410
463939 523530
51617 856340
215434 724908
125658 797651
92410 824855
16 899794
109776 811760
17523 886997
193437 745763
20860 888709
140800 791079
176892 761343
80447 841286
260743 692340
86616 836754
122640 807815
459003 528665
176293 767580
3810 913526
251085 705311
140527 800297
130652 810007
198861 752738
4487 920001
38516 890894
97053 840754
29893 901105
124467 820451
152298 796268
281670 683946
25415 907089
44685 892820
34066 902756
317352 655098
54756 887885
79531 866144
150513 803402
345118 631755
157791 799597
37449 908871
137585 819636
42273 905859
14696 937454
104788 856140
7436 948270
199792 772303
406720 580650
65154 899064
83123 883962
81800 885439
72377 896021
12234 954447
32937 935046
10088 957832
137058 838232
71006 902727
80839 893827
331844 654258
67291 908583
1558 972893
58914 918848
83212 896708
205524 779064
102222 879465
51497 929812
172491 812885
285203 703600
133036 854436
81384 906290
73375 914395
65918 922644
127313 865406
176515 819102
118210 878191
326539 669538
141005 859942
282907 716251
51537 955376
49021 959421
192944 811568
215582 788729
110496 899596
56516 957048
107178 904780
61960 953039
307293 695859
53386 963638
250832 755999
340686 661478
274224 731897
174272 837709
78145 940042
76101 944056
176273 838413
28574 996434
265010 744857
397391 603202
351224 652848
58677 968299
156614 866300
63839 967633
133110 892892
124385 903238
218858 800333
112077 917733
231336 787258
75451 958693
159834 866565
369165 636623
52224 986330
131123 899978
127394 904516
75313 962749
56121 986376
378691 627695
257889 762340
54074 989911
400619 603636
144989 889481
121567 915812
80037 962390
402676 602160
64844 982447
93891 950154
175770 858101
181223 852357
95677 949150
298020 721233
200288 832281
389264 618756
209622 824460
173271 866188
118329 930319
239868 791349
145030 900422
291077 733294
94505 961696
407153 600139
401238 607059
84386 975253
171119 875840
315115 708144
274779 755581
401636 607494
155348 896465
141879 912649
149606 906747
160302 894261
231962 812857
153199 910673
174992 887112
405980 606448
199425 859468
112540 968385
225781 830246
164109 909695
115107 971075
215743 847919
107425 987087
427200 583697
367007 660254
181974 894604
167578 915223
406179 611610
136647 959964
179210 905118
127769 974597
316356 729922
192906 891257
187874 901511
398125 625426
114854 998324
193792 894889
163730 934533
144987 967294
150975 959612
366330 670744
155046 957990
357762 684062
201838 903557
315999 750968
268017 822975
147667 995968
353922 701623
233630 875617
202568 921392
239292 868245
249764 853713
192721 936858
215882 903394
161045 985664
444179 572276
329136 742981
286555 807720
231088 894728
167997 997572
294029 805745
293204 808467
171936 996238
271724 842724
422135 610882
384397 669839
427788 602870
232840 907234
283511 829150
435259 591566
181854 988760
354460 718953
341521 744251
360694 713878
346452 737810
199554 976321
324958 774089
364079 711549
278930 851419
307561 808674
395912 663842
318099 794199
267142 879943
284437 855700
235167 940048
234777 947162
231522 954122
233176 959604
254801 927765
433361 611456
280697 896531
330864 803598
386668 700384
325385 815687
254899 949939
319692 828258
277455 910047
323678 826674
243181 982833
291908 890272
365748 747663
414524 654436
262841 953089
271072 938836
254664 975337
350100 785786
350536 785900
266793 955831
307429 875557
355623 783585
335466 826774
356979 786193
261888 991812
330704 848670
312910 888489
287360 946156
355603 801489
295390 939441
385263 742321
291611 957185
309627 918519
423819 661243
434808 638653
336131 870834
322893 908882
375532 796350
321730 941891
456013 597991
342522 892578
326659 943665
378243 812319
345798 902015
316810 983124
381771 808095
323355 969384
430540 675831
369155 851689
380351 824133
332104 967806
393713 791820
388243 808443
359261 893373
403649 769721
342012 957771
341054 962587
379902 845563
407327 765113
391919 813585
382792 844753
374884 870341
414467 749420
353920 942335
360481 923032
336302 999646
422311 728130
344852 976729
343411 998563
421997 743214
388488 859510
475165 564255
413731 777744
354294 986433
437450 699978
438486 697667
378603 919738
422395 760945
367452 986858
473203 580319
378959 960533
426168 778420
385929 944101
390575 952459
399103 916933
427321 794062
440448 737273
456770 665462
447097 721423
447165 727951
412199 902974
448562 724493
395223 991579
411035 925270
456452 695586
416173 910437
421094 886758
432960 828213
433612 831478
432548 845768
420916 911429
417664 939479
424748 909785
413417 986988
417199 981223
480125 587843
476117 614256
459789 721549
426695 935783
463853 709626
447376 824618
433668 952255
443242 885113
458172 784448
447113 882663
466967 722823
441215 938913
457210 839397
458617 828600
458240 832984
455280 906756
454091 922777
454535 934882
463937 845034
462699 892338
480682 675112
473933 769977
476650 745929
460650 978523
465715 915225
465782 938484
483209 670026
464691 962270
485858 644197
479764 753249
481260 786579
480195 819078
482418 774421
477270 902975
479053 895663
487839 689697
488446 698223
484406 837326
481020 984369
484568 878205
484428 930586
489938 696399
487495 930692
490026 773289
491182 702243
490064 775812
487275 967660
490874 754442
491388 797256
490133 981811
491222 982674
