504910 658909
510302 652731
537232 927147
541043 944712
513403 668231
527251 792846
520020 691314
524245 716426
521136 670575
544103 802793
533556 731987
564094 903699
508248 561749
589607 971098
534576 683055
600084 996201
538743 673173
549981 716951
620714 993471
602261 893291
570126 764449
615546 927037
611953 911484
577497 771550
640644 977493
569012 718050
622841 879143
652483 959070
616807 849176
551004 643224
638373 876936
679415 986698
568845 681104
641623 836287
694026 955410
578568 682538
626255 780385
554281 622193
673634 865716
691248 876747
656792 807755
685513 861052
660715 812511
645343 776613
762479 992714
528614 553869
749373 955555
679891 828870
578460 642585
532920 560166
721752 892586
720650 874358
702497 842357
748413 919136
768740 931039
695273 806635
779400 937346
797475 964788
805146 976439
678048 772787
823906 967946
806959 933124
579591 611030
777109 886582
873697 999159
685400 745230
853186 960455
828486 926950
739787 808997
622104 653925
895737 981438
855038 929918
793820 846800
862096 922807
839649 885696
651749 670115
715729 739056
935245 981059
903791 941141
865631 896106
817650 835079
935208 958985
753707 765793
745298 756508
829540 845190
662164 666857
760994 769091
646463 649281
909420 919009
800830 804856
625537 625811
596801 596407
636241 636536
905992 910616
763246 758637
612712 608965
929147 917609
637757 632217
796981 783007
775516 762261
932788 912901
946889 917897
788558 767517
783223 758454
574994 566352
945505 897487
740122 711881
877109 834136
963094 905144
717780 688860
779011 742656
823873 779708
964475 891021
976768 900436
905680 837502
724783 685118
695974 660549
999685 912645
670271 637431
717697 676307
568722 553539
948789 862218
948579 861996
978029 884473
954410 861656
917153 831301
636819 606203
703272 658122
922528 826675
989890 871224
696966 645939
964585 845634
741146 673882
837178 738647
989563 847074
800149 711200
745484 671264
680686 623407
720477 650865
894887 772661
815056 713534
877927 754704
714762 635887
794511 680401
990979 796694
919883 747727
669632 594833
878948 713338
948209 743237
792831 656327
553382 524011
616388 551678
907844 690325
948551 707448
688808 583194
976126 706501
830496 641162
626015 550376
943241 682051
967808 689057
860283 638986
936326 667829
566543 520400
885664 642268
726482 581113
959307 664221
968868 664374
539067 508838
684868 560393
940902 646930
812048 598919
928046 633076
793409 588980
719524 563075
856703 605705
977476 642585
945606 621600
993877 603696
586556 512281
678192 531265
998385 588473
730857 537059
982301 583829
932572 567610
983650 575171
901028 557785
791959 537524
677130 519986
938540 556423
981434 555706
963474 546570
871216 532884
774026 518501
844719 519391
717783 504856
766188 504750
879097 505794
901387 505722
997807 507792
809260 499914
688933 496794
531451 493650
827002 499054
827256 489990
946532 485825
941073 467258
723193 476115
865065 462426
970706 448813
587162 484315
758186 466628
997813 434034
912162 437119
884327 440600
859932 438993
813314 440740
944121 417765
953445 409106
825794 418221
691917 448049
976972 382670
815386 418591
998689 375712
910501 393954
971544 369906
920384 382760
597114 466143
719833 432289
932214 370575
951223 364737
874535 383167
850654 387193
738171 419231
734374 420235
863153 380074
740764 412120
720151 417494
912597 352168
983763 322220
960324 330296
957834 330587
969639 320085
861021 359325
818662 373874
861129 351663
751097 393769
650686 430464
695492 410279
780367 374173
931963 309960
850197 337440
969390 285100
983954 276824
753437 377018
934623 290836
760877 362389
705294 388624
722521 379372
947624 265040
773950 348033
919730 265375
631073 418140
881608 277506
763017 343400
876808 279209
649468 406030
872398 279104
977755 218979
754957 344612
963968 223690
966565 214507
880125 265474
636666 408099
854978 276526
618633 418692
585436 437627
934512 222844
689666 372686
993815 184239
775934 311743
739450 333041
755723 302609
967440 136535
848936 225921
692346 344131
762518 284346
810031 245106
906610 162828
609061 401003
870372 188572
747057 282392
540296 454698
628512 376911
752895 265370
808156 216104
916412 117725
638071 365664
674990 328279
946638 78785
910851 110970
831157 178196
896330 115817
949586 65088
932320 70239
662922 330765
911769 84795
954887 33521
856202 131727
869638 117351
715637 270423
979707 3560
833543 150477
973921 871
872588 101652
519384 467855
823149 146283
654856 323752
789858 175315
645203 331011
893310 59343
933777 13848
702844 265094
765128 185378
849470 84020
745576 190387
735901 201836
830884 86586
738775 198089
791986 124104
723762 208244
849038 50127
864054 30195
871332 15554
755180 159728
769606 140856
556890 410560
665238 265106
691502 229654
828758 34288
710332 196152
801584 66792
635561 292548
809595 31902
813448 8704
734171 128481
580459 362923
757160 71307
759258 49839
748016 64871
597775 316290
754210 24684
760492 10562
624673 248136
618115 259593
614956 252790
724182 28983
710482 51667
571811 332780
686927 85079
599004 264291
683772 76320
666427 105565
659879 117978
536914 391690
560371 329659
623310 163767
674679 30196
580384 267355
647275 32521
613671 122706
587274 181061
530281 373704
631035 17084
632584 10548
549858 282464
581683 157325
555688 257633
542682 306876
576873 167056
610123 23094
579919 123835
529742 339931
587938 73097
578383 113006
580438 89338
572303 108165
556752 177640
566035 114163
563480 106110
537062 241947
543030 167945
542785 134294
533175 172748
514498 313826
511036 337463
510944 335441
517788 262903
508328 345234
517747 226577
504211 362189
518833 89958
520156 32547
513073 54355
505397 197964
502267 244747
505301 108315
498356 218087
496935 36594
495067 346920
487295 264124
476930 98401
470781 14661
489130 375569
480314 212338
478161 206574
475975 205511
454634 8785
467386 202150
444613 75706
463722 249373
430080 11909
431721 38793
438837 95106
439383 129429
452902 232445
454657 250358
446499 205586
460946 295519
413162 39429
410982 27387
413563 51258
450471 259897
467976 352611
476227 408327
450892 296272
392209 47870
427823 220211
387888 70244
385164 73666
441295 297034
452833 341567
350133 7537
431436 293488
375306 144987
361958 116015
367501 132640
374547 166689
328455 59026
356784 134338
351656 129116
467690 424872
292747 24131
404416 285191
385401 256153
336982 165756
286857 64062
286387 100122
352474 226076
259101 57687
229304 8811
303566 148718
385767 297314
366934 265125
211979 1210
279513 124961
308194 178088
197093 4390
225742 52547
466500 446145
209508 50082
187227 39726
457268 439822
268297 180586
301350 236154
199785 102756
183232 84097
186596 88721
201835 117773
361329 329756
321671 294720
166530 131197
133278 100236
45399 10965
154642 131396
55412 27814
80892 57244
80667 63162
282086 273957
389665 385761
236728 234558
207951 206277
136070 135444
235609 238641
17380 26120
137527 145957
119805 132692
177196 188905
279215 287919
139111 155278
93492 114369
138469 159397
18974 60169
185775 211885
231368 256042
222438 248229
83507 129132
60249 110674
168290 207884
32026 94726
435427 442004
129511 182098
51900 123093
36808 115779
142559 204345
336415 367469
255799 307740
151530 233553
205093 274992
77226 187048
63195 177001
53022 171872
74357 189915
371468 404042
239992 310093
154430 253244
312130 366398
8001 156152
37685 178027
57298 193283
353275 396579
288749 353035
38681 184716
87070 220171
24993 181779
204588 310162
250099 340086
29069 204737
15172 203709
66445 235431
323611 390408
100789 264020
39439 230726
400810 439176
19775 225694
318130 393490
256098 359946
242746 353282
125242 290306
27085 236554
188803 327361
18412 241908
141086 307399
96101 284640
260727 372631
275617 385795
56515 279856
167441 338043
150066 330652
54817 286628
67990 293692
261649 384384
218691 366503
64239 297800
33188 289855
291408 403697
359665 433983
164772 357328
305601 416768
58146 325296
348538 436807
274890 408946
110447 349550
49664 327184
88534 342169
36888 327456
254702 413790
73008 365895
30035 356042
54754 364122
467384 485598
184210 418688
294074 445213
119581 404424
6205 382041
114929 409196
102431 412640
127951 419141
274402 450635
103059 429480
238874 454297
65861 429903
67893 436269
406990 481714
174532 457508
244605 465775
107280 452280
48196 448329
30092 452641
308082 477334
42247 456013
179038 467289
67960 459873
375384 484054
138326 473982
158902 479277
241536 484834
119819 481056
307607 489596
313296 490058
68284 491763
22156 493826
13642 494054
134454 493831
173145 500365
139295 506085
183059 506914
25804 519044
83049 520825
72428 528314
352 537868
86904 533092
166542 525601
101727 533397
420543 503398
178787 541155
147986 546399
8307 571922
252213 533120
118546 562408
304400 530127
407293 514047
141283 578748
276932 546314
231831 559485
86149 599436
153762 584520
243961 563520
56471 620765
96669 630642
59741 643576
147875 613149
76717 637835
12377 668670
48324 663432
323174 558836
243999 589551
122626 636553
193165 620789
25277 693505
134825 648513
82842 672364
254587 599657
275928 590821
48026 694731
111950 666964
99545 672619
370921 550862
5745 723579
44001 713144
180305 649522
202328 642793
227519 630058
34055 729968
333047 576554
92974 702161
5549 748151
274853 614696
137528 697069
49364 754280
373241 565635
42650 763180
53522 763260
175486 696057
173190 698147
154039 720674
18861 811496
903 832127
76720 784630
17456 829895
57251 812259
122905 767336
126015 769117
38560 839898
15702 859662
340246 614426
310734 637552
485134 500910
70939 829601
220772 714701
147832 774042
333659 625257
105645 822600
165791 773035
88198 842857
420938 557237
166432 777522
191737 755808
163339 785780
259621 702994
73769 868671
163075 789260
394927 582559
62698 879778
27346 917405
58253 890127
175930 783784
208059 758302
304116 671430
107203 860990
166900 804981
217939 758472
326025 656501
66456 910693
111003 869439
105151 877117
388097 598726
124796 866647
62972 929806
37755 956899
61742 935406
5063 998205
192839 814894
344216 655315
64420 961006
216407 796687
40671 990952
402634 594489
120564 907745
192393 831239
204400 821818
122258 915145
416830 584953
95484 964655
113386 945249
465254 529471
144701 920272
127664 943627
211477 850446
115854 970940
95969 997406
135824 947711
266534 783814
274324 778072
318151 726048
307696 746407
294446 764752
175024 929265
276023 798809
211756 897887
194211 928407
273946 816108
276285 820841
299100 790509
248299 887749
365736 704569
375422 690322
443556 580047
288433 843708
249438 910724
340436 756534
387239 680237
279013 873152
371906 711260
341792 768474
352032 754720
316482 822741
396422 676961
260473 939515
286234 919120
296309 921066
360273 792094
283690 976745
309089 921874
333883 866811
383938 833059
344862 975165
361978 922512
356792 951617
428273 725174
475974 560849
381468 954880
391697 915593
385655 944543
419211 855298
404258 926923
404563 974049
426280 867333
424336 884493
442185 803762
418649 946479
473370 628265
431594 918404
463567 787556
459868 947747
462058 929874
491267 576757
480958 853477
490904 621044
487384 814052
494969 705374
