500401 980142
500317 901137
499833 747597
500859 919278
500550 798153
500681 810733
500816 753752
502682 893124
499732 586742
505460 987849
501668 697382
503732 777945
508596 980255
502616 682179
507567 893049
509046 912695
505627 763463
502604 632448
511536 912173
510453 870773
510893 871964
501870 595808
515500 998568
514777 964034
509989 825472
505969 697888
504843 664840
512829 870301
517441 982472
517830 985755
515186 914875
500367 541378
505139 655992
506805 689062
520302 996342
513351 821989
521534 966721
509646 718539
505129 629090
506398 650575
525215 999126
515340 804535
526538 999938
520935 883782
524350 922952
508785 660462
528828 958372
520354 818570
532122 988376
528763 939243
520105 812032
520174 809746
531456 954002
512874 697753
504550 582480
532637 956687
519798 781280
524838 846770
532889 936708
522025 796036
537862 985208
517010 727216
509374 632920
506938 596796
515079 686595
540607 969925
522424 767038
516735 698819
538975 938318
541024 958396
517610 705547
530001 835574
530023 834823
539851 937107
524321 770129
537922 903496
536898 879779
517707 687935
551803 999623
540107 886825
516475 668083
549598 968964
528256 751788
557394 995226
508476 585040
556661 982914
548593 910242
520145 677069
551339 916623
553730 934280
545443 863448
554577 921254
565185 998085
556729 932688
558164 934082
522746 676101
541116 802421
519181 648028
549897 849341
563975 943424
531627 724741
539683 778068
551132 853532
561618 921675
538330 766732
539213 764389
557241 874511
550602 831090
571307 959673
555909 859851
553819 845044
534009 720116
520159 634766
560222 877586
577982 985250
545479 787537
559108 867408
544794 771951
532437 699217
566329 888539
534276 706470
526678 662093
527182 664053
518499 614383
568026 885043
585706 980543
579591 946853
507644 552953
551095 785418
579006 932525
550930 782528
584650 958899
579592 929124
546173 753072
545926 742143
563545 830496
593029 977225
565702 839352
524516 633470
567424 842235
555245 781752
587517 938513
591423 956609
558612 793168
565858 820527
571506 845628
574344 855010
562977 797610
538284 684848
600632 968292
594488 939009
603117 975599
589386 906904
564152 794897
587277 896763
559798 774149
595398 928875
591950 911931
556885 758488
535013 662366
585788 882591
607966 973077
579825 850642
571649 814757
513760 568668
532532 647705
581357 852314
616002 987724
560707 758857
523712 607281
594508 896990
595537 894322
597701 902096
601802 917243
508896 544769
553286 716265
603627 906906
572613 787430
607086 917291
552265 707776
581623 817952
554586 714755
570568 774253
618802 953752
570997 773953
621741 961456
536550 644426
630532 989790
610060 914250
615228 933012
578174 793872
621022 948811
592703 839663
549343 683601
637944 996154
525789 600201
600736 861096
614562 905663
551444 687273
594550 835759
530654 613172
598627 843042
599339 845163
632050 954711
589179 807742
608210 871060
604625 858314
624073 922215
622696 916142
623512 917260
591936 810000
650449 998552
581693 774839
608936 862821
644847 979063
512446 549484
566283 721795
644426 968096
600806 829370
623441 900729
535062 619005
636152 933434
525291 587801
581773 759974
598866 810207
544312 642680
588205 772562
637640 920334
594705 791760
594584 790596
574413 726966
588054 766369
636918 907636
646886 936095
566244 699894
559948 680604
560397 679239
599058 788248
635478 890957
533795 603504
674515 996290
515039 550498
527614 585216
589214 755603
654576 933626
671168 979204
614147 822187
595108 769404
674759 980746
620456 833705
586596 742299
520646 564253
664358 951744
567513 687096
586518 736690
598723 768604
612171 803478
610942 799056
583155 725575
595258 756597
660805 925935
556420 654440
684250 984130
631486 847843
666423 934957
643607 871654
581004 713278
617161 803823
644091 869103
534216 593500
683901 965031
696114 994896
564010 666684
558336 652105
620625 805324
622853 808951
669474 917644
703582 998248
557123 645337
666732 907869
672894 922354
614991 782523
685068 946111
610735 768497
637029 829423
597009 735369
709353 996329
675991 917561
699839 972479
587267 708170
679097 918090
658724 870178
614898 769601
652161 854239
535537 588884
678168 909390
665367 880243
588448 706825
612750 760803
616489 768565
620390 776977
545910 610401
618124 771349
617072 768683
722205 995767
721474 988110
711179 965209
588112 697617
688042 911893
708331 954167
529785 571718
712130 961048
539902 592145
672092 870654
702028 932042
680032 885737
597158 711037
735499 997168
724859 974727
719251 961861
672049 863638
557343 626394
705595 929088
686911 888047
740860 995861
737565 986484
688758 887559
736314 981316
653188 814398
591420 690471
591252 689994
681896 869551
663128 829362
709092 915930
693820 884741
720914 934648
572667 647900
571794 644346
693791 876572
555101 612533
645846 784146
632308 757748
646509 784244
754337 985446
623007 738222
572303 642420
762693 996455
541142 584156
534928 572553
616169 722086
662519 807194
620466 728249
729139 927274
732972 933539
739880 940097
755009 967328
773113 995068
772071 991870
737198 928940
680426 827296
741330 934303
645235 763506
553490 601747
731955 915396
703359 864774
632296 739853
716962 886341
693787 844737
738280 918516
775964 982088
688436 831005
614025 702854
700535 850755
738850 914625
702877 852156
698719 845012
762820 952666
666749 788755
792399 999414
756527 938072
786593 987455
616455 702286
562260 611468
657518 770614
782767 978098
664547 781281
796052 998234
630501 723612
626097 716228
515109 532414
726920 882069
636965 732031
798019 994627
791294 982985
623355 708374
617922 698613
692382 819198
654437 757472
544071 578581
789295 974721
719663 862128
736797 889338
518676 537469
706738 839402
725523 868794
590673 652584
763097 928637
689759 810309
743222 895112
803633 990204
512740 527580
804862 990860
786993 961418
793861 969303
627168 706860
701111 822266
665756 766877
763138 917935
801825 977473
591708 649501
730736 864358
789102 953706
699376 815088
795360 963139
686102 794447
737032 871464
677180 779223
552832 587665
625937 698655
645336 727821
587774 640218
678491 777541
655842 743084
825648 997509
665223 755967
757321 893909
740790 867732
808966 968863
816908 980678
702881 807838
564452 602544
582162 628718
821969 983362
785542 927909
628026 695705
582748 628768
635948 706046
620705 683554
663285 745619
768048 898271
629564 695918
695743 792150
826461 981108
818677 969280
630240 695406
765645 890975
579392 621718
698700 793122
679205 762513
638616 704556
736179 843336
695288 784577
600844 650128
766453 884376
739531 844686
621884 678782
837168 981836
770580 887055
725186 820925
547254 572809
778598 891244
835451 969566
742201 840534
678121 751917
655631 719899
784690 896338
772237 877479
774540 879490
849513 981143
833240 958710
604865 649145
846671 975047
693303 766371
766707 862566
772761 869459
542958 563974
858324 981855
505149 513829
797826 898859
638909 689753
652109 706732
683615 747936
764466 853032
836083 946228
832669 941270
780372 872909
778134 869767
739576 819431
709761 779048
589932 623464
865600 978340
690182 751714
655278 705613
696099 756685
758353 835165
658189 707862
815706 907364
780711 862392
802631 889841
821112 913049
850501 949427
706167 766827
706302 765807
702951 760342
676524 726513
591212 619980
894235 993810
648809 690449
773978 844535
852722 941320
881058 975306
709358 764202
835922 919130
813733 891106
872140 962593
713015 767520
897325 991634
816992 893470
686898 734408
810374 882585
882828 967273
889897 975147
662268 701400
828250 900104
733748 786625
908555 995347
777276 838352
873026 951835
775963 834694
904623 987435
900953 981278
917428 998972
646995 679948
746915 796824
695686 736603
879236 951597
879912 952386
710317 752930
744500 792559
788034 842511
867987 934799
879397 947266
912613 985526
910966 981465
657276 688320
619200 644100
897514 964087
852553 912279
730618 771702
774926 821972
869281 929084
547362 560922
556747 571416
904395 966962
657008 685066
604346 625221
859732 914416
860239 914349
748903 788390
926460 989132
812037 859505
883599 939919
864472 917287
642339 666681
637856 661097
863413 912747
831783 875773
709026 738822
929658 983026
764606 799460
850377 893701
879040 924825
812760 851705
853912 896950
923223 972906
873202 916870
898939 945054
750765 780519
919189 963812
825292 861371
740549 767947
793422 824782
954077 998490
892686 931630
823938 852705
916914 951990
960614 998454
840714 870189
959202 995057
900820 932836
962175 997097
942462 975538
820575 846204
858368 883159
749485 768092
674890 689911
941044 968498
810728 832001
955360 983042
960265 987898
921963 947736
956736 983933
919493 944490
781272 800206
835449 855910
971363 996881
822749 841455
878388 897107
594705 604262
631567 642134
856607 872521
873794 890051
743559 756330
848331 862055
625626 634524
697995 707795
774752 785727
866425 878347
668211 677248
955967 968819
854896 866060
867365 878472
569611 577108
837962 848464
842716 852172
612298 619811
980251 986909
856846 863322
832457 837567
744391 749285
686582 691762
904069 906537
584122 589706
700582 704545
897825 899093
926754 927544
723680 727182
612352 617217
950511 949947
888239 888531
794022 795467
793038 793884
837973 836618
778452 778211
987895 982327
676404 678434
884246 880396
948768 942781
870196 865850
796958 794646
823461 818834
748509 746329
786135 782559
986624 975518
581855 585423
735780 733213
958197 946350
926028 915472
745213 741833
829112 821772
777147 771560
916274 904413
923259 910880
799117 792097
964634 949424
913531 899834
675836 673562
868558 856439
812718 802453
875314 860798
646887 644931
742505 734273
957284 935125
966826 943581
981526 956938
917541 896280
949358 925460
795481 780949
842672 823627
955065 927595
704727 695923
878775 856247
850240 829533
914949 887880
784526 767869
880432 853715
955496 921883
955228 920319
991711 953396
620485 615999
866191 839181
747037 730861
986761 948063
768046 749168
983238 943613
978452 939001
721232 705972
583756 581994
738205 721028
665247 655065
856948 826703
855284 824170
523807 527800
931658 891258
916352 877318
720310 702623
999224 950349
744451 723708
633734 624922
901571 861608
892350 853359
900978 860079
924778 881003
952909 905685
928411 883520
981959 930127
887340 846508
783196 754281
909837 864750
674546 659029
792934 761298
886353 841295
880736 835969
940345 886736
993565 931649
897617 848935
914663 862298
906160 854646
667506 649759
929761 873959
966997 905099
841929 797710
727246 699692
968433 904316
937672 877424
790833 752885
955544 892262
909625 853089
780925 743634
962294 894820
661402 641904
798141 756404
957553 889994
933464 867774
981688 907630
852055 798769
635210 618725
814492 767447
667410 645340
776659 735953
948491 878296
714517 684228
823314 774091
796087 751001
835763 783399
664089 641699
976687 899192
775475 732914
928410 857852
960017 882242
828641 774060
882397 817173
820576 766530
995208 906067
625321 606658
740804 698709
960244 873456
838414 775709
968690 878253
731455 688564
736875 692721
587223 574409
926721 838541
991788 889168
840222 770726
914448 828390
706781 666941
687328 651705
860850 786042
722356 678695
955913 858651
837172 766409
990597 883801
649912 621606
697212 657681
774714 715733
701666 659669
943870 843478
772701 713276
755797 700141
880729 794302
829721 755496
683088 644529
610306 589390
897173 805109
648713 617303
660833 626295
835478 756026
912248 812195
828503 749124
743270 685349
882184 787551
566733 555400
959196 843415
989646 865359
936543 826163
590384 572547
950969 835123
791010 717892
616475 591005
950878 833118
890304 788873
780716 708144
980582 850578
702399 651173
971251 841189
596325 574767
900241 789775
854829 757389
973960 841157
994435 855372
694120 643291
911215 796288
948773 822770
781500 703981
748773 680653
994241 851832
975051 837019
799896 714518
761677 687596
606962 580374
784418 703180
939446 809994
731340 666016
934759 805494
758835 683641
950614 814702
998340 846726
824186 727677
979543 833072
534178 529575
920856 792547
938252 804085
778686 695569
872375 759063
749397 675359
759361 681684
964866 819919
971833 823712
682111 628705
974552 824075
652356 608301
559706 546212
767574 685167
795741 702178
943184 799726
704421 641597
995989 833436
907739 773902
842969 729723
978592 817546
981914 819423
630139 590824
712232 643711
803851 702988
946204 794964
887832 756800
671171 616832
921001 777641
631203 590227
876291 747039
883149 751043
797299 694867
928647 776217
842043 721507
856512 730045
905363 760683
771718 676456
984105 808748
642505 595234
603397 570486
887793 747188
699223 629474
830881 710400
971868 797364
995936 811714
603040 569655
570877 549826
881786 740418
762711 667326
726558 644613
979413 799053
848254 718259
895201 746572
643559 593287
840406 712485
801615 688495
858263 722639
871647 730316
822326 699490
632717 585589
787118 677774
769683 667350
859386 720337
912484 751583
665035 604373
838376 707395
840479 708622
751069 655159
845339 710814
653031 596771
866594 723149
951822 771617
904000 743147
981943 788541
691932 618342
930172 756734
960558 773752
708152 627095
985102 787390
550028 535167
629825 581384
697457 620457
804697 682251
988023 786542
953386 764462
993478 786597
942274 757463
795074 672257
976087 774138
772529 659340
696568 616199
816043 682787
649150 589275
925939 743226
765921 653456
880650 715782
947983 752156
992295 775254
689468 609627
550447 533694
965989 760182
856947 700107
833064 686873
829107 684121
758275 645308
688352 607395
540413 527780
959790 752115
908443 724518
756723 643244
925357 733166
891041 713755
890021 712953
891236 713103
839667 685302
992418 764716
741076 632398
814339 670706
906493 718876
985439 759795
766850 645543
891545 710423
655592 586893
975882 752269
835542 677333
708744 612510
645046 579840
896519 707203
983863 750786
834712 674283
737588 624555
837073 673969
709305 610292
842886 676562
828493 669319
770252 638872
960584 732165
590579 550412
785200 645045
993225 746238
708379 607267
886283 693611
931551 715506
900861 700368
849382 674990
726616 615600
818321 659527
944130 717013
539356 524760
843988 668462
814983 654719
846367 668971
868660 679119
749115 622844
927005 705993
808953 650509
890697 686519
932190 704211
926760 700900
818426 649930
978532 720267
551568 529004
755264 619572
973140 715606
863306 666900
874183 670984
989123 718647
902786 680556
894553 675787
881154 669508
583297 541573
722964 600919
814048 639321
783190 625672
856608 656642
971948 704944
754945 611821
970009 700879
953231 693900
947953 691603
883759 664867
727831 599498
972422 699870
687341 582530
634226 560687
598404 546048
695332 585250
984525 702477
652237 567680
878999 658542
965976 692802
998221 705121
731976 598212
753538 605893
846464 642027
838080 638231
910001 665537
635083 558533
997871 698023
708743 586270
718022 589119
864046 644744
963951 682284
784524 613625
889352 653025
866238 644165
999588 694470
578660 535530
975253 682720
586734 537979
591789 539680
782658 609233
733948 591286
767697 603505
847118 632229
905921 653461
980382 680426
838626 628648
861912 636903
800668 613895
722068 585627
936670 662173
916008 654382
725035 586116
834976 625117
791506 609546
626165 550394
959081 666967
826868 620534
947152 661661
764953 598078
826107 618926
775647 601277
727601 584119
656185 559472
848361 622902
766635 595421
629676 549229
717815 578612
617221 544827
634202 550443
742962 586490
674883 563687
872485 627739
652478 555360
980115 659002
892429 630935
723256 576370
819689 605996
855651 615134
979644 651259
961273 645612
829937 605454
969881 646726
999237 654387
850583 607936
927754 629211
965057 639597
879377 614826
697328 562395
578592 528346
774975 584140
772285 582974
925266 624315
634166 543220
812886 592972
943761 629406
591321 530989
727674 568084
854463 602431
656845 548476
635076 542186
998559 639952
789336 583630
729607 566873
951522 624844
699336 557754
944779 620924
790880 580649
755191 571465
895813 607083
768446 574175
990611 630571
728457 563706
976679 625955
802896 581965
727811 562877
792541 578772
766026 571800
768198 572024
751431 567552
965429 619745
980281 623259
782936 574108
858827 592010
976324 619963
963367 616769
851262 588905
765356 568436
974807 617292
725393 558329
876025 593330
915927 602393
795093 574330
809326 577564
720691 556842
998795 620850
940713 607181
762632 566190
873542 591693
965011 610184
926103 601431
744422 560461
985969 614023
893452 593219
688283 546870
777394 565143
816028 572010
884650 586309
754588 558805
860208 578628
862135 579013
925174 590830
942188 593777
823254 570064
956512 596431
581740 521766
804568 565306
918235 587242
920560 586263
906118 583234
937304 587865
637237 531512
933383 586939
785082 558671
942179 586843
958729 589532
937190 585337
867275 571622
967300 587878
918168 579119
991185 591492
754949 550004
866862 567895
749972 547271
877827 568462
732066 544046
949758 579626
553748 514539
956627 579462
973980 582142
931637 574868
998014 584929
864197 562774
960725 577844
827727 556956
948564 575632
920414 571215
914293 569970
865928 562355
958789 576170
620029 524037
774097 547240
962724 574564
813477 552140
944209 570044
686127 532438
587681 518269
928339 566822
888506 560698
817142 550432
573520 515957
932417 565600
805260 547489
816342 548414
819044 546636
720841 533873
845678 549558
673758 527672
899030 556037
725930 533311
965683 562505
944189 558682
982021 562560
873742 549529
957318 559026
877341 549567
743140 533723
845899 544582
652748 522636
950867 555127
684533 525698
595929 515963
924054 550277
961134 552372
672647 523096
714703 526280
984131 551674
748590 529160
729166 526326
960127 546747
837278 532453
978781 542706
918140 535202
653713 516445
869688 531616
847633 529016
987892 538014
776143 523758
951340 534967
647027 515106
860883 528367
899342 530226
795336 522957
960515 531954
597656 511097
522284 506793
970772 530647
770565 519722
903759 526604
954203 529189
965257 529497
975323 529189
947035 527286
782883 519254
767241 517916
848289 521323
717326 515253
988496 527036
898209 519556
960200 520098
674919 511021
887744 517568
688471 511350
769988 512748
792238 513258
898150 513056
694238 508675
947785 511846
760939 509170
977151 509797
828590 507816
633348 505737
669001 505759
694674 505504
852243 505289
819304 504992
867503 504456
526338 505451
949752 503634
962754 502561
868378 502569
872502 502234
746693 503219
734066 503187
992902 500196
936905 500565
945108 500193
641393 503616
861067 500605
875476 498794
668171 502435
848780 499013
996713 495680
849104 498332
629756 502777
983748 494646
776272 498746
594613 503111
840404 496550
932762 493416
986967 491185
774318 496549
979852 489082
905490 491444
947257 488551
674911 498616
980006 486188
691530 497783
976126 485403
992899 484226
768538 493798
738673 494927
896772 487583
977167 482689
957204 482941
979760 481604
884645 486183
820239 488917
756761 491836
749156 491835
709687 493618
874335 481913
718582 491359
950990 476184
940043 476626
886020 479198
874876 478964
767020 486503
812695 483195
531754 503177
819113 482513
722497 489333
975545 470705
874875 476220
703326 489336
854809 476860
720104 487573
916306 471230
983781 464921
610433 496058
658339 491833
966217 464886
701722 487419
774643 480318
989871 455782
670040 487267
533473 501775
628756 491297
824849 469660
871757 463906
881883 460844
709602 480841
948549 452667
963480 450193
715478 479710
744000 476112
900844 457114
626353 489983
952455 449873
817269 465988
874213 458601
961061 447642
860723 459934
844654 461720
849728 460654
805567 465978
995965 440117
992302 438554
766554 468938
711169 476415
715025 475885
931504 445509
868014 454046
793567 464084
886555 450923
950802 439972
916587 444360
787097 461883
908201 443359
810631 457894
702878 474121
736120 468620
886266 444947
857411 449089
835532 452445
834823 452406
719407 468823
699121 472073
783938 457850
628798 483797
744735 463733
829227 449186
641058 481243
740860 463918
836727 446910
976337 422253
904334 434605
990608 419426
844097 444014
881296 437009
670873 474675
942639 424711
845726 442277
657573 476402
746412 459469
970652 417596
967028 417288
852514 437182
908249 425942
651845 475690
949549 416875
824354 440753
915836 421994
975377 409792
739466 456758
703246 463291
981568 405114
994791 402333
713341 460517
937022 412644
936954 412306
888007 420223
893941 418875
937588 408563
644408 473351
848432 427907
879203 420711
795272 437005
780165 439899
701068 457832
726825 451482
991458 386396
822234 426775
971614 386904
680751 459628
986179 382255
628327 472080
834554 418537
844600 415749
697503 453731
921659 394998
711577 449550
877016 405165
973424 379524
902809 398183
746906 439612
839039 414298
943602 385487
826874 415302
867400 403413
994061 366442
955818 376709
861219 402861
853099 404951
772229 427311
869106 398270
935700 377993
737411 435736
685211 450593
699377 446387
927571 378252
846091 400958
964351 363030
953932 365832
695485 444914
812042 408650
952242 362122
681202 447778
771074 418779
868439 387508
867569 387484
954527 356991
924475 366780
751115 423174
897198 375221
915165 367794
970019 347568
991577 340216
796656 405535
997478 335319
906068 366022
612151 466675
791776 405018
931955 354695
974030 339271
840047 385665
739978 419740
935459 349218
978966 333016
871840 370973
781107 402864
818039 388582
964674 334504
928610 347370
768098 405961
718114 423373
927261 344812
968277 328651
787386 396062
770452 400465
775776 398384
825517 377160
719450 417743
981983 312917
954314 323694
869214 356811
647314 445747
723994 414749
892619 346249
995320 304423
775863 392828
927368 331163
977897 309515
815152 376027
972417 311306
815617 375523
994957 299440
762764 395857
655295 440511
601148 462967
820751 371287
819309 370093
902030 334003
779688 385440
654558 438551
820526 366021
939119 313521
914398 324213
683139 425043
956185 305679
808347 370188
693220 420152
940937 310675
786447 378588
952653 302955
918606 318107
797476 371048
760024 387737
832481 355036
789439 374243
970564 290663
731879 399306
728399 400822
616866 451550
646744 437369
834936 350177
713920 406107
908052 315918
875441 329744
957405 290563
857553 335970
842585 342968
977281 279003
888833 320878
940440 295991
976188 278093
769199 375892
928957 299137
998867 265438
911371 307357
625930 444120
690148 412738
615647 448754
984147 269431
619173 446783
793514 361062
967485 274918
734906 389136
801935 355642
701933 404937
799468 356004
723278 392952
741141 383979
873346 317169
988451 258515
821291 342055
835361 334776
905533 297914
845183 328627
664252 420757
724429 389803
994117 249717
910732 291356
769062 364797
976106 256497
898471 296909
568438 469060
943157 271956
808751 342160
769083 362002
936226 273039
880789 302237
769391 361107
680961 407285
971065 249483
581694 460344
985087 239918
854894 310700
569253 466952
997152 231961
950334 254819
644026 424930
900431 281073
619946 437130
964884 241492
869638 293057
923279 262115
823645 318474
927712 258479
749585 360150
920428 260787
991270 219428
946339 244994
634823 426177
817382 318935
916646 260539
770474 345752
864844 289999
982191 220276
973526 225293
705988 383236
599312 446174
878992 280350
859535 289730
895391 267554
751717 353542
833341 303279
956227 227080
982024 211059
660084 407223
783034 331987
903905 257481
696722 383900
845823 291961
858089 284199
897913 259200
601419 441956
982556 205615
961349 218496
944896 227690
667700 399839
902761 252583
994740 194962
733873 358213
945875 225131
900966 253072
755300 344449
923791 237531
624702 426016
601900 440275
969972 206607
609375 435163
875908 263328
816800 300615
913514 237812
911024 238861
661071 400372
727599 357055
903268 242596
946680 214234
925071 226852
803122 305800
628029 420642
760011 333628
808000 301492
916635 229776
880689 252978
927141 221106
972815 190411
871590 255484
997037 169936
566037 460248
785842 311950
830342 281530
737687 343151
908132 226618
923422 215867
870735 251556
969408 182326
887185 238220
918098 215536
649307 400919
671802 384907
655048 396391
698412 365618
998083 155316
626416 415975
941392 194748
556690 464934
960569 179816
990169 158198
721336 347215
667772 384974
970591 167535
824259 272322
664649 386484
804597 285851
854522 249930
633414 408478
985574 152796
804581 283766
973939 159770
882266 226306
957252 171192
955851 172171
758812 315684
892441 216321
896731 212788
954903 169755
811370 274364
923995 188838
884675 217184
885190 216367
766444 304837
713992 343762
723999 335844
634768 402852
717023 340550
733144 328348
777211 294188
881628 214748
800707 275435
825298 255515
928361 175555
737165 321669
709188 343185
923267 177904
766884 297725
822507 254044
836229 243334
703411 346079
629119 403420
836866 239528
717272 333028
915983 175559
584123 437959
874839 207119
935714 158371
976161 125972
592997 430536
955444 141123
944959 147044
938511 151243
851640 220480
729611 318537
834893 233153
627988 400471
925988 157785
885085 190402
860255 210263
954326 132018
747988 301077
824895 237621
889513 184148
617825 407657
863343 205293
943549 138300
734265 311063
994049 96387
865685 201752
971748 113461
621721 403567
981982 104132
622671 402551
781551 270353
999085 88970
940175 137255
918139 154764
888286 179352
771104 276255
943965 128750
823103 231052
603465 416963
988132 91151
999031 81295
846187 210740
802870 247356
964285 110083
707608 328017
919935 147426
971415 103487
842211 213253
945082 125506
984014 92151
762800 280631
845578 209902
958519 112326
864425 192782
932576 133647
612922 407624
828407 222381
962755 105428
621985 399103
909460 150020
627493 394047
819166 227044
850374 199318
847912 200833
970594 92068
720013 311601
726527 305337
810308 231384
789828 248514
755341 278597
991802 69328
867336 179084
937497 116367
985788 72749
838340 203395
768153 265822
850800 191818
838223 200484
802338 230839
938472 106904
905760 133949
988238 58581
920225 120298
951697 90858
670238 348593
972202 71718
740493 283762
939036 98859
841784 187465
936173 98916
812314 213664
983022 52074
862350 165087
857818 169113
689722 326177
830353 193740
576189 432667
624724 386622
976045 53515
816913 204193
630360 380890
713989 301027
998690 28885
628644 381734
981574 44056
859741 160392
739574 275201
571096 436398
860515 158521
867716 150497
973445 48157
807531 207931
939015 80580
912869 104960
687113 323057
684791 325267
809300 204062
933964 82886
971153 46670
798409 214131
756323 254339
911448 101696
783731 226462
753910 255240
995859 16172
856478 153197
783604 224844
660998 345183
673771 332350
813877 193400
728625 277699
772489 233486
702159 302859
930547 75124
912508 92889
718833 285776
836406 167739
534379 469952
813363 188733
714290 288526
798146 203335
876094 124236
777357 224042
562166 441553
646385 355153
736978 262703
871043 125707
541249 462251
719035 280326
854953 139776
930739 61666
790852 205266
981722 7633
917184 73956
814215 179698
539197 463856
789763 204719
956867 31889
877913 111504
903123 84039
757805 235372
861266 127342
910076 76284
820867 168636
934763 48448
866573 119602
817326 170262
521365 481853
941015 38383
770062 218687
973033 3680
852514 130179
677646 315768
788200 198395
910984 67359
607759 389696
827869 155169
790849 194392
805849 178209
895607 81969
826430 155754
956374 16463
829147 151205
849854 128853
809677 171268
896739 76874
648795 343711
699016 288663
960888 2180
792812 184003
881134 86945
634504 356932
834286 137615
729680 251433
921906 39630
912537 49160
766130 210252
911736 48760
769532 206022
794767 177945
846889 118854
886859 74191
660925 325286
876419 84887
904786 52911
607289 384506
910216 45996
939631 11929
817748 147478
676440 306132
830929 132595
690046 290376
747570 224531
709542 267353
911316 38974
783945 179929
837709 117430
844139 108124
934152 3725
932512 4437
709843 261461
875341 69659
857514 89030
806683 147953
863966 81254
766056 194206
915908 18653
815229 134292
702829 265366
915502 12432
764222 191359
881659 49742
835342 103102
892284 34889
804989 137799
819306 119854
601971 381420
771318 177382
619764 359618
878631 46545
516934 483705
741478 211481
854372 73202
828220 104784
695735 265084
545716 448287
725700 227593
732238 219188
900020 13290
824170 105431
677743 285075
834419 91589
821980 104428
651730 315352
662043 302343
640689 328299
832817 86709
820898 101503
629071 342163
893614 9736
845950 69240
832475 86124
692624 261622
865457 43043
878479 25659
648806 315876
829279 87032
814461 104145
689758 262606
819690 96191
815588 100404
793225 128870
693161 256861
752925 178740
860798 38562
663072 292833
852222 47050
661227 294395
719650 217895
595586 379385
824691 79471
817777 87133
665483 286338
840926 55333
839772 55461
831594 66030
772928 142321
727527 202376
792514 115910
763554 153853
871279 10622
617342 347634
678411 266111
850950 35883
685159 255721
827350 64945
805803 91916
849290 32759
685681 253421
625606 332974
726441 195141
863667 6906
523751 471509
786028 112631
665614 276958
826928 55021
846675 26740
718919 202403
632570 319088
798483 86624
804579 77912
725030 188786
749028 154717
705188 214451
818641 50382
787112 95247
616807 337136
763517 127369
786910 91494
698986 217442
756315 132510
659664 270232
611573 340288
838381 4623
599149 356893
643730 290580
587439 373576
690003 220198
808071 43711
644734 287111
587357 372957
788058 70538
717031 176822
701814 199005
778307 82618
783756 73984
716456 175835
826517 7766
615781 326950
653294 269431
599115 351393
808748 28654
673947 234873
769897 86202
650100 270696
718138 161884
633820 294022
638163 286668
778998 64080
756575 98746
665576 241403
792998 38588
776023 63458
761047 86711
721940 145948
701888 178005
764086 77442
748093 103095
789055 34451
792924 28115
568536 392283
782203 44819
581109 371397
791181 28412
788216 32793
754591 87620
740391 110803
657526 246124
712327 155809
719883 141491
660130 239740
702084 169658
591817 351641
556695 409293
671842 217194
755336 77864
784443 28359
709133 152409
744959 88464
749544 80111
643629 259850
708802 148554
758420 63640
589456 351245
686988 183945
574954 375342
585581 356999
719253 126978
741142 87382
759967 53761
603819 322926
526878 456769
724129 112435
553903 409482
740624 82899
680637 186068
590454 344552
749699 64000
752971 55470
708045 134507
675635 191503
629417 273525
773233 13928
758081 39518
753681 45311
771999 10942
725827 93562
708863 122691
759343 30577
775345 1382
721037 97017
746638 49924
671666 185480
739931 56751
683940 160553
644502 234065
759700 17654
756448 21486
675980 169957
630663 254486
731152 59138
681067 153553
608176 293972
698723 116522
627280 254483
735775 41502
743147 25264
686395 136108
590405 324544
671832 162257
605487 293727
719181 64725
669742 162946
610357 281784
690640 117482
729096 38416
679440 139145
590599 319271
630132 238936
686647 121087
688792 113525
526703 448101
685971 119129
717293 50512
732486 15732
585047 324732
700072 83032
699620 82706
713258 52336
677769 126926
702555 74315
646067 193620
728110 19008
681280 117176
668085 144964
677435 124543
720923 31717
720876 28778
672878 131052
578304 333611
714475 38170
713230 38969
637185 202708
623640 232210
662985 145910
605572 270957
614672 250685
600082 282123
672549 121879
688035 86713
611030 256138
534593 425861
718755 13202
608694 259393
544700 402376
611791 251112
592820 293826
647539 170127
691541 70692
719342 7270
687606 77941
599703 276914
541824 407895
578939 321057
633051 196216
712312 13463
706511 26683
593203 287766
598493 275189
623333 217428
655510 140925
558365 366885
707239 19786
562185 357502
546801 393210
549310 387152
617918 224918
703730 19487
621874 213651
612629 234396
646040 153879
616775 222422
606217 247614
668996 92907
700438 16223
606013 245243
650131 137643
677634 70177
697858 20420
698990 11653
685844 43222
664777 93389
545542 389547
604834 239601
552162 371460
651911 120075
610051 225146
681828 40696
591148 270793
694371 5612
547558 380634
632506 161202
622952 182777
665571 70950
678052 38121
687454 11999
598921 243284
661265 79702
611176 210331
546088 381416
651917 101521
636018 143461
634208 147103
632907 147013
674793 31813
627081 159561
683822 2921
657594 72431
605350 214409
547888 370782
626604 153755
681351 1959
647617 94890
581110 276985
661388 53651
615847 180187
620785 165370
521816 441487
609606 196190
593029 239761
650441 76824
640413 103819
541573 384161
664757 33220
648118 78911
569080 304492
665202 27286
545991 369908
604871 198860
595719 220273
607020 186026
557433 330158
569708 291624
604353 185614
582169 252790
655022 22339
634023 84710
619833 126861
552420 336459
526448 418326
557224 320805
630182 86749
583613 234962
653635 8381
633803 70538
611796 140350
572578 264212
577813 246450
576015 251695
556940 314267
625980 85002
583531 222746
604352 152809
607881 136997
592031 189577
612998 114512
558339 301116
589688 193080
622368 80236
616224 97123
606618 124147
583200 204056
599228 145324
632329 24222
568163 253895
577183 219503
533096 379626
597059 141339
622112 47909
601339 122947
536468 364776
557331 285189
554627 295282
606209 97962
592946 147925
581926 188497
562804 261371
576616 201726
582697 177424
560613 262374
517046 433871
616128 31149
540298 335023
577680 180245
548225 301475
589900 115107
602455 60638
545476 305224
587617 122722
578749 158349
594295 85867
562354 226036
540062 324066
611723 5399
561998 225008
582352 129357
605251 20916
602063 32690
547982 279885
598269 45523
582743 116625
603960 11330
575323 145737
585039 95130
550990 247980
586589 71390
588371 61141
516631 417243
580054 93499
563651 174427
573231 115183
546279 253698
528433 346896
531825 328660
563989 145003
536816 292475
561471 149700
544820 240964
578907 35858
570243 84617
517389 395363
526437 340625
557963 150969
542694 241381
577884 28541
534701 286438
541425 242993
518585 379830
562010 98177
565022 68964
571789 15271
527984 307955
523360 339269
518379 372809
546340 180890
559542 88372
570643 4738
548545 146499
539180 205780
551746 109548
556585 69429
562695 21966
517204 366444
530240 259856
536204 202481
547852 99755
549223 84300
539939 153719
545712 104051
550423 61266
526126 269534
541563 128904
540667 134845
539904 141511
544934 90291
504570 450696
535549 145833
520040 294543
541753 73825
525702 228419
538558 88789
538669 85313
510512 381886
527502 191998
521528 255336
541257 31098
512343 354617
522780 237487
540336 39323
531288 131490
535214 65480
521314 227745
514496 305682
514281 306130
518055 250505
527716 121783
530304 81739
526418 131029
517083 257312
501700 466740
525604 131366
520568 190478
532359 18321
507235 382896
516241 242116
519917 167856
525841 70312
519529 165070
524313 82190
526254 43969
503300 429932
517070 185719
522704 56105
513654 212667
519342 76783
504812 364787
517569 51571
515608 97802
516687 70127
512867 150533
506301 307851
515780 12330
501956 415429
502910 381699
514122 33293
508217 206586
510995 116878
508404 150760
511180 32252
510385 50209
505587 209790
501012 401183
504367 199555
504725 173859
503999 210247
505923 89913
503459 212612
502217 206600
500294 172293
499468 244768
499025 336192
498997 361851
498795 158068
498565 100466
498602 263504
498251 139173
498373 312181
497688 151688
497012 13240
497031 21532
498209 338033
496924 34968
496641 73061
496125 173793
494266 37313
492699 99903
492296 96270
490511 24711
490901 129864
490386 127407
491720 189400
491181 179202
494209 332555
490496 195190
493279 305350
489876 184032
491095 230402
495383 382114
492785 302460
483713 4718
497266 452467
493067 326261
493148 329187
484075 108531
484871 131009
483128 136487
484884 190287
477467 65578
484851 226898
489025 310992
478619 116437
481564 173386
486316 268152
477406 108822
481378 186084
481421 192556
484915 255951
477449 125275
470815 8025
472954 47565
476339 115599
470080 24226
474782 108758
481506 222093
475716 129981
490132 370362
498288 496436
472955 127913
484803 300597
487095 337142
475376 183987
484461 318094
459788 2342
461465 28791
467554 113186
466008 98739
467549 124977
474706 212189
475757 225706
480470 285527
492917 435089
463205 108369
454106 16361
465561 154043
490218 417437
456589 89993
482992 350739
481562 339880
454265 79745
456982 111990
473441 268286
472752 264731
452794 84165
470424 255191
461176 174599
446424 54429
470079 260716
451343 109242
486067 399264
455626 148786
459405 188852
449653 120001
477800 341124
440374 50242
447060 104699
464364 242804
466347 265740
432126 17663
451814 162638
441603 88271
435916 53022
431409 20857
440407 95351
431609 33994
476873 352331
432220 46196
466276 283522
443344 138948
444465 147538
441231 126372
476517 359402
422737 14878
467618 304229
434687 92427
429530 59681
439151 122058
421393 8364
435220 115255
456953 255023
461464 284345
444050 181602
418508 34866
474159 365195
409738 1700
425286 91148
413175 39047
434360 159768
423017 112165
427628 138973
452034 264751
423862 120464
444253 230735
474586 383498
459736 310107
453184 279750
415308 93302
424593 146147
407509 67994
463665 339544
417060 121142
418118 127342
438937 226762
433074 202288
419300 139418
405031 76340
422030 154688
444941 259864
392483 22987
391636 21251
470372 378184
405782 97378
460736 340664
436122 244528
479332 424407
450431 305432
401983 114080
416669 175243
419894 195545
435141 255707
383721 56217
370641 6200
430892 242508
477804 424845
409911 165189
468755 390467
416878 193714
409022 164047
377366 51869
404573 154574
382808 74686
386243 90772
379951 70770
390211 109668
381720 79024
394026 124946
410527 188709
388904 113467
384951 102396
369505 50310
384190 102961
356133 4746
379865 88553
453171 347171
411477 205422
411973 207328
387346 124788
363724 44469
366346 57380
351924 13190
357238 31003
451086 346491
411526 218694
429518 279868
422666 257980
366484 75663
351855 29769
352700 33669
366392 80626
374621 107395
419714 251886
361328 70167
456849 372559
421316 261012
475103 431373
393665 179632
434300 305541
399022 201390
405069 220507
439495 325128
336298 15881
371222 121932
406202 227680
360530 90914
397516 201800
368002 114479
407609 233229
331717 8907
389581 183503
393022 195309
341930 45726
352835 78582
429224 302141
329425 12885
391380 193239
333854 27549
351915 81657
437000 328103
446020 354171
464129 406340
391361 199181
334122 37945
387783 191184
389839 197581
377716 164724
438046 335094
395672 217032
327973 28784
347925 84755
353163 99520
409321 256380
425138 300997
315343 1684
328030 37390
337243 65825
318118 14915
346479 95614
351840 113302
413236 280193
337543 81198
380796 195043
472297 436031
310049 12979
326648 67231
397605 248095
305581 15162
359902 154420
352760 137998
337255 100581
468448 429572
425540 322705
310306 38457
338050 107846
331821 92787
322783 71089
309625 39498
368539 185786
340976 120057
396927 258075
436044 353053
399866 267492
331866 107399
353994 160418
347924 148999
404129 284679
297981 39795
389886 254250
299003 52185
323768 109779
493610 493769
326725 121280
472152 446450
320475 113025
309918 93195
281323 35672
391421 273476
444981 389378
307955 96199
440776 381488
434654 368994
288999 59895
320254 126821
436235 373298
401889 301240
416328 332844
297595 85969
298483 89502
348006 194199
425929 355166
283913 64066
454145 413971
420375 345398
327073 155193
327522 157572
466896 440934
299984 104165
485199 477964
342639 190977
415725 338813
400014 308793
330767 171703
443870 396400
354291 219462
404649 319485
288546 90577
307874 129553
249742 15338
260261 40819
343214 202448
338143 192882
327252 173533
401933 318282
249350 23684
250407 25763
341657 202345
389263 294248
360392 239245
291247 107019
361214 242482
285671 98448
254183 39808
370537 262569
367527 259160
247244 34097
459246 431289
274691 87042
285250 107242
306102 147231
264384 69995
400997 323954
378525 282382
241060 28021
323498 181878
352080 234925
339303 211496
403727 330240
316590 170337
319123 175448
378106 284151
290816 125306
480295 471990
293576 135636
346429 232565
308789 165486
353426 245430
227294 22509
274794 107805
250096 64610
352557 246441
396940 325396
371489 282562
273867 111962
309424 175325
324416 202068
240746 57098
222212 25348
245131 66093
376583 294191
315748 189522
385732 310840
252111 84922
264710 108402
382449 308332
236341 62596
432759 394375
460210 440554
241996 75354
273118 127534
197247 1654
374618 298313
209122 23204
380708 309828
315607 202082
385027 317697
403903 349265
325408 220449
250281 97065
208821 29173
404144 350105
230085 65234
414290 367096
196940 11419
239126 80504
191046 2714
219447 50184
211509 40640
219893 55584
290051 170511
239338 89464
415305 371608
385421 324664
304958 197401
384311 323793
323451 227280
463662 449685
247521 106974
261347 128990
402589 353138
371672 304714
249294 112378
333951 245760
331471 242193
249645 114074
284819 170520
279764 163576
397151 347372
190071 27910
457565 441983
192637 34530
333161 250780
203357 51439
379693 322989
186568 27619
281155 172810
356245 288299
320405 234633
197399 49718
402080 359670
251691 133343
304054 212211
164387 2897
422320 390502
352689 287014
367627 309436
195811 52998
201205 61078
185207 37779
172928 20238
175159 26338
162194 7378
248678 135506
235179 115768
193158 53745
206099 74056
161378 9111
173405 28211
158219 9318
193172 61915
302709 221062
196690 67534
166623 24883
240091 131422
188558 57332
400945 364298
310155 233494
277356 187192
179879 47484
176690 43818
359637 306113
168641 32566
170519 37725
164499 30387
340744 280860
273603 185588
169090 38136
310342 238915
209494 96721
309604 241115
169431 46414
227485 127885
272004 190619
136639 5618
231565 140917
179038 69391
188631 82678
385094 350931
262712 184907
413072 389264
341908 293494
395526 366096
305727 245312
309704 251030
164409 56112
206223 112537
368293 330200
176268 74358
298421 238163
230620 148845
219383 135276
392779 365249
241437 165543
411380 390252
183773 91024
175912 80707
166682 69764
295715 239840
249977 182096
179977 92194
171945 82090
248241 181940
202353 122863
308734 260970
121689 21300
135638 39906
251677 189052
355790 322444
272711 216181
289166 237241
258209 197667
280678 227240
382730 357402
150738 64257
184581 108128
296991 250719
283059 234389
439154 430741
282082 234106
102129 12886
126075 42761
199960 134929
240240 185285
279143 235563
333666 302905
436766 429529
167973 101942
257910 211995
136997 65234
173841 112487
219155 167788
158398 94964
479765 482517
108068 35160
137206 70331
422114 413604
85149 11075
119138 52966
294145 261541
377534 361201
291927 259772
113839 49387
79905 9583
130073 69618
234992 194676
150112 95151
245960 208029
263016 229379
413368 405504
158603 107487
365659 350062
225509 186922
254039 220435
424139 418756
352713 336010
313705 290922
326880 306427
275541 247234
198719 158478
333613 314785
213144 175758
106143 52566
99069 47690
310280 289809
268682 242382
253862 225447
95648 44738
342589 327023
80469 27736
297572 275794
326127 308857
250334 222953
96269 48796
373360 364093
200435 170292
172622 139158
272233 251713
305935 289696
58093 14302
58065 14611
90884 51211
147687 115423
284519 267484
245031 223731
110831 74847
110378 74395
291371 276038
74567 36507
164958 136942
104364 70295
50858 12707
287803 274725
313443 303034
50691 16933
185688 164226
124360 97952
44497 12582
90466 62891
48797 17751
278338 266532
195245 176505
372864 369197
66844 38652
208103 191661
40672 11713
211976 196442
61790 35285
123886 102189
108164 85602
150763 132589
65744 42019
378331 376685
63486 40611
30017 5215
124658 106412
228635 217413
61070 39935
269341 261937
135328 121105
116637 101565
344017 342086
35672 16860
273069 268090
265046 262045
279340 277014
29835 17786
34411 22843
47634 37103
67611 58410
310748 310625
90719 83106
233320 231314
395795 399099
275968 276300
202595 200882
108891 105686
113329 111768
424440 429644
183797 184381
129064 128846
7186 5062
431143 436977
7231 8216
370850 376116
41692 45889
163245 168601
176513 182101
200662 206550
17442 23383
375347 381864
94325 101876
240473 248497
325710 333388
246138 254455
348023 355700
117731 128056
108506 120136
48304 61430
231695 244002
407956 416563
207800 221285
399948 409224
238496 252081
21263 41167
72784 91588
270146 283785
238240 252890
114410 133933
50924 74048
83104 105355
380605 392092
27639 53612
295308 310320
259797 276529
79326 104857
370870 383533
379304 391653
211890 232281
233834 253294
34564 63925
16902 47184
97622 124431
100769 127437
287032 305582
19146 54208
193446 218898
44166 79518
27076 64779
123095 155227
205280 231884
137926 169288
130374 162354
329998 348451
29954 71330
304985 326014
399302 413976
140401 176062
244867 272110
419245 432641
120889 159698
220543 251566
154918 192768
31254 82479
78774 126334
155179 195379
32312 86098
152578 194315
139024 182179
91480 139494
334742 358128
27437 83095
103734 151622
170765 211718
88981 138593
422478 437236
58652 112198
154462 198084
91269 142304
247 62770
70173 125571
45256 104413
127689 177629
14169 78137
360119 383659
465820 476555
8603 76002
367742 390776
56154 118670
251722 290064
135651 190794
176466 226682
225064 269055
338933 367429
130272 187257
23221 95493
82464 146981
168693 221301
354 77220
104032 166322
362179 388136
218405 265338
156050 212280
202372 252027
197863 248460
127199 188799
118136 181501
22904 102664
5045 88093
102415 170688
96229 165643
144505 207407
218738 271457
32769 116302
261418 307457
128436 197310
115789 187036
159136 223786
187162 247425
60691 143980
32382 121016
41152 128303
328475 365133
176225 239935
431670 450366
33830 125868
84800 168298
81087 165538
226726 284257
60250 149663
190907 257519
328733 368567
323598 365169
145018 223575
274935 327569
335974 376708
227481 291374
231395 294719
20235 129049
172756 249262
235824 298953
192128 265076
233585 298714
388961 419862
199559 272348
83873 182670
154572 238943
233933 300703
169680 251277
86977 188539
15332 134599
156048 242841
134129 227084
18915 139228
330520 377145
462965 478184
445567 465020
35449 153448
328953 376810
71550 182003
44576 162461
87084 196492
96306 205041
325725 376530
14623 145498
181893 270238
71461 188450
82710 197405
110796 218318
109961 218064
314211 369041
202340 286514
158583 254593
72907 193153
37385 168276
117026 228266
244802 321681
260507 333170
13682 154703
270538 340541
398052 432839
222767 306639
39017 174845
168037 268037
146597 252688
93557 215758
113889 230411
128344 240864
15031 160299
4206 152625
150264 257141
364255 409648
105464 228155
182202 284216
175213 279867
12314 167153
70395 207580
306276 372678
136298 255594
25054 179388
330792 389849
14425 172770
127579 250558
36991 189327
43283 194769
52057 201345
253207 339313
83606 225264
149088 269983
176502 289150
8172 176321
356609 410174
215999 316136
298817 371678
408787 445313
154239 275640
260245 346726
61874 215281
304690 376578
140215 268608
218851 321169
33454 200353
234648 332367
212211 317901
270970 356426
194488 306611
326771 393063
8591 185305
21625 194442
69076 226112
29595 200728
77886 232328
140567 273218
175357 296497
153994 282698
51399 217183
193700 310835
252207 348217
290263 372850
34995 211078
343143 407196
59889 229300
261347 356676
122501 269853
139634 284548
41174 225552
438206 468524
253742 356037
95425 259599
195221 320703
1077 203008
280034 372704
336767 407329
64555 242527
191697 319689
25718 219986
370655 428554
325313 401375
169273 308467
181118 315569
12946 215563
157113 301633
327084 403419
72546 252978
4583 213208
75600 255274
39235 234729
52913 243278
60164 247708
235671 350949
247825 358135
259961 365368
79354 259827
60538 248919
123911 287073
398702 447391
35952 236940
105877 277627
30466 234110
361445 425990
306057 394329
2131 219502
351766 421087
432301 467486
155426 309949
342226 416808
205535 340567
173197 322961
287762 387434
166559 320176
106342 286812
188753 333498
59066 261935
249276 367299
212651 347083
293094 391913
195775 338377
69528 268824
22943 243404
333023 414321
204600 345247
103484 290888
26161 250617
111031 296998
145817 316777
231475 363212
122161 306470
142087 317627
74836 282441
147325 320928
424382 466422
30174 259855
3481 247729
60075 277439
286360 395173
289221 397196
58406 279310
162694 334907
236930 372862
65064 285912
215946 362489
59039 283749
202147 355949
246743 378670
471750 491929
71864 292909
140820 327418
135250 324687
179968 347330
13310 264881
173338 344361
63417 290337
239548 378224
202264 360110
169385 344150
57455 292220
171554 347719
121370 323578
285507 402820
257308 389373
25361 279096
8204 271891
237162 381253
37140 286491
217160 373786
194549 363894
25409 285904
70261 308008
20869 286046
412933 466242
32992 292764
34007 293395
128245 336679
374962 449251
9431 284265
188850 365802
256393 396402
47830 302843
351691 439477
120226 335948
201043 372352
79771 319975
368877 447988
115381 336178
3849 286980
21919 295233
318474 426033
286440 412395
205122 377313
16405 295799
300278 419473
184125 369536
61192 317039
404942 465103
178900 368149
83906 328716
262960 405155
70736 323546
362906 447892
115624 343427
216876 387231
212489 385398
394385 461719
33496 310954
81928 331943
424565 474644
232837 395796
189923 378845
162217 367972
71012 331013
246573 402672
113783 349393
120307 352153
72006 333444
87631 339789
55496 326838
242347 402264
314345 431263
116854 353322
213603 392181
434506 480021
155909 370326
18340 316160
243999 405424
3351 311074
246392 406904
204597 390952
361461 452417
41968 329072
215913 396418
263434 414827
266977 416366
374809 458009
59611 338879
44664 333984
186294 387540
303523 431817
359143 453180
37907 333654
207908 397146
142360 372879
399266 468709
365943 456458
338745 446539
103846 360830
212443 400797
41714 339027
167990 385228
333371 445998
93507 359764
9779 331375
442555 485520
168633 388764
223093 408718
103932 368280
230336 413175
74449 359959
25607 343864
287650 433702
228551 414500
401062 472617
4005 339003
10696 341688
256821 424388
247066 422211
87902 371999
5397 345482
331890 451934
407883 476460
247533 425398
257625 429243
15710 352994
3163 349071
267370 432849
72987 372100
109717 385840
262283 433161
237098 426835
138354 397416
120301 392097
7476 359545
198687 416815
204812 418997
63244 378846
267963 438673
293504 446071
71168 382155
433048 486586
31809 374633
378258 471852
255569 438253
33247 377422
121096 401891
142747 408282
211102 427091
252620 438459
328056 459452
124970 405452
433713 488141
269596 444390
272267 445769
290157 450722
249797 440263
8229 377333
188159 424568
286807 450522
122183 407990
255459 442707
332705 463064
90828 403502
6632 382939
21377 388746
10028 385998
247597 444424
100199 409041
172115 426523
210277 436214
288345 455224
230577 441781
235288 443380
2842 388843
115527 415491
252361 447956
145900 423322
49320 401161
134486 421166
262576 450934
49130 402032
154247 427704
337997 469598
145648 426835
33690 402044
122568 421972
387581 480917
300618 461735
147644 429187
308096 464868
197395 442052
78427 417471
141734 431466
108591 425162
58745 415206
141719 432543
122681 429611
387275 483091
155306 436677
5020 407862
164107 440909
161394 440848
74483 424754
218264 452521
344996 476512
190090 447535
191204 448366
147444 440512
378035 483613
26956 420315
346636 478627
2876 419974
129371 442305
216562 457508
136850 444579
59538 432427
330967 477712
398182 489484
139084 448348
82206 439723
456129 498833
100092 443213
87399 441517
6926 429049
82356 441600
104042 445021
127793 449321
200801 461029
302461 476465
323900 480399
21780 437748
361170 486423
1915 440238
159258 461701
163539 462466
4998 443350
147653 462732
5866 445729
199445 469485
17535 447596
139641 462383
196636 470410
167599 467943
98368 460135
25305 454287
9279 452816
70454 459405
295781 483722
176790 471160
98130 463247
172453 472351
9560 456027
345733 490313
153028 471492
302084 486308
119579 469582
178001 475453
63128 465829
87715 469947
188683 478950
219719 481690
366210 494594
3961 468049
14212 469100
118894 477051
165975 481336
296931 491214
31729 474000
235013 487941
46516 476267
123289 482319
192192 486724
27762 476910
95890 481155
56630 480157
77279 482916
354675 498143
179167 490753
332060 497955
105177 487877
2331 484736
154683 491270
97870 489815
389416 501294
203512 494689
180147 493935
131858 493858
23005 492679
3158 492943
301561 501559
87018 497625
149527 499165
81901 498252
88659 499540
50534 499899
295057 503589
149640 502426
300925 504492
440404 505257
200859 504375
8407 503752
207143 504924
237148 505307
63293 505884
59691 507005
42104 507544
240698 506679
107111 507974
158170 508745
108517 509336
127367 509249
378585 506801
45173 510472
60020 510345
107581 509933
87284 510511
247111 508593
386092 507440
43690 514772
203407 512624
289017 510585
95115 516489
253428 512895
323073 510824
96648 518573
187202 515762
70439 520070
288969 512777
48572 521252
224910 515163
87091 520064
129619 518620
112740 519243
325172 511767
453776 507281
156770 518809
237305 515895
96507 522066
4133 526332
198723 518201
156706 520308
218212 517779
309124 513834
59159 525321
12026 527719
117201 523302
127883 524391
370482 512141
36895 529484
35793 529560
101125 526207
38992 530129
118306 526124
70013 530117
35420 533069
314110 516598
302214 517348
231016 522089
2337 538073
70637 534236
36715 537061
43584 537022
309628 518670
19552 539272
33000 538403
127736 531908
260625 522640
83210 535544
96800 534582
300363 520177
172695 530027
20200 541544
83852 537102
339426 517789
232296 526450
92832 538356
298222 521808
307631 521539
225190 528635
144489 535870
280425 524285
44235 545077
204535 532275
44301 547443
264933 527229
293958 524642
120776 541578
296828 525117
42255 549848
147492 539942
322695 523026
64103 550570
48293 552682
189324 537946
371455 519537
107650 549895
68853 554357
37283 558014
186521 541962
33629 560128
351135 524160
206737 542986
41588 564396
57507 562548
305588 530744
177404 548542
101453 558990
22534 569671
113474 558310
40463 568984
239529 541480
197997 548182
138326 556926
76872 565810
12476 576033
89492 565892
172499 554129
245167 543898
4230 581440
279619 540072
15124 581843
35530 578700
221386 550060
221041 550510
182264 556787
10144 587217
26708 584648
201389 555433
15438 587488
204139 555887
278792 543196
242753 549508
122299 571135
187398 560677
165216 565485
189779 562408
74311 583886
61261 587123
97335 581498
49666 591310
84592 584953
176165 569236
233587 557936
68248 591273
319137 541523
126694 580662
330971 540197
43617 600309
197909 568584
319806 543356
284901 551895
201675 570029
295603 549944
199288 572627
137465 587459
12708 616154
4931 618032
42792 609729
257724 560887
22837 614814
213331 572957
61154 611663
114307 599778
101398 603256
161567 588470
77075 609805
72495 610992
231796 571706
406109 528540
95709 606143
202513 579545
331686 547423
293406 557146
184666 584476
82273 610563
171719 588591
252278 568265
41800 623107
123891 602893
176028 589406
31031 627562
139828 599260
72031 620352
142720 602039
306824 557705
213305 583364
88888 617605
65673 624725
189659 590974
229233 580194
104048 616134
158524 601080
71390 625958
49421 632664
103052 617763
345903 549123
10539 644720
30888 639894
268284 572027
403768 533222
297178 564286
331970 554206
175553 601147
240065 582079
328728 555915
162712 605421
370063 543865
17047 651690
166333 606941
224914 590777
14854 656435
5246 660527
6320 661975
409141 534041
456331 519064
70436 642170
27322 655954
365516 548256
156394 615653
94340 635886
50257 651028
169078 612623
120566 628877
168540 613962
178431 610747
91894 639427
101965 637539
169698 615400
83675 644290
290278 575581
236480 593939
86857 645221
220612 599949
59063 655268
19529 670487
86745 648117
281817 580877
184932 614521
47510 662473
20304 672071
235160 597391
78209 653501
408886 537195
308704 572677
221827 603825
65319 659522
74839 657381
67172 660290
285102 583033
84896 655648
203811 612618
259898 592450
249835 596114
230636 604151
270728 589713
112958 647974
256423 595302
405160 540827
301693 579917
287685 585341
273440 590899
67249 669847
298244 582487
89062 662882
278605 590444
279338 590196
8926 694983
119088 652467
27260 688708
263004 597681
109494 658745
95492 665483
203747 623378
143676 647841
133806 651842
190493 629627
407706 542373
47488 688006
212543 621324
368593 558261
14757 701725
312802 581042
118009 660156
271893 598025
69872 681745
22089 702018
317228 581415
229225 618272
382728 554452
13862 711002
137071 658982
168188 646739
51220 697437
55562 697214
389149 553002
491820 508647
198292 639769
84838 691164
101512 683802
395952 551997
7799 728122
460086 523140
94751 691251
176973 653970
94594 692036
16372 728288
45182 715865
257306 617894
257323 618010
98871 691974
71472 705308
163989 662298
293524 601708
281892 607185
72432 707082
150952 670497
94326 697806
27948 729945
105264 694383
182099 657975
30586 732176
301148 601320
172273 664852
138525 682889
70561 716836
111520 696670
254153 626404
275874 616227
289427 609732
193193 658204
77694 717019
297959 606427
29207 741831
424753 542881
150105 681727
241675 635882
111411 702519
9055 755702
72704 723202
19886 751071
2977 761281
96383 713177
55527 734808
174867 673636
240331 639877
78125 724948
141140 692175
315270 601397
83017 722771
211712 655577
197857 663035
279749 620270
1386 766637
127613 701074
123321 703439
355694 581705
360318 579729
254711 636775
206535 663025
444426 534988
35104 757025
94064 725089
41456 756543
274128 628872
3608 778479
324502 601748
177668 683144
124277 713877
387179 567719
17878 773931
410767 554778
304161 614626
34305 766575
203919 671697
123688 717490
33895 769564
105006 730015
11547 784248
17168 784047
184643 688489
174830 694292
287508 629703
39168 776208
30702 782003
75869 757839
360222 589321
228143 669613
333546 605927
438621 542127
285148 635787
273960 642947
280544 639049
16626 801214
73174 766583
11534 806587
129026 734578
72959 769302
58555 778660
194192 694658
47023 786489
306746 625337
101109 753782
324068 615199
31433 799269
213351 685384
89977 763301
109145 751780
109533 753121
4995 820655
297709 634290
312163 625136
87996 768777
290136 640032
165515 720982
124733 747878
48477 797379
259382 661031
33808 810298
149834 734961
111991 759935
169689 722289
173224 720287
107098 764317
223496 688320
2317 836884
61043 798080
127783 753693
209106 699547
319492 626101
4292 838703
63 842662
235552 684200
127457 758059
95091 781406
129304 758451
65504 803649
25313 831597
19690 835750
58627 809052
219092 698964
117040 769761
45274 819745
209131 706915
40252 825538
39136 826464
399130 575228
335380 620932
81298 800643
341304 617109
1677 857742
85318 799516
229463 697225
37739 834371
78311 806316
85772 801101
173263 738799
31444 841617
93154 798249
244484 689163
103727 793129
121180 781119
108924 790373
215563 712746
254738 684318
162433 751933
80443 812006
109262 791808
261882 679721
61654 828529
183850 738619
167996 750519
420375 563772
232469 703261
54639 835715
205045 724298
263475 680833
48174 841925
241580 697578
2632 876010
105403 799302
177121 746173
303024 652611
41261 849195
81614 820623
142227 775188
66230 833939
66809 833745
91778 815008
176143 751253
235683 705955
50950 848635
105513 806864
44002 854820
237812 706276
106341 807485
266195 684632
74981 834026
51041 852985
67498 840626
184751 750587
454982 539814
115261 805097
342459 627848
52569 854576
449535 544184
112888 807967
350270 622289
23247 880189
241228 708942
297997 664376
78917 839810
400997 583525
50186 864054
255286 700254
418051 570239
82417 839559
199848 746797
294795 670502
4606 905216
70617 852205
171873 770396
197604 749673
12840 900087
438726 554395
188753 757756
27219 890327
294707 672964
205599 746576
48010 877153
235562 722900
298727 670967
104534 832905
86394 848327
176096 774007
204312 752148
92508 845822
88643 850517
44948 888296
212559 747376
236221 727864
303814 670959
175594 779955
82337 859298
156197 797665
54646 885475
290646 684842
30775 908869
84913 864062
431890 563619
142200 815433
42449 902444
51192 895095
233750 736524
454722 544062
12010 930945
102652 852245
311961 669150
59400 891100
68539 884305
151900 811361
87191 869134
365446 623766
101947 858332
426504 569877
401733 591919
60832 896292
261727 717233
289754 692436
259009 719915
468638 532687
165930 804686
85270 877214
183939 788877
266484 715010
115794 851658
43180 919882
110718 859866
229128 751811
151360 822992
161601 814143
157001 818993
27897 937486
60917 907339
1016 962961
274999 711295
108947 864384
27190 940231
355253 638282
197676 785203
388053 608453
340120 653835
39217 935140
312747 679577
56568 919337
261783 727522
210722 776763
299434 693471
73160 908515
17101 962361
428784 572054
159681 827737
184711 805128
284946 709941
98094 888763
259556 734487
296911 699005
327681 669938
171383 820080
105097 883788
379473 620406
2649 983113
8813 977365
77754 912062
16231 971764
377296 623912
130572 864816
184389 812382
297938 701799
63570 931363
86998 909985
100973 896321
310280 690851
148513 849826
139329 859219
41481 955570
254595 746168
207383 794386
168472 834430
136841 866127
28454 974402
86618 917265
23498 980779
140647 866017
302996 703005
149086 858505
363931 642174
148070 861514
27263 984997
413090 592770
87760 924632
53663 959493
45409 969467
42529 972650
279283 731118
152675 861888
215536 797211
37340 980845
111715 904988
228673 784721
119729 897498
148247 869468
52015 969441
185493 831526
211706 804855
38642 985617
263075 751788
329157 682816
76256 947048
91352 932274
66867 959912
197653 822471
210578 809082
303199 711952
52335 976733
61493 969907
157256 869144
85978 945072
364966 648240
127202 903190
353900 660734
84074 949793
175283 852222
295326 723655
42200 997697
78178 960114
313118 706537
293174 728402
271726 751752
244087 782361
154287 880032
78259 963401
233918 794466
247031 780200
164061 871174
50131 996925
191953 841992
297557 726364
442981 567199
146223 895317
288502 738856
64254 990880
298261 729615
163577 881123
121879 928788
91117 965581
297601 732640
295169 735387
136014 915550
306218 723365
100440 956521
224014 817483
409685 606986
84362 977798
186108 862333
301870 730813
79524 985855
249138 791993
193348 856612
153760 902108
253637 788333
236447 809289
129247 933804
295883 741875
195894 859198
246239 800516
179296 879508
218026 834275
300699 737536
286079 754788
238787 810273
119576 950083
285260 756435
368264 658965
144675 921615
125880 945611
230364 823048
201322 857870
113957 963249
381156 645601
107817 970929
126871 948771
176397 890333
101081 980990
357192 675159
210783 850573
272459 777585
89735 997813
408740 614100
398851 626011
147474 929935
161663 912862
159568 916807
234866 825750
283689 766849
182830 889996
186139 886424
120079 968761
97430 996848
134506 951521
257054 802557
363031 672648
279531 775514
185896 892521
404453 623072
329847 716202
115626 985199
128330 971215
137940 959390
316687 734810
156383 936748
212395 866554
237624 834917
116013 990847
117190 991914
340644 707176
202031 884226
133469 972110
173597 921003
251904 821011
281047 784438
245793 830529
191339 901227
268365 803899
358061 689211
162058 945752
331768 724331
207130 889331
181163 924213
232138 857572
206624 892008
305290 761832
134054 988639
210244 888823
158760 958200
208844 891748
212615 887398
179733 931867
151595 970754
230797 865484
228301 868964
131229 999709
362925 688783
193302 918454
160394 962928
352008 704058
186299 928905
349621 707989
194141 920242
177642 943376
259840 831815
339274 724670
156596 977045
254237 843179
348067 713968
205712 912846
252162 849088
338835 729106
324145 749640
389571 658307
157492 983444
193898 932515
151888 991598
213647 907581
429987 603059
230860 885934
223613 896719
369955 688795
152746 998091
162695 985758
403281 642132
288779 805782
189670 949186
207485 925085
253928 858910
182716 962183
280269 821558
186593 960368
194026 950213
276250 830506
346859 727664
245799 876305
173325 983489
368383 697139
312336 779834
284125 822722
301127 797775
178070 981378
206642 940084
256930 867147
329005 760404
437661 597756
343419 739820
231739 908303
237705 901428
241859 897251
246238 890741
219816 931773
221606 930089
405268 649206
212734 947746
321897 779240
309175 799581
461037 564420
382803 686383
220561 939334
206061 964850
370382 707563
291185 832324
295847 825339
251894 898077
252503 897240
422637 627118
213174 963200
284646 849353
322858 789190
255559 898370
402004 662229
301029 827749
284820 854957
461965 566523
226839 955292
272977 879093
378370 705616
339336 770469
398317 672826
272448 886106
211972 988421
310398 823009
290293 858310
340680 773198
232813 960218
266758 902581
225875 973643
272307 894727
347714 765263
378310 712962
394457 685571
417063 646758
242920 948750
303665 844592
439249 609366
297330 856488
261784 919205
394880 687699
325970 809304
381082 715852
343377 784713
337064 796596
229699 990324
410445 664985
376159 727322
228346 994472
295196 874356
235150 983320
233465 986919
442320 608355
255365 950456
281682 902470
248236 964969
459652 577485
376599 731279
338459 802526
239226 988160
327908 823989
329476 822052
268436 939489
285808 909183
305090 873762
252574 975543
261985 957936
244251 992894
297643 891215
284235 918983
320174 850147
285861 917865
343390 808851
328754 837477
301170 891313
276100 941094
269178 955965
263932 966840
466193 570121
252943 992058
312231 875016
272304 959617
306371 892421
324839 855433
310772 883838
429641 645341
377874 749988
347437 812330
364779 778451
340750 828432
472939 558557
355362 799226
343403 824633
335853 841788
280391 956212
315282 885466
281119 959848
372536 769158
399063 715407
343918 832031
335808 851590
274488 984329
356000 811040
423806 666749
456843 596263
436457 640592
380838 760996
317881 898204
423877 668962
293213 956499
281332 985257
282714 982351
356208 824823
380251 771267
304428 941397
293168 967604
346277 848491
322119 903920
311173 929685
309853 932877
289891 985354
311014 942395
310834 943882
397623 743324
372569 804463
344503 871237
290343 999650
329996 906786
456180 607282
449461 624777
474411 564807
425438 683975
312693 958202
454658 613352
352840 869819
410219 726717
311316 976140
419621 705321
402997 748286
348958 886150
376406 816693
354009 876019
425254 693892
306364 999157
324148 954169
354088 877505
316612 974419
357772 871428
316018 979879
319395 977104
387626 800737
335187 939905
456981 617959
416451 727296
407467 752064
435332 678433
365723 870258
334716 955227
363428 876654
424489 712370
323931 994116
361791 890199
401872 779928
349739 936174
454805 634217
440412 676671
339893 981078
371020 890379
415141 759152
424215 732297
341407 985569
389109 841353
348017 970587
378431 878650
351212 963522
428817 725455
401383 812085
406485 797126
422798 748819
350379 980725
402184 818140
382043 884256
430201 728431
353780 980621
402546 822083
377442 907487
366318 945515
362917 957930
376058 914318
413225 793751
482707 560243
353980 997066
411838 802262
409212 813121
375193 932970
375421 932602
373758 941083
409888 815644
434358 732134
456720 653681
412138 811540
416078 799622
405795 836919
408560 827969
383296 918339
381357 925760
427026 762563
387970 905189
428931 759970
446203 697681
441791 714235
383908 935878
375091 972144
370828 993277
386105 935615
410028 850009
429584 776087
430409 776320
448704 705097
393443 926047
375360 999447
467601 631339
408144 875014
450121 705383
418454 836536
469854 624997
410591 871101
464629 651613
385007 993180
399805 930401
423359 834304
428671 811484
476016 606077
400260 939656
429564 811104
426516 825840
389097 992464
412759 890585
420903 862670
430358 819438
395750 980732
474377 619051
469826 640789
413992 902559
417562 886303
426644 844111
409033 929122
447313 753474
424311 866431
420253 887888
423401 874103
470313 645761
422712 881597
446043 767630
419051 903227
419658 905354
426289 872667
406939 975788
456970 722126
477546 615878
447193 773266
413875 951371
434679 844741
414643 952230
430928 867106
453609 753104
466119 685423
440741 824782
455791 743554
431882 877943
414514 983449
477717 626553
489811 557522
432738 891897
423194 948652
482667 601189
446024 817909
425118 944302
455205 765349
452861 782129
459331 745740
448486 813640
459681 752804
484108 599173
438353 891557
427145 968755
427254 968135
446653 846150
465294 731356
446020 861207
439848 903454
448704 845626
479258 640169
430100 993880
442632 909485
433131 989755
473676 691203
434375 984893
453775 847205
454788 860033
449146 908785
443424 957327
455735 879740
470339 754300
462280 825046
442812 995045
460731 839851
453959 903548
468001 782048
477173 714725
448864 989472
450468 983290
458198 916493
461746 883407
486042 638073
457624 934864
475881 751098
479442 716283
484869 659185
479617 720941
463192 910221
478124 741370
464271 902907
469039 851259
472140 815415
490894 600020
478296 750530
467387 880667
460229 993199
460569 991216
461667 977437
461103 986763
488029 645783
461780 998439
475529 823406
488938 645508
471288 895193
470541 907911
485935 698449
494997 569271
493135 603562
470667 993217
476093 909867
485146 749779
493409 607439
484877 791268
480921 898812
480277 919990
480566 920704
481770 908231
487552 800851
481564 959559
484932 893170
483403 961589
487492 842218
495590 606686
485058 935224
485385 926281
486722 915882
485691 965012
487409 911279
489570 840408
485817 990598
487766 952422
490556 873157
490027 901152
489400 997741
492917 836260
492472 887815
494107 800341
495195 891264
495311 960781
497058 778161
497887 714299
498137 692133
498664 572222
498274 837462
498398 874958
