509769 967653
510406 989223
507208 514515
513724 990615
514932 980838
513493 826072
509680 616925
511059 660123
521028 949532
523447 929244
516983 728611
526801 929960
520862 796644
533764 988282
524917 755207
522717 722315
511524 559870
527356 769400
518733 652389
549944 969083
532603 759491
543533 846259
557412 975354
565975 970649
517956 581631
547657 802497
567228 937501
546276 776018
534557 684269
554129 814330
584722 989405
550878 774953
582393 959592
569081 876775
567540 864614
521021 578427
588073 956814
560808 800550
561968 803503
589715 938974
540124 665122
548390 700020
563540 771488
589155 878005
547279 681829
539396 640500
556242 713981
575992 798715
574740 787541
582447 820446
527736 585444
627909 999530
595067 857260
599048 873238
532342 600836
535255 609124
536270 612464
610373 895420
599315 852505
590209 807013
539033 616278
579641 758107
639498 964735
575561 736976
623291 898451
633190 930657
629128 901923
629156 885938
643330 927332
583775 733101
644690 898686
628368 847597
666615 957464
657078 920178
656782 915941
677579 955260
639151 848122
692964 986197
560753 635529
600551 736429
694308 967187
698014 974172
677352 922648
638393 820864
656315 854540
651852 840584
623617 764631
587991 683212
660645 847956
634450 782148
649335 814058
619852 746782
621316 749370
566574 628687
705645 928282
651569 807442
718207 948160
623501 744654
658515 815952
616340 726436
692820 882891
647804 779977
587095 658278
735038 952058
633684 742762
606248 689289
704139 875569
726766 911495
684642 825594
677172 805767
640536 727671
647844 739613
614721 682856
763697 934519
792723 981751
791740 977036
728125 865079
589348 634558
651499 736949
768162 918855
764995 909614
791107 950191
802651 967774
784929 933557
760949 894314
799628 948328
747440 866227
667747 742573
814165 962294
757706 874660
656920 722961
690585 772636
741152 844238
727057 821987
625460 670820
657060 716067
802286 926104
799771 920775
746357 841742
805191 924884
808031 927847
766705 867928
667182 725190
843996 973769
780206 882326
835076 954339
824369 939324
678638 733137
841362 954289
732545 805424
739007 813089
734237 804794
721802 786480
855477 954236
871916 975133
792676 870584
721286 774612
694343 739678
762221 825851
606348 625709
837017 920223
610116 626598
899085 984655
682527 715384
711244 747269
884684 956204
855242 915385
675024 694566
625730 636798
773551 808079
696371 717117
926990 981756
923431 977654
924925 975841
898870 945919
932649 982142
734664 757101
844033 879501
780751 805981
898153 933598
610656 613475
807032 830869
896612 927886
811743 829521
878587 902084
765716 778895
643779 644930
683319 687275
792824 803678
757780 766148
774173 783095
889924 906196
895508 909725
810446 817452
930362 940452
816349 820618
735204 735379
601621 596045
747283 745687
863486 863610
955573 953659
857512 852130
966501 958586
911412 903274
930520 921384
704895 694851
931544 919307
924993 912375
987001 972493
816904 804439
651723 640996
798820 784784
965462 948290
530471 521338
978254 958294
764176 749159
861306 839726
933970 908987
813329 789124
714995 694527
877321 846324
873986 842984
690428 670189
750782 726655
776185 749027
758202 732007
683006 661803
884599 847741
807564 774412
806492 773110
782290 750293
825047 787564
600816 583032
983681 927666
855418 810132
827695 784732
697229 666003
851851 802239
900492 841420
953743 887071
885356 824427
619550 593567
592261 570121
996590 910114
900401 827748
984089 897675
927159 844395
967164 875605
775892 718631
780927 720950
919292 831535
976425 876502
976499 875720
966407 866939
815021 744212
665846 624940
993529 885916
898503 809542
999793 887730
831114 753767
835202 756476
849552 764742
929790 824983
782652 711122
850969 761701
853866 762343
917046 808892
927445 816758
938856 825097
604865 571537
868140 767052
762680 688473
944545 821830
918966 797835
808253 713069
914902 788894
987611 840382
673553 616359
822132 721524
873109 757543
716960 646587
910650 781458
993468 839079
904215 771817
649170 595797
861033 740951
754995 667290
851717 731979
796327 693649
882770 749015
794624 689972
958745 798937
687453 617919
912730 763238
692625 619519
768474 668464
561320 533470
796120 684399
810448 693522
958157 786807
944261 777267
899639 747453
975583 792893
748204 649526
971158 789004
868338 724514
640498 581381
946840 769711
918923 750877
594603 551542
661762 590969
989412 784419
846641 697908
595972 549963
938878 745527
761069 643727
961318 754138
635546 568603
675737 590018
952592 739561
766254 638682
592204 544362
980992 752789
857740 685874
870092 691499
607091 550811
869415 685616
938376 720200
986660 743688
596036 542895
883773 685720
830331 658837
997079 738993
734907 609731
791017 634857
720982 599464
953796 708060
859624 662968
796207 631923
873235 663365
849940 651155
844610 647616
686462 576723
745552 601744
906987 668070
907613 666823
710877 583615
804567 622197
885993 653107
704557 577934
831826 628574
827930 617958
899717 642736
783247 599708
770742 593343
903711 640915
541019 510397
591249 528048
825093 609600
871084 623192
864996 620716
940823 645013
979942 656765
821813 603418
961135 647634
794765 592710
986864 655391
764252 582301
678001 553562
721821 565823
987826 649112
962881 637020
773191 579068
660588 543633
667989 545515
697383 551480
664079 540868
806761 578072
697535 548692
693574 546399
683945 543762
763950 561908
843158 579095
755263 555493
805293 564573
932430 591830
827289 568454
925954 589528
957724 595232
690535 534561
518532 500587
799653 553373
858036 563972
975343 585247
719300 537577
642058 522961
913827 570639
866364 560458
870868 560619
862224 558649
962019 574723
866774 556221
834742 549626
798693 536091
827121 538481
923153 550436
905420 546522
938913 549487
994373 555665
999708 551460
865174 532332
813903 525022
952329 535760
810180 521910
652580 509576
779067 519215
929321 527368
756931 515360
909360 521597
996176 525837
925646 518871
761769 509112
942433 511726
815613 506115
850603 506896
654898 500934
639981 500425
849340 502736
872686 499254
611366 496571
808588 493170
889048 485420
697088 490350
848051 483281
806295 484711
984818 472190
974209 464912
892426 467186
988171 458571
748650 475408
767873 472418
841039 464415
679963 480756
752407 472789
849065 461607
812117 465210
887754 454983
550626 493019
783643 461641
826157 454080
892690 444238
810132 455500
973666 431789
956048 434129
972041 431531
938583 435066
758710 461106
633499 479307
726300 463033
840120 442410
831912 442948
983949 416338
823348 441682
646553 472807
813998 438456
825976 434771
909893 415741
714449 451372
874397 411922
837499 420015
955809 390155
741203 441401
924804 394560
840863 413087
827616 415665
917996 389796
671794 453077
849863 399332
957495 366427
864505 390954
826112 400825
907321 371725
917596 368325
802177 402901
924065 362484
918410 362652
718716 426529
770992 407829
984920 329769
955717 338062
810701 389218
816742 385895
793879 393812
797422 391183
959783 329503
973794 324254
766977 401194
718630 417872
971073 321309
612411 457571
930940 334042
632917 446296
639249 442466
968676 302057
896131 331078
940454 309652
920551 318145
808827 366420
772611 381272
990309 284840
789267 373159
616726 449222
970510 289694
634582 439878
944306 291615
878492 320026
997366 261224
634050 436762
875725 317500
784798 361620
715916 395143
783467 359088
714426 393375
616682 442795
974609 250748
899204 289258
887006 295298
598229 449134
963890 249123
811882 329742
850121 307904
800550 332089
933090 256954
837779 308390
698238 386934
733884 365969
943774 234763
953598 227273
710578 374694
884247 268852
789241 324047
645500 412332
938902 225248
942316 222049
998222 186161
824948 296191
700657 374681
839364 285372
985654 190568
973392 193515
564308 460884
947577 209590
811836 298206
746369 340261
859914 262474
936234 207577
871449 251134
895473 232689
909966 221647
862795 250503
762577 318183
662949 388339
964458 173038
926732 197375
764641 312569
828708 266117
896642 215174
883237 219796
997857 131771
842559 247048
826907 256515
776134 292868
770043 296900
925356 173813
717250 332080
880225 201776
712480 334185
883385 197414
832509 237079
786745 271914
960675 128272
796683 262021
967941 121589
981009 108764
717911 324401
878429 191475
915360 159952
755501 290623
934566 139872
998916 81173
995050 78800
986554 85702
564877 448519
949456 112511
964133 99616
839231 207359
803255 238751
891922 160374
765372 270756
751760 282556
604448 411986
802294 236645
959737 94166
930680 119410
871960 171039
786285 246850
750165 278774
981676 67123
740051 286498
942261 101293
977385 68863
842529 191737
924629 114515
781304 243750
759715 262578
936556 95986
743627 276608
915363 114504
947864 81680
832646 190276
812579 208480
993154 29996
787239 227241
980669 37642
826208 186561
786903 224218
727366 281096
919600 90788
869422 136564
972961 30166
522617 482633
794601 205418
756444 243932
831509 166458
672642 328320
915217 78840
886231 107016
802139 193069
633797 366657
866786 124358
840422 150185
926918 56514
892705 92506
609084 390040
840694 142291
623785 373557
724448 265076
962436 9363
859214 119349
913306 59148
695002 294950
758183 226565
852866 123546
692084 297529
830461 146046
695883 291811
763448 217877
803076 174095
745824 233416
768957 203992
841081 122878
707653 272087
701933 277231
764419 202005
806825 149705
754188 208715
909431 24480
728135 237458
749781 208674
709046 257072
920984 3844
644380 333524
849845 85039
567227 425359
907300 11129
667649 302230
912884 2632
818085 117517
889414 23479
770442 167221
683159 276750
722486 226999
775330 158418
810903 111446
879946 22703
651845 313220
813077 107089
892844 4442
816572 101926
768459 160600
851362 52654
576320 406991
574480 408270
728085 200325
693076 246437
715319 215689
805096 88623
656149 293141
862368 7321
780074 120493
821498 63128
841945 31711
797517 90932
805056 76987
603520 361155
616184 342906
635771 311487
819459 40253
795955 73966
707751 200661
805973 43291
661654 262486
764541 105221
622175 319225
544190 440293
812111 20819
747486 116758
748349 112149
633589 295323
732946 128708
732995 128186
695891 188358
781918 45011
564772 401140
598038 342955
762073 58397
653660 245265
650026 250935
598552 339511
752189 72826
653008 242685
727502 110877
683023 186591
758298 48949
738183 84608
766669 33109
738783 81172
756748 47846
617858 297775
687766 170226
711040 127455
555745 408295
713910 114476
759921 26842
764263 11933
676848 176292
738977 56050
706394 113912
678629 157038
655389 193518
707622 83264
696955 103380
661228 177661
630424 239990
653232 190475
695544 99113
558961 386755
692020 99797
666192 153000
732337 6246
578622 341591
637540 210918
652860 175381
584609 325785
625673 224202
713405 15524
681904 86509
577783 330894
715126 5065
713771 4709
656101 139977
562303 365125
695567 42765
643899 164964
708092 3324
700633 19011
701663 13306
663842 104040
531654 435929
524932 452848
543672 404837
592535 279422
682854 46627
665984 88623
692708 17853
672637 60531
644920 133065
570002 327874
618637 185440
672299 29673
570370 315191
553246 363934
646551 90151
673945 9970
594728 229321
575398 284072
638217 86202
600781 189950
558296 321309
626878 71369
574811 256059
574183 255114
541330 372495
520749 446185
573762 235002
562136 278788
628782 11006
567424 255275
535504 375953
554338 288989
569493 220950
613930 17021
617344 1200
538399 355970
532337 377720
581573 113364
553699 254589
575922 124865
574585 131369
562952 189988
567411 136547
553687 213329
576603 57987
565880 121083
572979 60123
541368 269395
536781 297901
544048 242337
521686 391858
569638 43067
565832 64992
514713 439687
563831 63047
522132 377305
559277 67099
540262 203679
511314 459642
536425 222920
532031 252899
534416 218773
512339 443363
525720 300440
540607 130885
517501 381312
542167 52179
532753 167595
535519 60845
537339 32188
528819 158056
525215 174188
521048 237855
524855 158264
527831 61377
512448 383412
522932 144155
519624 190464
523209 101858
522780 95279
523491 32005
523256 36323
519547 130859
521915 20776
517837 136142
518126 4651
514430 66279
515037 8150
511325 188724
509503 300165
508113 269085
507805 116137
506850 269690
505959 270124
505027 214583
504386 247616
499373 24975
498081 214774
495678 178246
503638 408058
489684 145728
496232 279556
483249 19186
477619 9377
474296 66881
475634 84783
469566 9168
468569 18236
476061 119631
471202 64439
478871 198278
481246 237045
460453 49755
469335 140749
472356 202448
455465 80126
455516 120435
465419 211440
430273 27191
424197 5256
486365 386352
432103 95316
479469 351282
430311 94974
431064 107948
438261 155039
476591 349251
426039 103488
459169 271243
411652 47023
395170 8218
419315 114910
399094 32495
442647 230967
405494 89118
412635 126708
431534 204325
421240 167695
472996 368337
380038 14098
441222 249089
377305 14526
476750 391832
452702 307878
471890 378398
408044 164803
458899 341352
437835 273572
367578 47556
423899 229876
416389 212224
409495 195565
370442 75617
435460 278769
393936 154179
390673 146229
440224 304418
380091 146822
334793 24345
344173 66630
386928 181436
432325 303127
335737 58097
406412 240076
426948 293207
316966 11448
374231 161974
418797 277094
351750 117120
316897 37894
340801 97291
442356 346814
305325 26534
399091 250207
288265 1051
391888 237021
295786 39732
369897 203568
298520 59375
271272 2750
343935 159682
338449 151002
300276 76553
376874 235652
368090 226888
360977 214298
305712 114110
329646 166049
334409 178471
454304 401323
298947 117817
337555 189459
272952 71984
282361 89409
246408 28087
396196 301415
266115 71334
325897 179526
245973 40317
245680 40054
315077 167470
319788 177270
222858 28507
217285 22333
463900 429160
427420 370805
231255 60164
233723 66137
419734 361149
217349 45979
387994 313520
316458 203009
457554 422069
404011 340108
392759 327246
350306 265853
240789 103903
348696 265957
326852 234979
266191 148240
235024 103707
275751 163924
185347 36792
164072 9773
169588 18150
365742 298068
205038 76951
304165 218362
231361 118326
274700 180442
232482 123009
325337 250891
213918 100529
167725 39310
213695 104406
235980 134422
262235 169713
283027 201685
138315 13183
340738 279786
235687 144962
217169 124916
116650 342
201203 112501
266181 195266
373250 331361
223468 147106
132312 34377
125842 26993
342348 296593
110461 13902
405203 374730
189696 114042
200595 128008
337408 293507
295199 242590
106748 16710
225860 161228
305660 259143
438515 417044
182483 113242
247166 193602
80943 4884
191968 144418
69446 9048
310393 280890
163450 123955
132254 91548
71972 28318
131902 94741
297226 273039
78277 40248
367071 351354
23560 301
413055 402206
164957 151373
199204 187502
48012 35814
123925 114595
290126 282021
35646 30382
181362 176082
219809 214357
231698 226440
67413 67448
54889 55649
213484 211796
8743 13167
102236 104586
117803 122082
343030 343946
143055 156346
34438 56791
460754 455124
152882 168182
95529 117772
90531 114551
29732 60960
370032 372871
368487 371574
371744 375445
306196 317393
369827 375173
193807 220864
16159 63908
449732 447827
44780 93967
57461 107082
353127 365587
78663 132523
89401 143041
325784 344452
66139 124076
339778 356376
129363 177997
143339 192026
473587 470391
77009 138798
381108 393871
75999 140833
165058 216213
77467 144778
94127 160642
140854 199475
186697 239236
9796 97215
144014 206572
440425 445000
208063 259277
395710 410875
69288 154414
77984 162612
141942 213810
51624 143928
161141 230764
181882 248444
5541 114552
303790 342917
194067 262578
19299 134425
102615 197126
24906 140282
19744 136692
257584 318618
126355 224729
482698 481228
364438 398145
181432 272452
207324 291091
8561 155555
207977 296526
339823 386906
57426 202607
132521 252296
39215 193061
65006 221712
127691 262238
94454 244677
113544 256567
7215 196984
177261 301151
163885 295123
307594 381807
266705 357945
23075 216074
187091 312134
110881 267934
302839 379941
80886 252822
226726 338341
52446 239170
164585 305205
26910 232882
64089 253653
45060 246677
441013 462881
195287 331443
90248 279587
171280 323658
45519 258743
109330 292735
301130 392714
476002 482438
179896 330752
256964 371318
151343 322336
294113 393285
236614 365925
159447 329603
6015 255684
331274 413242
89455 298465
352716 424503
374886 435576
146874 330362
53890 288070
180877 349607
253725 386656
251150 387872
81709 317634
19711 291329
287538 406495
78818 319791
164178 357140
129833 344224
61645 317363
446 296249
234446 392076
279138 409934
304209 420045
204538 381678
295286 416926
103550 343420
55335 332656
232302 399103
185231 383833
67393 342558
96070 354225
156924 378063
87460 355518
79058 357415
117308 374642
378598 458050
22255 347488
189288 399611
25673 349863
141489 386415
155263 390800
89220 371489
65051 367189
10040 352845
208852 411286
402961 468304
355103 454857
206905 412869
5027 356091
63396 372790
11847 373224
161705 411614
123245 406164
192880 430043
63262 402765
347900 464444
29980 397383
149500 423309
442232 484827
185122 432457
379046 473096
233783 444591
449145 487266
125244 428460
13952 411092
245852 452535
44243 421569
343366 472381
147827 441990
176121 448260
275690 464537
20814 427395
40023 431424
91047 441261
93481 442511
139497 451569
27823 439931
409290 486547
183215 460562
42335 446111
74219 454125
36739 451574
20565 451795
93418 461117
386035 487510
147311 466419
172888 470002
224941 474812
406814 490590
427153 492280
319231 484236
25498 464134
46838 465753
97934 469978
182571 475876
189555 481616
244750 485578
27241 477666
113459 483568
332700 492862
33916 484508
71922 487709
240893 491990
401253 495936
109739 491032
290395 495935
83241 495865
34051 496936
44001 497030
379951 498522
114330 504516
362077 501064
194191 504687
279920 503236
107609 509271
81202 510131
125926 511589
149889 511034
241954 507917
415140 502356
476071 499780
137390 515712
101174 518943
2711 524635
234661 513355
4992 529405
78031 526627
109527 527967
11278 536162
83775 532051
184190 528517
127435 534825
344208 514139
183710 531789
257831 525460
263238 526492
153118 539612
332080 520238
11055 560439
9352 562597
249270 532008
103894 551796
40309 560964
232199 535898
166693 546523
138671 550584
149477 551893
337311 524058
264648 535353
172549 549538
186155 548369
334767 525238
150897 554134
64787 568872
354470 522783
34480 578221
135331 561626
987 587493
74710 574963
101026 574093
70090 580550
416557 515704
266235 544865
95472 579314
24644 598491
1664 608949
102580 587413
34451 603284
65986 597462
64998 597754
27559 607244
97708 593797
105967 592498
162370 581977
229722 568175
88553 609892
140302 596135
105187 606310
147173 596892
300474 554978
69822 621804
221059 583430
220675 585478
86297 626498
294114 563320
337314 550875
27701 655648
76252 643737
313260 565261
231588 593784
7231 673837
304703 572493
110203 652827
3760 699141
178243 633496
80462 676390
169141 640268
233251 613692
192807 631502
141651 653311
116211 664680
328975 575654
411664 539852
321909 579429
232031 621533
25384 714417
13569 721317
24543 717978
113609 679849
194796 642791
97290 688332
293244 599121
54952 711633
378697 559075
135303 679037
153758 670759
135591 680252
156282 672252
64016 720838
113796 697355
38115 736375
176260 670153
67877 729639
163290 680295
5312 763971
204815 659052
217568 652447
20674 759730
341204 587713
218350 653957
69395 736691
153842 691334
69469 738971
16238 769528
273031 628790
274121 628589
334245 595017
11669 775789
6621 787536
227651 660321
141236 713675
118663 729638
171035 698890
263354 644359
26135 791247
231050 666483
34350 787607
144393 727329
181927 703886
227537 675534
107582 751606
25868 803438
276818 645882
100021 760675
218708 686801
390996 574245
76029 782692
381555 582159
280749 650219
47659 807467
213028 699130
310654 633703
196279 713276
27831 833003
181613 726833
129086 765849
338041 619230
26202 842569
123702 773230
47007 835533
206071 719288
394597 581378
149131 763806
201597 726144
144098 769181
181367 743348
90150 814780
75818 827838
372064 601662
115859 798122
198013 735529
60259 842273
11489 886239
99756 817463
214614 728020
214884 732822
65212 855063
244679 710639
11624 900179
241513 714366
70092 854136
279664 683478
122033 814791
148532 796727
249742 713871
253105 712316
29060 901222
215785 744191
85171 856320
398257 590745
398697 590775
76241 866649
88828 856131
210977 754664
84139 864555
301393 676706
41974 902972
321776 661869
326329 659555
177800 794290
71031 892741
265456 718116
16633 947122
181585 797379
319944 670365
405498 591796
376093 619372
345338 650629
150826 833982
53327 926249
24844 956132
867 980186
54968 928906
121749 870734
70206 924925
123860 873805
208900 790860
176053 823164
237035 763823
256773 745214
63331 936392
369122 634789
110963 892983
107614 901910
214714 793883
228825 779980
79761 935560
207702 810159
64656 960619
359976 652039
115970 910008
335967 681111
59601 978331
268050 755905
218582 810369
339591 681092
141436 898590
70252 989376
219784 821658
251820 786599
441878 572093
312740 719216
95076 972798
275186 766115
302969 736865
285418 757869
140447 928895
140664 930905
138631 938298
122731 960899
124005 961388
272632 783499
118347 972433
180586 897082
200465 876992
317915 731932
189367 892530
217597 859290
171930 921960
142198 969710
198977 898024
263426 814463
174806 933334
164971 959972
180331 954460
359489 704401
215653 908738
370033 692445
181908 965587
322422 764099
271643 837936
396288 658687
182277 977010
242987 888090
458278 570669
254273 874879
198979 958270
174846 995871
245973 889344
235691 905196
272167 853146
284031 837230
285699 836779
347196 745835
259072 891005
204665 989078
203522 995176
337855 777322
270496 888599
300409 843564
210766 997903
313445 825948
308504 834412
366093 738451
344596 775175
348177 770610
329152 804545
425425 640042
354030 769062
428107 638733
404641 684260
460904 583329
339377 812430
330068 834805
388953 722928
270916 947488
491515 528034
321635 858791
444206 621799
373711 763490
370280 770333
271304 974305
312739 891292
401304 713748
336323 847444
297370 928829
313162 907508
453428 615377
288086 982061
484260 549486
368465 813383
355402 850561
314192 956228
437596 667416
446115 646764
363393 849281
341064 905041
361886 863646
324332 959771
360091 871118
344967 910401
474610 584899
445285 665420
363285 887882
330953 989052
393130 816476
337590 977069
341508 967810
343239 970851
445666 677294
436379 705415
343971 982489
348469 972121
381764 885729
406840 811283
380682 897682
408757 812344
399618 844333
366103 953907
414694 799608
395964 861536
362754 974841
371927 950313
414448 810475
367928 996603
396410 904122
379001 976139
430861 783421
423941 818896
389387 971757
436715 782787
429178 833942
418139 886488
458232 713293
482012 609017
464621 690625
439658 804484
461826 703790
405147 968035
399485 994153
452691 750966
403149 986170
479872 633808
409751 985020
413440 969104
412748 986281
471221 693319
435917 892629
446247 837655
488587 602788
454914 797729
439980 886518
503265 520202
469688 716771
446399 859008
454485 811699
436119 923798
434524 948043
441512 943533
476534 706800
456166 848468
487220 645499
468012 797729
474046 765093
458331 894521
465174 847942
449148 981901
479778 748609
467805 860881
476605 783734
473510 826925
465455 926037
470476 876178
467684 921312
481234 776401
465138 990639
489274 717449
481521 815251
477314 885874
473656 936317
477097 938841
481404 884390
497420 645280
485836 882762
486778 868215
485331 932348
496871 867200
501613 713900
497727 936671
500628 802825
501865 869405
502874 883117
505874 772261
506363 657542
506848 841067
