494743 765659
497551 693225
501958 844764
505574 958548
510911 979733
503763 765574
505591 813551
507318 836140
498988 622420
514600 926826
523812 958534
520229 880657
513355 755351
527447 914718
532553 930011
534791 944552
521955 785337
534468 901104
541947 963868
525072 788499
517487 717842
537434 899535
546099 977833
519351 723345
539171 888696
520127 721952
530884 776332
550253 914988
529734 760678
546906 855393
514167 634459
522903 682990
525077 696566
561470 920605
552615 844826
579229 999586
567633 925193
556515 860264
538916 757633
518429 639724
511743 601058
568864 899915
562718 855139
545496 754650
569904 850821
563730 800925
523792 625592
609726 981948
606662 955682
595056 902536
596933 904500
527343 628483
608210 932964
602570 908106
581710 827059
557356 733897
638560 993019
624077 933624
629856 947697
573246 759119
606652 866040
597413 833442
576619 765662
631591 938255
604584 849053
642840 955096
616012 873156
629824 902803
598497 807545
522274 583881
639648 917432
605012 817442
662849 967158
593732 770747
625170 854271
669688 973282
632410 871263
600211 783793
683691 990600
652037 899892
611751 798089
527521 585336
674129 950315
609797 782846
635417 844990
596230 742649
660018 892202
624140 806862
672518 918374
592682 729301
690053 951290
715979 990520
602881 740325
630842 798301
676289 895805
705397 947600
603111 729647
560156 638908
654601 834158
517490 549113
588788 692589
692023 896396
725899 953840
615908 735892
523515 556541
700289 882128
663981 813956
690330 858368
727974 924520
646546 776577
603116 696911
600099 690078
752232 958879
547220 595088
645091 766266
770236 977134
673913 801667
729695 893038
682830 814890
568259 621978
674494 791351
780384 957062
803368 993420
513830 532764
729836 872746
591630 653976
735576 874003
703199 819137
625016 700330
822576 999263
662484 753003
727220 847978
801980 957776
758552 892967
776068 918695
782579 928155
679417 774995
709483 818983
789293 927611
793858 931559
729487 838346
772255 891992
805932 931636
697044 776541
853643 983263
709658 787900
730824 815916
809976 912340
761981 849308
777197 867638
884636 999707
589174 622859
603240 639776
702607 764763
827401 921243
725540 791307
739361 808563
733596 800870
764388 837617
887837 989790
781791 855948
802782 881363
679072 729050
812324 881320
564200 584833
777739 835807
627171 657415
812463 872203
887282 956919
843453 903514
841486 900465
602879 625861
861008 920029
915681 979174
630014 653935
864666 916221
750721 786201
747869 781044
627448 647679
570145 584464
933403 977325
750003 776793
860614 891826
676725 693931
882050 908151
834995 858640
956420 983981
814585 835922
788151 808106
713987 729904
705999 719972
818054 835160
747662 760357
828476 842633
631039 640466
810969 820041
920048 925281
864757 868910
906529 905782
711093 714037
940380 935155
940002 934144
801814 797612
935533 926201
729488 726556
583960 587337
811665 802456
766290 758862
782128 772309
757481 748481
809831 796795
680601 675694
913145 890528
752560 741393
905752 881744
921634 894020
830394 810053
937649 907633
946925 912732
940349 904593
993838 952700
751879 732620
776384 752033
932030 889930
855345 815430
536364 538213
986132 921675
840834 795360
708138 680888
954386 881374
983106 903869
707925 674391
994340 903420
925373 846507
903171 828033
650622 626400
978215 886160
972789 881358
599994 585381
576696 566904
997795 898194
878050 803565
973669 878140
537112 535248
620808 600031
881426 801381
603563 585022
797186 732410
842662 765266
757267 695904
800547 724591
937884 821078
767257 697314
950071 825582
949290 824031
910354 794061
665387 621957
967656 830060
667165 620407
918281 790521
848637 741802
868141 751098
921516 785578
731757 659416
995513 834469
956766 805569
793643 695963
978416 812893
892461 755039
968668 802800
875557 741948
632090 587445
904860 755157
915581 761351
913403 758311
824275 702934
752951 659277
774994 671809
917578 754120
937876 761850
945707 765412
741213 643292
994623 784391
938079 750335
615019 569101
869147 709725
890723 718901
968959 758471
980477 764150
906907 720974
800605 660028
830717 674724
711350 613031
999785 759266
898327 707081
762529 638022
932783 718850
595134 551035
638556 571452
531608 519341
987581 733442
742650 617703
908731 691671
952996 711917
879530 677738
853364 663593
757865 620046
778650 628722
910797 687386
984664 719091
925505 685667
890812 668115
842047 647269
525080 514479
829732 639983
799757 624993
890524 661559
984835 695312
856896 644603
942930 678296
896402 658096
562336 528110
899620 651636
835719 627838
939234 663713
946408 661803
902245 644487
971926 666172
909760 644026
747670 588222
719098 577989
721960 578169
598546 536320
931390 641226
802566 597677
787380 592524
730277 574656
893193 624428
779468 587888
694304 561536
512649 507207
771536 584217
711111 565978
826311 599410
770324 582450
924798 627042
772362 580070
881361 605072
852807 596911
907738 607677
789644 575806
904920 603243
793460 575330
849680 585746
860136 582243
845033 578577
965292 604840
770420 561283
920436 586683
871942 576772
641194 529256
720610 543099
775869 552702
810376 556785
792372 552182
794063 551517
966706 578546
934002 572524
995608 579320
635084 523472
794984 544601
943299 560339
958594 560609
882543 547640
940911 548366
695774 521371
900380 540136
603449 511803
921832 538625
779238 525850
978169 541175
737710 517671
720375 515608
623999 509522
845163 521415
749617 514167
746221 513645
803727 514283
863124 514996
951906 508294
984639 507373
814547 504782
793904 504482
740484 503934
836655 503352
999027 503789
814552 499071
934980 497942
864151 494677
884712 493352
775869 493510
897762 487898
860364 488034
835385 488942
651372 495337
858442 486202
963984 480427
946358 476757
986856 474445
975424 472191
884607 474661
749546 483444
962805 466856
969719 463812
630616 490677
574591 494949
786405 474591
952687 457766
902024 462411
719828 479686
935849 456476
890618 457787
730269 474403
768367 468680
684193 478538
862144 455112
906666 447864
890219 449493
746460 464148
866441 445658
697683 470254
750339 462106
623676 481494
599343 485144
957225 426571
975031 416613
868505 434124
980395 410754
994862 404876
868241 426750
671363 464890
723768 452873
758050 444126
590706 480606
876515 414033
904755 407368
673354 460295
541613 490313
963161 383119
732878 440393
908334 393103
968469 376065
725467 438935
982303 367434
972410 369725
903615 387138
932028 376681
858923 389471
827148 397337
904103 372353
644409 454251
996114 340999
883487 376700
606979 465072
662018 444055
902155 361266
590580 468126
935159 348180
733554 417764
872925 367284
685013 433446
741678 412702
973209 329270
756618 406034
619155 454607
677263 432331
608474 458290
912801 339576
663801 435013
780452 388659
779551 384177
776993 384343
891601 334613
958024 306653
899538 329921
600451 454184
892382 317756
929820 297563
808107 354054
889719 310159
948934 279907
946889 280388
938016 280841
685088 405608
925541 281849
902004 292227
824198 331963
927190 276052
622900 433858
735794 374138
932655 269881
935133 267424
872977 290574
601477 440824
773426 336811
840935 289305
778579 327189
840183 284941
817432 296611
569856 453545
710879 362093
890025 245793
900623 236473
839550 276245
941010 209119
952431 195323
911046 222923
890076 236682
928235 204936
816070 280844
666968 380734
845350 254943
882412 227304
950839 174015
981223 150973
987798 144765
977501 151298
865508 231301
885536 216095
881394 213406
597313 424879
948366 159282
782112 283938
837530 240153
795515 271551
885237 201217
967233 135095
928339 163459
765331 287194
969515 125496
876962 194251
705694 331765
759791 287885
959821 125868
700338 333540
956939 123615
727395 311114
971723 111322
692339 339524
798329 251273
870872 186179
932009 133838
901790 157932
923037 136919
952813 103894
820707 218140
872722 172558
820439 216514
868751 174235
821044 215244
906355 140230
860355 177078
618473 391245
962450 76135
861784 167406
923009 111145
875778 148376
940427 86322
796245 219126
634046 368769
750750 255591
997700 17876
606032 393224
857355 143816
792860 205502
852527 143160
956887 36604
693997 300260
925964 65507
649371 343786
828737 160100
975861 300
735195 248762
780951 197992
744407 235171
908980 57897
896936 69371
902007 62327
912124 48376
937889 16612
885616 70840
832913 125184
797135 162896
883474 61631
814652 137284
926360 9431
914286 20013
584935 397531
801554 147102
905727 26870
840881 100336
558867 426458
655740 313286
626861 343531
860949 63875
870660 46917
753416 188002
826492 91213
588079 384294
756042 173302
881684 13041
832877 66815
546101 434735
762094 155462
723480 203735
765348 147633
869865 8013
693475 239218
712640 212146
725067 194841
856814 19060
791314 105676
725598 192420
704963 218271
737244 173722
811016 73529
750194 146522
745629 146337
816614 35009
590351 359142
587072 362462
674526 229392
525126 454797
696233 191987
814568 10359
737717 117254
791152 30432
733649 121580
689236 191848
795602 15050
788041 23638
775686 36449
666466 214835
722406 121527
726346 114172
784511 3062
624844 273908
684414 170041
740328 71333
578475 352584
775628 2728
694942 140029
576422 352997
750808 35807
713290 103198
538522 420976
702070 119573
699161 124099
716639 87826
737205 47302
695241 121392
745155 25096
679781 148156
724345 54721
707111 88116
732931 34038
631403 229040
700822 86726
660941 166742
739614 1744
524833 439128
611018 261869
652729 175959
722405 24012
571922 334686
601160 271893
690257 58448
589165 285455
600702 259142
594767 272043
684598 53113
683146 46751
527268 419158
561477 328855
580198 269073
648298 76294
655579 54982
620935 140142
557595 316351
646943 48700
603311 162336
571041 258825
636851 18205
593148 154340
536014 350588
547213 310021
532625 361634
585442 151484
571698 204070
578940 166669
559900 240931
601992 69018
529039 361069
516771 409655
601063 49163
605054 19844
574273 139870
595806 37720
524445 362961
576392 111691
566829 148436
560095 178726
562518 165739
577447 84113
575526 79748
545954 232488
584897 28071
583045 26518
576944 49721
577554 46185
538718 247868
536542 259075
566692 48624
543222 187120
530774 264090
555390 95037
562227 29890
532371 234452
539972 172851
561303 17150
539677 168550
530632 223172
557142 20043
535348 183700
521660 285330
519444 292198
529551 202906
522683 256876
542516 18696
511948 322143
505758 378924
512476 295862
531037 35095
526119 80749
507238 320631
508375 277733
515726 137644
510167 205838
515145 84635
498530 401432
502791 302747
511351 46732
497591 405037
501512 279516
499770 147365
495222 85711
493416 141128
493649 358837
484791 81733
485829 186137
490874 378784
476920 60084
482394 224966
472210 19509
469800 44543
470779 74466
470738 101044
469952 109347
458411 27487
464993 141649
451774 14697
465313 198990
451708 69293
448976 47907
447038 33084
449951 63868
478922 351347
463584 215289
472860 311193
446310 115832
473488 338028
456774 216329
433328 93109
447141 197123
445713 191190
417561 10933
438397 150782
442608 190927
427771 119474
443449 216643
447296 242730
413582 88110
420477 123963
461284 335559
425352 154386
393701 20451
391846 17041
420778 157925
413068 125185
440917 270651
387231 54533
419930 212171
464722 388510
362739 9990
381331 81368
370850 53082
395198 147440
351681 6997
400594 182363
402371 210735
404106 220060
396061 214444
402144 234074
384446 187499
330580 38027
360165 124214
344237 82271
361203 134794
349305 103232
364558 155586
381032 201698
457490 405965
311719 28532
352071 148198
334145 105480
426816 335466
356500 163188
338771 120633
475055 455162
448779 393824
458852 419266
307619 67787
389624 260296
305037 66602
301137 62883
479836 470898
302451 90869
465885 442114
276380 43566
348073 195196
421466 351032
311996 126647
282994 80541
296863 111230
275715 69953
352180 223575
269706 75380
260131 62411
304334 147826
384562 301113
286924 122527
237536 33273
287715 125269
290446 133621
422597 372597
250816 65635
275925 118639
353798 255470
226820 36734
323347 210085
329382 221842
271746 127199
202175 18239
299169 179994
280951 154841
365615 294351
472357 466620
299584 189596
397260 346442
250786 119255
303763 204411
232471 94960
257842 135232
280538 174063
305849 213011
211141 68178
165894 9856
276449 175846
365154 310351
368871 317753
378878 332956
321847 250236
200167 82829
403789 373156
396396 362906
225204 122387
474088 473631
274340 196404
141105 13527
258991 179459
260328 181853
153375 39894
337908 290358
389652 360988
330895 282689
198783 112858
241217 168810
202075 122027
263574 202089
205509 127601
151637 58638
147811 53853
304140 256041
262431 202859
118799 20821
254081 195139
129839 36540
354023 323085
429210 418959
117597 31020
164527 92673
363172 339647
127572 50164
203264 146752
191947 133510
80720 695
198102 143066
89462 13212
461128 462065
145912 86145
252475 216644
78575 11609
158143 106211
277424 248801
77039 17165
208861 170759
194247 154072
190438 152103
207942 172298
425038 422862
225807 195816
63390 12088
97781 51524
323455 310029
318747 308796
265979 257834
355807 354304
374488 375141
220891 213512
164417 154751
48695 35437
15784 2194
137333 129481
131688 124195
207918 203970
114790 107680
291229 291475
4374 354
175733 176025
315164 318988
46054 44668
117908 118987
31933 33332
8899 11262
38115 43735
54 6239
91631 98847
96999 105685
329623 338515
2596 15652
39406 53935
275537 286571
71604 87898
89916 107867
81042 100289
176124 193010
270311 284919
125963 145443
284119 300530
380938 393388
69337 95720
198804 220914
111631 138834
75088 106647
235680 262147
128146 162814
137912 171928
278025 302521
364072 382456
131553 169854
129019 168824
233319 264385
103529 148142
87468 133701
105194 152372
198443 237188
41091 98529
156316 202592
10611 75383
409623 429223
88961 155735
24856 106039
20966 106252
25991 110789
87706 164511
188445 248527
271716 323085
16078 118648
63307 166184
233647 298870
308317 361283
147524 240407
70489 184587
164336 255032
67936 184454
251016 325009
98220 222974
23603 170647
48906 189227
178776 281852
61256 215439
9711 189337
421254 455016
247584 345905
160184 293019
169805 300817
100230 257966
77325 249804
21770 217566
85246 257496
29423 229943
183122 321976
128762 291628
206721 336571
191406 330173
126939 294285
78599 268106
246527 363548
60257 259859
340311 418011
173243 328570
449068 477474
143586 313752
256806 374942
63120 272804
5251 242643
134888 313499
106185 305232
131679 318945
98311 303554
15377 263245
76739 294369
161791 336672
401575 457304
163810 343468
31972 284563
314353 420216
93102 320472
169914 357323
143310 349482
124259 343713
291614 415190
226399 394683
113791 352341
213993 391828
270171 414322
153382 372376
220125 397794
65131 341014
249648 410486
141293 370216
36099 332805
70947 345929
86763 353347
303395 432840
102228 360686
195247 395495
36929 339270
58003 347883
167906 386952
28091 338817
356672 456117
207099 406623
307614 441528
119984 381218
192557 406295
156897 395533
97391 378531
29297 363611
185055 411049
261118 433593
390436 471711
256509 435681
47575 380873
284160 445281
153546 410340
232 374466
130012 407950
88124 400141
280700 448405
87207 414549
118398 421686
225415 444634
396271 481096
117074 425129
63272 415469
78783 419107
9900 405469
116408 428743
65526 420737
76287 425991
332262 472974
70469 426904
357473 477911
15253 418832
203001 451977
30029 424515
306625 470832
14709 425763
34083 433784
304420 476354
60552 444576
212547 466315
72473 450977
22885 445487
199493 468403
112517 458919
120092 460298
320460 482722
163126 466869
143717 465678
324545 484458
282224 481068
183012 471441
328655 485623
144989 469877
70454 463455
76510 467855
305813 486576
165570 475719
127714 473202
151848 476760
292320 487164
51806 469976
87747 477863
113774 479530
250160 488926
39705 478069
204130 492224
149653 491149
52335 489019
155917 492019
275446 496370
177399 494644
201133 496063
209733 501226
215340 504797
361761 505019
121550 516015
414119 505142
239486 512969
366343 508247
200383 517952
376199 508441
242417 516966
308971 513560
408022 507517
174617 525780
50192 535332
15290 540406
91442 538293
39274 543472
44172 546815
196733 535804
130809 543912
13757 557566
26581 556590
9314 561580
23404 560702
312526 526538
425838 511219
218029 541843
196804 546732
36569 578596
436468 511820
438691 511969
218674 553898
286438 541882
357431 528788
272441 547212
244450 554813
17629 606408
176119 572430
123040 585071
113215 588496
188336 571493
139615 583785
49529 609627
351002 536666
189222 578130
241906 566931
34658 622545
210024 576823
89475 609425
22340 630638
433664 518550
267472 565271
30088 633467
9918 640413
137152 604216
81720 622820
244284 575939
322928 554031
90122 626436
102816 625330
196543 598499
167169 609921
463465 512306
152343 620948
214110 601071
287058 575454
286794 575874
30159 670398
162875 623550
212638 606857
132679 637032
148477 631264
17831 681670
81733 658283
73645 667247
65882 673478
15622 694332
139952 647384
79272 673126
161207 639312
40946 689972
189723 629555
407093 538443
331495 571678
64086 691090
50800 698776
254558 608495
2076 724232
102007 680083
457114 518782
82175 693334
55680 706089
231383 625018
144401 665862
197971 643770
105653 689421
317326 587793
131583 679443
138437 677347
45141 724328
81369 707987
37739 733565
125099 691297
52537 730454
39346 741648
163935 676022
246694 633201
28393 755721
148706 693694
93447 725719
109584 720443
80098 742456
91446 736141
39821 770339
27076 782500
109914 736349
107659 739654
117910 735146
387948 568181
105054 747775
204229 685467
111150 747014
244146 661989
278370 641986
152462 723901
299273 629546
126538 745958
74759 783323
174691 716858
204956 696593
170125 723632
236533 678253
280853 648234
14809 831344
327923 621448
328707 621536
119945 773168
189767 722767
417879 557417
98778 790981
82959 804559
183878 733003
306354 642754
73726 819139
215832 715215
38487 851585
131849 779997
29035 864488
239466 701358
37009 872864
116951 808215
47464 865952
395108 583035
4985 906087
291105 670186
129949 804891
313071 653017
45323 881528
38886 889989
9251 924499
174693 782012
80238 875868
354110 628327
294378 683526
301517 677950
141126 826406
260408 719366
15330 948148
57433 910990
96502 877319
263388 720438
267311 717865
173904 807197
88525 892005
113280 868247
258294 730187
113248 873159
29715 957420
172982 819580
8969 983376
33896 961310
57890 947596
212809 789765
49163 959276
219781 783921
89575 918154
430699 567007
334940 667651
143464 867690
93733 921876
29460 989476
53492 966026
124435 896447
246079 766869
160880 858166
110356 912935
114480 909481
130217 893575
112202 913935
207210 813104
238110 780557
106777 925261
174254 853283
119959 913671
215125 811801
316830 699485
144676 892236
396535 610838
301375 718960
261999 763724
86974 962273
229960 802773
111171 939309
354652 661159
309101 713676
304131 722816
218446 823313
163889 888328
81843 985656
428388 578887
102438 965478
389082 626954
269400 770193
179036 880373
283699 754919
182112 879713
145763 926415
171355 896574
411347 603091
104340 982172
210814 851091
237764 818472
342516 690198
332587 703185
121925 973822
175017 916710
129065 982477
239410 845301
239200 851491
178033 936389
171337 947888
220346 881042
147236 993746
334495 728254
147378 998090
203970 921363
299809 784855
320713 755211
402424 636772
395568 647576
183312 962276
239061 881386
428198 600627
331189 747428
295133 813318
301921 802909
238009 908149
265324 867380
233675 926185
241616 913492
329601 770260
407317 643863
271283 879782
213720 990494
229091 980523
329006 800889
233745 976823
400844 672572
274617 919114
341099 804605
404286 682994
410831 670587
333793 828298
259085 992301
405344 688076
322503 863134
293360 930370
267243 990019
382796 747062
322368 884872
340690 844976
308442 917895
447074 608481
317387 910473
347104 842262
318643 909690
365621 800594
325253 901492
293923 978541
338755 875386
348136 860934
325091 927624
341692 888546
325250 944320
368736 848467
399958 763143
388967 800087
356988 898638
338024 964676
359601 901823
329228 997910
407713 765280
395485 807030
357305 929060
383725 850147
470653 576204
364169 917956
377031 896379
412957 782632
407064 810321
380673 913824
372409 943919
369322 958838
395923 864482
473127 581789
461020 632743
397587 911509
407969 881000
385551 981556
411400 877305
407575 901471
488746 526949
435472 777866
413435 899723
454284 701994
432439 829962
420187 900630
422833 896156
449010 761537
432521 869448
441534 820564
426206 981560
429963 956562
444835 858593
451103 880335
475606 684362
448461 953820
451141 965595
476770 698647
473353 741381
458550 992264
477098 742081
466093 963646
477620 787662
467574 963188
486847 640009
476616 866308
472876 954403
479742 829889
483373 763589
481252 908228
489381 730818
486987 925761
491595 787468
493672 739269
