502817 958799
505686 979011
505961 984169
503211 659035
505699 796850
508527 955076
509141 922776
513038 981140
513254 981708
503374 568281
510875 826024
509267 727304
509481 727356
508310 668953
521779 965493
520479 905056
516790 821327
520611 870859
524646 896080
522333 822364
515616 709321
523517 819013
530487 907089
534511 946989
539936 960483
509554 592084
528867 785192
521519 701074
550097 937975
550535 941661
533747 778451
558830 942858
546120 828012
569685 984327
535369 741848
547118 817994
520954 637443
553242 850928
567796 945472
567684 944684
562900 888598
565060 899116
574447 955824
567278 909447
536409 715331
578087 958246
583934 985945
584283 979544
539695 722142
532062 677422
572026 899473
555432 806037
581990 949673
565435 851055
586836 962680
508910 544285
521640 612402
539255 701846
590199 966693
593364 983040
573356 862172
586493 921059
591982 927397
544649 699500
612469 984113
603665 945990
561309 758374
593497 871109
584661 835798
581303 820253
594135 866348
535891 636680
616526 941247
631690 995745
596732 858930
625044 957343
622598 948366
553711 693948
505667 519681
527889 599666
603864 872493
621749 936367
575088 766620
619501 916572
591574 810272
622327 903900
633545 934162
649909 981774
557743 683230
638501 936928
560135 686506
648941 958342
609025 832515
571668 717993
581505 747511
590611 772330
582536 747242
585860 755890
609307 825296
610908 828921
656740 959178
539561 616073
612122 825331
635749 893702
656172 950354
628916 869415
569340 698427
625849 859123
582132 734071
600550 785225
592564 760794
655553 929197
678276 983960
665057 946512
637654 871582
592126 748606
645910 892079
656505 910248
671492 948147
575372 692116
650579 881620
652915 877790
665988 909286
658008 888246
592418 726709
529024 571403
662413 889874
542015 601648
708084 997417
665637 890467
606119 750385
658542 871177
671152 900295
655710 864182
600517 734278
564618 650524
678352 912743
560958 641189
678250 909622
693189 943220
702707 953886
539166 588759
602706 725804
670857 873761
650827 827736
695079 921146
708653 949607
708245 946766
516242 535829
596401 704334
712787 948328
573847 653398
684849 878487
612151 729160
615684 735815
709944 921403
720363 940535
735270 967809
549572 599960
682805 858397
652601 798053
746027 975932
709421 903385
753318 986923
564546 625296
724520 929735
740984 960068
706758 892182
707254 891625
743900 959321
591742 671836
719219 906995
607272 699681
646856 771859
763190 979751
715319 892170
713480 887301
518503 535352
768442 981708
772034 986818
772517 986709
656254 778513
737778 918156
609394 692984
714187 874430
737962 908884
685213 817040
649434 755928
582568 642052
703449 844460
781852 973629
758670 933693
788046 980989
724865 874277
694200 822200
764675 937731
680649 796460
535400 559969
666327 772862
660976 763094
802699 991606
759791 921554
749837 903421
765167 927339
631260 711470
729764 868005
756434 910118
705354 826976
570609 613779
745527 889479
742555 882917
770202 923232
596753 653026
655835 744713
662926 753898
597371 652061
719238 839213
644697 724539
666234 757014
773103 918778
650166 731014
525213 540885
822879 991823
587632 635147
767157 904087
717928 828719
730259 845309
796128 942891
777830 911293
701599 797679
800093 941687
817099 963202
768949 889447
775962 898054
817099 952397
744637 847236
845685 980596
824347 950474
577870 609245
735755 824723
834210 959168
624151 671763
846598 973980
860565 990987
775715 874302
757994 848890
815268 924136
869310 995245
727365 805373
837630 951716
856881 976889
716811 790629
747158 827686
871210 989088
838462 941378
829515 929470
861113 970049
568032 590463
750162 823463
608605 641807
708897 769973
766569 840227
828011 915834
643729 683331
866017 961804
896621 998805
566485 586022
613036 644071
841111 927065
770030 838154
790735 863500
689416 737172
867653 956363
749038 805720
681390 722226
896353 979165
723857 768990
903730 981360
621516 646584
819112 875829
834588 893039
873551 936950
786224 835170
906688 974842
663236 692265
761735 806013
768342 813500
870735 931841
640033 664268
929004 996698
911544 975984
903438 963910
923649 985723
739712 775442
914921 973687
755419 791779
919507 976184
868598 917598
725384 756436
777242 814678
877926 927633
906781 958992
671157 694895
732539 763018
710455 738248
858453 900519
639989 657673
938773 985072
720945 745777
695698 716727
897560 936771
747376 770949
644716 659294
885938 917020
830024 856720
560030 567243
864102 887117
926983 953179
857011 878746
934387 954627
947639 968362
792138 806329
672904 682458
975759 995331
898792 915053
892323 908117
718809 728734
926266 942284
951178 966946
762806 770377
836154 843638
896343 902880
798377 802764
959809 964104
873179 875850
880019 882524
916458 918204
753787 753246
869232 866394
987920 981611
913139 907599
916998 909365
913177 904943
801535 792773
824337 813733
816526 805698
947639 929224
728965 721062
935954 917646
903708 885053
685058 677764
918919 896724
888443 867838
926260 902385
872547 850942
826131 807520
845939 825828
932936 905780
816885 797883
912526 885699
729582 715103
784848 765706
837901 813664
820702 796731
998037 957891
734494 716980
823159 797659
902300 868921
878785 846847
689222 673884
788866 760589
738975 712995
965475 908423
912797 861927
989962 927952
573372 567044
628437 614447
784339 747973
974660 909559
924200 866243
891459 837518
896534 841664
785159 746509
853152 803784
768193 730864
724124 693135
620076 605026
601274 588779
785563 743090
770346 729988
821202 772098
671457 645477
671400 644886
778588 732513
656164 631639
970960 887504
992282 904743
887901 819273
732169 688613
802929 743543
922256 835452
875901 798994
961022 864519
890288 808759
907585 821454
747330 696282
930387 838792
910083 821543
596067 578129
844050 768735
996519 883878
964587 859126
940944 840391
673232 634783
587871 569489
766481 702037
924183 819067
966273 847958
858031 766852
710469 657750
756555 691182
940206 823094
869716 767952
836325 743447
845935 750110
804658 720306
895820 784564
904629 790292
824979 732597
725425 661699
979452 839519
818647 726176
734797 666754
941989 809991
997451 848318
636981 598303
923698 795942
505936 507928
961520 817387
944787 805688
863604 750449
997920 841428
740018 666309
858397 746245
848445 738960
698981 638109
942793 801816
907963 775113
778273 688583
880935 753116
998315 828105
996715 823507
927020 777094
957246 794074
974053 804345
663101 607222
767505 672767
838781 716668
891505 748863
939315 778114
981722 804524
995217 812733
790717 684223
934502 772869
683816 617693
946140 778466
944180 776126
894268 745131
783968 676717
962943 785205
937827 769818
766454 664850
885733 731606
906430 743440
575890 548595
962277 775142
905352 741127
999113 795892
849690 708450
920781 748224
765624 657366
683976 609975
839276 699114
855228 707697
861102 710050
663104 596296
772666 657923
798861 672666
758794 649525
812720 679575
959767 760081
731116 632298
842492 692791
978221 767532
943538 747511
912228 729956
955143 751094
944548 745052
963138 753513
801024 664451
783318 653928
813958 669844
999934 767610
991204 760287
723417 620420
838355 679601
654685 583588
931446 725376
914081 716461
709433 610673
938092 725284
945662 728926
912915 712229
882052 696334
966672 738486
974826 737687
815291 659100
920661 709755
662982 583717
777511 639201
777791 638914
579607 542630
842552 669604
833981 665215
844234 669517
565521 535580
837863 665162
993041 738434
858783 673212
907264 694520
641548 570164
920470 700120
838366 661848
861890 672639
833099 658026
714439 602864
564027 533244
730564 608068
746627 614990
812738 643244
965559 710163
943017 699008
749392 612818
728941 603866
589358 542890
609785 551404
900458 675017
980877 708939
927588 686239
934990 687543
684017 581619
769334 615573
846671 647462
860672 652547
619166 553241
889228 663595
895389 665174
863661 651888
934793 679193
936029 678636
962245 689099
877765 654716
858938 645067
853096 642692
921339 669415
998814 698342
946518 677432
975785 687709
897097 656840
698142 579733
928628 666652
999363 692186
962270 675444
831681 626766
733569 590362
884130 645614
925891 660450
801556 614416
661056 562930
983385 680012
768898 601487
798402 611809
993861 680414
879279 639428
775632 602455
789385 606004
992250 676842
754445 591154
890671 634009
835122 615091
759510 587651
729526 576317
896933 628502
895106 627737
787268 593950
961938 646197
699486 565393
913847 630008
675628 556196
963629 639333
748542 576398
855695 605451
765246 578659
895679 615023
930583 624078
884996 610136
578034 525215
985361 628067
856847 594170
712440 557704
821965 584551
897487 602014
673686 546086
726761 557831
948564 609930
882948 594296
871748 590567
914306 598090
584133 522391
731508 552512
839727 573584
885003 582759
630539 531091
804121 565714
781215 559589
867208 575565
906616 581641
760138 553505
943987 587859
918564 583022
648975 532436
746810 549493
867623 571006
834078 563490
843572 564813
786555 553211
855097 561378
553539 513129
711628 537887
717365 538262
764417 542499
976755 571988
652107 525842
919877 562253
962771 567125
663449 526102
630249 521716
749375 537245
846131 549782
942273 557779
825266 541494
739263 531375
547158 509985
769295 533951
877436 544871
805262 536598
994570 555685
995390 554805
962486 550786
741427 527177
804687 532771
760015 525081
888624 533317
634338 514644
905179 534066
802242 526101
770372 522286
987446 535421
922250 530999
735833 516721
787371 517601
569503 507834
895177 520033
857861 517951
922672 518938
893567 517951
587261 507658
994770 519693
712927 509505
944517 513496
992745 513736
655013 507656
566116 505893
680458 506880
698111 506016
963423 507166
813576 502825
810325 502503
809625 500998
872154 500049
626175 502976
949920 496157
735766 499064
721845 497870
623221 500825
721429 496420
915757 487415
942470 484052
935475 481125
960771 476139
758766 488633
873291 480806
984317 473008
932808 473773
933796 471956
883786 475180
909377 473032
994532 465391
935819 469624
782081 481966
768038 482391
926962 467040
915220 467894
878563 469418
830440 473639
739753 481951
648609 490478
995500 455792
756362 479385
737942 480835
986560 455060
640398 490217
961558 455420
819085 470130
805516 471260
944913 455405
641785 488948
669399 485089
867593 459840
914431 453841
972735 446426
995947 441567
839333 461542
891314 454429
905745 450358
883694 453176
904409 450085
744850 471259
955635 441460
964873 439153
924718 441819
707828 471034
827735 450999
770591 458703
866084 440226
827637 444105
883722 430998
984239 409738
613572 482831
676141 470447
826941 439733
748366 455335
943955 414698
855791 432616
782250 447316
911093 420637
598562 484876
917627 418387
614684 480958
698819 462678
739172 453399
817786 434926
996878 388628
576421 487236
979101 391170
645672 470140
971790 389807
781860 436121
953797 393601
927769 397143
915220 397831
974900 379169
698639 452313
751805 437357
862667 406339
862726 405622
907392 392459
934245 384936
695073 450332
700644 448623
965889 372816
613033 473068
624971 469423
930682 378475
668231 455657
769265 425614
980010 362234
930972 375985
868844 394079
740701 432616
601174 474800
895540 384354
532098 495556
635473 463592
890751 381741
969780 356418
862118 388271
861892 387472
926306 366281
940562 360682
984131 345847
681784 445196
573263 480961
828038 395620
556078 486601
816560 397448
652878 453121
835112 390191
733997 424395
902435 364696
911335 359846
867965 373728
738626 419327
779652 404215
778788 403842
977039 330652
986260 327101
854478 375225
935313 345452
614674 462709
919162 348910
640173 452462
645187 449196
894168 352445
759929 402777
657977 442775
730163 413901
927761 333909
974887 313160
932949 329025
719147 413804
981464 302641
992224 297136
833286 363453
792210 380578
756291 394164
942582 313103
858659 347606
828691 360452
914666 322261
950006 304516
773827 382739
624047 449776
738645 397707
978918 288560
975709 288274
669252 427951
837400 350583
718122 405058
985865 281446
791507 371013
807902 361313
922760 306935
756815 383835
765320 379439
654106 432252
962860 285010
886373 320602
832609 345204
907156 308391
804650 357226
939039 291105
947086 285829
751990 381557
952925 279571
960631 275161
978888 263711
652929 427809
623456 442432
887779 304629
988027 251325
917319 287761
688790 406647
778557 358486
618918 442108
978486 246343
946443 261325
877838 298525
893638 288917
768341 356819
878089 292852
974605 237594
989615 227193
686511 399298
872007 293228
803725 332208
785803 342100
908734 270737
780418 344351
742285 364843
847587 303408
833784 309131
858257 292557
992393 208649
695603 387442
884594 271003
817090 310573
949523 228348
769798 338321
983428 204289
910345 249112
821670 304309
894853 256343
785012 321786
863734 270254
900722 245864
787968 318007
861258 268426
809794 301939
918071 230092
764247 331390
976246 191003
898566 239996
838333 279724
980820 183026
540495 478619
741100 342894
684055 380986
834266 275893
795293 302635
923638 210525
972387 176368
665541 390323
878927 240047
884472 231683
799594 291541
913325 208761
974379 159223
879738 227325
938819 183031
946771 173341
802474 280587
537528 478108
951150 167614
918204 191901
883458 216783
990476 135888
615801 417582
772773 296765
617372 415348
956538 152976
979069 135288
789263 281761
636283 400298
859922 226048
801522 270800
852469 224284
966103 133022
860587 211228
614820 412014
690822 348424
933450 146663
953145 129383
799242 255149
982558 96308
659861 369858
716526 320811
851271 205284
993822 81544
997741 76814
811470 236564
940367 123345
958365 106404
596788 421315
990407 74947
987472 76897
853997 194364
925812 129837
878277 171630
733373 299628
833166 208191
955359 96667
796837 238797
817571 219617
650017 370885
969943 75835
985791 60902
966094 77937
834572 198185
784793 243472
992590 50345
735670 286136
905848 126460
666811 349989
872923 153943
850634 174988
765904 254087
708428 307980
760987 257467
757371 260272
627840 383561
929599 92856
895311 125727
989045 33773
795478 220592
725494 288251
830130 181251
552259 454892
732254 277113
738341 269600
910788 97098
819836 186259
934903 70425
749888 255217
933037 69304
689002 314338
931567 67527
833699 166857
848719 150581
945310 48801
913647 81056
746796 251266
899676 92562
873120 119064
748666 246874
912838 73381
794106 196317
933321 47170
943435 35745
792503 195928
963034 12262
653412 342633
865078 114884
908707 66315
646387 348265
801862 179235
844914 127496
714668 270470
836289 135182
772212 204825
781856 192399
913029 45231
795935 175179
835370 129744
822304 142308
919273 30462
619086 370309
929608 12531
549002 450169
812505 143615
790016 169233
722666 247350
926130 8125
839832 108816
663761 314905
739002 226745
658501 320039
803975 148580
755987 204821
896035 37953
648085 329416
820037 122721
851120 84713
888173 39748
905049 14861
636395 340835
819068 117996
735043 219820
614928 366070
906389 9015
896868 20459
793426 145047
872504 46831
639300 333876
843863 79233
816007 110642
838671 81880
766960 160242
852488 48566
617032 352710
738552 190940
666721 285565
689806 254405
839427 52950
817566 81922
829649 63876
842748 38184
776307 126640
761721 144156
817424 66259
571255 407118
664104 275960
845363 18659
754810 144988
824668 44797
778986 109656
827737 40164
733412 173171
825371 40066
799186 77127
807336 58799
826651 27245
779926 94030
605864 350267
823281 27011
763408 113283
797644 58626
766655 104639
711116 187155
780271 81436
677401 235838
787932 65935
804248 38962
645980 282189
732778 146513
639702 290675
701295 193620
719366 165178
753641 110489
796187 41093
745152 119732
585825 371393
725105 150233
760942 91009
577561 383598
650669 264244
585784 368940
708068 171064
758181 86790
594691 353180
668357 231542
747968 100755
789025 31633
777889 42141
749181 88712
694861 179919
766504 58802
718615 137632
636446 275576
684738 193294
726655 116379
779875 15147
566263 390454
717923 120589
665479 213192
730334 97313
757132 47343
695227 156323
659849 217009
768439 17305
748329 53842
667166 195081
720001 95759
741422 55530
672524 183824
657517 207280
590813 334087
659729 201945
756504 14478
696578 125316
747855 19409
674699 161912
706280 97193
654243 198373
697236 110318
515717 476374
736231 26305
722259 47178
680068 133332
628573 240347
635029 225288
708791 66834
705457 64621
609445 271090
699046 76725
557507 382027
698046 72391
702915 56663
626849 225848
517217 469810
720497 12988
700499 57616
572270 339695
650963 151881
609303 248009
709708 4509
666588 107424
695646 36201
671721 92970
586147 299083
663491 110022
706575 1503
685330 49965
659262 111199
689658 33419
636610 159044
621640 193921
655524 105970
649514 120264
628842 173059
671293 59851
662134 83480
684022 25974
650235 114157
608623 221008
670069 55526
596293 251777
579781 295865
573934 309840
560508 345477
591733 260766
637220 136095
600005 233693
680407 6617
666413 44822
655628 72613
588169 261020
618760 174697
533753 414059
549217 368981
644609 95482
628968 136794
602121 209843
517740 457336
656883 45126
632612 111815
622893 139817
662155 20321
569124 300420
544753 373691
649450 50305
648179 52994
599037 203347
644680 60659
609256 166701
632895 90552
631770 93037
615533 144203
521623 441263
566491 294245
611375 148303
589576 217926
650841 16741
650332 17923
558853 316787
574122 262908
600409 174698
567815 281956
616821 116407
536105 384636
581264 224002
552220 326087
628597 40275
625648 50398
595007 161999
542096 355838
599656 139333
583225 200104
615472 75303
611280 87293
582975 188379
568429 238276
592713 140690
530666 387540
570158 227090
559227 265660
618474 17575
570793 212876
571756 208143
581619 161080
559231 243201
611872 2942
585643 117941
603322 29513
597718 52058
530532 367803
563457 211673
549792 273541
530075 367080
603484 8327
539603 316128
546679 278478
551124 252275
585544 76449
599267 3892
574691 129002
566493 168669
557910 207996
568251 151981
558860 199159
534000 330499
563257 170824
556540 206713
590273 22707
561704 175097
572949 113306
547102 241552
576948 58699
550361 207148
558086 158218
572037 72008
536207 287514
547462 211727
579480 1327
577447 11490
566714 75728
566177 67958
562288 91549
549554 176899
519240 376987
536289 250550
541510 208654
534508 258111
540727 210678
543545 174618
548506 127781
558445 47317
555616 64752
550567 84166
555119 19873
548647 76768
544231 116494
533279 201120
536078 158679
540592 108990
520448 310621
528514 225369
534593 155129
541469 76434
536425 124417
534348 133956
519333 298821
514492 354150
524966 220329
521745 242472
528476 145656
525327 172873
529568 101315
528508 107928
523847 146447
524184 88918
513480 285233
522823 82278
518004 172141
522795 51694
511171 293862
512191 260187
512467 251204
516704 69754
508131 175128
505760 247622
506527 179567
508686 31910
503357 275925
502539 326873
498376 75571
499220 299517
496699 316183
496032 327958
493982 283112
491834 235543
489921 188405
481829 18804
484650 102268
490246 236902
491728 288781
483194 115373
492615 329407
473921 30878
496488 418022
488459 288268
470627 10951
474059 68018
478028 160593
474721 120712
482829 242968
489933 342770
467364 47383
464333 7598
469671 79731
474750 154999
484180 278405
465010 30907
469345 105180
491422 383332
457850 2178
471689 163211
460053 39352
464749 112992
459512 74600
451493 1356
486055 355342
484088 341433
483736 340440
469226 208088
456896 125064
483492 353223
481682 338808
455694 131564
475991 297169
447665 69033
475118 291890
474507 290349
441336 30056
464605 220828
435954 4717
440983 58745
439939 66323
441736 82548
462322 231403
430539 16065
464900 262626
432084 49498
443450 129914
426224 30349
456721 226808
435483 97765
443504 149041
434200 94183
431006 83435
445784 181967
473877 345739
464225 296240
463322 293833
430996 130235
461706 293736
466899 321797
464992 312261
433851 154413
407293 21712
468698 341721
435555 178151
450709 253342
451945 262391
475836 381927
409452 68419
446192 242832
396142 12053
450229 266106
463217 329941
409428 113859
418861 157751
422883 175634
383491 14550
379337 4990
406970 119706
416490 162904
434175 235202
393686 76721
423260 199639
407150 142388
382870 54411
423202 208554
376563 38664
429942 240297
404536 151438
482958 437709
381253 70941
388337 101141
361267 6750
371283 43355
413765 196213
457008 349378
401344 161570
386769 112097
466367 385047
381390 99403
424172 247221
391547 142692
376213 95854
379791 109990
389975 150121
470040 404955
497061 490868
371495 103113
443875 326992
378726 127797
367206 93362
470259 410453
419319 260286
340173 25258
439001 320858
385256 165851
375922 139359
427633 289996
444397 341851
424696 286918
469829 415103
437739 325859
429608 303956
340666 62484
384606 184563
415435 270787
322434 23421
368480 148341
330152 47263
434366 325888
373734 164459
400959 238349
318650 28425
415964 282250
318822 33101
311959 17286
400464 246816
404730 264132
342884 111468
300021 6207
442192 359164
467668 423914
415801 300041
433594 344103
442184 367569
282445 2346
459628 408924
450347 387870
310610 70445
282811 9747
312662 79827
428377 340970
310657 79000
337142 140801
355844 187864
304686 78735
343741 163533
309148 88879
311651 94928
334363 146115
446792 388631
300546 79034
317575 116807
348846 182811
343743 175115
353259 201804
440803 381456
312547 125115
321882 145061
367969 241448
268603 47636
390211 286433
384822 277932
425221 357633
295053 107629
237814 2041
438733 385587
255443 39359
405031 322320
368311 255824
245872 27661
391367 301102
384762 289585
306812 146737
403615 325349
272973 87210
310535 160370
231921 19045
302472 147440
250434 54548
225983 15513
280998 118102
314118 177043
380681 296308
282085 127495
277131 120106
372112 283225
251413 78081
255218 85144
297959 158495
396429 326212
320299 197860
455616 427410
411533 353459
205085 6816
241590 73400
208238 18092
211873 26564
283164 145637
277123 137246
261966 112820
198337 10870
274275 134922
259124 111318
358571 274802
208534 38047
285653 162293
364189 287176
300240 188226
312282 207401
325492 228373
305090 196426
186072 17137
229825 84877
346096 264616
185820 20953
251045 123896
355484 283330
273662 161134
321083 232737
175335 14485
260935 144747
208810 70376
456321 437824
429655 399831
421997 389787
339262 270893
341946 276492
308141 230571
234798 128519
176744 48145
247980 148395
167006 42633
417364 388644
331856 272079
278546 199291
414694 386102
275750 196784
202697 101228
223629 129934
385305 348153
186766 81313
365079 321397
362089 318128
129272 7905
256896 181741
161517 56617
406618 380384
290897 228632
218722 136052
390876 360822
174304 78907
124369 18262
299438 246411
178017 93079
196979 117969
130641 34085
242015 178166
374341 346116
392503 368962
184358 111835
450725 442020
170380 95975
129455 45958
155666 78956
219722 161153
202207 140331
172180 104064
318153 282133
319524 284853
196414 136842
362391 337114
296916 259925
98378 22302
104121 34628
244062 200851
462141 458420
122076 58443
78210 8050
98331 33389
124268 64131
77796 13689
108475 49469
258323 223755
98705 40921
216104 179041
234766 201990
242251 213372
121329 77672
97384 53199
250335 226114
112087 72851
71060 29882
49631 8108
221739 201660
335860 325943
126865 101225
201668 182652
41719 13583
202782 186402
337238 329907
349598 343544
57670 34377
157886 140961
200967 187933
266058 256933
252748 243857
334070 329219
255867 247891
134185 120992
209238 199859
97123 83204
261476 256649
213393 207260
69235 58869
21541 10170
254740 251058
32370 22610
75022 68349
251233 249278
170473 167842
233072 232156
257823 258306
152737 154257
354724 357616
192599 195109
44346 47078
126135 130268
42065 48752
80375 86872
125980 132401
105808 112742
17543 25738
362803 368775
34138 47103
117517 130125
42817 58055
278377 287839
250953 261203
257858 267989
81880 96976
30477 47174
117303 132531
102070 121102
64042 85674
76530 99749
105053 129921
62192 90446
368940 380199
116487 144313
179971 204180
59589 92977
168702 196275
396345 407454
309905 327558
82405 117214
238020 264689
400405 413043
269828 295073
306561 328461
234937 265489
133799 177431
16375 75051
398570 414161
184544 226160
479594 485702
148150 196571
89346 145762
38891 102247
441365 452767
96028 156216
237424 278488
20807 93243
265239 303183
73427 139467
165387 218293
348023 374581
205086 253340
260888 303144
329659 361883
26477 110213
164189 225730
81560 157419
69329 148026
374350 400123
99411 173697
294683 335354
43673 130390
16881 109402
301186 341905
107480 185759
69752 155210
42820 134455
126132 202766
140050 216413
21913 123362
115570 201726
368419 400347
189744 260553
289607 340225
469083 479693
322548 366725
250018 311594
2599 121837
116517 210035
308260 357081
292054 344925
37873 152645
42473 156509
99019 205242
113741 222182
58994 182299
480854 489991
86683 207024
132588 240263
395004 428913
35162 172677
21897 163543
65008 195231
48081 183231
51941 189736
214434 304392
43611 185584
250858 331164
256067 334780
302144 367553
267040 344299
276127 350878
64144 207145
74649 215285
34241 189230
92614 229787
26084 188199
345860 401879
350471 405248
123326 256272
304110 375144
62483 222975
66500 227863
302757 378699
137145 274552
320082 391964
236591 340372
85857 247502
135128 278710
388503 436208
93693 257273
267675 362915
86812 255898
95986 262386
37508 228167
37035 228611
86025 259148
62925 248017
321557 399520
256607 362877
191985 326469
210904 337652
55112 249190
96847 273914
18363 229216
171243 316829
14438 227998
68308 259192
281095 381509
168870 318779
470881 487935
104032 286352
204099 342020
27969 246367
85444 278269
144174 310518
85190 279099
109986 294659
90961 285144
249901 371616
248007 372203
165367 329374
125401 308518
74792 282228
115836 303703
192086 346510
244823 373642
287064 395891
124394 317471
119197 317288
269043 390960
1176 260011
370567 440891
370542 441204
240538 378969
4032 265797
402542 457430
214868 368478
305735 412137
55083 294598
49657 293874
32843 286790
8017 275815
125792 330885
36230 290246
289787 408843
318471 422016
25620 294647
149328 350019
2920 286425
41190 303245
203933 375275
162658 358851
142482 356832
164113 366590
241320 399963
38353 318711
102473 344776
89103 339835
67496 332988
106138 349347
304170 427367
100609 347758
124901 357662
32020 321691
64401 334496
13650 316252
227564 399086
138066 365031
410996 470155
148395 369510
38836 329121
374316 456658
31980 328010
232151 403450
300754 429409
65164 341274
5871 320659
346326 447551
144112 373115
38529 336775
55115 343698
134875 373236
31101 336501
335924 446620
325675 443421
336164 447378
339258 448842
58652 353897
68446 358464
313108 444194
146862 391760
115196 381868
390004 469594
100751 378989
109598 381928
134523 390320
256 349055
309088 445609
193210 410350
120039 388265
225596 420937
53280 368903
10419 360417
252535 434032
410653 479432
165782 411315
268787 440899
262 367951
23138 375212
14651 375155
57237 389435
175068 420832
182616 423530
56429 391807
96046 402121
43954 389395
76729 398683
92633 403264
240017 440810
396716 479450
284891 452352
263055 447486
55050 398503
224319 439198
52593 398746
84879 407564
397662 480955
71140 406730
15152 394877
386116 479088
329187 466379
285704 457406
393449 481148
109998 418901
106601 419110
29597 408946
98007 423586
50638 416295
145707 436384
199189 447173
382863 482820
271921 462437
121079 435798
15291 417695
345654 477007
349887 479446
146938 446705
268728 467338
312461 474663
210719 458876
343205 479985
201123 458093
20700 430013
12554 429291
295249 473828
206648 460746
192848 459158
437781 495733
138496 453234
123645 453352
61781 447025
297985 478414
42807 445624
45812 447468
105757 456526
243967 474010
243324 474148
255177 477534
25017 455341
162188 470350
63614 461576
10704 458997
21582 461392
166937 474661
280915 486584
39747 468732
111761 476743
37229 472763
179571 482804
115732 478536
159601 483865
237636 489016
211486 488348
412164 500257
184062 489344
3113 482416
78702 486573
136426 490561
10417 487066
208846 494415
205331 495401
362913 500704
193562 496032
112428 494086
203363 496973
145842 496729
110076 497035
123826 498256
73077 498112
222499 500555
161201 500459
31918 499042
62223 501320
159513 503406
40166 503010
165485 504574
69288 504866
245469 505039
263582 505107
319557 505388
9858 507523
95443 509146
76625 510149
183383 509461
322869 507720
181238 510084
455764 505700
181366 511327
113341 513559
12516 516542
425248 506929
82403 516215
211053 513776
84647 517640
77358 518618
50963 521632
156220 518071
174044 519009
21737 528152
148869 522430
387944 510660
99816 525760
443364 507945
382532 511381
127179 525231
223880 522147
32850 534518
383605 512496
230098 524062
75967 538512
240344 526880
83134 541010
246287 528641
87379 544210
168390 537237
50309 549204
138188 540760
129551 541877
13787 553380
358104 519521
167236 539263
15990 560284
214218 538305
9372 564100
174249 544987
216559 539896
26672 563664
69342 560926
86804 561388
123765 556625
406416 518016
3883 575387
255858 540839
83124 566729
57096 575025
178319 556962
312899 535463
393547 523020
27506 585211
82825 575920
371369 527059
397326 522918
261160 547088
16317 591666
110513 575471
399971 523572
221542 556438
247451 551685
116974 576820
174216 566240
375730 529178
245822 555683
132465 578367
143054 577266
126964 580847
17686 603744
444334 516764
345922 537129
430037 519764
325466 541494
152005 578389
25348 606674
156057 578920
99955 591084
438311 518552
288892 551340
438623 518670
151493 583286
148002 584439
291366 552466
141886 586361
929 619017
272844 557112
380122 532842
280943 555896
128546 593570
131317 597268
354329 541884
13229 627834
295936 557407
187931 586439
131751 602137
49595 623804
130543 602703
67439 620261
64564 622557
163244 598826
90290 620964
164160 600145
29390 640962
235456 582058
273928 570944
140864 612055
288192 568438
20129 651224
88517 630477
126159 621059
366600 547160
70855 639818
37610 652109
16946 659638
26754 658316
71104 645581
246651 588428
174512 614607
139703 628233
125014 634376
253788 590353
164052 621968
74924 655150
177133 620298
257673 591960
447407 524379
82419 655783
278630 586442
58504 667044
160797 629964
59712 667495
72922 665576
348285 563272
229129 610059
310571 579730
125109 656176
170590 638387
312193 581348
346332 567781
264691 601003
151163 647166
354307 564881
133197 655070
197360 629509
79752 678123
257979 605850
167742 643283
346878 569385
33132 700670
63566 689673
28214 705124
46073 699302
265948 606732
95313 680874
34478 707804
333423 577983
216394 629288
80001 694107
27133 717885
196689 642659
147515 665257
25054 722495
236556 627431
89879 697115
22582 729547
342061 580134
310220 596353
300105 601403
66009 714063
132052 682834
494 748736
219394 642983
136203 684086
97060 703644
310084 599650
136465 686098
15728 746487
225401 643216
186235 662880
344678 584002
20750 754373
292378 613978
400967 557520
8507 762738
12302 761392
194216 667327
9516 767975
367447 576963
317185 604170
90895 727366
57895 746722
322280 603149
248889 643432
65199 744201
131748 707902
313462 608628
195722 675806
301312 617596
254280 644242
26533 775365
169791 694644
6620 789160
293474 624678
368512 583132
24315 789863
291868 630146
52711 777216
69254 767822
378468 580006
256013 657023
225241 676797
106537 752337
74863 772485
286709 640571
168897 715981
143407 735908
288664 642452
15060 821869
122701 754062
64209 794196
315061 628370
117530 759176
265066 662207
35168 815127
263130 664268
478948 520055
144380 744896
44080 815320
184484 723496
259423 673511
23083 838562
294191 649874
69293 807941
36346 832798
149231 753611
111363 780565
70349 811295
168701 742374
67983 815086
51149 827479
71577 816233
25639 852363
78958 813932
105634 794637
51842 834152
72290 819309
58001 830516
41113 845515
116260 791386
236291 703270
48301 845860
42878 850141
83926 820279
300305 657030
334174 631616
90305 818334
6502 882698
22059 871536
184706 747840
324138 641187
212987 728247
165127 766807
69427 841399
193473 745951
19597 883394
47001 864489
228678 721281
282038 679467
149549 785473
160641 777458
7319 901741
57493 862204
70478 855555
354720 624381
74236 852651
43734 877734
136144 803349
98177 838043
100230 842185
283094 688574
107860 839454
211744 751490
84303 860118
399153 592152
219213 746359
15746 921610
346676 637937
60379 884053
69953 877777
129117 827026
188105 777809
110179 847170
60651 891012
340266 646346
44312 906788
126579 835841
131763 832251
359990 630712
220406 755590
255727 724246
98350 866239
373980 620007
131070 839992
40767 923416
3646 957670
147284 828241
221732 760374
79608 890871
168927 809732
39813 931441
184142 800292
388748 609986
20854 961098
396317 604875
287732 708505
16176 968230
376655 624427
116262 874077
267862 729934
115021 877675
319684 681408
23012 975373
25275 974340
19926 980058
180730 823773
76386 930705
296663 710565
170934 838745
227476 782402
98322 913297
41424 972387
42244 971843
70642 943303
266693 744112
119819 895302
191110 822753
90417 926009
191070 823164
399414 609654
134686 882570
225952 790606
32220 991688
137256 883740
175685 847325
285541 732546
268194 751930
232969 789771
142183 886929
58160 980325
314636 705808
224301 803834
256081 769617
381201 635342
142761 895225
171235 866614
95961 950960
298982 727902
63792 988733
116010 931303
172449 870524
404825 612488
215605 824046
142571 907176
361518 662309
129133 924722
337744 690492
316652 715764
209376 839037
361478 665602
289852 748329
435214 581475
226907 822742
106889 965430
316437 721327
86951 991209
164418 901340
294964 748233
201645 861041
258658 794036
403245 621984
268687 783519
195096 873795
92163 997992
342225 698784
135766 951851
315185 733396
133773 957731
428217 595250
182799 897544
380356 655248
110546 990060
287774 770239
300623 754682
124671 974110
308760 746730
231223 844031
118277 988740
451490 568169
155669 947765
255632 819928
268520 804323
286861 781886
293177 774410
170715 932825
209974 883338
123720 998878
280967 793636
456266 564252
291882 781858
233257 859940
260146 825198
163211 953915
169165 946044
212378 889291
262084 823981
171161 945971
152099 973057
212968 897107
224438 887754
195047 930709
152204 990636
416170 623863
295775 791868
189554 941305
236750 875981
240809 870382
426172 610643
335604 737778
165670 978831
183415 958792
298358 794883
181596 963220
369533 694408
200326 937497
174538 974561
198548 941290
349581 724297
358523 711590
291538 809456
313340 779114
365242 703707
440247 594438
362262 709095
203140 942434
365235 704971
339073 744126
354699 721269
367375 703026
229526 908614
215636 930078
283164 830023
339261 746627
208036 944761
434656 605590
365423 711125
370361 703933
323595 775376
256744 877900
185050 988506
400133 662542
352926 738249
278405 855850
219696 949655
207151 971450
283907 853655
394236 677900
218550 965993
255280 906965
239488 936014
264262 895676
264736 897270
297970 846039
313744 821890
293050 858244
300746 845754
285756 872893
420389 644097
270522 901891
306747 839886
285342 878105
217957 994452
400766 679146
277945 903391
237355 976261
240673 978105
443636 610796
435742 626950
294176 890229
363341 765556
346766 798098
309260 871848
257516 970820
289259 911298
415163 670528
278929 932056
288529 915214
289187 915239
393999 715045
293102 915890
298438 908105
452500 602335
258433 995012
292367 927228
357077 798255
286556 943016
319766 881336
367236 784069
439412 634189
309424 907817
321163 883295
279720 971240
349478 825619
324900 886366
388809 748518
351192 832008
372476 785733
333045 872651
390516 748558
305749 943503
288486 982327
290178 978827
305696 955698
353879 845914
382162 782470
390449 763375
373860 803507
365214 824681
330022 918077
410904 725194
416246 712409
329530 933953
341219 906663
425587 695733
376832 822043
391655 785324
339574 920485
471800 581482
471047 584251
457004 621261
343273 922081
378858 834415
327056 977862
340251 942753
350940 914123
370688 865512
363207 888343
400617 785827
419174 734202
424148 721547
439247 684784
401739 794286
469132 599094
417609 750352
385416 844650
407092 782824
389044 837759
414787 762212
461406 626036
382670 874184
370978 910972
427813 740555
352963 980282
467618 614961
399592 837115
366564 947250
428811 746385
369344 946708
395701 861471
395513 869365
377118 937622
381778 934073
378695 955825
385206 933899
402047 877006
388368 931814
458199 669674
378460 974535
485885 564835
392305 931148
412061 854786
414976 846596
481295 587227
399710 924080
461434 672233
417184 861236
477335 609160
444422 751804
408080 918020
399620 957936
454786 712871
392441 990573
399876 968545
429395 837601
413433 912215
451983 739643
408988 953387
468995 665947
435069 860612
439106 848344
441268 843882
428969 922732
432580 906312
452220 792601
425082 951389
451154 801410
443435 854045
437544 891037
431816 929256
431519 934467
472300 688550
438152 904249
468515 714889
435250 929772
470184 711627
439158 918079
486445 612204
479313 667853
470702 740108
454475 870069
446615 936956
447976 942202
476393 710759
449766 931897
464601 843751
462469 885333
464165 879952
468597 851012
462530 922092
465233 933476
486017 700125
463339 991969
472118 884782
476266 834271
480092 794811
469600 962031
491739 647548
471977 967649
475195 920545
488811 746396
489071 743939
487598 778177
477892 971675
480500 923602
485406 875161
489597 780809
498060 602043
486817 925179
487782 915187
488876 963216
490146 963384
492976 887960
497694 681951
496897 719829
493677 920363
493990 959428
498189 906628
498655 873243
500888 703183
500957 781136
