517733 933689
521302 952989
516184 828692
526503 939453
531451 944718
516999 739320
507613 589351
507912 589809
547350 921664
558440 994009
560469 944220
525230 686123
533969 745182
565274 961487
539801 780659
559954 897401
565155 929532
531557 696862
545585 778401
565481 886430
556768 823517
580089 900599
507860 546001
578802 856822
526057 611489
624663 995600
617112 961805
557304 712346
583795 778791
652875 999490
595342 805257
560957 694714
588475 774868
656808 971518
581077 746882
597718 795091
611950 834307
677122 999772
629559 865284
644713 902792
646948 907064
596577 765810
681855 981599
592999 748722
640976 863499
657637 905187
696223 996705
700312 994375
590006 726488
670442 910445
632410 805175
716281 992265
587035 690618
662748 847494
727876 966985
692934 896478
568440 645794
658985 827019
562692 634203
694793 895007
714416 929939
714415 916776
673627 836546
613569 721852
726658 927024
720091 896056
734340 913730
729475 900195
755567 942138
690978 828591
705505 849813
690015 819713
723313 873833
672175 784917
659748 764703
588635 650328
754970 915701
802057 980892
783705 948265
754310 900817
773362 924741
588958 643017
644298 725264
744343 869506
812888 960461
806348 944088
780253 906266
804317 940095
703666 790511
851970 972238
558119 584722
584098 618175
557537 580453
612951 649389
753423 822777
763906 832440
701581 754630
694059 744028
795190 859419
613149 642991
919612 998022
777353 831944
796213 846195
782311 827095
819193 864284
791839 833070
933371 980744
781534 812389
865002 898073
713206 733071
630448 643197
583139 593710
777804 792245
836352 850215
711654 722814
811920 822403
767301 774799
860705 865184
877377 876033
848589 846164
765268 764756
874014 868640
867294 860508
531694 539037
970505 951501
926322 901815
891644 867120
815219 796706
737430 724068
988698 950798
761154 744428
874650 843666
970294 925125
741205 720460
682683 665892
794908 761826
848210 805111
913727 857916
623057 612155
886029 832388
998750 926769
766058 726929
873563 811443
692432 663367
571817 566348
902224 829557
806226 748501
895281 812064
660228 630841
953781 847433
913706 811975
780647 707901
654969 616311
846107 746338
965553 818195
566198 551937
954154 802224
773811 684645
780021 688631
924387 780095
778851 683097
692557 626592
941222 775244
717024 636657
726623 641927
616979 577511
740833 641007
958011 748904
871028 702924
964298 744416
534054 525983
909248 715183
906703 712654
848545 682991
600641 558604
968437 731661
740865 623267
891025 693059
829131 661151
975203 726212
790149 640754
967863 720678
987936 728844
870936 674604
915510 689694
751107 604507
615999 551015
793795 608321
928764 653815
976304 669376
885739 637749
898759 639647
607637 541991
822564 606726
744676 583052
895301 627797
923837 631317
902861 620930
612099 538746
935560 612650
730910 563108
868347 586377
722901 555674
846292 580527
856951 581774
701201 544109
833198 563660
912985 568231
895567 564649
797496 550523
978682 574414
996878 574116
958849 553984
997750 555284
857945 539574
969023 548002
988473 543905
873752 531928
998335 528379
597662 512241
609055 509437
787781 510245
789912 508241
523929 508301
922572 498635
994701 492314
709493 501352
662153 502807
944075 490016
958065 485636
991683 463154
765772 481712
854055 472164
743840 479036
868376 463180
893740 459857
745736 477163
824239 461684
941362 442911
964218 438904
966412 437545
965637 435223
675195 479307
623008 486134
656708 479832
866172 438821
609096 487639
775347 454717
924762 422416
887097 422209
991651 397057
661329 471344
963405 381989
800590 426497
998866 372164
870242 404894
705333 449913
710400 446439
947151 369812
802688 412998
929661 370761
772496 419062
987879 344535
752760 421797
746267 420952
998258 329426
592765 475184
910099 351931
983288 323364
720733 422722
911118 346503
859332 363055
924150 336054
971676 308881
997929 286095
847637 349708
739700 394899
891867 309547
809391 349531
999726 250227
955796 270479
871993 312876
778838 361895
848589 321361
844207 323702
921602 278321
966688 250767
807158 338220
834908 316491
905669 267956
647328 418339
706506 380364
727284 366834
894565 259826
678130 394772
856315 276983
725163 361217
867690 266535
931920 223361
764375 333795
546732 477752
956790 203748
811573 299000
741903 344897
757770 330237
697128 368539
636097 411193
591591 443103
960346 177074
690889 370646
841583 261503
878877 231960
794901 285773
916898 192669
785625 291014
726377 335204
966028 148989
788282 284957
951687 157285
986061 119551
940022 148757
670598 366854
980550 107659
732708 314062
928587 147695
690037 348555
972276 104014
665488 361406
965582 92813
657909 360726
955577 79101
810895 214840
586808 426542
803404 220357
914491 110304
849532 169466
698264 313760
835203 172731
636168 371570
969959 29906
978768 18417
779746 218990
769416 226927
938189 46798
835045 153153
580886 421306
774580 209234
955969 4912
886760 80938
946256 12798
582412 417190
892609 69267
923221 29880
788395 181728
789175 169957
879859 62520
814576 135975
851904 89366
909654 17738
796373 148399
911550 6545
885049 32812
714912 240892
728566 223406
617956 360925
702178 253835
892952 9699
748417 190136
782460 144402
843913 64233
772698 155563
885575 8441
804352 106444
830430 65121
843971 33659
731545 184670
598679 367725
750868 129514
663146 261145
575389 393256
722974 163497
808072 27075
771656 78124
728734 144090
601231 344987
658300 250176
643029 273098
736974 113285
785715 21496
742127 82501
751099 55360
619467 285255
571087 375013
672582 181262
707582 114110
758867 14739
620385 276910
748202 25664
644665 216896
595182 316198
558276 377335
666479 125427
639763 184789
685509 76054
570757 343095
622889 210526
692653 40484
645164 153098
674407 74091
633249 166867
579800 303146
671912 39657
674580 25915
547221 375985
635640 61047
604113 125983
595889 149077
615628 65077
527237 403284
585546 147156
612121 26211
540639 322272
581427 96849
590770 38798
577601 107018
534265 330586
529953 341774
547495 228254
543025 229799
572352 20676
550216 163076
523582 346229
516991 384402
557042 78240
560790 7428
536181 162359
520791 269384
529219 161666
528323 163153
527984 154049
521439 217363
527729 85299
517711 27214
509950 212836
511169 154025
506969 276475
512689 58775
506537 271520
509281 160734
507204 21627
500820 111055
500000 361414
491208 80838
495037 338425
491836 275125
481370 20376
474054 7500
464600 39889
474738 187848
473259 173902
477610 246222
458154 38290
481596 307541
453283 22987
464800 178629
451845 78913
484592 374077
461945 274698
432767 100057
464531 317759
455141 284771
423374 127116
428308 151863
422615 179097
395660 76684
456799 331929
421616 200649
400569 128783
398034 126572
361819 13704
356988 11735
359011 47855
417045 248810
368328 129998
313859 15077
314238 19944
448754 374166
426699 319496
308656 22451
362124 164454
333158 97762
361543 168135
456300 403083
294141 13975
396388 261178
334768 128534
311811 88731
283538 29087
416716 324195
384483 254285
376721 246238
344841 197167
346915 205042
253032 28452
372487 261787
474776 460269
260469 53229
291917 113436
246439 45484
311375 166225
250723 65265
275997 112839
309420 175939
221357 25004
344283 239279
254953 87000
262461 110152
429812 392691
348046 270708
374448 312739
186399 26410
336713 258234
195294 51551
306578 224753
237135 122826
309215 231374
243734 143165
154580 21555
220136 121893
243581 159560
148967 31132
166637 58142
296943 238373
191960 102421
320990 274372
282534 225012
299116 248835
218168 151518
106709 22337
185323 121289
269789 231511
224169 179518
268910 238237
399852 392656
91292 38038
94492 44626
391035 385172
293083 276659
359010 351115
87802 52320
189330 168723
98888 71014
387689 386363
208343 190964
248502 238867
82758 64496
95965 81792
320761 319747
77966 63736
96465 88833
339763 342851
8084 7857
111294 131386
167176 190057
20904 51438
309198 330850
238422 265044
227116 256761
293979 320243
310296 337774
18942 84920
313461 347680
110327 176565
324262 363242
197440 259905
109497 188313
31953 127733
106692 189754
208837 274255
192493 262860
180110 252972
111130 198464
118868 207375
390078 423652
352706 394783
121980 217111
138293 230272
235317 314650
97297 217995
150934 257687
447131 472093
281243 359238
253788 341193
202481 306904
594 171709
48269 211555
116499 259521
332673 401444
80843 240811
30270 210303
339515 406990
55788 228610
125827 274218
115554 269780
260559 360245
81617 253643
359456 424189
89211 262002
7048 213440
23262 228882
256697 366602
103246 280295
211736 349584
177971 336935
160653 328024
372343 441314
154463 327443
393804 454039
135044 323537
241375 383661
93376 312959
45737 296837
295753 413672
86496 318008
331820 432233
258505 403763
174255 380732
258184 416919
20642 328529
134705 373412
200853 402195
228193 425563
111001 396783
168850 414753
201409 424478
221680 430381
48891 382057
80134 395153
128337 408686
312730 461248
22982 394264
30186 396928
175210 432941
28720 403194
41569 407172
174797 440000
389297 485428
341617 481613
27935 429189
62533 439381
90046 444273
170861 458248
219596 469512
70604 449256
285491 479601
382 442117
132185 460169
4814 444306
62931 452933
185133 470077
1531 456690
344291 493039
26485 462320
137784 475070
381130 498676
354368 498981
168055 487204
219362 492064
69120 489996
29737 502416
165732 513707
30222 517470
136744 521330
126658 524868
140406 527109
1722 538022
83758 533972
186052 528780
361903 517966
405822 517518
181963 542067
373505 522147
156122 546644
148341 548868
229672 543582
31145 569871
221495 549355
21792 580043
91360 570582
409560 522697
66601 585476
12424 601108
27598 603985
58072 602183
105258 595118
276142 557994
182230 578651
69898 610252
108520 603291
313882 555414
120106 605602
96958 612276
252271 572566
202481 590087
121643 612323
23081 639407
63424 637669
94525 629942
196537 602477
312749 567037
166836 617710
378345 548801
80214 647012
59933 659327
73474 659935
321260 574058
12113 703144
138604 654576
161840 649924
39227 701221
286721 598237
128052 672312
267586 613391
142317 669911
80225 699336
74266 703248
311867 595076
175689 658163
155049 672576
443110 536581
1929 752679
290522 615364
86920 719836
104793 715319
247209 643706
250383 647851
62274 761967
273937 639914
152768 716988
6049 806389
437631 547183
259482 659382
46569 793916
327775 617458
376333 587423
170406 718611
307158 632302
188556 709966
30338 812412
58017 800281
253638 672714
249182 677378
239195 689012
78372 803215
102238 789156
399109 581500
86480 822203
363594 616912
22568 898149
71721 858948
199015 755730
12331 909964
1587 923435
169551 785338
99918 843929
323830 656538
38324 899795
124732 830738
361056 628646
92276 861743
81462 875201
196370 784614
55742 914545
250275 738443
111254 870903
96958 890886
91926 895678
32594 958430
70705 925586
203869 797999
83756 916565
170700 835563
337292 671401
263140 745686
59975 957257
159792 860422
30719 995841
363927 652044
149838 881486
71132 982563
112776 937191
71131 994658
177053 875259
150424 906296
280060 761742
280384 764234
228675 824752
221687 834211
382605 646191
195930 864767
112554 965459
246626 813899
387974 644219
176265 901990
123315 970051
283217 781896
131510 975226
258263 816661
323863 734183
355925 695349
360597 694811
229230 871073
150843 982437
157713 973657
331366 740645
371228 687608
166901 993706
189484 966039
198649 958278
292277 822191
211729 946235
296032 821788
311517 800593
246046 908516
478165 543745
381797 706395
313926 819974
353327 757445
247840 938242
324160 812408
297745 864284
287676 895769
381596 726151
369153 752422
308912 884009
407674 692488
324858 859233
371882 765789
449837 613527
457780 599282
328883 878170
280708 993431
317833 918253
327390 915140
420329 700641
360796 862364
375521 827683
388773 798389
374808 845395
331257 975159
438377 681378
332761 981624
354511 920236
423237 751141
352634 986958
377177 908358
403679 824829
389257 874964
463043 631324
452803 669721
357165 996480
423038 778451
373032 954397
458356 660387
475278 599394
388123 920576
390235 915242
373574 985588
433529 766172
435245 763894
436745 760975
387785 973671
414831 862894
437901 770852
453229 710646
424624 852802
441330 796898
413204 965366
439209 834623
423355 947512
457171 755553
461901 749392
438956 917984
450882 876322
448611 967845
461945 851442
490628 602215
484545 680057
492250 610212
480041 791641
473231 924477
478183 928785
491325 688394
484892 854748
483154 962144
484091 943692
491255 831628
492521 840516
497046 833146
495990 998541
