501852 923448
501642 728500
503896 839723
504126 859624
503208 691444
501659 544641
508022 929331
506015 788771
504589 639471
507086 723408
511170 802475
510611 783919
516930 941301
508855 689626
516384 853763
516820 799315
525247 961847
513051 708395
524626 856535
529828 920787
525180 851207
519901 767887
518702 732282
536800 963769
535064 928632
532719 876925
532327 863561
543000 937023
539244 864000
524027 716553
551869 964775
527988 742867
544236 891910
544966 870425
529200 731806
556077 945137
526807 702810
548198 871622
529739 723433
538680 794521
558898 955015
525388 687425
547169 859223
537756 780881
550112 876300
562986 958712
568447 966166
549668 833184
525736 664632
531416 703189
562429 905335
547440 796016
517989 602882
539210 737082
577141 976441
581998 995581
564245 880457
576033 945674
541510 732493
579670 955660
545322 738391
587618 966806
567903 846840
520289 594383
563114 816485
551832 749310
577642 877678
561202 787035
563766 796867
576881 854194
586529 899553
548645 717869
529827 627998
556995 754031
553346 733004
595127 921928
523227 594802
586974 877406
609008 975521
567614 789377
600895 929288
594369 899347
614169 984351
595228 899388
602027 927900
530523 618851
606374 933616
608840 938893
581695 821020
605927 917486
583014 821070
570439 770130
551522 694371
517373 557535
528835 600460
621936 956296
611734 912394
523106 577076
577176 778108
555851 698565
606264 884300
558755 707729
629059 963640
579670 782385
617036 916794
624294 943233
597435 844501
628718 956977
528375 593207
579306 772698
555411 686970
621583 921392
585734 793359
564497 716048
641659 978655
589122 796907
650006 999122
627221 920119
632309 936577
530621 593892
611022 859564
553249 666159
645669 963016
653754 988011
596207 800775
528491 582525
593760 791554
634930 923403
596339 788204
648239 944825
648077 938615
625267 866562
629298 875511
645802 921601
667185 967113
612764 811213
680322 986507
553620 637428
657060 915943
617369 807851
614994 800042
562828 659055
688799 990086
686677 980213
692761 995554
691196 988323
630643 825486
546030 608448
546404 608995
672521 923790
598334 737889
658764 889157
630347 816480
653482 873577
611476 762101
593254 717391
694575 958006
632076 805189
632496 804793
641764 823817
604585 735105
715015 981994
671042 881324
675864 889324
583895 678979
704069 941814
629095 776017
615080 744363
698369 924182
628760 768378
673308 863391
537215 571352
723534 967537
681113 874282
557941 614287
737046 990921
685256 881434
646704 798335
654851 815323
735498 979104
571661 639834
718434 940140
701240 899588
733322 961623
708065 903678
686721 858739
737556 954976
585155 657947
666522 813342
631435 740636
740222 944153
697810 862662
537861 562033
715145 888221
610671 695625
555216 593679
569822 620215
659528 783708
612942 698410
679484 819475
665434 788914
657171 773145
649406 758661
740492 913950
716447 856709
580552 627961
750757 909829
697639 819894
710487 839795
725027 861278
759728 913456
654872 742486
520697 525668
742409 879367
720868 843700
722956 846117
716305 834876
788028 948331
621377 682919
733925 858878
691339 790573
694485 794479
602024 650730
814498 977984
615210 669054
638209 703953
815802 973466
677828 762624
696578 790182
749992 867397
748430 864990
764292 886921
779335 909281
807936 942223
713602 804491
802382 933765
633746 687628
727685 823823
716311 807111
576212 603311
748399 851274
825356 961159
746246 846366
718408 806190
829000 961385
807561 926491
800826 916298
692474 763416
822996 945884
802902 917662
860599 997649
849660 982131
759942 856076
593586 623434
752038 842240
643400 691520
826421 945022
730861 811378
755335 843593
757665 845797
666001 720027
770528 862456
608552 641072
734764 811788
567050 583825
650016 695050
701206 763762
730600 803136
725439 790180
885536 999780
781914 862520
633985 668526
583555 602335
639905 675813
734410 798772
805703 890793
835333 926680
655671 693980
754489 819831
809178 888363
892942 993701
792000 863229
797142 869376
768779 833416
745094 803222
674121 713125
824571 903080
857204 942281
636553 664201
841711 918155
859057 938162
861979 938207
631497 654551
572503 581693
909327 993404
755307 803672
890544 967159
813890 873888
575901 585020
874741 943891
819228 876009
835023 893781
731356 767260
879168 941807
554716 557735
668198 691975
922937 992862
744369 781478
754076 790550
790428 832449
813414 858183
906567 965699
827838 873512
905595 962238
629954 643253
655376 671971
786223 819775
893316 941927
828007 866374
869697 912969
850982 890351
838582 874418
917706 962423
722948 741896
833491 864331
847074 878984
900013 936360
913150 950431
732304 750051
775521 797140
771114 790115
781858 801688
706106 718665
913269 944775
742645 757979
864019 890245
625472 629630
767678 782910
703475 712832
886245 909120
956038 984231
914447 933605
738060 745685
785840 796253
963268 983819
643674 645219
833169 845514
821960 833402
976212 993449
613956 612777
976727 993118
798860 806026
679679 680054
886431 894092
922515 931011
825076 829969
752516 754361
900287 907172
807603 811147
753017 754371
970021 977431
938230 941852
741624 739672
983702 984865
918648 914491
745441 737634
842363 833847
938790 929754
818703 809631
780119 770572
605474 597296
591143 583110
718613 708734
880174 867444
712239 701640
599345 590698
626180 616574
698288 687035
873788 858515
596545 586847
920743 898936
661031 647121
733278 715458
839477 813313
798639 774378
896900 864821
960397 923873
805262 777913
554055 543619
797409 770116
855525 823756
742576 718272
994300 951541
964210 921414
907443 868222
943705 898716
782623 751279
792730 759749
954521 905130
913507 867561
947018 897353
807896 771358
964255 912175
734552 704367
964596 908687
998695 937975
818109 775429
893944 842587
660409 635388
847013 800154
957269 897206
849248 801202
810538 765212
562898 548232
663559 636054
769273 728021
683739 652802
806429 759100
987238 915012
904140 837954
933611 862528
957086 880114
823332 766482
954708 877002
986486 902644
964499 884057
943039 863931
805284 748224
599454 576273
953221 866544
917213 836648
996615 900267
938973 851416
951524 861352
599549 574072
779074 719391
874821 796560
698859 654221
783525 722112
911317 824731
549487 533053
699466 652715
913099 823063
550919 533878
694049 646617
793342 724447
584703 560022
855571 771746
760149 695856
897148 799511
789822 716664
572798 549262
871322 775116
799532 719634
619741 583743
896065 791936
853301 759646
689066 635746
738866 671951
871637 771058
819650 731924
795393 711621
884357 776790
934764 812099
928033 805723
855787 752889
797845 710323
883182 772364
864358 758475
833590 733480
618830 578949
805630 713013
560841 537164
967368 828178
886470 768943
757366 676235
917481 789650
590986 557985
722047 648056
854397 739766
976524 823551
964962 813890
817324 711910
963271 812261
686126 621385
867196 744692
684146 619408
994825 831584
832180 720334
923767 782611
784918 687512
815119 707013
961415 805210
723234 643053
851130 727863
809424 698433
685753 616215
887742 747977
787265 680788
863790 729928
999044 816822
805377 691249
805855 691115
967067 795102
927094 768952
913796 758018
984106 798404
836730 704625
550728 525360
888948 734161
928891 758566
938258 761513
744765 643157
931202 756862
936471 759586
657992 589523
962280 772588
765306 653290
539350 517144
642566 578776
954583 762687
906837 733438
991412 783017
848665 697909
534280 513573
986325 775952
686500 601611
978832 770582
996827 778777
939460 744262
988359 769162
558273 526483
994741 771959
793623 658814
764759 641990
876023 703559
804845 663370
751770 633403
964424 745700
917653 718404
762450 632273
969109 740638
888064 697866
798489 649934
628964 559890
912939 704610
963924 730447
941950 718799
939246 716505
828725 659222
881321 684214
728951 607698
564183 525416
879601 680866
565150 525763
798733 637446
942467 705292
790730 629940
871539 665322
938617 691180
942563 689246
937863 686609
997255 712750
890723 664642
613014 543162
772111 612259
917543 675234
860125 649653
984454 703014
667492 565014
955117 686062
726202 587929
792649 615412
956486 680393
716358 582105
898795 655069
985324 689235
985574 687884
604802 535545
951186 672561
831085 624422
783831 604884
899239 648109
591293 529096
834725 622527
613093 537207
617213 538712
884630 640689
869140 634690
954385 664451
840801 619518
894369 638615
953796 658061
913705 638017
794795 595706
985217 661067
616343 533181
899730 627962
913556 631678
988760 652716
940052 636507
881404 616955
969659 644700
643736 539194
875228 610338
605069 526507
896151 616158
757240 573199
648475 539334
812383 588770
773708 575783
820238 589069
930339 621360
775437 575469
742284 565342
848129 594441
794908 576364
937012 609603
872781 591158
751163 558903
955730 611438
722654 550981
731800 553005
640089 529628
525163 500142
700203 542171
990929 611339
811202 568277
933168 596582
907542 589788
942310 597798
702490 540127
990907 605444
964600 598978
940401 592929
853132 571680
757161 550511
572712 509842
701577 537895
958051 592751
990053 598946
814497 559884
967791 591093
918175 578360
661284 526450
551048 504136
959303 584879
689052 531236
973601 585535
789844 549675
892743 566463
955720 578068
855615 558842
931840 571779
946755 573554
874247 560487
920595 568389
723788 533067
835798 552264
890972 561094
840432 549727
957151 568556
750057 533638
798608 540024
869158 550122
639225 515069
731706 528650
956405 560747
772426 532416
992194 561799
799256 535200
972079 557421
669569 516783
847836 540033
939907 547775
647273 511626
968079 549667
731307 521476
712951 518484
980009 548930
805881 527739
875231 535119
822664 529370
894318 535858
646586 509570
785663 524130
926761 538950
993552 545101
749491 519678
908493 533457
983025 538854
745364 516751
964119 535838
856102 524416
876135 524070
877940 523604
920553 526717
984963 531499
998641 532280
741984 512023
967463 526811
980173 526782
836308 516537
799477 512800
896876 516705
773867 508848
910266 515714
987880 519541
973773 518753
863424 512457
742548 505480
721545 504154
995820 515284
779019 505492
923401 505606
670992 498200
909740 503464
521313 494671
915472 501140
778250 498444
749192 497074
653230 494981
953223 493666
956784 493514
668964 493822
992449 491510
953500 487116
986954 485238
888755 486804
972609 485119
740843 487770
734915 487611
767019 485305
535340 492979
983094 475268
714582 485725
832212 480536
991009 473624
735499 483802
723150 483372
688327 484880
936293 471957
767270 478088
815489 473984
595097 487881
708242 480028
957457 460960
947563 460713
742369 475980
894721 462174
948461 456604
970474 453225
643080 481752
649321 481068
776839 469267
918118 455807
867665 459190
941658 452055
905505 454995
579695 486313
918411 452106
781437 465412
650857 478383
805636 461898
576721 486103
838873 457470
876285 453112
920078 446400
642432 477045
689554 471196
828854 450464
887350 441864
892078 440864
827039 448046
970410 422900
745712 456651
669535 468068
914405 428149
917941 426562
878884 431552
865777 433377
910067 424160
996719 407465
899236 421827
965785 409546
876722 425675
725968 453067
993213 403931
971210 407210
872367 424734
879692 423258
635091 468743
833679 429655
975360 401311
852784 423343
970417 398505
869972 418861
825707 427559
916879 406816
557388 482232
708004 449523
915876 404017
999644 385541
747596 439925
830876 421392
790931 425456
788192 426047
948209 387874
782854 426783
932100 389786
978309 374586
681471 448289
682083 447827
913372 384583
605362 466189
920725 379850
819463 407387
639307 455888
732942 428692
593651 467751
981258 355484
967771 357738
749370 420648
923782 368896
932556 366173
893357 377373
717855 428374
942784 358260
915042 366118
935162 358061
775701 407639
901394 367956
693990 431947
925318 355045
801164 395013
797770 395739
541774 480627
821998 385346
900644 357815
721374 418578
980095 327243
962928 332423
875324 362852
864880 364783
910719 347287
894800 352682
676457 430810
739417 408012
708069 418985
697543 422055
655096 437499
798824 383686
611341 453267
677303 428582
889090 349086
897834 344449
911720 336250
638083 441246
969578 312201
830897 366059
882263 345053
822386 368429
973206 308452
975716 307268
873122 345877
714307 408819
967296 306655
925929 321605
968850 303889
913941 325409
759243 388503
724765 402200
782869 375383
746216 389211
973216 289904
824654 353730
720849 398704
967274 291333
814526 357700
862107 334591
735909 389105
933640 297248
722547 392399
777068 367068
710625 397629
799553 356312
929236 296084
963273 278017
874106 319567
726423 388435
917244 298742
861991 324140
924305 291219
763029 368054
930414 286034
613079 439886
903161 297277
795267 349936
977472 255704
913808 286379
911917 285153
993021 242951
777915 349640
892808 287901
939145 261448
969479 242788
697190 387873
934182 258815
696216 387929
941167 252994
968934 237212
823686 316534
622415 427347
915377 263341
644409 413952
962692 235244
992339 217268
865056 288730
847352 298464
826879 309858
850363 296418
958720 233713
708153 375455
975893 221457
656695 404448
838575 298657
807925 315725
630866 418324
794903 320832
984771 202011
999561 192100
904733 247374
822084 297641
802224 309186
875428 263245
922478 233783
856975 273332
544941 466795
780316 319402
964041 203687
971785 198005
745158 340495
797482 306709
815346 295231
734188 345420
829912 282308
963296 192222
712421 356126
984680 177892
571495 447698
997760 165274
952373 194578
683882 372738
865668 251776
794042 297684
670271 380691
720835 346593
901273 224928
591907 432901
693869 363961
833943 269246
963706 181238
847390 259924
827634 272253
961901 179323
929873 198138
700112 356522
881393 230992
810606 279429
550295 459993
902127 214987
940001 188081
732469 332505
854289 246599
596058 427431
726300 335718
950688 177201
793385 285559
881198 222871
927147 189361
963365 159984
777736 293625
784375 288124
950021 167461
991619 135771
929012 180630
601316 420616
943971 168340
922909 182220
598628 421292
962028 149502
787383 279281
841831 237462
987003 127670
977319 134888
775088 287182
994986 117575
595314 422194
906028 183632
996349 114203
860399 217942
839581 232870
606978 412310
671977 361099
973802 124419
802767 257219
881846 193080
963456 126308
840304 224219
881990 189814
940875 142288
692342 340893
808269 247723
688478 343653
845608 217206
921769 155494
818241 237000
828554 228486
641704 379988
959751 121581
969521 113504
857358 204142
808738 243621
828287 227448
950993 125492
626715 391214
683138 344752
976554 100405
966120 105875
926993 137622
811165 233896
966185 103541
853639 196701
890342 165632
769212 267449
953114 111720
792652 247202
727868 300125
766437 266959
953585 102214
877942 166637
866188 176766
735909 289614
817408 218481
719938 302875
978243 73535
975505 75333
793279 235660
906606 133702
882946 154642
845021 188051
742884 276525
910813 124164
935433 98555
994403 42301
683108 327306
831022 190588
952189 78951
701400 308985
722379 288700
879790 141402
639489 365250
873203 147252
634966 367171
991903 26392
732967 272918
618910 381696
818269 191266
890642 121494
888901 120676
809993 196622
811622 193762
788153 216102
905096 102085
944706 63549
821596 180643
707669 291792
641650 356225
940074 62823
881447 119925
725635 273131
808029 191558
971662 29660
907088 92334
969245 30767
889704 109414
781643 214830
951287 45229
974061 21642
822508 171950
729018 264899
678425 315240
630203 363378
986812 132
933465 52337
871934 114989
949826 34775
969308 13509
858024 124506
703140 284198
772165 212016
707335 278280
811907 166795
851190 124932
566344 425216
924065 40670
607065 380290
756477 218991
593429 394068
731259 242098
610728 373270
828549 131748
885128 66920
790758 171310
855970 96888
657131 319419
908737 37305
882404 66776
856191 95582
739673 224554
743052 220661
797253 158425
677376 294293
832318 117055
885612 55997
870534 71561
670381 299368
858467 82250
905660 26729
882091 52999
906992 22186
641196 331223
595662 384047
702699 259354
599935 378660
855004 80021
630457 342496
600326 377800
748862 203396
816277 124060
757158 192320
795063 145468
837929 93526
867493 57283
774863 167280
739498 208431
883778 34152
833796 92229
895151 16475
844091 75134
835224 84501
855793 57010
851869 61096
812715 109383
717972 225857
586790 387951
641787 319339
544850 439032
784813 136594
881686 12218
798392 111904
676118 268439
725293 203897
810098 93067
580744 390124
681585 257860
531628 454166
752974 161585
781809 123380
804332 92847
753270 160020
871237 712
743719 166692
806644 81280
685879 240912
648042 292732
841678 26258
624240 324273
789938 94395
812698 61002
650897 284520
686692 234315
702482 210232
844127 9063
730534 165691
786716 84979
672634 247720
831308 18996
775071 96074
606087 340960
705902 194667
601227 347073
743831 136196
808193 40440
721723 167580
639906 288259
700374 198013
754127 116700
645746 277623
792975 56157
653157 265839
578134 377443
730008 146420
811303 22406
578273 376464
767022 88585
664355 243909
798848 34613
647674 267506
636757 284195
801622 28981
764677 84731
603308 335199
786219 50294
812650 8687
622117 305443
742639 116859
781257 54612
758021 84672
798744 16279
562081 396085
726123 131934
803060 8048
640128 270105
773904 53476
736923 113158
672846 216311
694227 179740
532613 441678
676306 199698
655077 234783
792129 1472
789247 5792
749571 72522
716272 127527
708636 139860
629773 273729
530581 443447
587487 345143
722289 111740
752971 58386
645965 240975
719578 111170
632147 261770
717464 108776
721746 100768
729092 85188
612329 294462
756657 34449
610568 296536
730274 80142
524572 451128
665839 192020
604405 303382
674347 173404
623160 268056
658449 201643
653179 208442
613131 283316
630046 251350
695083 126592
712461 93620
730215 57146
574205 354276
743412 28916
622767 259498
665198 176889
723838 61543
706882 93720
603917 291649
725430 49664
653828 191288
589299 318347
692071 113214
661568 171374
647663 198165
659195 174418
629489 234384
678329 131909
707175 71840
593610 303847
726046 31228
654352 177940
733406 13350
729932 16071
584025 320113
612620 257923
694606 84246
655400 166329
618879 243201
693703 83140
589297 305769
693417 79828
658691 153497
656853 156235
593874 290577
684799 85459
697082 58071
632570 200083
695163 59492
588483 296270
600184 269708
678178 87609
623018 212164
691160 50821
551321 374877
668058 96875
559959 350981
695715 20471
669740 83484
685192 41468
566369 333068
689236 29685
606453 231077
694689 9211
571939 315566
633479 159741
651432 112434
547801 373618
653029 102004
650501 103088
598062 239487
679354 25259
597755 239094
657878 80100
538602 394358
556585 346279
654565 84520
622567 168460
672136 31351
605912 208406
637460 120663
677362 11125
627808 146877
645547 95143
677550 1956
570021 300000
666550 26683
663093 33853
669841 11927
630571 122654
559228 326602
664984 19822
547190 356225
654847 31922
577375 264127
576137 267491
648218 48240
597426 200542
661216 3417
658101 4345
637835 65713
632213 78419
623233 105089
617632 122662
533316 391347
605430 159952
615958 124214
557033 313214
529046 402660
634179 48827
609175 130729
642825 15263
619662 91196
544457 346120
617325 92454
620203 81693
636378 22752
585610 188346
561141 276698
579642 204296
614360 73673
539429 350817
613544 67619
621604 33177
558514 271618
561714 253568
595138 118580
530301 376756
550551 294190
576357 180353
611239 23637
541366 320653
608015 23060
595272 76879
587189 105957
599896 46468
608132 3978
594654 60291
572935 152121
600414 17220
538967 312073
582211 103108
573325 143346
568195 161506
545307 274520
597168 14512
588966 49910
596102 495
589610 33851
588723 35039
579943 80688
524132 373022
554288 202002
561233 160305
569811 99683
573088 62159
562963 119014
565136 98757
571446 57886
545388 217154
557707 121374
550941 163219
564037 67455
547426 162564
520017 355338
538355 220593
542546 189751
542066 177533
536469 218953
514516 389100
554245 53820
550997 80605
555161 30189
557427 919
531517 226621
538349 159171
517761 342857
531098 213309
515257 359064
547328 40239
507058 430126
546006 10921
536971 104802
542604 36170
527603 182977
531256 116615
523090 218248
531005 99997
516995 247034
524293 124274
527105 75553
523202 121806
527046 10022
523406 38550
509489 319790
517353 152552
513353 205618
519721 18426
516590 34989
513797 107755
508561 261511
515257 33598
509877 206749
509877 155553
508076 145544
509986 42254
505917 241047
503479 257105
504244 130110
504926 36276
503396 49994
501556 138843
501168 10480
500791 262528
500008 49905
499740 3609
497139 144471
496774 161500
494215 43132
495291 115095
499387 395832
497368 307033
488380 21768
486156 12187
486436 75906
488549 143846
495500 339315
488052 134952
488639 176777
481344 69757
493404 331771
483974 136408
481574 91784
489175 253131
480305 73419
489774 269114
484736 175437
476100 18074
477216 41997
477012 149639
484216 259760
473762 116769
490185 349995
469464 96998
470209 118984
484554 297870
461756 29352
473346 192139
472742 202352
458862 87370
488410 375026
477601 274546
470410 211955
469549 211677
481046 321420
462264 163147
465806 207798
470560 262102
466914 240740
466505 239309
441558 55528
433682 18921
475378 313752
434616 33803
464368 243259
445179 126533
431247 42955
470885 299623
459804 232892
436498 97754
447167 165496
439616 131252
442017 151156
452775 219279
414557 14073
416329 26099
436080 137804
423188 70298
448970 211494
416937 42715
422790 90057
485217 412999
417745 72255
462148 297436
471747 347504
424502 114422
427142 133463
425570 127938
409125 48369
427460 140778
461865 311302
418467 109160
404698 52779
445685 241847
487990 436193
400672 48525
470589 366950
404042 94227
388314 38506
420193 172817
409603 130804
416006 159571
402941 108289
435737 241086
419874 180066
438363 253663
454102 317042
413981 174239
424565 216775
390141 97850
446417 300208
437598 272357
419250 211841
372640 54928
369377 48444
437146 278616
376706 77041
361918 31588
471112 399272
351589 21798
369078 83058
406530 200109
345602 15503
405173 199268
407255 209509
388947 154290
397692 183380
349257 43526
341134 25444
342649 32038
372309 127763
351935 78303
352259 80373
434167 308368
326417 11251
430604 299584
370923 136533
378092 156901
459881 382963
459642 383145
336542 54793
450302 359394
443435 341294
314843 1302
456629 378136
325916 37304
367269 146068
355160 115752
344038 88697
316626 20288
362981 143550
375237 177172
307259 6052
348422 110382
428478 312098
310291 24544
459184 391982
471376 421865
387603 219162
310635 37096
388358 225693
360339 163534
394080 242976
397313 251490
297066 19240
327612 92060
285917 338
286149 3059
404267 273624
360642 179643
394942 257989
433963 345222
309274 77739
290459 39099
340349 149214
336666 142415
346647 164291
375984 227944
278726 24209
316646 109134
304900 88400
301921 94237
285668 63920
250861 343
354378 206086
431852 358900
439263 374687
306735 121462
287714 90012
267894 61029
359726 231976
333812 184632
277811 81231
346377 208250
413298 332145
325701 170537
297665 121510
246310 32140
227240 198
271450 80756
406472 324866
395187 305358
247007 41715
235268 22322
273985 91566
376036 272717
334934 201715
297545 137664
294015 133319
324829 188857
251468 62956
239077 43756
215459 3600
246999 61096
378405 286025
256474 79760
365815 265218
372993 277556
307319 166763
310300 173383
291809 143524
302748 162443
286642 136197
243820 65699
202047 1650
344461 237203
318681 195520
259468 99182
212169 29117
238743 76057
255361 105150
425499 374765
366141 281366
323642 215607
367890 285508
245114 94477
328368 225843
232981 77948
205134 37581
294426 175484
229481 75636
432777 389697
231526 82745
339088 247209
445678 411209
268889 146349
291824 180771
244739 110900
205908 56901
179086 24284
271615 159729
218088 82387
255284 138038
264838 152044
184807 37937
255734 144932
228880 110194
268439 167182
430084 394541
340191 268292
323452 245060
177449 41888
303264 219748
235356 126021
182301 53002
158699 20338
475114 458367
312817 234052
340993 273071
247005 145466
210724 96522
286079 200771
218905 111049
221491 115979
289882 210688
329775 264434
303230 230162
318928 252402
150904 29773
338818 280067
139477 21362
369277 321928
153503 40111
201056 102734
351800 299541
236169 150035
256173 177267
419526 388853
358408 310012
335647 281395
237084 154748
132710 22051
252808 176280
187550 93883
191942 99623
185099 92200
212152 126772
148710 47922
290943 230084
117441 14296
295429 237489
376077 338470
183729 99262
212210 135146
196350 115618
268465 206310
141949 52103
102642 3782
213957 141447
126401 35277
260053 199560
203935 132024
216019 147570
210313 142744
301184 253075
141568 64186
242113 184534
270095 219454
342176 306646
220807 165766
99222 28575
143685 80987
245317 202888
244796 202777
388851 366636
99895 40658
257447 218941
239063 199484
349525 323818
188238 144071
213539 172470
161088 115003
66204 9194
379892 359268
323352 297649
93204 43826
179871 140059
133569 89249
97161 50805
102561 57917
405943 390188
357826 337710
205138 173889
318287 296412
184850 152197
83115 45944
80131 44288
105461 73831
140822 112064
374256 359925
94690 65360
182503 159014
63253 35173
341583 328116
130059 109769
34671 11784
81616 61510
174559 158698
66572 48046
332297 321640
85670 69471
141978 128519
335689 325944
139483 129913
89449 80221
138031 130093
27856 19614
27557 20873
131363 125804
130823 126389
457528 451011
189650 185792
348849 344095
10119 9951
207299 205155
100086 101543
185705 185836
99098 102846
1100 7565
13959 21999
109312 114468
218207 220816
1726 12156
25070 35008
236205 239980
158077 165944
378803 377476
15712 33118
76790 91455
14112 32012
26911 45899
175779 187605
315598 320148
214855 225589
350132 352636
272447 280062
226287 237733
22484 48203
87678 110476
415557 416183
310521 321656
48668 86253
102250 135399
128845 166587
49294 97751
236197 262243
139054 177872
128936 171364
176673 212969
318867 336354
189516 224452
90845 139642
361598 373692
374606 385909
242050 272346
78642 132487
66050 122545
172851 214783
187831 228804
9540 78386
44681 108124
83055 141547
155013 204024
7208 81084
291438 319572
400644 410851
200040 244515
26791 103305
18081 96517
126599 186744
9069 90757
104917 169688
179959 232671
291312 323406
136442 197736
87952 159885
55932 135834
117711 186548
135436 200869
108543 179680
127733 195238
108422 181662
156402 222090
258996 303271
209160 264004
147012 217588
70203 157772
333308 363773
270275 314834
71640 162910
393579 411457
172149 242402
255603 306672
86542 178534
228150 289085
100805 195582
158069 240006
59871 169918
122737 216150
450698 457277
136585 226773
40318 156717
218339 289243
110053 210973
63730 179342
153666 244478
226529 298665
37476 164162
227916 302474
195963 280264
10347 151615
239595 313173
187733 277906
48228 182511
31417 172176
81873 208995
144842 251910
438107 451651
107248 227938
135412 247461
305279 364100
231373 315156
5310 166980
77194 215241
12441 173787
213428 306193
195971 295423
68356 213682
20246 183806
172844 282972
156700 274241
55789 209939
407 176330
115178 249548
220339 316544
416411 441104
185389 297936
81114 234164
175397 294005
365571 410979
133454 270395
125785 266041
291910 367221
25551 206712
55307 227982
272 195639
304511 377346
184423 306923
176588 302730
250501 347332
317962 387118
38351 223767
105770 264701
41084 230188
302127 380396
78092 259359
338489 403969
281133 374009
137518 296358
275967 371922
48449 248301
450606 466841
51630 254018
117249 290884
190693 330478
7820 236717
313403 396544
94730 284562
269986 375905
119214 299177
224563 354884
38540 261573
62120 274328
65547 276348
330486 410503
222254 359680
203755 354577
206383 355841
73855 293935
50736 283227
70559 293007
123615 319303
376790 437217
49337 287836
184879 350116
114773 320667
165423 344275
30981 284293
368759 435785
146026 337562
35788 289458
55790 299747
140599 337097
222125 373201
47248 297682
91051 316766
6270 280647
122861 331371
190869 360895
150262 344818
47704 302878
93842 322476
360162 435031
234834 382424
68216 312986
36435 301297
296713 409659
320038 419367
377266 443202
262696 396103
290334 407564
113941 335379
392651 450551
245470 391238
406050 456077
81060 325711
168762 361347
25986 306108
156894 360229
200620 377585
168049 366834
58021 326576
430123 467588
153784 363765
142303 360928
298045 419811
149332 366444
15977 318531
343187 438539
11258 321627
47461 336727
338803 438036
254365 409095
246038 408648
280511 420243
57395 345868
70419 353953
88890 361792
52848 350518
354803 447404
45597 348502
243639 412346
14260 340291
29053 345324
109163 372762
94061 368593
110432 373949
140601 384982
82224 368381
133685 384448
294763 432953
161807 393515
46188 359393
324560 442986
47156 366195
29112 362921
74261 375693
29277 363449
72388 376240
477472 487797
223251 419842
104191 388476
275456 434763
450614 481526
331064 451633
288167 441652
30801 378563
131441 404572
45176 384337
128482 405443
231132 430120
52275 387719
110656 402489
290530 444960
73514 394246
230227 431453
293193 446280
143215 412108
262255 439461
292869 446630
157393 415976
74985 397515
17544 385147
313053 452655
17310 388254
413816 475555
363363 465229
8300 392785
64434 408774
30820 402472
218384 439206
230935 442188
61821 409613
105094 418057
54879 411192
153321 429735
58766 413985
465492 488069
273150 455095
89572 424899
123948 431156
62985 421812
43545 418763
54652 422261
47074 421269
88833 428432
296461 461643
76831 427944
251405 455344
420779 482045
26480 422778
199218 449161
353057 474886
151103 449632
24064 433479
18034 436165
34229 439184
124055 449941
137553 452321
124439 453085
165561 458713
4245 443859
137454 457925
324291 477386
410250 485612
350273 480234
7107 449671
169061 466248
361461 484319
252971 478659
173442 474860
275940 481519
99105 471653
353191 486573
88975 473002
44678 472109
111150 476917
153494 478814
67860 475674
163990 479989
87686 478255
17676 476664
155315 483925
410 481194
338643 491044
102113 490240
131535 490902
221011 491948
15398 490762
318689 493311
91679 492322
144890 492599
147898 493191
78514 493218
79350 496399
78793 497476
86248 498026
53886 499989
115183 500127
50730 503544
247703 499875
34485 506591
249249 501576
364977 498379
57646 508505
50697 513256
60892 512915
302143 503260
185587 508592
15548 516974
406658 498669
124672 512741
15901 519689
188404 511767
246536 508705
185309 515054
512 528398
230350 513494
256069 512094
269693 511625
371550 504409
95496 526309
220431 517719
47242 533683
322358 510108
118819 529714
217493 521247
182843 524677
348622 508936
45413 540065
135688 532360
124089 533677
198761 526493
454757 499235
165729 531059
9556 550203
71506 543249
182707 532241
266102 523182
110232 543730
364209 512032
135731 544105
77973 555291
375727 512528
77668 556499
288364 525657
219876 536357
259124 531941
156989 549926
71323 563995
138664 553467
90940 561924
278785 532207
189177 547710
191993 547363
290615 530504
212891 544146
179102 550219
389335 513733
76069 570103
304196 530045
149965 560198
73448 580271
14056 593172
273362 544146
211390 557912
117839 578636
139486 574185
242112 551810
115810 581773
356113 527264
437838 509070
247300 555375
53560 602930
339462 533671
202358 568514
221081 564244
65836 604650
50197 611237
8360 625270
168342 584512
43501 619562
69592 613163
124634 599162
252512 563629
197135 579532
70082 615292
305735 549124
311610 547702
370439 531143
188932 583579
22434 631604
222458 574824
264297 563363
81757 617025
189064 586559
326768 545858
22580 636181
88573 618734
34853 636105
358268 537759
325278 548454
160425 601767
48667 638015
32249 643599
59201 635143
47298 640880
167975 602155
5361 655614
317802 554350
414723 522574
318112 554395
63659 638519
236830 582775
227804 586383
302283 561334
236884 583835
107712 628429
404475 527301
111425 627668
105585 630496
267306 575109
110747 635651
323985 559078
53043 658334
347006 550889
165550 618536
235185 592747
264681 582975
11942 681117
226089 599749
185767 615414
66652 663943
83424 658253
288810 577882
419306 526663
287030 579239
379880 542645
2923 694096
74346 665888
51122 676122
21480 688450
143479 639243
14208 692017
2 698117
186976 623772
67551 673194
93419 662957
250238 599801
66653 677738
234453 607132
39342 691131
48365 687410
53980 685134
13772 702553
265581 595068
154345 644489
306352 579281
228683 615263
204663 626787
171458 642032
20789 710328
383331 547222
204606 630412
179958 641961
190676 637101
205059 631099
52750 701762
87903 685790
467166 509996
75580 694509
133299 667755
381528 550944
97338 685941
462845 512407
162755 655701
154906 659548
11625 728453
151792 661852
221903 628712
201687 638925
136734 670565
270111 606175
14687 730924
207355 637827
27305 729249
50810 718047
287014 600775
362194 563605
205764 641812
163402 663975
316952 587029
32448 731976
243945 626219
383880 554532
243051 627971
142999 680900
256340 622686
135486 686902
460172 515930
25685 749645
24055 750836
64134 729511
297265 604772
186428 665192
306176 600207
14137 760488
177252 672196
371789 565364
175615 674518
13737 764236
260407 627928
433567 531914
265954 625913
200503 662710
331870 589516
140089 697800
78173 733142
217569 654563
317159 600250
160085 691079
184594 681388
366337 574960
338780 592034
264124 637067
159598 700530
45396 771381
115430 728939
235660 655867
84338 748296
241093 653627
14217 793096
411215 549565
106883 739317
14442 797300
318767 608193
231832 663831
192228 691821
114154 741876
427304 541777
344145 595518
405462 556078
235189 666462
111339 747887
246288 662238
64189 782623
123331 744120
152643 725886
257361 656601
85546 772300
32348 808767
147158 732115
158329 725526
102407 767685
46565 806533
187678 710421
97214 774324
374934 581975
378380 580468
206417 702810
122570 762256
75746 795966
79716 795060
89021 788540
22018 839762
378986 582661
103823 783129
14285 848291
336507 614096
4890 855831
351671 603222
99981 787633
173267 734668
166438 739811
214114 705390
28150 842775
334301 617146
165749 742239
122332 779918
58218 828766
67607 822612
293980 651164
190623 730521
23516 860269
83763 814531
122529 785589
123554 785131
82098 817220
119432 788626
274689 669014
491937 501267
49648 843040
18914 868674
131855 781604
246582 692344
79291 825827
205754 726998
22577 871510
237801 702402
115805 799102
286064 664906
80323 828737
249888 695590
42740 861955
173819 757853
132353 791478
67264 844292
182335 752045
28079 878744
394219 581125
76828 839599
214018 728065
194115 744876
269226 683737
86675 835118
113250 815829
44655 874994
55848 865885
140095 797417
116649 817247
201930 745587
113255 820971
65806 861742
184092 762119
51713 878738
83374 852385
332846 639348
43199 891440
179099 774106
255797 708128
430703 555791
141356 809638
81251 862987
155300 798209
97089 849896
30562 908646
248331 717830
84404 865078
165216 793346
62189 885792
448226 541425
13669 942111
75400 885394
175462 795104
387186 599460
149244 820890
165223 807609
197455 779637
271401 711514
315844 669592
351384 636151
45315 929732
195113 787557
277978 708327
429228 563461
27432 951198
102059 881263
450263 543556
225832 761822
184315 803295
385037 607664
6207 979478
113074 875084
74734 914551
171766 819521
280161 713593
308152 686935
164929 831099
71237 925609
1728 995461
108023 890765
58778 941174
131405 868149
235437 764367
56944 950106
116194 891089
88690 919550
72824 935949
118822 888515
235777 768749
183585 823285
150851 859463
40838 976093
281015 725817
188457 824001
23707 998147
361621 641784
52628 969590
68012 955116
303126 705168
31295 996597
65780 960397
352749 654643
77764 952694
365301 641279
93472 939851
99519 934518
324378 688438
230918 791995
84077 955247
44497 999738
81166 959488
55459 988121
180417 850820
326436 688440
427337 576250
145604 889750
197676 833833
147599 889976
262887 761517
277330 745751
105896 939012
330013 688713
191985 845799
201195 836151
59878 997919
126993 921328
254896 775687
266131 764448
111388 943452
194644 847561
177127 868721
69424 996384
222753 819506
140595 916219
73059 997284
72270 998654
79709 991494
160438 896753
249904 791156
179486 874422
452511 551661
147473 913027
160755 897994
108289 962164
263643 781849
143670 928553
165586 908388
112392 975878
268339 783586
253184 803240
191906 880934
244629 815016
203112 868059
336031 702331
118228 980557
122049 980084
449854 559891
293668 760665
190797 893391
349627 690391
474900 528208
379851 651781
481681 519687
226067 856144
243149 838790
286836 781714
163627 947370
205787 890978
289754 779436
196495 906924
225298 869340
136301 994585
178973 939282
224610 876899
306450 763784
262793 826484
198546 919679
271549 820913
217073 898522
247062 856330
223997 889933
171289 966918
311249 767548
162561 982520
191861 941600
274594 822366
235269 879701
239091 874159
213250 912780
303747 781437
280472 818563
265078 841583
331634 744437
187460 958248
195137 950170
308106 784127
214850 928291
200088 953661
235471 902151
299366 806028
222652 924628
202678 959991
341558 744361
278359 853787
369963 705982
191850 994642
201923 982043
316103 796341
287664 849185
416456 636110
344621 757136
248007 921019
235644 945772
462819 559577
287973 862977
228771 967863
268109 901093
348610 761006
243457 947677
307023 836110
237613 959026
310338 832403
386673 698209
382727 705898
289717 874391
223667 995259
295011 867015
311951 836709
358866 752215
278485 901728
326046 815698
301326 862732
243058 970429
283682 896575
315999 837057
347449 779170
301493 864591
240871 978038
434133 619396
301043 870948
381839 719761
388827 708029
369199 747194
357431 770727
379342 729378
451414 591804
447655 599442
327033 837627
411134 673039
369399 758227
419472 658504
406611 685492
393352 712725
323931 854094
381716 737380
265122 977006
326816 850999
386006 730296
315909 874323
355116 793945
395235 711698
271052 967763
336654 833133
287791 935176
481687 535175
285921 952055
360962 793435
466685 567839
293613 939187
337564 849007
403674 709318
454008 599579
351402 833721
310210 928730
337895 866020
331893 882632
432127 656847
373906 795148
298166 975140
302705 965165
310015 947904
361812 826536
384286 773688
340212 879551
375573 796228
371163 810850
303253 977110
365688 824833
343880 880493
493356 513197
379031 796259
397744 755759
302675 999687
435739 663852
322274 960972
336550 925267
374208 829234
366025 851590
420325 709193
317380 985036
362384 866789
365356 861299
376869 834633
320006 992304
326164 975405
362542 875338
371249 852351
404416 763066
344264 937902
369234 869390
343816 944305
341608 951520
433923 688224
373432 864403
372897 866060
333315 988277
424351 722193
416521 747152
338070 983666
379057 861211
385254 843035
340247 988917
378372 872264
455605 636053
409138 783157
395432 826960
429362 720137
389584 847627
425509 733983
353583 966168
444964 674919
442434 689286
370793 937505
380772 904670
443877 689575
366457 954938
365121 962463
370682 949512
422335 771513
388889 893385
370578 961176
404417 840282
467231 615744
387511 902415
375384 956017
393143 891382
372820 967458
454563 666451
432009 750872
392924 901092
467026 623093
468433 619060
435448 745668
381123 957394
459670 655034
389880 930930
434368 756954
398038 901529
404837 879531
383019 975001
461987 661111
426909 811269
426848 813627
386223 993584
401989 928752
447409 730080
404673 919056
413463 883277
427536 820959
468909 646014
410335 927818
453116 724990
460763 691390
444659 778767
438177 812141
443978 790626
430105 883747
476407 630186
425736 920823
416379 975065
434373 877060
430561 899423
430810 904086
450190 791088
465798 702636
420436 985865
429731 935789
476984 651947
434486 937044
433742 945695
482389 623329
451642 836378
443775 895023
436180 951620
442232 914387
459806 798070
434095 990430
466356 751390
486656 604672
454560 863637
487508 608178
484888 643216
482031 671752
459341 886258
460597 882705
453471 958550
467795 845879
464377 883203
463015 910985
461673 932713
471316 829804
475994 790080
474874 819350
464965 977829
465073 980533
496562 569366
482246 819590
475673 958360
480781 871120
497126 568660
480285 893141
476033 980159
492979 651812
480447 907689
490761 749323
484892 902551
490022 781452
484644 999327
492288 800519
490149 911219
491842 877359
490883 934343
491097 973259
493396 870393
494853 860733
493515 957947
499724 884061
501032 645180
