502201 964883
502485 890576
502504 758825
502739 777800
502526 705100
504595 875971
501651 576085
510399 950955
508690 809043
509033 808849
505684 648476
515693 882394
513211 805057
510655 701363
507687 624782
528326 969222
514891 733033
529283 959366
526934 920958
509323 630727
532032 956210
534980 979404
525889 839533
527282 851387
538474 977955
539664 964657
529585 838523
537218 921955
522001 739631
510884 616860
525516 770903
536468 885980
544616 960789
546262 951872
547524 959632
531002 797393
528583 767815
525490 737113
509558 587397
533148 798356
555337 992384
540588 857857
517964 653278
548020 908737
540253 838973
557918 972643
550259 908986
550057 896809
543407 841269
559005 963600
551040 898152
558271 953870
544897 838996
566898 995627
530995 729164
533528 731106
505521 537872
521743 649091
564536 923414
552182 832550
534824 709696
567492 902730
564320 883706
576547 952640
562480 868878
552629 805938
561099 845721
573557 899684
566296 859922
593104 996355
567632 860237
581447 921909
519115 596036
534375 669565
558447 783947
520549 600590
598907 975133
577324 870294
573275 850134
576275 859895
600220 970411
566341 811796
555151 759421
548064 725990
596957 954394
581911 877185
584116 886708
579926 857477
585798 883562
581039 862320
562055 774755
571759 815144
600487 937664
554008 735231
604648 947663
616336 996054
559562 742900
580627 824343
595747 878143
538484 652537
618843 965903
575103 793011
615779 949248
564447 750848
579963 810772
575618 792601
613955 939525
532718 624468
623174 947476
620097 933382
558921 712716
617270 921256
628922 960495
613299 904823
598121 847892
619061 917677
530407 607225
552183 681906
588207 803969
537949 631931
585048 790014
563772 716486
604257 851917
581050 773734
604375 851180
629369 933453
610105 863856
650429 996150
545800 651528
587519 787018
608759 847510
538797 625031
657982 999145
630732 913299
637305 932945
622097 884947
615387 862090
619878 875014
612871 852246
570890 721942
654437 979867
579693 747936
657716 988022
583987 757345
604566 818558
595617 787939
557150 671954
610900 830780
667640 995340
638940 903724
613613 828734
672220 992634
590194 758689
668431 969261
658901 942318
585100 737628
562903 676085
616753 821486
643071 893078
628572 853214
608868 794730
552527 642774
671832 952686
649093 890010
644900 874193
642403 863964
658738 903159
639757 853467
519613 551838
696525 991484
633357 834247
686916 965364
690695 971724
610405 773259
696772 982206
662314 896048
598779 741345
695511 973901
637905 834922
608576 763172
555062 634699
559206 642853
600424 738974
600356 737592
662426 882665
504598 513390
567824 659861
550711 620095
675330 908338
577657 682246
520327 549624
688432 936171
715580 995811
649564 842274
575229 670751
656159 847500
665801 868529
700248 944343
650170 829978
675093 882341
728201 996837
541620 592614
721129 977919
522519 550996
716335 963718
709702 949336
574776 661429
676553 874044
721204 966688
714896 952437
629834 772900
670889 853392
735497 985626
585346 677643
561144 627829
661279 831585
717865 944737
711537 931795
703474 909664
644461 791543
743260 979735
744316 980451
575122 648037
726502 938444
596660 687806
718255 918455
636370 760849
574415 643074
517908 536704
746753 966447
739062 951667
761870 991719
741927 953994
765630 997519
725124 919408
717073 904191
737239 940820
752543 968924
668714 813767
674469 823881
624962 728676
731936 921583
764281 978419
608901 698412
597245 677342
716322 890592
758551 965649
778038 996544
651177 770355
674416 811285
753491 948858
716517 883120
644570 753920
767931 967890
656744 772601
656710 771662
749012 928654
730259 895380
790928 996322
645354 748954
625773 713842
697791 833587
713646 858482
733511 888717
638920 732441
780222 965519
769736 946884
631829 715968
547582 579173
742141 889532
811140 997954
797645 976400
754717 907159
699225 818660
689120 802251
677094 782282
687897 798221
757071 906677
568309 610399
744703 886480
760042 908816
782546 939775
534275 556121
758158 899882
666894 758413
660543 747804
817704 986638
801804 961578
783385 930977
820281 985280
797707 950593
716323 825583
683024 775926
757772 886536
765224 897494
597196 646531
695500 790858
783832 920056
806704 951069
811939 957806
569185 603550
800600 932870
652694 720442
602922 649649
617432 670182
645028 708949
579000 614616
837137 978286
837318 976174
767175 876873
629679 683508
670692 739790
619829 669250
784600 896889
820485 944922
828165 955387
823073 947209
657105 718307
723911 809576
563166 589666
785816 893404
833351 958022
654799 713192
753652 846564
795787 902333
724258 805382
792286 896301
840764 960172
549413 569442
843537 961970
697744 766255
831058 943391
632130 678782
737151 816257
659149 712563
729466 802463
856468 966688
754899 833163
556276 576071
806029 898519
842968 946188
639745 683766
786748 873386
840067 941362
670685 722734
882243 989810
597873 627851
825301 911708
688073 739323
807339 888814
677346 725057
796942 873153
863421 955062
535093 546590
719121 773051
692442 739443
712400 763683
739309 796398
903205 996868
878838 966955
652678 690144
833466 909774
866569 949876
785388 850891
767225 827006
630641 660444
683199 723372
845882 917849
888232 968448
877456 955018
809874 873967
635438 664418
837981 905043
748576 797827
840910 906778
788284 843416
916630 994650
681712 717553
713872 754649
753261 798858
741910 784688
689583 723681
693826 727593
786119 834088
678620 709762
828484 882285
891283 951936
767507 809958
732096 769320
892144 951924
866079 921284
797845 843032
735509 771662
761663 800347
912396 971325
891565 945885
904303 957970
850403 897310
761687 797056
542525 551162
822318 864635
814332 855587
900733 952316
926029 979233
770215 804076
901504 949357
838237 878129
911924 958950
645781 663987
830007 866454
793507 825859
637018 653672
872934 912194
834435 869053
920398 960931
590343 601659
589222 599816
748403 769967
948552 983566
901962 933425
794144 817849
963216 998178
929852 962436
697921 714710
812457 836046
759245 778400
740717 758539
658891 671179
917381 942953
904979 928192
966571 991547
814211 831645
584464 591541
900322 920666
924066 940835
959414 976695
848895 862785
545556 550382
928214 937784
736306 742765
975746 984324
814103 820279
646685 651437
918124 921875
741059 744265
932529 935456
913171 915641
679579 682534
914484 916533
751428 753160
594558 597078
974872 972855
998654 996250
881943 880361
805238 802744
916750 911621
947004 940644
882323 875896
740817 738079
867085 860682
837708 831704
843259 835741
885495 874366
945909 929037
823697 811910
976747 956865
786621 775265
929914 911091
968764 946810
816197 802026
946413 923912
986773 961551
943063 920247
535283 536718
893207 872420
610356 607007
851498 832859
963512 936475
796201 779961
821319 800955
739750 725215
659599 650822
607342 602359
896150 867714
765252 746839
696892 683183
971506 933264
904226 870924
873226 840304
619495 611398
773488 748053
691789 674851
947258 901620
926077 882726
658328 643746
804665 773207
823977 790252
918408 871020
679886 661388
714578 691346
870409 827071
989512 930949
935277 883571
861906 819437
898193 850926
981706 923712
781860 749085
888609 841287
980402 920641
956163 899200
902792 852511
985334 922837
954318 895953
864018 817066
683826 661214
944058 883461
929765 870205
809374 764953
842260 791312
897958 838004
610454 596363
733700 699468
922931 857454
982767 905680
721977 687829
894956 831280
875205 814564
857484 799481
986443 903929
645456 623332
892076 826152
984176 899548
573652 563539
631038 609754
705255 669348
808483 752296
963395 874588
972703 881386
706884 668978
577898 565844
639881 615094
803545 743007
818918 754277
785629 727527
890018 809238
946704 852685
943079 847056
848594 773283
661062 628106
887507 801300
982912 873787
893176 804822
735857 684050
997531 883820
921095 825163
975740 866631
550932 542370
903356 808780
926809 825796
954663 846395
924480 822608
956382 846424
801452 729190
762554 698603
707566 657660
778779 709374
749577 687385
732465 674021
837011 750251
678292 633998
883096 783279
815186 731814
681420 634767
881743 779254
540680 533067
895797 789180
956150 832234
796502 717002
821218 734392
981297 848885
832289 741106
766263 693689
925328 805825
727666 663522
949025 818665
769189 692162
876816 766843
895223 779086
899348 781040
934722 803712
948056 812177
935605 803353
715245 651200
977826 831039
558294 543418
762516 681417
825140 723621
985608 822054
970018 809870
706462 637242
894900 759071
759556 670916
785127 685926
716494 641836
845187 723878
700083 631247
937290 781566
817435 704947
890240 751075
914789 764451
785782 683230
994039 812775
967884 796219
880004 741261
712474 636088
709299 633674
968221 794342
920256 764076
976182 798496
780047 676127
831097 707415
901337 750273
663764 604101
677119 611865
734905 645492
936850 767062
932559 762795
863662 718676
649706 592167
948562 766751
768425 660849
880470 726270
891355 732561
908585 742273
814024 687000
920830 748718
694255 616708
720705 631893
860679 713083
983175 783057
827557 692652
924731 748515
626296 576525
716696 627991
676279 604250
537110 524904
745760 643094
811922 679114
932147 744370
736497 634345
912016 730806
811853 673785
791895 662404
840055 687515
854780 694859
892676 713255
778826 652246
832892 680778
595894 554783
900339 716492
798111 662166
990473 764209
802276 663273
960141 744785
713282 615392
933015 729784
905662 715392
998024 763007
865981 693588
756113 635933
931751 725865
661548 586818
968812 744153
786655 650733
550426 529667
648418 579003
923520 717381
789109 649250
825284 665954
869098 686422
753466 629181
511033 509298
822929 661516
939321 717212
833745 665822
875322 683249
785597 640215
554827 529900
968073 724816
933656 706187
776044 632300
886683 681764
907819 690415
958755 713595
868954 672231
643118 568982
882816 677862
846880 660737
800518 639647
678655 584156
671366 579928
986599 719344
936100 696417
777248 625899
948080 700337
835245 650252
987691 716687
896809 675553
893215 673627
971496 706943
818015 640505
833842 646448
764726 615977
774939 620153
769729 617689
745005 606972
852118 651912
918299 679541
978396 704415
812366 634558
701446 587817
738696 602870
603556 546672
938840 684440
820756 635675
753628 607957
672594 574435
987883 703173
696095 583112
896188 663165
981248 697351
739855 600277
979038 695051
719391 590322
801695 621325
863357 644835
934169 671592
881141 650913
867108 644884
769069 606682
895560 654888
841476 633423
541817 519536
923791 661718
754164 597112
757031 597169
815213 618012
960430 669319
935987 660018
698342 574078
733998 586559
786462 604999
790696 605454
882249 637349
868204 632328
968303 665322
731280 582889
916810 645376
567095 526591
666809 559773
793714 601817
710352 573840
999448 669790
850429 618710
916626 640141
931901 644791
684633 563917
718402 573682
945665 644929
821203 604686
924283 635933
644424 548853
958601 646438
870203 618818
915683 632389
554235 520708
913230 631510
956291 643524
577368 527235
962528 641208
585224 529247
904581 623465
682901 557960
623112 539591
941076 631517
897529 618010
856639 606217
885900 614328
884142 612943
622926 538750
738059 571076
973983 636249
787723 583421
995239 640037
834208 594481
925784 618197
974048 631030
800932 584433
833076 592388
853640 597285
913749 612446
915034 611312
891730 604627
960813 621501
640868 539751
859652 594850
966282 620960
918356 607869
691994 551058
895551 600647
818347 579605
952774 611461
893485 596549
935958 605366
610179 529218
974510 610557
849211 582401
977156 608547
873401 584005
769844 561140
924560 593810
826164 572898
928396 592146
987739 604205
817155 568884
806790 565675
999210 604098
762610 556071
963565 594736
725323 547895
722523 546639
912712 581008
904788 578708
666436 534646
755127 550358
832527 563447
731435 545245
736689 545851
598929 521265
857257 566218
827924 560504
631065 526494
954470 581574
925453 576558
795586 554413
858437 565059
949532 579454
882723 568009
633662 526369
616328 523111
878801 563906
843700 555976
872568 559336
879668 559604
699193 532844
867335 556353
825470 550285
992859 574042
623301 520861
673536 526801
982029 565194
729679 532365
992180 560418
637700 519608
892355 548112
582192 513303
871893 545619
968290 555965
985467 557467
907309 548785
874208 544915
965417 553913
879266 543928
975668 553964
633168 518015
592839 513117
798494 532924
934798 542819
944055 542936
810176 531040
618546 514168
991215 540285
909482 532920
906743 532539
747541 521308
884430 530707
991753 537748
920969 531960
767844 521482
579132 509133
696081 516189
883320 527581
983683 531854
669572 513612
680436 513782
744173 516924
733494 516217
864321 521830
924719 523419
749322 515442
962395 524984
945300 520340
859112 517106
726105 511468
854387 515404
756269 511866
947886 516805
997982 517381
917861 514528
865407 512365
929314 513608
955785 514093
935207 511732
890300 510798
929178 510771
983415 511252
940159 509683
599314 505217
745752 506690
823885 506082
896012 505941
705511 504541
757525 502092
895991 500822
787567 500326
707151 500331
971211 495345
811372 496792
964427 491757
756714 496526
672454 499020
846635 493740
909996 491673
914536 490280
843403 490883
984090 484365
754551 493479
611808 499312
951683 484124
936052 484397
883447 486656
799622 490389
949005 480882
619561 497171
875290 481066
989031 473387
906329 476860
717983 486947
904325 471113
885033 470065
631476 491362
952234 459606
628066 491515
716768 482387
949929 458160
997035 451468
907731 460669
977873 451191
567909 496558
720172 478228
958369 448207
968664 446374
699116 478203
675118 480856
735911 471793
725060 472477
719750 473103
847503 453463
883071 447477
802824 458169
828937 454176
857881 449449
947564 434519
710294 470739
692208 473020
767313 460567
978693 424010
985779 422589
928029 431995
956878 426914
877324 440194
868346 440889
542885 496828
860433 441626
859051 441109
860947 440547
996890 411861
656585 474886
821927 442581
694616 466614
888995 428925
791150 446583
821721 439434
814353 440067
953254 409145
815440 437847
974123 402847
575051 488216
738697 452895
669856 467612
985978 396663
712055 456833
808528 435242
962689 399748
605365 479547
979683 391530
892600 411648
842380 423128
740725 446416
878831 412801
845043 420568
850299 418610
818464 426237
677413 460065
941688 394045
641572 468848
901784 400068
722509 446551
866205 408417
848504 413049
786683 429017
983196 375377
999750 369385
925410 388333
723751 443276
827446 414729
842096 410088
629375 468554
788043 422981
877455 397569
729850 438910
653439 460405
873999 396638
892696 391022
817743 411977
975453 365639
898334 386342
922694 378165
612457 470549
944251 370443
931710 373833
943327 370313
950138 366509
690052 445974
830960 402211
865924 390616
859030 390366
867726 385237
799532 407248
719494 432305
636682 459442
706031 434293
985266 339104
977314 338695
659872 448402
972780 338426
816436 392564
647754 451654
840689 381952
857785 375521
928536 349114
926947 348723
888256 362634
956757 334794
664013 443441
822554 381666
952769 331163
617200 459300
637463 450893
897452 348254
980597 315153
925708 334395
655968 442105
890202 346634
776672 392327
620605 455348
835789 367599
802312 380759
993072 301170
899942 339101
968442 310572
706954 418551
984479 301031
749833 399213
896658 336057
932626 320103
997668 292095
981171 297715
943316 311737
816416 364997
865023 342770
971600 295000
973080 293646
869345 339022
895363 327181
852640 345933
844410 347653
989693 279694
830265 352740
964986 288712
742052 391154
960099 287963
977540 275900
552794 478955
784440 366557
981456 269059
680270 415839
777225 367822
800714 355905
762518 373997
964110 273569
879831 314824
632777 437847
930872 287638
874913 315360
729156 388672
920028 292023
684310 411088
976489 262191
914680 293503
771520 365958
917426 288691
955432 269017
885666 303478
943100 272479
919975 284151
555360 474819
908292 283922
994402 235458
879118 297685
951935 257187
613559 442318
962458 250954
913774 277601
652473 420840
993700 232533
999047 227309
937196 257843
945861 249890
999912 218663
906314 272070
833695 312612
825114 317235
910654 266825
753631 356936
722312 374913
569494 463996
807618 322783
896157 268128
857526 290948
885731 273655
939232 239655
779508 334985
920203 248163
804897 317772
702986 380093
659730 405869
680607 392553
733690 359178
790862 322217
993261 193661
809533 309118
898224 252127
890050 256330
988771 192309
699863 376654
567525 461206
930278 227689
641200 413492
980989 193494
984179 188910
686601 382785
858432 267911
981096 185280
922292 223857
713127 361567
633642 414678
926031 218010
959903 194083
574997 453862
812833 292999
975922 181773
958278 192168
747612 334110
587794 443523
942171 196785
552395 467966
884643 234957
762078 320206
647205 400967
928786 202217
924978 204331
900091 221611
627262 414380
973105 169122
624245 416023
858523 248879
963348 172756
727815 341031
882421 227929
861352 241692
688943 366973
921147 197108
804014 282223
726054 339187
885830 221965
915495 199759
996504 140318
918212 196600
858020 240311
836011 256427
605430 426632
821287 266971
918161 192105
938879 176355
951264 165017
673348 374136
627673 407956
782107 290546
660822 382398
834483 249593
904542 195219
981418 135944
859999 226470
644286 392021
852751 229133
946243 156005
925043 172526
796776 272695
859953 223051
967089 137026
836275 239482
877990 205381
790778 273699
755993 301043
877445 204368
970187 130575
884503 197373
911937 174779
571742 446879
593106 429674
799982 262103
931391 155853
816999 247661
776602 279591
908857 171240
820503 243219
854960 211931
629262 397851
940142 139922
968152 115463
819992 237693
979348 104164
907203 163851
721452 318673
709364 328628
734409 307402
889503 175183
886087 177381
946123 126397
925198 143913
882373 180197
912250 153325
816357 234882
684939 346584
797997 249492
987394 86947
747898 291439
617747 403286
833707 214740
680949 347021
880262 172083
595378 421107
911457 143055
725425 304689
830021 211703
875417 170140
773920 259715
962536 89885
790244 244275
770276 260901
833932 203287
563062 447085
792253 236969
834277 198118
722509 299567
689019 329863
937192 98750
686308 330840
649964 364299
962574 69038
717647 299480
976024 55415
869093 155494
936590 91280
731312 285201
874735 147270
669829 342261
969338 55323
881714 136819
858044 159329
700476 311299
857686 159524
623282 385038
923016 92848
929980 85608
879842 133791
852506 159313
760787 248166
969112 42655
830582 178719
999871 10730
687993 318722
567803 437604
884978 123152
770413 236039
914971 91351
992280 12862
862722 141797
825498 178654
909185 94749
810166 193149
837495 165348
650197 353714
945575 56199
756861 244730
897214 102483
946169 52035
813446 185514
967745 26746
851275 143881
735933 261765
985169 4274
849603 143796
730151 266789
697957 299947
983751 2229
753308 241130
852669 137663
953310 32806
878265 110132
671948 325183
956491 27428
978613 3907
735406 258175
778764 210901
910754 71106
894845 85936
846715 136042
662952 331330
843021 139136
948980 25856
577160 422206
784118 200426
850762 127940
850407 128119
840212 138586
868720 107707
757270 227395
655766 336756
696225 291589
837530 137776
750977 231840
734962 248850
855036 117601
901931 65366
883806 84448
814489 160019
900619 65419
800800 173642
923760 37684
845479 122124
898465 63382
950779 3609
540236 459996
928349 27103
793253 176980
934492 17480
731795 244813
866506 93478
869192 90172
903308 51828
944648 4880
814459 151220
916206 35459
864062 93560
861899 95801
806302 157376
837282 122194
847108 110781
903651 43652
869208 82619
730678 240706
858301 93751
933064 7746
936733 1835
625457 359887
778079 183308
919614 18887
815072 139247
538616 459924
859196 85016
699910 270844
901105 33491
884644 51521
788622 164575
921793 7454
699297 269686
696045 272465
854274 84774
853753 84889
894929 34470
786650 162035
904061 21209
697857 267905
533240 465018
909732 12107
719593 240510
673130 296131
897587 24590
678734 288953
913221 5213
767632 180750
789455 151668
887092 31253
774391 168961
720396 233345
859158 61219
709341 245972
872343 43985
668429 296389
863257 54928
805666 125759
858747 57999
880716 30046
633397 338347
832231 89613
809213 118021
796609 132507
786745 144271
636761 332583
557166 432816
559292 430119
880123 24578
583886 398874
862338 40810
830911 80210
773679 151343
759438 169050
861247 36504
773000 149986
829769 75904
845083 55762
606823 365514
741485 189627
808086 100989
837594 61598
634696 327851
827435 74196
855170 37693
749564 176529
821514 81641
614253 353908
781744 131162
832861 61735
861469 20878
876139 930
811154 83609
838606 43595
689196 245392
687123 246838
809445 76563
804454 78938
762108 136492
728337 183722
795026 84367
539297 448879
605633 353879
703721 212846
782300 100027
783431 97888
614445 340588
804547 63485
822793 36636
778637 99842
720899 181950
611968 340655
795733 69179
736477 155215
827471 20061
698202 210178
740018 145026
796802 59391
785210 75387
778370 85648
817976 25895
734999 148400
663267 256993
655681 268023
802424 41370
705006 187641
762498 96907
556860 416375
776065 73139
738888 130950
756108 101520
802605 26761
764846 86397
560265 408226
679206 216185
797147 25846
786806 41986
792582 32297
733114 127631
745034 106451
703020 174348
805261 5342
770472 60676
642296 270511
716413 148197
767984 62652
774004 48490
712686 150592
709724 155468
648665 257099
564344 397422
743532 95306
781657 26378
578010 371338
726169 116834
685460 186621
775426 31326
575019 375801
737059 94084
666205 216950
775287 26070
719865 121141
721424 117240
639653 260189
764430 38163
763920 37226
748212 64989
739014 79161
681722 180895
722362 107563
682129 177670
587810 346261
661026 213147
652622 225313
723525 89928
597021 324894
684459 157230
728970 72442
709707 108223
764829 3812
756161 20196
724330 75569
676938 164167
717759 84500
622772 267459
657228 200610
700807 116086
679086 156242
743741 30056
722941 67688
731345 51005
706497 97392
567164 371958
598934 307587
635312 234432
564161 375443
605309 289826
640682 216851
649233 198418
719301 52598
723764 42411
558556 384165
737784 10456
614666 266429
678350 132194
672804 142097
669540 148531
614603 263061
542446 414633
653985 174384
613552 261048
688124 97672
727534 11017
551779 392761
669369 135598
552442 389883
646023 181381
641028 191331
623776 224246
600715 275590
675888 103714
714366 14880
620743 228624
693851 57972
520527 458009
663689 116029
596167 276486
673470 90445
710103 2023
548550 389223
658238 125965
707172 5147
639399 164548
508497 484788
703184 4477
577538 313742
620605 206012
682134 50500
556616 363585
618349 205549
557199 359102
648097 125676
694537 4955
545354 388394
543605 390430
573918 310078
600221 238345
605883 220935
557815 348104
594522 245271
661562 57728
644838 104055
562364 332705
587930 260073
590306 252098
663485 43917
669677 16894
619807 159279
669475 7263
582751 261182
627353 128464
531365 412644
583782 256589
627074 127464
658479 33692
532266 409321
613001 166988
536345 396908
650281 54216
664815 9027
620052 142331
609790 173335
655127 33743
636269 85594
540718 379696
565131 299690
636756 65052
634563 68062
606754 156703
590382 209311
622193 101739
618352 113327
589539 205739
642592 27427
637991 37565
602600 155933
589115 201566
627013 71285
565048 283219
517783 445181
599598 160239
618799 89290
617870 91608
605706 130355
630511 40483
576289 233629
625809 51220
597925 151599
549759 325110
600977 137055
623811 41515
613503 66997
629497 4913
607023 91034
551846 304874
565939 249469
595333 127233
594584 123564
604496 77274
576179 193203
571126 207828
574814 187737
578447 169274
591975 110379
602172 66237
592890 101754
552249 274419
592594 91170
595845 70657
545235 300549
586217 113248
531234 362421
565602 197608
571930 167596
583278 111391
532990 350143
533100 348408
603070 10723
540725 308230
516442 426826
543092 290950
600611 2000
572903 139022
541376 294731
592072 32307
590855 38225
587529 50628
571125 128205
574640 107277
579830 75108
527381 358785
549988 234481
589715 15967
590740 2949
572249 105220
573036 95769
526944 354778
547444 235326
569781 104826
538903 283015
509239 452884
583051 8907
532732 310056
530111 324547
581205 13360
553265 171193
512667 426667
567001 74572
556681 140819
570785 43334
563134 87154
570576 35988
532861 287946
562926 83658
552154 153620
572643 10677
527955 315661
557080 113871
514611 404137
566841 28683
558620 84309
545315 169790
518844 367218
550462 129634
559433 56888
562993 29299
509215 438173
543631 172389
518838 363279
540655 192291
552942 92085
526137 284893
512262 401492
544880 110006
542804 127868
516089 362666
544823 99249
527759 252839
524718 270153
511650 393237
534377 161077
536631 133976
512697 379260
534872 148860
515150 348295
535803 118295
529731 182355
533291 131427
525988 213451
541399 25621
515775 325572
515822 318386
531599 104321
537548 8886
525094 171612
514028 311362
533342 31715
525324 145767
529198 81315
514925 290205
515223 285410
506073 417768
516503 235802
519894 117295
511644 276282
523314 9952
513949 179002
518833 47725
514169 140097
511191 216239
516169 71559
516777 54147
514928 58604
506438 316656
507336 270250
504717 351434
503098 410106
505951 243380
509121 51528
503002 320300
506886 16111
505850 21558
502935 90899
501357 306875
501055 83946
499073 89999
499791 362189
498716 226270
494607 4709
499031 422010
492033 81100
491559 99248
492231 150531
492575 224160
495581 329269
488470 84405
489147 147818
484711 15747
491643 267256
489806 228279
495141 369007
489485 265792
478970 47857
481807 129893
478732 77877
475382 17697
477732 73542
477183 111750
472782 44619
489779 335151
487204 295942
483915 260284
464409 12109
473204 172711
467832 114708
479730 264928
482692 314841
472455 211067
480983 313750
456519 95736
457888 115425
467133 215792
453752 113600
468016 247928
442878 56812
454443 152696
480087 349853
439178 42427
454678 162337
440501 65552
434948 31333
443169 101272
434440 46008
446939 140212
446376 136502
465285 267971
429181 44690
455230 212336
450242 183261
454019 209019
482281 392687
449089 198156
467655 308624
438660 140223
442210 161646
451075 215159
442728 167755
426972 83711
431337 111913
482267 401210
474571 358819
421521 65325
440197 172136
420767 72506
410096 19144
454789 266875
420526 94387
470998 356427
421038 111529
433316 174632
410955 66891
443450 227396
412368 83320
445765 246852
422048 136222
403306 49160
395409 18473
468367 357540
467609 354513
417925 129499
436159 212698
404769 71839
390712 8499
406566 80080
446667 262797
418169 141809
415179 128925
447624 278065
427120 192278
447411 279208
426418 191407
397993 75031
396984 81834
384279 35801
380519 22188
384510 41106
376713 10104
376430 13084
394565 90935
458401 341080
486103 448148
421105 203346
395180 113732
384988 77226
400918 137349
370319 25877
417853 201474
434036 261923
361663 427
434206 264552
385553 89830
368895 32003
407740 171864
372917 49267
428231 247285
372418 56443
462967 374467
369709 56986
373706 73574
405073 181159
352004 2854
439745 300604
411379 206097
348109 2180
388079 134864
367922 76485
391940 155952
343198 2940
376832 110428
341484 390
340038 2970
375052 112973
345094 20655
358049 61797
381707 135550
401598 198067
337809 3007
426506 279644
434761 305236
379550 141047
370334 113410
362368 89705
435437 309195
397252 196195
356612 84459
356597 91609
447167 351992
479075 442902
336083 39320
388954 192628
443290 346168
400697 229961
404933 241783
348306 88898
341879 71470
395145 217115
420890 289641
362304 136175
333579 60667
400344 238441
359061 131174
309081 3541
379538 188935
318994 31892
426103 312885
421802 302616
407661 267404
322471 50518
375142 187288
327137 66867
402410 258342
415483 291196
358544 149318
373339 187008
443326 363847
390550 235062
366932 178668
341102 116422
349326 136984
330887 92451
461682 410170
421208 313334
371518 194396
308310 43263
325128 85725
325865 90325
467745 426584
293806 16064
340281 126703
419344 313354
287487 6729
327537 106583
317057 83008
302001 52809
339496 138450
291378 29268
466334 427216
325538 113556
359770 189976
364247 201943
337147 142603
369379 214886
370837 221046
464695 426444
356300 192431
448127 391065
315683 107398
317576 111789
440655 376330
315320 109511
440142 378450
432384 362426
411814 319771
346897 185481
359395 215198
441879 385508
348160 196554
265006 30003
337565 176814
336485 178431
303104 112297
388252 283018
350984 213108
260551 38317
411261 331696
318364 152527
426238 361301
362608 239177
309221 137655
243961 14465
255950 37359
286875 96936
339383 197554
252591 34201
297026 119309
283571 96270
317094 159354
321512 168738
261994 58054
311766 153460
282688 102515
236799 17991
428961 373730
229528 11009
230683 17483
248236 49434
473852 456019
263878 82838
224945 13753
327832 197229
351296 239686
452364 418827
285059 124051
229492 29931
288413 134057
319998 190599
377251 290020
209925 2843
330967 211656
307004 172410
323745 201428
388132 312143
387190 310823
243608 66851
214311 17096
270137 112559
314151 187921
287475 143024
306028 174635
360515 267530
371097 285874
409945 351753
245100 76099
226845 46532
207170 14856
220429 38121
289910 154699
327275 217102
271589 125113
269273 122256
338324 237044
292144 163025
212512 32891
274015 136973
293987 170213
211167 39441
459560 438274
235075 80819
226043 67401
310539 202647
391338 330891
267737 135979
194111 20262
225868 70599
271221 143215
267053 136688
219788 62620
231745 83650
180834 5341
230064 83372
317411 219578
244904 112619
179995 17617
196687 44984
302250 204620
167557 2793
241841 116239
321871 236628
269558 158906
188005 38604
441597 416393
312410 224523
255850 142462
329765 251953
359551 296293
209318 76809
329934 253817
275208 173652
286532 192015
168429 23548
248451 139673
196090 65611
270914 175290
181618 48545
150616 6629
177461 45522
232138 124809
263884 169876
283932 199743
269282 181366
383848 342438
236010 137849
135985 1046
239166 144095
291444 216565
209425 106744
179524 66753
307360 241622
339881 285896
384535 347011
230809 139440
390764 356026
296893 229638
179509 71793
449235 435239
138655 18872
281472 212086
162124 55256
186488 89359
252700 177466
339935 292468
310564 255041
452272 440936
128276 19072
220520 140830
234941 159560
276808 215651
140621 44775
237869 169838
278972 222260
125955 27728
202442 125263
167312 80724
210912 136256
386516 360764
308231 262903
198767 126242
284609 235639
149919 68237
339361 304830
216555 156016
228384 170623
307192 267936
412232 396230
115864 34992
343829 313071
194331 133602
152548 83116
226604 173598
161973 95828
302442 265371
199426 141847
277235 238510
263570 223761
329771 302528
250724 209625
122779 58836
146270 88024
332724 307284
134616 76726
122305 63008
173253 123037
171471 122275
378201 362965
311676 286257
166581 118995
100510 44054
183610 141934
441194 436335
243265 210488
113546 62535
220704 186676
137922 93467
113487 65818
206906 175674
51063 1440
220419 192251
309367 291556
68257 25087
269138 249994
304193 289538
120204 92118
102848 75491
128333 103607
437251 436005
148782 127470
355179 349003
114010 93075
103643 83812
34399 10726
94867 75303
43151 21502
283444 275767
368769 366105
66659 50576
296198 291990
56743 47101
45633 35676
388068 388943
218788 217318
104363 101996
190805 193195
217934 221173
49866 53430
79505 85199
162667 168430
7933 15175
204461 210632
19220 29405
342290 348051
67307 76969
234828 242451
117233 127208
309858 317306
79458 91667
334973 342127
267231 276516
24640 40821
23973 43274
154360 169873
177114 192035
459849 464907
120946 138615
49770 71406
212372 228203
287234 299987
368293 377704
344041 354989
261482 277715
197796 217648
289573 304862
115458 143515
388698 399827
58849 93052
83863 116796
346681 361649
13833 54313
146489 178099
13495 57240
437936 446701
280488 304845
197159 230933
171335 208284
376559 392852
212944 246291
100376 146024
135890 178926
177705 216506
145023 188980
261322 292265
64326 117856
14615 74369
92304 143365
375598 393862
119979 168804
3207 66596
310093 336933
133689 182128
87150 142402
86637 143185
158858 207011
110406 166863
262701 298904
248916 287268
208634 253105
97303 157778
14497 89206
111718 172309
91298 156143
245149 287673
35256 110058
295449 331625
44095 121838
39441 118209
60037 136664
104887 174538
257143 301394
182715 239736
236439 284549
142641 207612
194882 251881
28107 114790
54064 137537
268024 313230
140132 208600
129828 200524
114201 187870
474522 482854
122229 197076
42568 132771
368436 397119
41936 133153
8106 105848
280820 327376
74379 161442
420362 439663
249319 302290
332064 368927
12546 112694
395707 420065
11675 114303
71151 166171
88387 180114
325736 367764
188965 261254
319854 363828
48878 154918
65114 168091
130784 219007
100480 196814
244076 307400
323862 368642
312559 360021
314105 362631
243530 310009
81202 188073
386336 418060
171693 257127
80266 188687
365973 403347
30827 152617
271530 333766
288442 347118
402401 431500
215764 293690
50963 172073
132061 232129
110725 217307
87220 201657
54387 179067
7668 145595
251024 323265
44553 174119
142466 245430
173072 267752
270550 338858
161668 260700
81054 203492
367377 408828
257347 330256
437325 459036
100768 219513
5918 152633
344375 393253
107530 229019
107160 229194
57218 195538
199490 294994
156679 265459
200323 296126
8939 163552
189782 289288
69288 206512
375592 418593
62372 204238
229905 318895
2257 168061
32827 190445
227892 322022
3320 172652
269907 350535
312873 379191
176148 288188
3896 173786
228268 323195
29884 191655
27873 191338
24534 190388
219388 320717
84653 234569
69613 224960
417293 450466
29419 202811
155657 283728
184878 303085
247765 344501
27579 206161
140395 277613
60786 228585
132750 273943
176188 301885
35715 217624
67800 239775
32920 219364
258066 358668
25910 219457
126651 280143
112576 273114
236226 347134
325051 400113
23024 222216
165099 306700
422675 458499
57040 246055
77012 259027
157260 306330
201573 332193
342784 414545
72723 262900
392017 443094
243786 359879
149633 307423
475876 490504
315123 402427
134925 303859
389891 443526
26177 244605
176056 326655
199569 340305
57211 264342
362144 429352
49317 260506
275149 382598
338954 417081
118611 298924
81538 280849
366716 433353
306344 401555
451160 478055
71123 277852
118388 304223
105441 297544
199243 346890
100501 295966
228366 362943
36971 265351
168031 333471
429824 467868
148062 324040
62333 280408
431784 469164
35186 267802
78388 290707
33838 271298
395204 451767
186358 348014
140165 326170
87874 300583
150603 331606
287451 399232
301152 407813
114951 318392
216844 367718
432717 471730
234753 377717
343288 429823
116903 322864
114833 322860
294926 408311
142698 337778
67366 303103
54441 299082
94166 318594
75437 310977
409111 462771
86901 317490
233468 385652
5287 287130
18420 298961
164175 361036
89152 329179
111424 341967
241559 396354
22930 306533
49956 320201
262279 408225
41779 320305
305071 426341
158705 368902
81768 341225
214403 393202
125816 359391
193168 386947
243398 406700
193495 388144
83285 346527
148597 371318
214138 396318
54502 336760
438428 480863
368862 454998
276007 420400
371510 456738
38622 335073
437201 480958
153171 379311
10007 329407
360782 456056
18912 342242
83172 364156
127238 378993
27309 345911
385772 466377
87180 369341
106464 375685
95191 372520
393205 470285
386974 468821
59254 367543
98710 380746
128166 390381
146803 396327
262770 432195
135979 393863
242313 426116
156230 400675
271657 435546
62055 372805
72493 376013
8047 361067
205549 418537
9404 364096
114221 394418
104935 392823
46608 376669
376718 469593
44643 377796
148752 406671
271666 441300
13538 370780
53087 384149
6989 372014
23060 376562
19283 375964
210546 427006
12734 375053
46593 384165
459802 493510
7722 377420
301378 453996
92562 403099
147750 417371
132042 413567
172785 424238
90973 404619
278441 450828
91960 406812
61836 400440
191795 432295
39846 397103
111714 414147
144247 422779
142692 423191
55446 403878
40378 400684
233869 444219
108130 416345
19380 397119
95290 414006
58690 408328
15037 399024
278438 457320
112273 423127
388591 481040
41566 409781
60397 413706
84537 419902
207399 445049
228343 449388
176561 439776
314231 467334
137549 434673
288755 463826
162550 440372
118843 433430
12761 418285
388092 484663
365341 481352
237019 459902
81135 434592
224709 458452
443115 494651
245540 462300
156510 447739
107037 440374
367218 482620
97039 439081
61257 434557
5359 427426
392019 488018
21004 433002
42836 436362
40193 436257
324913 480511
6728 438753
30643 442154
106958 452868
37881 444128
39920 444866
224091 468640
288260 476885
16663 444248
20291 445936
48551 449813
293893 480273
90758 456832
290139 480426
273275 478766
175375 467857
252367 478428
284381 481838
290548 483694
105940 467156
278067 483317
313571 487608
418564 496987
201284 478055
54568 466586
226657 481240
392012 495548
21586 467547
35981 470163
287659 489617
90607 478287
127364 482295
199358 486621
126231 482455
276578 491991
287550 492809
199665 488972
308607 494944
94831 486080
19978 482768
101580 486517
247937 493652
334993 497407
186077 491575
9119 486420
216894 494185
217383 495260
21380 489203
187417 495872
104986 495915
211975 498328
166364 497670
87630 496344
125212 497694
334155 501448
143178 504107
252530 504281
115301 505891
24760 511413
86969 511666
130187 511092
205548 509827
20002 513639
21306 515216
270775 510014
15907 519486
237531 513028
65910 519775
106995 519415
2194 524629
370656 509781
69828 523068
399642 508599
446004 506630
303607 513136
407857 508820
234757 517845
191454 520449
72525 527389
102551 526375
147555 525487
55175 532138
384686 511699
104415 530028
155262 527803
6414 538218
56868 535655
281487 520607
241599 523804
223054 526295
298572 520695
297797 520962
6649 547728
65186 543153
223234 529266
239148 527836
51048 545193
265311 526294
72735 545315
9138 553239
84234 546123
26121 555827
342138 521972
75809 552210
219799 536676
313027 526057
48572 559954
278769 531824
93215 555146
164080 546971
17607 567183
38509 566730
108602 557593
9010 571258
417396 515541
301458 531739
153593 554031
122481 559420
94472 564325
3823 578201
249470 541781
72771 568546
288822 537125
89817 568802
93891 571715
277188 542631
189905 557735
447177 513597
88570 578135
29672 590128
333780 534949
21707 595072
102151 579892
318959 538697
164333 568873
84614 584290
204310 561625
261099 550831
367229 530488
173247 568974
206294 563704
8848 604991
62997 597131
24845 605515
132272 582873
29790 605928
134499 585931
45845 607398
108087 593314
4794 616947
109921 593188
338814 541184
178362 578692
83253 601555
50329 609329
291784 553761
368924 535891
417342 524352
261539 563376
304083 552930
133363 596067
1621 629564
34122 622496
113065 602991
146117 594817
20282 627082
206817 579897
238813 571764
34939 626120
225876 576966
126298 603615
229624 576233
23318 633356
121976 607669
125642 606694
250817 572751
1104 642243
127385 609368
115376 613422
149811 603964
221651 583890
101780 618365
155823 604122
112981 616615
128516 613062
113193 617549
123437 616590
21109 647304
94470 626023
172017 603447
8722 653252
160277 607315
298015 565916
107761 624503
92241 630012
249593 582290
134808 619847
49798 646786
98456 631710
271355 576878
17139 662212
217134 597945
380600 544165
294127 574013
69237 650480
15752 669083
349731 555661
109503 637671
30555 665705
292527 575675
231002 597134
103552 641501
27845 668925
51109 663018
77948 653693
60553 659903
124289 638052
34720 671291
281748 582992
144610 633318
22499 678642
6155 686051
132133 639742
101251 651396
282149 584870
176045 624823
224075 608024
263713 593483
128536 644642
9635 691525
38236 680943
3223 696586
10352 695923
6664 697538
162078 640221
229802 613887
160448 642433
177249 636606
166261 642373
302627 586294
86480 677419
331947 575022
89815 676882
188510 635931
381831 554452
158617 649303
96992 675751
121251 666227
41505 702750
369047 561309
36107 708951
1008 725524
156400 657431
272469 606328
46777 707817
119100 675961
98594 685225
238887 622377
377034 559988
173163 653810
212256 636007
64173 704071
103696 686142
307611 592837
119840 679134
45098 715058
35272 721401
95516 694180
269644 612628
174092 657541
215021 639368
93705 697187
32326 727062
315749 592309
43537 723063
410872 547664
190542 655076
111656 694503
15296 742294
10241 745913
29909 737500
236648 636202
103878 702757
335049 587792
368885 570707
39247 738098
875 758569
259184 628844
262108 627371
259061 629317
69535 730255
185707 669663
14294 760343
83999 723659
344189 586722
241961 640767
126403 703366
224819 651113
47521 746745
35161 753726
14056 768166
16785 766979
131885 705417
100409 722752
38048 756820
143082 699521
120069 712127
170732 685213
254247 639604
363772 579770
225080 656859
166730 689597
437475 539601
90758 734651
3557 785637
40840 764925
110697 725879
157879 699207
48961 761857
185595 683941
56268 758853
224574 664915
223518 666198
214648 672923
62385 763564
21119 791102
368035 583707
228768 667542
134159 724572
174555 700537
57628 771628
340882 601062
70293 765380
143542 721126
330527 607716
131010 729606
161162 711421
342520 600819
142319 723537
5744 807565
328922 609722
137967 727211
276776 642355
334748 606574
84978 761619
63343 775069
52954 782855
360957 591266
415156 557475
220935 678685
117210 744931
66129 778151
2573 818393
216682 683607
155995 722609
27987 804146
310040 625435
340932 606064
95403 762767
122863 745586
294395 637443
208613 693081
41239 802605
64408 789203
303451 634293
276881 652270
220504 689600
56993 799132
209926 699756
379966 585971
117043 764533
401865 571212
366076 596099
93473 783024
25350 832937
100052 781764
139531 754526
267625 665743
174174 731213
401160 573717
159087 743423
220782 702159
31785 836235
112841 779032
115042 777808
23298 843346
35126 835341
51075 827118
117443 780735
92164 799626
118136 781413
4874 868628
451947 540002
177835 742292
11329 868393
25973 857804
58941 833376
66395 827907
28842 857184
250979 691748
342699 622837
254332 689506
51422 842219
87413 816297
52761 842664
342525 623647
347538 620108
146564 772688
196532 735288
8832 878602
153544 768448
70395 832447
247250 698970
61635 841707
477946 521618
305916 655052
107403 809017
192559 743915
128757 793585
103465 813651
311303 651974
115994 805242
8943 889406
86699 829539
160766 771895
47331 861988
243897 707011
119326 807059
27769 882238
837 903860
124901 804832
165140 772930
197301 747186
147918 786945
10962 897870
355178 621296
350899 625469
296168 670913
1666 911519
413194 575553
256192 703806
271618 691615
19655 898019
256980 704156
33466 889704
110231 826423
8704 912042
42986 884575
176151 774605
48984 880612
57885 873780
349915 630222
170866 780791
94145 847797
24505 907300
120794 827308
76626 865139
99476 845868
26868 908320
21071 913299
285012 688432
125367 825188
466104 533720
205001 757558
165532 791545
96502 852727
92915 856452
47586 896873
464849 535400
71958 878858
66676 883987
175700 790045
21995 926696
71726 883051
247798 728427
400684 592848
316582 667884
128175 836302
187662 783324
38023 918054
586 951762
258044 721423
274954 706675
125139 841923
72352 889473
332740 655204
387950 606260
222987 756603
153218 820726
78542 889197
373791 620359
141389 835273
203617 778342
396905 599983
19040 950272
55845 916702
27141 943478
239814 747402
16614 956138
424424 575819
53786 925854
288466 705196
107260 877775
9265 971183
396619 603346
135977 853539
3095 981734
121686 868203
148830 843022
37153 952534
175738 818582
161969 831913
401650 599963
168387 826114
87249 905976
79381 916608
42355 953461
73423 924787
227147 774071
393274 610130
403031 600552
226974 778061
35386 970298
13823 992867
272066 734415
19036 991568
180044 828818
317324 690242
294753 713281
24837 988362
270138 741036
138232 877094
221062 793028
70477 949532
35239 986104
122414 897690
37004 987114
300200 713623
297578 717363
173697 847594
163810 858456
35290 993687
219821 801745
139809 887668
39711 995479
42871 993218
217716 806693
87057 948666
122198 911018
103482 931223
328032 690769
418792 592661
201882 827540
300459 721296
267164 758367
291113 733389
364076 653746
53321 995330
96848 947658
85027 963442
192860 844579
192380 846908
144207 900545
158852 884461
388194 629310
79469 973676
86515 966059
95433 958882
195223 847416
67209 991638
226008 813441
152408 896481
446412 565529
206780 836932
134557 920619
103226 956790
102116 959024
150274 904995
343766 684205
234866 810333
163510 892905
196278 855382
117610 946573
415699 602281
205235 846054
130249 933448
238262 808546
148000 913765
390717 631873
337622 694031
141201 923567
315803 720268
148886 917855
112352 961087
107740 967344
316390 721723
114363 962985
96183 987634
119613 960225
122991 957324
333100 705413
323181 717907
177929 893046
235778 823694
160214 915673
403794 621326
342771 696727
186882 887120
291343 760104
108374 987152
171728 911574
327458 719083
290527 765874
269391 792653
203454 875738
238765 832064
120575 980138
124108 975790
283383 776463
151717 941742
326546 725073
355050 688903
160599 937515
350017 697532
397543 636815
398206 636240
175237 923992
151359 954903
227725 857397
427484 598852
137061 975556
185972 913038
238900 844885
271757 802284
132730 984846
296164 771296
168521 938135
285333 786351
340834 714540
272129 805319
163028 949502
429185 598444
291065 781418
154722 962047
243752 844349
134593 989851
214666 884156
322240 741558
414834 618515
149214 973771
260961 825271
205679 900833
299264 775801
343599 716803
286216 794981
282257 803005
159738 971280
279114 810587
154329 985079
321052 753937
239834 869520
271536 825507
296305 790859
336095 735579
348098 720715
389166 662603
186095 952632
410038 634333
371956 690168
327828 754105
228961 898737
327731 755974
182677 971190
363957 705411
408758 640199
283489 826349
403875 648952
271209 847760
317408 778578
254444 873669
201139 954349
186447 979029
209187 946671
326128 769158
438520 598743
341622 746672
425651 618524
290762 824582
316672 786650
186238 988539
220027 938014
294162 825228
394591 669061
385147 684179
362650 720433
219764 945207
281314 849570
345157 750121
272189 865785
309501 807292
371855 709124
315469 798943
351092 743380
459256 571047
273967 873220
220993 960649
301870 834593
425677 629054
318086 809300
211945 987044
329766 790972
261903 910176
288705 865609
350496 761188
397554 680770
405242 668019
338812 782572
251150 935834
298954 854097
366578 739063
494109 515561
223657 990567
391472 695858
339137 787966
246173 951559
314640 833857
431318 627142
222541 999636
334426 800463
391680 699233
228889 991582
420387 649264
376909 728398
294412 878056
326119 823773
267401 935535
245187 981224
252175 969261
241747 989558
247023 981228
356623 775546
252444 972826
363363 763467
304077 877713
389206 716380
248748 984249
420858 656430
245472 991809
245326 993203
349480 795023
360075 774642
422586 655035
357137 782403
270210 954882
304070 888792
368823 762185
309892 878570
309132 882608
271514 962002
298098 909708
266023 979048
440692 625888
261482 991491
334995 846953
431267 647883
313138 893842
268109 988857
273654 978884
384939 747570
286888 954782
382782 752730
302488 922169
299900 927864
311699 905172
334892 857705
384762 751397
451916 609193
314300 907306
423235 672659
309919 919611
336145 862554
426231 666503
382009 765018
322718 896629
286914 980911
281892 995422
351211 840047
326431 896281
374249 789207
294234 971089
281920 999329
432252 661091
328113 900187
345307 861224
375750 792965
295929 985840
446538 632733
348651 865664
346647 877541
352668 863483
355274 859415
434389 667531
316640 960705
434604 668033
304313 992318
335524 915104
328511 939982
333238 934595
423420 702803
339314 924283
339109 926591
401526 766297
363636 867115
370141 850699
413668 737888
366277 867877
360317 885665
382509 826173
386787 816734
359152 892897
344528 938436
340206 957763
382113 843965
392500 814641
382069 845053
363319 902419
348382 946487
413214 758874
364953 901684
401407 796897
403861 790763
416467 757019
353116 948780
387816 851923
366853 920508
366101 924241
365363 928980
373299 907014
357698 959432
409366 802060
412827 796740
449608 677498
451368 672003
413099 804283
412367 807405
372307 948410
391808 893961
371689 969248
371254 973216
446652 700326
423665 783900
375202 964759
440666 727170
426039 782398
436858 742395
436859 752845
405555 885652
402861 902181
438488 760625
446013 730744
457322 684264
446535 730685
434015 784445
441599 756410
408248 902322
413732 882430
453020 712339
452078 717050
492100 541716
462971 670277
446109 746413
412088 899219
402301 944945
472347 633197
410725 916713
435196 807582
396952 989535
428678 842002
424570 867782
408239 948869
442811 783688
435068 821506
480149 603709
455853 722030
438843 809251
406327 970124
415814 943597
423574 908512
449751 780965
435939 862500
439635 843209
417387 967419
412838 994683
423583 938308
479493 624124
433617 888588
429525 913326
496825 526178
419091 994307
424042 968852
459686 758825
425051 984415
468657 707638
430650 964539
438613 919939
470742 705369
440572 908904
445918 877351
429438 991665
481946 634825
481893 640693
440771 971110
494545 551668
438028 995643
439097 993253
473534 721232
466866 777277
457320 860829
449806 925638
456575 907670
466491 820142
458265 898828
459224 890713
450922 971460
454964 938154
456138 927649
449532 995267
456045 958183
457779 944479
463215 899971
470857 819213
466731 867640
478567 751244
458358 988601
490694 623156
483915 707251
462720 970014
463164 992622
476383 829509
470133 920546
485412 720334
477438 867582
470458 998227
489658 685355
473183 963221
477890 886046
489595 692803
475616 936455
483863 811987
485604 780650
483714 816272
489323 742564
486090 819633
481880 930719
480576 964968
490596 768227
483484 961210
487514 870214
497172 603699
489954 823794
487897 890197
488814 885535
490327 904175
493514 789208
489264 991235
495952 824394
496234 824438
496059 859378
495937 890417
497218 794188
498251 716309
498026 848314
