497385 880295
499068 880787
500989 982823
499256 679727
498920 647875
499525 676312
499272 653813
501683 775881
502420 809716
504571 920135
499044 631663
504444 907580
500561 668797
508279 966870
505976 866893
506545 876446
502942 727931
509258 914348
508022 868026
507113 826516
511298 896642
502658 654551
509699 825225
518230 995004
508453 768092
516080 924189
512927 842506
516908 905503
515597 877786
520692 951090
515861 854034
509415 730646
521154 921164
517049 844110
524422 966296
519928 887187
520083 887575
528094 959216
509551 685097
510816 686379
519211 794688
506876 631256
517293 755182
528702 880697
533152 925873
532427 905823
534989 928795
522978 778275
516422 704377
523508 776309
530372 818941
537780 887224
513516 657760
511721 639216
531875 818676
545393 928532
518844 686869
539842 863946
549988 943562
552573 953234
512013 623775
559267 994827
555767 967082
537010 818419
518565 670146
559394 973659
549925 901366
537652 801542
555156 917105
518315 653553
542854 822208
546948 850317
552369 886440
540444 789842
572451 998127
551255 855200
560351 912410
549846 840871
545540 810023
536541 748677
527948 693909
527628 690972
573648 975163
579411 990681
554030 839105
549638 808278
565874 894145
551948 811913
567076 894692
575194 939091
519077 624696
577369 938771
538665 722175
559702 830916
582763 938585
555685 797551
565270 845233
573970 888367
579206 914557
532282 677757
574081 885029
541204 720153
572712 874337
539119 707164
554264 775277
568294 836256
542647 712809
601359 985350
592576 940944
568442 825896
600680 970509
570428 830745
582085 882256
592823 929128
581450 877544
598286 950814
606784 979268
598163 930880
610585 980232
591022 893486
605873 953503
569957 799522
608059 954305
593758 888685
621901 970351
529745 622058
599293 878639
622415 962429
595052 859338
611183 910132
623568 952321
529550 615468
571638 762590
590940 823133
531789 619571
588948 815494
607069 876834
605286 868973
548795 675416
598556 843394
514162 557896
541427 645397
642536 970401
625380 908671
620737 891083
600347 826413
557109 687907
610205 853370
654086 985949
548077 657703
614317 860376
562814 699073
623243 881918
558627 685196
573030 727441
554378 669323
555930 673853
586446 760422
519341 564394
618172 849265
636220 900813
664037 979205
619093 849906
643726 919395
662555 961276
597538 779826
547075 638973
671657 983052
633541 875881
584761 741487
629059 859958
662285 944587
657219 924309
636457 869058
660293 931461
675999 972352
567746 685189
667907 947725
660397 927616
673076 959049
597025 754682
653279 898046
579306 708953
665081 923898
674454 945669
636844 846301
670900 927919
636603 843315
650939 876600
626418 814991
667358 913884
673611 927410
661707 896285
654157 876030
611060 770012
673338 917028
642882 844623
592321 723741
646703 851338
622358 793977
663021 887430
632978 817012
673682 911412
661390 882691
668869 893210
705651 974783
681591 917447
716349 991536
701492 957086
664371 871176
665078 865145
727575 998964
655868 843469
692195 920998
632612 788223
710598 949699
659159 840817
706251 939058
593275 701280
625169 767489
609615 732305
731722 982575
702756 922798
716507 950137
617403 746444
625242 762336
619615 750751
653643 817749
740816 994942
698659 907627
656849 822500
693903 893343
592467 690115
649839 803148
649747 802501
739852 980776
677933 852796
595917 691793
683973 862799
576444 652926
720755 930446
640832 773789
624655 739311
762809 995489
747604 965000
748565 966328
662285 804317
702297 877811
636097 754967
770204 995940
701758 869193
597236 679395
651007 774878
776018 997405
710748 874893
592177 666254
687935 833077
707430 866098
664765 791450
625020 722103
622584 717198
705529 860416
682446 819805
683343 821324
613273 699346
789363 997603
736633 907468
752826 934890
782150 982320
744802 918789
536073 565279
674099 797940
764833 950869
777023 969542
733923 896166
765351 946118
603347 675545
789285 981677
764968 940804
767479 944670
564751 610541
736169 892395
745950 904716
656582 757435
691200 813083
772156 942770
759294 920873
618908 694902
704425 829483
780078 949758
611549 681361
733072 874298
776136 940426
788167 956218
728391 862201
724572 855253
798610 968697
710540 831336
687891 795878
628357 702825
614827 679701
643224 721976
561657 597171
606209 664576
713727 827131
704751 812358
755654 888781
783562 930332
677442 770440
637296 709930
550431 578903
710010 816465
564512 599228
719990 829602
625220 687319
744702 860249
600192 649402
764547 886311
680656 763268
790504 921124
685640 768338
807259 941474
702960 792655
755445 863634
836262 977598
767940 880673
846559 991318
635846 692947
639817 698473
756617 860757
826224 956141
823722 950156
631932 684575
833091 957107
510067 516690
612813 655066
663119 721428
866176 993017
806759 912880
633757 680957
819137 927528
657354 710402
747326 828588
859695 975805
711909 781378
853347 966217
836107 943363
868508 984999
802299 896984
803646 895132
876408 988776
810197 902954
739914 812091
668113 718550
848104 948798
883907 994635
869870 975551
851741 951028
837899 932006
724496 787797
823587 912843
614947 648094
735657 799130
851198 940528
847453 935184
803690 879192
803589 878275
777544 843332
742131 799378
805111 876166
801751 871220
899403 989856
824501 896593
804254 871486
768772 827391
811505 877736
855218 928765
752141 804538
856786 928717
827572 891958
904375 982305
777829 824682
895833 961363
776776 822364
701811 735631
609500 628744
884308 945255
668777 695739
715286 748543
804911 849696
749857 786487
664512 689215
699424 728564
917272 971778
916519 970322
775967 811033
845652 888844
926432 978403
908877 958664
851389 894438
805122 841693
801509 836821
558137 566507
553664 561093
610037 622877
849231 884955
664915 682708
880186 918172
769163 796364
817221 848044
721298 741966
784185 809913
930685 967384
824512 851496
837656 865505
880530 908872
960337 993336
938189 968944
906336 931345
885682 909449
915575 940792
708311 721687
938491 960895
971675 995251
845218 861951
876273 893959
703577 713046
575354 579995
827742 840793
707419 716326
662322 669174
840699 851949
867863 878135
912044 922177
879484 888860
764623 770764
749524 754595
837356 843523
781478 786591
978007 985354
817822 822937
814438 819150
884863 890009
842559 846467
527238 529223
901336 903812
663937 665449
976085 976981
949653 948352
769888 769685
916038 913852
609488 609944
956737 952136
699227 697799
906152 900864
604524 604377
770758 767084
884256 877126
585291 585046
739303 735174
747645 743302
986590 976284
897646 888182
985264 973278
563522 563115
673304 669219
926457 913864
884642 873288
952959 938181
782071 771759
860325 846591
760286 749349
885063 867367
736990 726119
791046 776923
885837 866055
809603 793899
914805 892852
733299 720867
867416 845552
951174 922873
637403 629567
798936 778544
656817 646824
609753 602666
721149 704118
695434 679010
918770 881252
911284 874184
945155 902282
883902 846571
742798 717978
728957 705358
699882 678259
738340 711475
762955 732616
711715 686993
940965 887486
768560 736519
894804 846161
588800 578774
921462 868763
848183 804218
952527 894901
984111 921804
817586 777086
948586 890632
622914 607776
934213 876432
622294 606450
961322 896585
879222 824734
876351 818989
725826 691452
997535 919369
788728 743626
736923 698186
925443 853977
634309 612255
911035 838570
976712 891299
965661 882096
718461 679073
535047 529686
973075 884334
919942 840405
816053 755693
639624 613532
825568 763094
674564 640293
736671 689463
882903 805124
715033 671516
819455 753903
984390 883515
986060 884759
937480 846327
666586 632525
837700 766076
920423 829657
954369 855406
793322 729351
819846 749420
989472 880573
820964 748385
735759 682104
881405 788720
908205 808886
791104 719505
973203 853310
758130 691412
901031 796797
863829 768844
858524 764729
844950 753086
593538 569188
870330 771120
777544 702694
819393 732895
980691 847952
840785 746599
917020 800282
914613 797032
873397 764594
790536 705857
615333 582173
551798 537246
814550 722276
803916 714636
970219 830554
967444 827950
543114 530891
710835 648108
811181 717662
815742 720666
749649 673009
833802 730917
655000 607540
874508 757064
769543 681903
889025 761950
752212 670046
904307 771999
723445 650611
968397 814272
564400 543751
990178 828465
931266 788191
663826 609498
987746 822742
861467 738442
710904 638854
827010 714789
970141 805610
517863 512156
927416 776870
808536 699274
628081 582798
789295 686280
986329 812548
910079 763192
772033 674709
952302 789225
843209 719264
921734 767903
931711 773395
837812 713963
827441 706660
700542 626366
760189 663643
567990 543108
812313 696251
902398 751421
592813 558182
836014 708891
915997 758488
799855 685836
625254 577752
750112 654215
583545 551678
961053 783010
722863 636308
846057 711141
998763 803600
839572 706340
959968 779186
929681 760413
937920 765105
878621 725740
884372 728678
920167 749499
803981 679457
919511 746253
908426 739207
778986 663190
976878 777068
897372 730224
762599 651443
959149 764093
982184 776879
775390 656635
673674 597947
716549 620864
589211 549715
879896 710511
669731 593608
698561 609409
841360 687817
656203 585649
907782 722682
832513 681310
753590 637305
759378 640106
842338 683110
805883 663319
911831 719693
840802 681658
847880 685402
941702 735207
989337 760460
751255 632043
811169 662497
614452 559651
865356 690005
513237 506950
683454 594440
919154 714928
895772 702893
706464 605048
988608 748033
779576 641423
971244 736703
590873 545520
993849 745613
736394 616825
646557 572435
882162 688338
960962 727126
677822 587403
973066 732060
734777 613554
857605 670521
943384 709565
857862 668866
832798 656569
862255 669139
623155 557233
799047 639038
976378 720943
556837 526164
934638 699566
707471 594902
700845 591666
977166 717751
913238 688375
680154 582035
991767 723699
985758 720070
653210 568709
711022 594659
657975 570675
767854 619155
581851 536196
683676 581211
961338 703680
712061 593275
613668 549847
866247 659743
719602 595448
926222 685310
946078 693685
966712 702476
873488 661585
932519 684502
772225 615741
581313 534043
846659 644030
873322 654648
797527 621777
900304 663889
921860 671945
828346 633243
971512 690908
578058 531309
636668 554722
979070 692229
871114 648726
964549 685652
751404 600106
980942 691706
964413 684225
615284 544698
611936 542824
912827 657166
856952 635603
719021 582870
780401 605377
815014 618141
934659 662214
862457 635143
933108 661394
747472 591999
816554 617636
582206 530199
893031 645545
953243 667650
864725 634767
970681 673942
710105 577367
811842 613867
944466 662450
914765 650450
876184 636133
908896 647490
842555 622378
979774 669535
853394 624596
933512 652556
979280 668709
612050 538834
769580 593746
839697 617457
799439 603159
689589 564500
690875 564928
991015 666119
996797 667921
863456 622624
942017 648143
902632 632827
990020 659593
931837 638704
894703 626129
533959 510281
728544 572318
882004 620628
940655 639115
744477 576175
972568 647810
927077 631475
741130 571814
745036 572001
862390 605615
739358 569244
865526 605977
946166 629304
656323 543745
812013 587311
782582 576539
887808 603198
916506 610542
948579 617682
994179 627979
853951 590873
793146 574495
677651 544424
809473 577658
927452 606078
848430 586158
707972 551064
954125 612123
927204 604279
759198 562541
794397 570589
819981 576165
762902 561074
935620 601335
699500 545265
850672 579759
911062 591341
991645 608616
922111 592529
834384 572246
841268 573330
836067 570937
965884 598327
968094 597244
831178 566396
588796 516666
772321 552816
979570 592308
959201 587761
722346 539340
783870 550180
942167 577591
961494 580099
725802 537719
978409 580511
852363 556600
985113 577517
974586 575276
511485 500690
597349 514160
775096 541933
754208 538470
748255 537289
937992 566675
958348 569350
858461 550432
916016 558632
889042 554393
787940 539244
738913 532254
975388 563771
923698 556055
990426 564165
947159 558255
852249 543418
718865 525178
927680 548082
763425 528911
760693 528305
813448 534291
711082 521914
647766 514690
674220 517359
988936 550883
948018 546011
905495 541230
969986 546459
564379 504994
676708 515481
961029 541669
774662 524091
882106 533494
702349 516331
703229 516290
832006 526681
717654 515278
924561 530692
849830 522237
959188 526872
927199 524829
940149 523966
897452 521028
545096 500942
706002 508492
611297 503745
931029 518403
946597 518011
905491 514905
554724 500596
978647 517313
701752 505769
727589 506200
923276 511279
990282 511619
890537 507647
707578 501838
925246 505385
973433 506117
937958 505193
936165 504889
890502 504029
833832 503007
728392 500577
823624 501324
700523 500148
955206 502444
894590 499870
819589 497235
904463 496567
655480 497092
836643 495354
563927 497226
592811 496309
902455 489821
551286 496846
622359 494922
605554 495160
798269 489520
818736 488398
998143 479274
719528 489616
898603 482572
766157 487106
890337 481869
964439 477942
647252 491390
802926 483865
863296 480893
791735 483882
995283 472867
934084 472966
805271 479029
612811 490875
914528 471516
929934 469842
873462 473288
987962 464220
858476 472598
869630 471245
658131 484611
776873 474040
632830 486018
874604 464003
926574 457729
953588 453924
838839 464998
752308 472983
743179 473324
694966 478025
768319 470419
852016 461770
603206 487282
912632 454511
789125 467252
844177 460656
958908 447810
956015 448042
741996 470924
894851 453883
870761 456467
818238 461613
807235 462751
995665 441166
943977 445406
915949 448579
928624 444664
597761 485683
963589 439835
794078 461025
814941 458326
846273 454051
861016 451911
726092 468248
973709 434534
940948 438331
960037 434689
910125 439977
836471 450012
788513 456503
861771 445132
928770 435264
807361 452737
651823 474991
760809 457928
871031 440726
976025 423844
652041 474007
875646 438491
848600 438918
710194 462119
726365 458761
926948 423288
721398 459058
983007 413013
971178 415027
843589 436000
800875 441770
977872 408849
737217 453442
855494 430869
652238 468806
989805 404702
993798 403163
749954 449750
980997 405387
651538 467436
764309 444880
900966 416453
791691 438524
984349 398754
845149 427013
981957 398946
705850 455181
817822 430938
957090 401748
750340 445045
972258 398153
930002 406876
625039 470901
549439 486922
652862 464637
976704 394321
988423 390757
774467 437494
615811 471973
968157 394182
716206 449661
701012 452741
710110 449749
849282 417279
901085 404116
954796 391505
648867 462781
806124 426103
912865 401014
759373 436425
561256 482957
956010 389147
645959 462651
874239 408038
961803 385494
971095 382516
739657 437344
673291 453823
838635 411162
923944 389424
930828 387437
978277 375282
671953 453326
923636 387963
592368 473437
620327 465906
638250 460459
791455 418762
701543 441891
810800 409804
592767 470978
900902 382025
870987 390132
924549 373260
671316 446978
977294 357040
606213 466034
904775 376760
673431 445489
573614 475190
876520 384040
768880 416121
887860 378850
932111 363932
838508 392780
978431 349545
808900 401522
751533 418325
750364 418003
960175 350797
781042 407147
945223 351387
806183 396863
973918 341070
904457 362839
886473 367937
802581 395518
826480 386034
800350 393675
827567 383170
877014 364966
932894 343328
708160 422912
758967 402583
775881 396364
809192 383707
991993 316366
979353 318848
950551 329360
907979 342408
680508 428511
869952 356656
915824 338852
919873 337239
855443 359958
590238 462095
893541 344707
662637 433908
993554 304869
958864 317423
956889 317321
883115 346053
875049 348146
849688 353517
643231 437338
803480 370360
876000 338173
885410 333443
984871 290788
587050 459596
581490 461933
959159 299890
598073 454425
948584 303044
574424 464564
988120 285045
919937 314397
945626 303077
778150 375646
516587 489527
996305 278742
865981 335341
804710 362288
842823 345377
955616 294438
997612 275124
743336 388224
679577 415552
796600 362453
976203 278049
706376 401760
976426 277348
983104 274106
626455 438378
952886 285950
867066 325692
722034 392672
800215 355993
811726 350444
955033 282296
916838 299304
719933 391142
930792 289670
717832 391825
782937 360444
868754 318286
983411 262275
715495 392101
838021 332307
816980 342066
761330 367228
798611 347460
849850 320617
928528 279986
594400 448651
993727 245369
982683 250354
948437 266342
775956 354365
895944 291370
682138 402091
822432 328705
787973 346493
744628 368900
903265 285515
746647 366900
599464 444145
949214 259975
686371 398001
862204 305120
944136 261457
977807 241021
719043 379225
949921 253871
940014 259211
975544 239398
952773 250043
798648 333453
906715 274205
978532 232657
953802 246168
672824 399679
809492 322700
951976 242707
954800 241018
681768 394153
901716 269490
716913 372963
954928 237361
838740 302369
634200 419332
712097 374487
962394 230189
836674 302261
920243 253689
834330 303239
714901 371790
931025 245925
957666 229552
926004 247550
869898 278473
636363 415233
918987 246929
667580 396339
988992 204603
998563 198249
980713 208502
838725 292881
835792 293139
877489 267765
668394 394145
849853 283959
993844 196195
623385 421198
952988 215145
663798 393272
805219 302645
964157 200954
532710 475220
977494 191285
916306 230135
669220 387949
820612 290448
545961 466488
556639 459541
972647 191520
988133 180877
925744 220010
895575 239074
849598 268652
568307 451473
947150 203418
726116 348020
837962 274641
876179 249321
935200 209383
763466 322284
951113 196448
983391 172466
892124 231595
923642 209715
763442 317901
967951 177096
723009 343591
702477 357426
691432 364975
668977 380131
832432 267767
858977 249089
896646 223036
788740 297239
916218 209406
725296 340605
871907 239351
941447 190546
901785 217300
730042 335721
676877 372709
828664 265856
845261 254195
881128 227878
785460 294981
997111 145030
664994 379110
964889 164540
682725 364957
981787 147289
659127 380402
794851 280663
830702 253100
622974 405490
910549 194425
776512 292223
782135 287907
675426 366216
933809 175223
755910 306603
911499 191594
850280 236651
678386 363213
873112 218590
961903 152354
921247 182506
987607 132347
990443 127768
808858 263790
674470 364574
982478 131670
730544 321032
752348 304145
942826 158160
800685 266081
970189 135501
976380 130710
786770 275429
752411 300794
974577 128943
729696 317245
898793 185777
760665 292951
514107 484505
950344 142420
987804 111440
598526 417873
848603 220002
913577 168587
776752 276731
986465 109707
682056 351012
883752 190710
955344 132965
710427 327819
784935 267918
732292 309877
880578 190284
825960 233674
606563 409856
915899 159425
781612 267297
925080 150340
896641 173304
975813 108242
684285 345066
893854 173835
982678 98485
936296 135591
948118 125767
890249 173473
737685 297839
862274 193759
751228 286141
779400 262668
828363 221738
892697 167674
697378 330649
777297 263803
822871 225586
832474 216966
970787 100144
790460 251388
521095 477586
996815 74896
861111 188252
617741 395016
851601 195499
582805 424682
917414 139226
714696 312105
739536 289517
837501 204876
750394 279466
935392 118623
921365 129777
853854 187375
893160 151912
618662 390779
984388 68198
760732 263487
778683 246308
743809 276281
683327 330281
883449 149245
885572 147133
611028 394424
771495 248744
983110 55210
802406 218674
901025 128231
850717 173637
678606 330426
943096 84605
970335 58114
637277 366766
958533 65965
985869 36674
613507 387048
881613 132165
785294 223604
793128 216108
867019 145496
696743 307609
857686 154186
867869 144467
871371 141090
650666 350942
997359 19220
932520 79554
984867 26953
966275 43683
946223 61460
991705 14954
887299 116038
811476 189722
861402 140792
966350 37846
909851 91986
979604 22874
896158 104839
668846 327880
908825 88887
945708 51968
742382 253896
922575 74303
690380 304602
589049 405760
849638 144955
896767 91896
709342 281893
794093 195630
956458 29665
951678 33422
601839 390297
785954 198942
896814 82127
830008 150953
696091 289817
597012 392502
838016 138875
925550 45831
830433 144314
844587 128499
567839 422331
935957 30434
956357 8470
662983 320728
803375 170980
934352 29545
856300 112693
804593 167807
763241 212050
792009 180984
737714 239269
545213 445816
686442 293524
681343 298703
764872 205799
613489 370059
878295 78626
919298 31934
870700 85362
935716 12020
946219 374
898880 52227
789221 173312
941362 2747
884102 65498
885465 61219
932580 6822
593027 389268
877438 65786
806147 144122
816186 132190
880950 57905
820402 127043
732680 227200
626606 348134
747528 206612
888631 39742
641683 328133
750806 200150
776192 169673
907173 15518
875641 52077
675313 286890
829488 104436
767799 176674
831370 100051
732259 217308
797917 138897
761715 181073
557790 424839
747714 197218
619830 348945
787653 145155
740592 201822
713080 234872
792397 137861
808595 116572
885392 21907
852949 61567
695871 253705
878190 29630
876600 30388
750648 185100
636074 325909
828147 84381
727463 209107
772532 151371
802193 112798
778264 142101
827882 78881
857406 39220
834668 66286
787279 126500
851930 42855
682145 259648
562865 412674
703731 228625
786320 120038
699868 231991
779148 127843
845312 39582
692404 239668
707079 217216
790092 106200
824451 59479
853944 20005
507970 482899
817814 63326
769159 128423
722957 189990
724055 188418
815032 62462
820749 53149
675339 252637
794009 87892
784394 101110
793812 87624
839590 24060
790551 91327
721901 183955
751914 141851
828369 34137
827229 32924
676416 244629
708039 199999
658631 269192
750778 137091
672128 248044
791940 76541
805972 51720
738416 148404
550645 419641
805465 49053
792767 63342
720990 168177
804916 37862
556038 409300
624401 307052
775805 75045
597487 343860
796998 38297
795345 36512
670746 228656
633701 285794
657258 248287
667778 231101
735839 122483
795927 27529
783483 44100
519578 461732
586291 355269
756888 82471
791553 25251
676955 208632
698585 173216
653601 245238
689626 187028
739798 106100
701711 167170
610587 313953
730903 119115
747685 91231
683612 195044
716574 140363
747238 88884
753263 78068
797373 5396
798449 2060
666713 217936
626665 283564
756344 69394
780878 27385
713842 138009
610479 308833
628224 279009
755002 67415
647684 243655
687561 176467
697600 159197
759514 53174
638807 256260
737157 87392
737115 85884
555378 397152
639827 252082
636447 255764
656307 220978
754743 49112
620062 282060
732074 85103
774773 10215
578783 353663
660626 207660
678369 173413
528286 441424
537357 425186
721525 95797
649193 225019
769630 9221
653716 213702
727360 77915
662304 195406
692754 139587
692548 139793
729296 72161
614352 282220
695875 130634
742382 43407
612943 282620
744490 21854
687876 130504
680777 143413
696038 110721
677701 145061
626647 242305
710612 75352
723820 48954
580927 330669
642582 206235
698085 91335
651494 183918
673967 136522
626843 232295
714822 49274
733894 7473
672047 133811
732050 8871
670423 134409
691325 90239
639188 198287
562180 358998
709750 44420
569638 342282
601583 271909
618169 236115
724886 1625
643566 175942
712943 22930
627091 211404
722408 997
710233 26347
585432 296116
710714 11065
676727 86831
613557 227860
600979 256458
637373 170678
684535 57093
627298 188131
677082 69317
666382 93641
660258 107022
660284 106542
655294 117147
607299 232332
608114 230104
633393 168663
600721 246050
664775 89187
570573 317483
578296 296347
687810 23355
670160 63118
639282 138477
645379 120567
633679 147033
574946 296154
630725 152012
606632 211571
587442 260178
598349 231255
650187 94492
593455 242326
678809 15621
670881 36569
540563 380701
575296 287407
634601 127497
565089 313555
678103 7600
545245 364697
642098 98906
530366 404936
620540 153967
570171 293158
551979 343707
526532 414224
636926 103966
632559 115534
669083 12498
670268 8531
576710 271581
628312 124628
612168 168774
620691 142279
655520 37758
658428 24592
665791 2966
548148 346640
638756 80065
590934 219767
622687 125450
558577 313620
597838 196747
616765 139564
609264 160376
637673 73120
572632 266466
579420 245386
629267 76843
549156 330703
515838 436667
629693 71622
544758 343247
541582 351518
627259 68685
620186 89897
551365 317032
529546 389092
624388 70615
590952 181998
550671 316571
561718 278437
585057 197069
561258 276224
581314 206970
591836 166469
603803 124802
590454 169282
605424 112969
624673 44314
580490 200519
581570 186620
598813 122241
597304 126692
566909 238134
611072 61575
528771 374792
555097 273134
575808 189938
525151 386553
619689 8551
590342 121876
585071 139334
526384 374044
574960 164855
512296 430976
612169 5229
607077 21585
596367 67322
602222 41172
516308 412489
591414 85796
583191 119535
593685 67243
598595 43862
603843 19372
527941 356873
579968 105803
601559 2674
531555 332056
546797 252012
570832 133704
529877 334439
569062 138817
530891 327406
577451 92341
550747 219070
570746 112482
528446 331572
517108 389932
553374 197633
544058 244916
578336 61721
563530 132243
548040 211921
573347 68440
546084 217571
564747 111216
542555 232580
563491 98151
538968 236325
576961 1817
554061 141491
527740 298157
561009 84517
512871 392206
537067 233245
561854 68548
550578 140504
550312 141708
571071 1635
551278 123107
509614 407435
533450 238017
563715 24456
536755 211018
561909 29026
540903 171314
561709 12718
558560 29903
552060 72302
532084 224119
560385 3401
558080 9847
535073 191044
546317 80169
518322 308624
517355 314823
519001 299593
549681 19643
508829 386315
543858 65079
507527 397279
517803 300481
542987 47399
534412 121115
544045 23848
529366 168519
532548 133748
502304 437376
519900 249404
528885 152579
518761 258048
526292 172487
507052 382636
503735 417410
534676 69408
518662 246626
523712 169837
529977 84658
514840 268866
509951 329690
532767 36162
512332 294909
529797 10759
518803 169313
525855 28717
523954 48894
516952 155091
516989 149086
512467 224649
504479 360189
516676 140335
502680 386898
517273 103282
521819 15868
515338 111411
519158 5810
499547 430603
515612 8996
514171 40055
514193 19660
509833 129382
504744 260189
509637 64550
507872 110063
508077 57378
504667 138820
504506 122618
504415 30420
502412 69173
499666 260536
497798 350238
498967 218534
497719 153496
497928 28707
496407 236371
496225 208224
495751 140770
493859 228329
493296 219399
493464 262035
491101 98588
488381 46472
486496 39009
486412 101122
487921 188420
485452 105549
484168 79955
482915 68016
483010 74323
477629 39314
485538 238176
486787 296266
473520 39159
472226 23082
475610 97461
476196 126831
475694 121307
475575 120689
476567 155809
473466 120870
481654 269076
481581 273618
463083 4798
484805 330362
465633 75017
466423 88449
465929 91423
469542 143117
463288 68142
480236 288460
464527 98421
462788 76857
457236 9455
477853 274421
478873 287434
459603 61470
463448 134380
456185 56782
461229 114666
473421 248747
483768 360783
453538 36422
468429 197451
465484 175402
479487 321782
460924 131394
447621 24662
457635 123685
480114 343289
464982 203743
486582 406056
450635 72697
452518 93595
457104 148909
442903 23759
439901 1076
462525 211859
441629 45330
465186 247279
434070 4042
437020 32160
460426 218316
433670 32558
432550 38695
438171 81708
432049 39088
453644 194876
443082 127148
454035 212205
434640 81995
437655 108896
454726 232456
437862 142205
473083 358667
470659 347804
415889 36595
483643 427347
474321 376533
407660 16402
478466 401769
453821 270804
448889 244637
430068 153255
430638 163817
440272 213310
406707 48867
415613 94925
396835 2083
395587 74
407555 60776
401334 43287
392794 15324
393608 19693
452784 297860
436287 223018
394772 33251
402330 69926
426680 181929
409488 106219
438953 243356
414297 138010
383092 10995
418178 166124
460395 345521
386884 35266
393849 67029
399937 94607
442950 274876
413238 155928
386430 48632
451275 313849
443241 281089
435704 253188
405343 133735
444413 294142
368720 13098
382839 74118
384932 83185
442368 298321
431139 257417
406828 178450
385995 105408
383182 96644
389477 125985
482162 448461
350247 2326
438854 303760
364060 53872
398409 172531
451171 348139
394229 160102
428390 273394
345674 5533
375365 104078
401933 198751
343873 15411
415847 246752
434931 306787
461823 390728
361388 82979
425961 281856
392289 178531
362290 88989
335267 10919
401311 211075
353377 68260
435040 315341
368800 118305
429251 298858
345123 52578
336180 28387
443536 345305
336822 38202
367830 129608
325038 24297
416550 278174
364897 136195
484541 465439
370566 154232
347892 93971
386283 199329
320211 22647
342231 85563
346911 100617
420920 298204
314739 17294
318759 30612
425599 312670
345288 108396
425430 318412
343012 109968
334164 89677
422569 313012
301052 9800
333407 91516
311431 42985
359753 162715
363057 173402
354523 158168
303924 39561
332966 110463
346380 143133
301470 37550
346871 145115
291946 17307
290905 16849
342151 141366
283349 12188
292106 32363
363284 197135
399744 279621
349636 166442
313428 84900
306260 70134
393747 267557
358206 187908
407733 299635
325221 117052
426574 342906
378246 238508
307849 84651
268750 6041
366581 220010
290855 58540
318607 119278
360581 209283
365109 222941
320209 131261
353111 200384
349726 193783
285215 60910
338527 172679
305328 104306
261087 16108
353889 206318
340183 179584
263521 26549
328029 158067
255132 11198
331119 165369
293687 90449
365516 236345
412552 334439
387717 288820
254425 33024
479555 465793
258594 42050
254299 36892
312270 148542
271654 71617
351225 225158
387315 293094
307512 146217
362572 250525
275945 96051
385615 296121
317768 172484
232465 17975
333398 201856
334386 203970
263596 75613
387548 300661
386025 299523
330896 201360
224703 15094
231894 29841
292718 140514
328385 203394
251854 70187
245353 59830
359179 258929
218909 16139
369775 281916
282362 133474
404868 342207
304118 170638
283573 135828
326989 210377
224052 36826
396739 330320
278896 132788
293506 157958
413394 359260
411847 357530
342504 242288
226680 55007
239415 76561
294305 168222
353805 265547
213167 37189
331795 230378
284041 154161
419235 373415
284800 156362
355515 270704
264728 127233
361633 283680
284223 162091
227089 72682
235192 86024
197242 26859
271796 144318
218146 59907
248013 107486
349380 267790
180275 6656
286588 172129
276689 156948
228336 82897
313650 215895
235706 96572
322764 231018
333788 248642
272178 154244
397444 346411
258926 134974
323829 234507
417887 378758
331944 248137
246737 119460
261160 141629
206214 58499
238831 108346
264499 149223
221792 85373
221540 86434
173074 15339
366411 304127
220458 86266
185449 35904
416570 379527
234467 110450
234435 111199
181061 33037
246845 130863
193986 57298
288368 195453
218441 95602
184172 51123
154094 12473
154177 14687
220127 109073
375641 328354
154663 17672
256802 163699
325154 259160
341280 282429
323897 261062
131154 3445
206460 108463
202835 107243
279962 210183
130028 11103
206990 113664
340099 290537
192330 96703
256634 183816
274197 206866
334696 287264
299798 243398
223108 144403
303748 249804
192551 106737
393373 365769
179759 92288
252849 186010
254743 188503
298534 245031
238181 168370
158135 70316
364716 331866
231250 164371
414471 395043
230057 163636
122996 30192
119332 26976
161358 81924
125639 37602
327627 289020
224240 161266
135127 51491
324437 285666
197258 128739
108894 21728
199855 136365
384095 361595
241522 190652
191691 132437
246194 198699
232197 182388
110632 37930
152040 87922
299130 264923
88387 17225
138302 77111
95755 27291
127037 65156
128104 66801
132203 73711
220663 176932
127509 69699
148732 94396
220036 177490
205819 161554
117312 60832
113705 57069
248139 212252
343076 321983
365845 348367
187514 144081
187741 146444
313700 290047
208373 171646
299361 275807
434159 428050
309174 287287
310349 289699
269076 244255
366889 353600
265716 240942
433926 428944
99999 59337
157004 123154
62614 20070
191021 161961
106912 69731
108622 72426
187928 159570
317498 302076
52114 13744
278472 260612
172560 146782
51669 15641
139627 111295
275869 259075
57094 22551
100726 70007
47259 12171
251670 234434
74470 44259
280443 266686
169345 147704
87661 60280
91326 66565
312590 302459
215279 199684
235884 221569
151974 133281
113968 93113
128967 109094
82331 64719
51326 34292
258628 251599
222654 214999
177250 169636
135688 128860
104358 96785
242254 238217
127332 120746
275052 272303
203158 199125
34173 29342
394165 394730
8168 4378
55380 52531
83462 81056
307347 307390
139248 138181
295449 297158
260912 262824
151002 155006
17387 24274
151287 157382
197442 203239
55954 67137
312621 318969
234934 243925
189388 199654
9005 24832
110459 124644
16300 34091
257818 267613
6943 26160
177870 191306
383052 389257
116872 134131
85818 104475
62516 82719
27985 52266
179185 197488
108276 131346
161062 181712
310609 322960
207095 225961
199917 219239
179912 200981
135673 160267
62162 92964
133234 159854
97991 128266
330133 344526
242634 263853
84118 118998
36678 77679
170936 201213
113861 149455
273861 295514
95321 133178
83282 122988
64745 107716
379661 393065
72311 117547
112512 155458
205531 238565
235607 265683
319741 340841
243598 273386
280930 306871
22184 78689
237751 269902
84553 134826
68192 120740
1543 63243
243246 275929
63394 120556
180495 223898
352598 373490
43955 108804
240967 278691
3153 74853
295400 325701
4740 77029
162653 212440
322778 349592
1099 76051
241198 282218
95619 159147
35168 109909
369250 391481
20282 98946
219223 267537
111567 178753
384627 405677
274003 314545
40015 121992
291202 329257
358125 384518
239344 287240
115052 188381
19430 111440
11686 105943
163866 229941
169205 237252
103651 185593
322746 360129
41923 139824
59858 154066
193310 259411
297288 341509
66736 161775
13875 120864
278841 328180
14074 123693
13633 123619
220703 284989
60722 161619
204166 272724
166311 243909
10979 124388
51734 156473
112260 203173
107525 200724
178139 254792
215239 283169
144075 229480
59999 165896
364500 397933
79324 182432
263509 322398
175513 257057
146074 235183
224480 294216
207343 281439
320705 366541
102508 203640
63950 175312
225837 296220
29080 149987
2842 131907
161153 249967
67102 180911
65105 181116
236177 307427
295468 352050
45166 172393
109987 220528
136767 244591
154072 256855
110372 226413
22791 164873
6390 153571
331560 382338
39509 177310
144007 252266
47411 189232
88303 218265
27846 177900
34287 184370
106151 234052
209850 305483
357098 405303
268057 346032
168062 279804
175718 285181
87611 226935
295465 364895
33684 192624
223971 318466
148344 273801
267096 351201
11583 187707
334237 395042
102359 248998
78739 234204
23160 199467
372774 420508
340857 400517
239184 336736
252696 345804
107489 255000
376062 423110
302361 377530
55974 232255
309554 386044
70977 246601
126042 280273
297299 383153
249873 356343
16067 223157
71137 254950
265208 366346
254362 360666
201260 330877
273770 372505
10064 223612
263748 367309
426637 459613
91273 274289
21004 237243
58465 258039
195890 333859
233437 355248
351362 420427
127265 301068
226746 354951
69104 271494
180763 330752
75259 275240
16706 244427
276532 382707
61535 269837
19990 248394
349960 421543
317085 404374
430702 464041
335153 414300
310271 401401
125486 305643
140611 313649
187971 338799
262818 377528
171200 330528
224958 358453
96644 292905
269391 381685
135100 313250
214972 354193
212101 354846
49664 276606
151220 327561
108355 307337
143521 324643
123652 314919
147515 327680
36651 274261
123993 318299
259000 383709
238825 374245
22555 270733
64478 291117
18496 271097
122616 320909
275890 393692
89663 306266
48235 288558
31105 280715
184651 353547
152704 339524
17119 277273
204107 363513
213851 368804
330436 422227
228430 375966
263226 392784
220336 373410
374067 442961
126336 331034
8690 279920
150661 344127
100621 322651
176896 356713
26396 291309
149951 347360
38940 302981
245362 391541
329636 428421
127986 346169
47745 314448
136792 351151
146799 356817
148764 359321
404881 461790
192834 377779
115064 347204
30563 315373
124474 353059
54816 326120
145616 362051
21868 315033
56691 328990
138102 360652
352886 443173
212599 389395
53805 329892
353506 444066
256305 408009
116963 358304
28859 326386
204538 393602
18811 328968
35050 335552
77159 350892
64101 346661
57663 345324
334774 442396
295817 429949
119212 370056
2777 331042
169889 387742
170441 388610
50789 348971
270062 423260
250623 418212
125786 377991
95717 368760
218707 408537
29188 349063
203002 404817
187099 400099
396908 466822
72648 364823
174470 397658
194034 404594
221927 413281
36138 356838
236761 418745
157007 394347
28698 355708
368313 459719
146766 393693
23274 357863
143026 395346
28744 362183
50259 369134
59223 372014
331465 451089
12011 360329
381927 465737
63653 376685
54411 378369
173609 412607
175446 414411
490296 496698
337926 457821
459912 489055
174221 417597
155461 413905
14951 379252
85690 400430
1956 381270
118509 409849
31725 390822
301009 453256
20515 389235
158198 421225
350414 465620
380901 472473
79380 407224
274257 449944
296880 455189
433981 484930
139385 421990
35821 401162
225665 441409
315400 461101
18679 400251
168055 431185
188430 435695
165317 431719
67606 412229
223049 444494
12201 404308
10765 404055
28894 407926
138789 430724
155663 434912
336490 469166
96732 425861
229706 450367
145352 436175
63445 421712
33173 417717
97561 429173
44390 422054
119320 434849
207025 450491
119285 437599
260915 460518
348452 475595
50236 431672
165815 449839
66947 436917
33046 432326
395300 484299
308277 472534
134709 449375
111515 446592
190384 457509
165878 454417
11263 434263
173863 457426
99084 448866
222224 464396
82693 448222
224747 465822
21046 442671
104810 453299
115013 455162
126832 460004
182390 465879
48937 452417
164280 464705
203688 468847
74383 456020
56963 454706
348868 484542
42824 456834
127870 465496
95726 463634
326156 483580
426149 492231
173957 471255
94251 465329
36872 460955
222508 476169
5803 459580
295558 482932
13537 461842
294108 483122
402741 491411
141188 472369
5380 462696
60786 469272
365724 489720
128203 474280
49691 469680
176879 478361
11240 468084
132567 476352
157131 478881
56443 473783
30893 474928
191598 483155
136727 481196
258768 487449
252338 487170
242522 487209
43439 479600
252783 488565
96398 482346
154058 485150
54766 483596
187354 488125
70243 484343
280082 492298
53425 486219
22435 486695
219769 492809
101992 491594
37604 490633
16587 492354
228143 495393
52708 494813
126855 496384
369542 497731
30291 497796
441260 498283
431269 498336
314657 500487
67268 504379
179265 503073
416064 499514
65625 506277
240846 503057
128678 505619
309470 502548
162724 507165
210425 505944
328234 503009
111076 509399
169217 508413
27512 517239
87262 515741
383046 503149
129669 514714
195099 511967
90020 517277
100692 517633
77416 519647
13136 524236
342848 506604
229833 513700
170728 517511
4369 527756
129697 521251
212226 516562
58824 526637
292762 511522
173314 519502
99987 524938
10393 531151
30395 529923
35855 530445
133187 523738
390102 506455
103330 529002
163357 524449
251518 517743
39866 534710
230751 520509
321528 512969
79613 535538
217174 525421
177748 529351
164814 530893
202198 528171
137983 535732
54142 544613
85206 542562
383514 510517
301389 520184
79428 546299
300063 520962
3600 555321
121381 541930
66404 551611
168991 539584
305806 522827
115507 547701
649 563971
204898 537017
100168 551994
52037 560689
358104 517743
211188 539297
183216 543436
113829 554168
57118 563406
114041 554987
153742 549641
180473 545865
60172 565236
164711 549530
335366 523833
125810 558889
76510 567356
195022 548449
328898 526588
68516 570702
128746 560951
145418 558477
164732 557042
321794 529455
330756 528157
180060 556068
195742 553494
447266 507380
107647 572420
76742 579183
282356 539781
119728 571476
51863 585187
25072 591082
183571 561127
395510 518859
109043 577917
485791 500523
193031 561882
215373 557435
23416 599329
151 606476
241347 554062
180723 567678
150977 574880
98562 586661
24932 603301
42654 600981
73476 595712
95225 591420
284729 548145
109682 592252
60497 605891
143751 586589
181618 577137
11637 620554
205058 571854
338086 538926
398113 523570
59349 612464
116318 597686
21544 623253
91085 605729
206071 575494
102584 603130
37153 621816
90476 608260
92473 607761
50506 620576
311500 549059
52014 620524
401029 524685
328468 545205
162195 591734
39496 626035
180764 587484
331905 546260
21923 639311
286449 560918
200499 586733
354429 541113
2256 648604
28787 642333
38570 639646
15971 647210
58482 635968
137008 611771
229430 583109
87646 629463
143803 612089
139088 614124
371068 539080
131315 617184
311117 559015
411191 526427
351723 546173
137602 618978
119115 625572
52051 648305
178950 605497
250604 581516
333089 554221
401078 530992
447307 515234
262453 580925
332428 557111
80482 647541
117734 634199
157053 620327
71387 652272
427722 523316
268212 581391
17442 675898
144882 628669
213677 603777
60886 662309
444109 518047
148434 630553
309874 569380
297671 574373
358259 551333
189935 617597
171208 625737
91307 658497
259937 592016
208 695242
199745 616108
269243 588969
25203 686418
181126 624421
245639 598793
26872 687997
109704 655168
144886 641448
323754 568972
25832 691131
138008 645442
329096 567519
75186 673699
91894 666762
134943 649277
125600 654158
254357 601075
314344 575684
102619 666076
386075 545370
138528 651604
119381 659993
269869 595887
58707 691475
30429 704979
266664 600347
298561 587269
231895 617529
217212 624601
45788 704896
199962 634512
376756 553818
47342 706936
212108 632003
93129 688164
98741 687241
106773 683467
374875 556340
72624 700883
166777 657968
300443 593557
8395 735979
196858 645161
148370 669444
127798 679593
218290 635818
88895 701660
284104 604296
32041 731844
135766 679958
292221 601271
54845 723421
47446 730080
6833 751476
57947 726330
235008 634506
91044 711114
442255 526929
35348 743115
178181 669679
151366 684124
50024 738989
34707 749493
84587 722403
95830 716716
363514 570803
132409 697803
80258 726746
122089 704603
179992 673046
46432 747083
180383 673176
403627 549712
88114 725938
217925 654101
82255 730125
415193 544008
127048 706471
14738 770239
49359 751519
260365 632064
5254 779366
68831 744592
219991 658266
140556 704398
57581 753371
114056 720919
111020 724046
188832 678777
46320 762896
45693 763889
135163 713668
414175 547364
18774 783561
267773 634962
8858 789830
19350 784197
248238 648415
199196 678210
149945 708352
89965 745160
180502 691177
310565 612350
361308 581310
149096 712360
203028 679210
15355 795590
394543 562022
276779 636126
82430 758876
171585 703016
53564 777752
239468 661147
304277 620465
66432 775360
90808 761096
42516 793200
138656 730848
358526 588179
75627 773595
274436 643788
4561 820792
151928 724187
249182 660959
191736 698812
133003 737551
5846 822425
29760 807088
19681 813861
277111 643786
86573 770263
218164 683228
152412 728210
5929 827830
59098 792249
254961 661128
99287 766454
234358 675800
81411 780558
182175 712361
284820 643005
256943 662320
336249 608243
20078 825835
303744 630919
317612 621489
120301 757803
347046 601799
335742 609712
28124 824153
249970 669871
71348 794710
30174 823705
39751 817864
129513 755483
214922 696017
333790 613752
77599 796254
367971 590329
410 854716
81816 796592
161322 740485
104273 781798
8007 852161
258214 672017
332296 618159
188327 723886
154103 749183
8562 856451
150966 753549
125872 772537
109655 785525
264023 670921
3071 865954
312941 635073
110497 787138
48885 834217
36621 843663
264074 673206
157551 756143
51397 837395
28699 857204
36526 857831
50363 847179
30562 863471
394827 578141
55006 845786
170142 756274
337764 624350
356003 610388
211942 725409
142731 780656
189553 743307
143929 780028
252383 693370
269508 679925
68895 840920
208387 729706
116719 803483
108332 810632
379322 592995
312189 647496
119795 803671
10771 892447
121920 803162
199341 741260
117185 809048
351438 617258
165381 770187
324546 639952
293772 665316
263454 690823
100667 826467
15975 897085
45519 873369
213987 733447
58655 863453
428825 554884
1697 912853
150214 789322
338673 631353
50258 878982
39917 887819
207654 745256
286354 678324
19243 908451
113720 827773
107151 833460
56699 879417
69194 869203
209656 748007
314965 656408
237420 724251
51982 887001
127848 820695
278824 689143
35806 902286
13397 922161
21040 915910
15903 921550
26692 914668
33020 909622
422924 563625
105982 845376
128529 828354
132968 824703
174468 787737
438912 550123
89238 865699
41348 909125
60640 892139
132240 828617
264753 708664
66275 888923
98589 860496
213828 756420
441987 548134
9073 944359
78345 881775
96159 865568
60204 900350
9625 948917
110526 856531
79078 888314
250810 728076
55810 911055
188447 787422
243610 736021
271501 709810
16213 949828
59455 909340
264015 717309
321817 663025
68746 906093
121368 855936
56909 917540
48279 926243
161446 818956
96220 883025
18277 959164
191096 794788
28709 952837
83944 899591
93451 891169
225226 762737
374296 617774
90963 896061
46340 939940
327334 665080
96643 893522
441073 553122
287004 706267
65618 927572
132208 861386
223912 770276
266267 728105
122930 871870
147656 847809
224257 771475
315143 680831
137895 859257
26101 971930
37287 960767
21186 978293
301621 695237
356275 640086
229959 771260
33188 974010
377297 620825
102302 903688
40877 966886
12545 996824
301559 699377
147512 860972
137231 873101
100875 911118
119881 893191
125374 887754
138499 874210
187668 824065
61396 962912
108091 913387
126733 894975
201329 815032
403853 597741
48211 982320
154747 867757
92764 936691
90127 940322
73837 959431
106257 924525
296423 717110
80595 953472
360805 647045
105970 926552
205726 818118
207052 818426
137705 897371
155645 877885
340118 672608
348653 664154
116662 924667
63128 985151
254412 770706
137094 903392
104274 940405
131219 913348
65291 989735
65428 991140
317195 703416
399320 609481
263138 765516
71000 986861
208741 830006
150515 900839
84874 977915
125550 930527
325177 698160
78478 986032
122431 935156
225228 815551
209769 834821
445367 558873
197793 853766
265815 773114
128453 937945
95996 980847
142511 926219
308651 725674
339414 689193
109218 972328
123518 955196
176644 890685
184349 884027
244036 810561
201467 864890
303439 738218
312183 727404
156882 924451
195493 876459
141593 944931
204928 865941
286889 764819
114555 984492
289633 761721
144563 948099
293504 758083
304223 745310
205058 874651
273167 788086
205803 876107
224175 852581
112454 999005
127494 979612
177687 914832
133902 973393
403944 619939
168576 930358
177981 918452
354606 685534
223539 859536
220970 863129
390212 639319
225216 859330
128184 988651
149371 961638
174497 930200
260691 814840
250520 829873
221236 869917
281354 788776
278188 793400
146730 971272
370861 668536
220744 876771
226828 869691
154089 971831
208664 896784
186838 928110
319506 744454
190562 923926
136892 999345
144016 989611
187819 930068
146987 987527
278144 803997
334375 725900
156424 976728
318599 749352
210820 901563
324773 740906
239398 863778
304668 771033
279904 806377
271173 819133
304609 771717
215715 900079
304710 773956
395943 643122
167952 971947
231890 880963
268151 828759
267120 830558
173587 966485
160904 990361
422721 606575
365817 691228
366926 689654
257064 853163
203475 936290
191612 954864
192442 953779
245437 876107
337585 737643
274424 832956
359766 704626
230281 900598
249249 874739
247401 881469
268350 852219
290472 819625
398357 651847
235867 906472
290209 824554
346930 736785
217207 947841
296248 821735
389005 672199
321632 781638
197120 984051
365093 711608
362784 715497
296486 823323
344849 745519
397041 660606
441578 588189
230667 937758
270314 873299
271156 872096
219102 958676
285780 848267
389521 676591
474590 534829
237095 933072
314946 803950
303608 823367
299950 829670
278900 865877
379222 697025
226728 960777
376919 704125
217817 979825
303525 831875
230702 958482
289969 859295
265760 904592
334554 783681
285325 871602
375551 713638
232468 968611
253322 935471
314180 829261
329740 802794
256755 941475
229541 996067
332350 807333
250827 962211
301819 865919
388222 703117
277134 914591
308679 858864
475829 537957
371711 738816
236927 999571
381445 720509
328273 824198
325894 829647
325576 831972
326190 832705
270424 942366
302143 881497
429812 630384
372289 744646
453432 585086
359025 775653
256407 985405
483719 524341
263315 982408
398372 702626
296831 917771
283191 947706
365859 776812
424414 652162
387281 732223
276787 970604
294903 934475
397300 714183
365813 782792
466775 563154
328854 865467
343852 832764
466171 565002
420954 664643
326571 873143
338947 846197
327634 873695
340431 851352
418245 675377
316687 906476
365331 796435
335567 864403
408251 699775
432941 644847
289951 976689
429666 654849
453548 599104
399080 727107
335470 878663
297406 972437
350412 850562
438823 637648
357893 837427
293963 996526
390498 760782
308660 968894
433601 656406
405999 726380
350784 867194
401550 740712
374363 810183
357257 854356
355442 859124
332641 921574
334307 920395
432860 664005
390998 773292
356395 863508
355161 869286
320442 962807
439390 649262
336359 923855
316531 977985
326373 955161
345424 904923
400307 757403
362948 860712
328501 954860
320654 980202
327341 967091
407844 745521
428889 687128
365632 865010
419531 715629
379892 828584
348251 919954
397016 782956
403576 764502
345579 931390
412434 739682
334383 965155
377967 839973
364810 880008
407179 758043
405915 763069
444393 650909
328005 993161
336281 972991
354527 919565
459745 608345
337261 977507
429996 699641
410071 761738
361056 912844
371744 881783
384175 845208
352405 948186
378363 868244
390932 831869
373880 887777
351500 961088
446663 658416
340957 998533
346372 986573
355444 958957
415757 762580
351308 975910
438380 689629
396671 830351
351788 980256
412964 778623
351307 988178
384468 877367
426445 737001
351490 997457
410826 794705
419114 768596
410260 799765
476777 567531
359420 980136
470556 590187
385238 898042
391268 877205
458537 635981
371010 956831
467652 604575
427203 755421
372597 958619
388586 900216
370999 967008
405687 847003
378939 955536
377142 963485
370726 990617
425066 785034
393255 924997
408727 871639
391357 951909
471798 608185
386701 987560
410419 883488
442710 739713
440961 751192
426623 823507
434966 786665
399291 957205
436653 782029
447826 730540
460802 668978
483720 559589
400086 962727
424510 850806
415127 904446
422403 876539
441586 780084
415298 916190
482292 572488
404998 981165
444091 776945
427693 866304
415282 950683
438311 823029
411027 978109
439796 816640
446833 777762
428072 888581
470971 646302
421236 936128
444773 800584
472795 643311
416908 986984
417878 982144
439417 892185
434096 939759
435005 938017
440434 915103
456529 800089
480770 617726
446369 888503
436470 966181
434975 995547
448681 889938
443225 935133
458512 819215
473510 704678
470126 736590
459111 843932
482657 626900
453669 899747
454802 891612
451812 923321
460055 863821
465390 819053
470753 766380
460819 888099
464911 846461
459766 909388
458197 930694
465173 863231
455025 986144
465332 868441
463991 885598
491411 558785
483931 652771
469036 839671
480994 699395
469651 891367
475474 810576
469740 913170
467194 954775
467610 980027
470841 956530
486702 677754
474499 917674
484481 730890
479565 840838
478750 863162
474426 964968
475014 954121
488002 694099
479016 902059
483624 811003
491954 632904
488250 756554
481347 988927
491628 669273
488471 802614
486481 935967
488909 957489
493121 786686
493067 977259
494474 925923
495445 923647
