499323 721873
500188 945127
503680 760449
509186 986714
506851 827425
510866 941041
500592 543420
503313 627459
514076 891183
511733 823186
514205 874913
514273 797969
517651 847458
524040 959907
517268 829663
524753 956468
511195 703870
524281 919839
519157 804363
533838 995742
524996 854432
522502 801563
536991 966976
527902 786736
538569 875478
548230 967394
535748 812988
557227 995256
544855 882367
551806 928257
551515 906032
553720 914301
517855 637479
562643 980216
552444 882571
520406 644525
558111 910549
549816 845301
533217 727131
526681 669083
535840 725937
579859 997018
556977 846274
532395 692696
574748 941915
575707 946345
520090 613175
548531 774203
584135 959885
516933 587156
568713 858650
582387 929368
575880 880678
575449 876972
574191 854243
508458 536506
538598 673725
527017 617449
597163 926596
578250 842660
543588 680416
583690 844020
604776 931289
620054 977429
594679 870266
623584 980319
529594 611040
596936 868228
631741 998943
624645 963406
599141 863725
599161 849796
637447 985933
638125 985555
539074 633599
620091 913276
590698 793546
610598 853068
632627 916139
550400 651162
540144 618681
668818 996006
610680 823449
648071 927116
605312 801113
609249 811572
657241 946324
655986 932708
642574 893193
681780 994126
627391 844564
643450 869802
690136 984627
564760 662434
638396 849517
568918 669320
667409 906119
551277 621741
666966 900552
692660 962555
660031 881196
682322 929856
646442 838129
669459 891840
603424 734348
592790 708501
725073 998830
705925 953402
607893 735487
649594 825237
721354 975426
573137 653462
681568 883647
600104 708964
721213 959193
633414 773365
572064 644389
704164 915905
736899 978544
742567 985198
645988 789813
641099 777261
735209 961578
734947 960632
635592 762920
592571 677393
707125 900809
744166 972734
757862 997089
755107 991007
742915 963739
615693 718213
643627 766545
669741 812468
546075 579102
774189 975535
607136 680574
760867 943843
608559 681942
789864 987629
766982 948763
665940 776381
775653 960903
793032 985972
803495 996121
748825 904270
630692 706534
557783 588585
570894 609571
799696 974605
758022 903759
795633 961101
744308 877781
698875 804147
703374 809734
825311 996807
734684 854753
757942 884806
569714 600451
771693 902602
780349 908508
739693 845584
814324 950084
792024 917526
789806 913338
769425 881855
740938 839785
818318 948482
744458 840578
688217 760318
640613 691633
843328 974136
851209 984573
601687 636868
774878 867155
681012 739509
823163 921995
860140 969936
752591 828053
753302 828950
813382 907808
603163 630245
657707 701352
837501 932595
713113 770848
780227 852291
825998 910201
854762 946208
729553 785144
887774 983459
895708 993167
685121 724430
757465 813862
876973 961552
915959 991466
856011 919219
889683 955661
812500 862614
872658 931268
796129 841405
930432 996182
709646 739117
883369 940353
935083 995447
668261 688483
772447 807066
782129 817449
880410 928988
700683 722965
589695 596644
742682 768367
784682 814572
683813 700360
733422 754071
919253 959273
842227 873296
576367 579412
935215 974385
936431 973563
924326 957928
820157 843272
701831 714604
851791 877542
657121 665897
732474 747369
899388 924732
818548 837120
823304 841737
950868 977045
871778 890755
927836 950188
655397 660297
957398 975411
888774 901643
879127 889446
947798 959632
782376 787228
851591 858079
674084 673883
995186 995989
899912 898653
692430 688988
706688 701604
917430 911813
946365 938941
939120 926646
994685 979859
994241 978206
823129 808551
907195 890075
921528 897304
934577 908546
873278 849719
810583 788864
743838 725640
890786 863353
844585 817941
951852 918303
967073 928406
751739 727712
959571 918115
770297 743568
960600 917758
883655 846419
847497 812996
847519 811945
836137 800159
787090 754696
597780 583396
936556 883204
919779 867437
881255 830625
751796 715057
989277 919767
920459 858693
898910 835822
799553 750422
604491 584110
885730 823466
528934 519681
617869 595185
875695 813958
765891 720078
859003 798221
956469 879368
964477 885062
665245 633594
989390 897814
635612 605698
751994 699782
912577 828576
765786 709250
809203 741879
957919 858066
965474 861543
962988 857591
947842 844123
825737 748796
903589 807303
828620 748424
913759 813004
846159 760948
594875 567321
624213 589455
929442 818715
961607 841181
946112 825588
974177 844971
775515 698332
993915 859259
999034 862572
982710 848030
907499 793010
972128 837385
770272 690423
899943 783733
972309 835938
960520 827294
800919 711309
960520 824479
932441 800768
689600 628990
873848 758661
757481 676279
732646 658471
944203 802324
971956 821117
676938 616938
764359 676757
978968 823025
909855 772841
677920 615228
649321 595885
759873 670217
868285 741409
911845 764585
867419 732680
748315 655361
918737 765005
831130 704801
964094 787942
862688 723051
723096 634930
636462 580539
767394 661615
742021 640810
796913 673894
907272 735028
948003 757632
841028 694862
946547 756156
885752 718863
786215 661067
724643 624840
776737 654069
929455 741483
907112 725447
875690 706788
970179 757464
916096 725875
854880 691754
901750 714010
907560 714135
921433 720299
784603 646864
828566 668623
786403 640684
782857 637589
877855 683411
910835 698832
876648 680791
669029 578279
839361 659658
827368 651261
882862 675745
626042 553388
907856 683735
718323 595669
807277 635920
726452 596672
566441 524310
690248 578897
930939 681972
871298 654734
880997 658169
670717 567909
688024 574150
827911 631320
641081 553489
766579 603137
817757 623530
857389 639479
919185 664388
996574 694898
804971 616228
997962 692210
763276 598835
997880 691123
695507 571210
929161 661638
944660 667475
995448 685824
761673 595271
862641 631412
978096 673470
762419 592451
815793 610360
720066 574306
936464 649048
948372 652960
925642 641835
658232 548846
791940 594554
995776 661785
933668 640229
788154 590937
998558 658300
917155 630700
992348 644474
990572 643834
907257 616577
764480 573453
923803 618477
718964 557846
786032 577080
991896 636142
979043 631673
902136 605787
824145 583858
989150 628412
884577 595722
901821 599672
717224 550653
987030 619419
879377 588011
822316 572732
752613 555249
851995 578969
999904 613271
780223 559406
997270 608969
948909 594386
925353 588914
874679 573063
600084 515460
736878 542317
825731 558934
822632 557817
846948 560857
624221 518046
975645 584013
864402 562325
796858 549464
548317 503480
789110 546443
950524 570647
776443 541247
938873 568109
957074 563699
745456 529068
675646 518418
978830 558121
862057 542534
876891 543266
673156 516540
768314 528114
804676 532422
920363 545745
986365 552165
611178 506526
831864 529200
940063 537656
948574 537226
709813 513834
981574 532051
775710 515198
581086 500297
913596 522930
965213 525608
708914 508169
755716 510914
868597 517621
668056 504306
945210 516314
607573 499670
969475 513481
905757 503880
940045 502185
923708 501122
773332 497715
916283 499276
929596 496652
913848 496299
759807 493109
991884 491416
617598 492214
867704 483816
944194 480103
800537 484075
753870 483942
933401 475487
953312 474417
956064 471326
832558 475620
776322 478180
805561 474398
685981 482136
797475 474625
843967 471359
695406 481089
822120 470740
754535 475349
994530 456327
992075 452134
875568 460332
895322 455995
763190 468760
603755 484148
656821 478738
898562 454452
822459 461297
765942 466895
884042 453061
948468 445256
878589 450816
989176 436991
637935 477189
854374 449819
599425 481224
948717 434002
750490 460029
935398 433852
915560 429818
978520 418385
941656 422314
750897 452937
994261 406731
743627 451150
907496 419806
716690 452090
630435 466975
847265 421143
812811 427708
753273 439986
793666 430490
816902 421811
952667 390407
962291 384572
968366 382852
664875 454322
962382 381046
858069 405703
529632 486959
781713 423349
984947 370239
559557 478836
893957 391997
960912 374594
865400 397597
930805 380017
860139 397848
877163 392148
578238 472829
976169 363387
719919 432830
901649 381291
941291 369233
774043 414072
781256 411389
575297 471863
843480 390658
775077 410961
809056 400631
712106 429597
966771 351503
849012 387427
822799 393096
836972 388527
706261 429404
625988 453590
770782 404322
969970 337116
787363 395748
918315 350074
606301 456644
984318 319869
769644 393806
792990 382022
749926 396416
886018 342016
757595 391886
973225 305633
937265 319009
946718 313692
977380 298454
828010 359159
812451 365264
714908 404093
772609 378081
983873 283559
815281 352649
581775 456904
689752 407304
905596 308220
862869 325049
613229 441332
905467 304899
835627 337343
895021 309059
980246 267225
998699 258497
786269 358774
889404 307179
922388 290882
894746 302216
916580 289240
960285 265663
547868 469258
884200 291927
785021 341391
847783 306268
933818 257472
864241 292495
869242 289265
874201 286297
827991 310906
977744 224430
765890 340295
957412 226360
513494 486034
668227 393314
929927 234370
739221 347907
915789 234083
932626 222078
743399 339490
890937 243236
950637 204469
598255 430709
955476 198626
926221 215750
840974 269100
939142 203772
909811 221471
978407 168269
689099 364192
964359 175064
874928 235477
581858 436922
889556 221853
911213 205935
843259 251013
956334 168665
935699 175242
789964 278411
849510 232767
694413 348124
990623 125287
907281 187907
836048 237736
669055 364450
778682 280382
976555 126044
972529 124904
807073 252088
698750 336724
578043 431801
676655 352539
642164 379999
814147 240417
964096 118575
980554 103562
999860 82695
790438 253580
775824 264979
823521 224477
734093 296993
647732 368910
992716 75076
642697 372446
771399 261205
888362 160784
835659 205465
916667 134640
858585 183703
812129 221630
994319 60698
922653 120783
866472 168059
930444 110787
957148 84352
707942 306790
811294 211068
813816 205992
941786 88437
962518 68529
652661 352733
861834 159138
975477 51107
984145 41511
686104 319013
788755 222495
941774 77027
668444 334533
942524 74901
965416 45077
942360 66065
993662 15581
904536 101734
659207 339189
923722 79818
684229 313465
983293 20190
941124 60068
665364 331132
870330 129080
742401 254985
669007 327069
896000 102487
980723 18666
874585 121264
725005 268374
782771 208362
780993 209383
823295 166444
949423 36808
779629 209269
738280 250913
747407 241598
882614 103623
771533 215971
939468 43572
707655 279746
696978 290562
841213 140617
663201 323896
949687 25643
776357 204988
939529 32842
832097 145322
807663 170376
729922 249406
779316 196794
833584 138165
797093 170621
907683 48350
711005 261506
540020 449615
887342 66656
710137 261973
866577 88662
942086 3067
789782 171270
587229 396334
757587 204624
601373 379539
836313 111489
642570 330648
811529 135589
768903 180801
753400 198562
597493 379479
893412 31226
900600 18050
749081 197296
756646 186806
764382 173466
897354 411
772359 155223
875793 24580
841598 64578
818957 91892
876810 18970
855295 44783
696312 242058
836692 60433
767378 149048
626171 330678
661373 284883
704941 228402
711995 215071
716027 208932
825568 60692
864012 7084
597594 362499
745320 161060
704130 215769
710860 205919
816176 61482
846737 19302
695295 223489
785201 98968
604547 346829
846743 6310
683501 235353
654976 272073
679411 236964
586587 369201
733044 157593
839241 3212
563694 400658
782412 81411
749508 127975
734226 146493
712920 177279
758490 109212
696983 191033
721949 150590
621460 303707
510329 477126
625474 294549
667443 226868
772508 59083
689569 188796
564990 388611
790718 22195
733783 112822
770684 46195
789435 13911
696786 163038
778845 25336
694829 166121
742099 82811
628612 274355
761377 45196
756003 51586
712857 125475
695506 154376
736151 83591
658083 217808
689447 158216
753263 41332
707942 118414
725053 85656
757212 23476
709433 110268
759046 17235
580369 344904
632013 247120
630966 245817
736619 32348
591686 314390
730523 41107
664380 166401
732050 28670
677240 134028
739715 6172
680257 124681
635139 216809
671999 138647
712716 53823
729713 18196
535004 420603
635222 209195
701680 69039
583898 313756
700962 61479
701632 56962
619067 234861
707310 40962
717521 16826
633324 199290
665652 126263
564765 349521
679044 91214
571090 333364
700445 38632
533848 415795
618359 222613
614547 228230
654238 131446
620496 209890
555246 362560
683066 53458
648313 136307
505876 478598
619053 203829
669518 76144
632005 162121
642478 122122
647015 107364
632990 143937
645188 100195
617355 173944
531625 405965
605527 201008
551056 351151
559035 327766
595391 222991
658803 40789
581396 256653
654099 35582
650500 38132
610232 154205
583561 229426
650377 18366
590947 200489
567837 274099
634945 52462
616989 109509
614195 118413
567059 271612
580885 223681
612079 114434
616126 98451
595324 168269
605233 128381
616659 83671
637451 7355
537570 357369
594603 150114
538061 353629
586868 171498
621959 34221
592586 141177
532266 368949
615976 49866
577474 189445
621430 17528
547704 303933
620054 14389
513831 435799
614236 26163
565459 217350
583072 135670
534975 341527
550661 272372
560063 227770
534122 339025
599654 43807
539328 314633
521861 391272
573153 155954
587461 86392
547919 262723
524879 365588
506531 457784
550804 232941
540618 284146
576822 95675
567518 140602
578942 74443
574926 92872
587056 26828
519639 385210
575343 62851
568612 80196
558989 127510
540162 237598
540805 203142
559334 67407
558137 59525
532524 247571
535479 215325
556154 47057
536430 197449
534493 197713
547254 84117
516426 346966
526292 258396
554884 8482
554286 10814
546881 75605
529240 228007
523139 280273
552298 3328
542431 71881
535941 131510
531733 161453
536994 106562
510744 372670
511114 365275
526260 193223
535431 62904
513136 318301
504211 430868
523465 118597
515538 226251
511208 265293
521120 40983
508904 279258
511855 185381
510636 209478
513873 94040
506053 89882
502987 254335
504621 148498
503579 146721
501133 270683
499770 374803
499168 194081
497188 210870
496896 322444
495020 305453
485144 38137
486013 78473
486160 209392
481035 140329
472404 7188
489252 313055
488396 333648
460334 13541
489876 379795
461995 60281
483858 323453
454886 12573
473669 227381
448186 63444
444559 43466
456879 146046
475253 302389
468763 253295
478316 328936
441257 44640
457324 193535
434171 47117
453541 184901
440982 102634
461401 240525
461305 247346
463289 262127
435575 84347
484319 406275
417981 18296
481811 392475
469020 319932
432801 114512
412437 8390
416017 50749
481250 398646
403997 15184
478384 391010
401228 14399
431649 164588
431373 166654
405013 49366
456691 294267
455190 288481
415047 101693
411480 103606
466467 348494
443261 249293
460078 324446
389650 20829
403294 85576
400588 77829
384589 10645
445560 269290
384833 20932
479005 412690
437743 246884
435211 237837
429821 217079
439781 262385
402265 121364
390441 78018
443698 283867
414432 176955
456029 332884
409507 174303
373697 46667
390201 109656
393342 122520
365692 28180
399247 148136
473109 403918
374707 65916
380310 86460
371201 59778
428866 257302
449384 329316
404589 182341
379446 99881
465503 386014
412207 218682
343004 8982
418043 243485
380975 136575
420005 255325
360058 75288
436584 306421
351073 58323
451683 354745
394378 187764
374893 145653
446850 348329
350569 82024
319547 9059
399653 226907
350338 97879
332628 55549
377359 173495
473925 428828
354387 120151
342719 90994
413405 274146
396737 238291
353081 132831
315472 43189
430961 327491
305136 20187
335696 95746
306770 29340
388223 232411
356766 161484
329900 101544
386191 235782
409297 291557
291621 26410
364798 192185
271322 6219
370246 221317
281121 33830
370761 230597
313136 113259
440495 375392
421227 337288
386273 266899
365162 224723
253965 14753
296077 102397
302782 117184
281319 78487
395612 300098
378455 268113
313552 146708
320586 161513
232970 1462
289570 107960
271802 82879
243205 31448
356168 236733
301948 139263
374576 272462
343498 217186
302326 145165
231134 21232
268139 86614
281154 110937
287244 126400
363834 259487
252201 66063
273414 106643
282575 124578
306725 165805
210894 6901
380603 297004
266818 109517
314321 189943
273371 123087
421763 367432
202935 11946
249328 88678
203722 16072
243476 82067
232911 68477
437605 396769
220326 52942
325805 221281
237023 85661
280762 158196
357445 276478
205529 43455
363256 286381
275318 152238
185291 14827
310272 206801
392711 332803
359203 282190
315746 217555
292653 184330
185497 24719
388158 328367
401398 349013
180874 21465
362162 291312
312097 218604
251411 135983
278690 178295
237000 119543
273771 173397
261627 158805
286015 193252
206906 81783
175482 37786
174896 41681
309422 229497
405761 364085
354785 294598
220598 109023
244550 142833
146664 9719
160551 30720
141660 6012
268696 179694
176686 55539
237307 139047
336171 275662
260628 175391
175766 64832
260110 178523
269716 191481
160037 47610
164807 59977
136430 23204
247223 167487
117308 6449
275821 210323
192568 107096
232146 157755
241897 170210
283728 227387
143417 54048
134820 43605
262446 201807
356666 318650
361773 325666
150346 74380
96092 9175
425237 405498
312228 273279
253808 207012
273458 230039
360329 332341
168383 110267
202367 152516
320806 289617
332962 303736
390131 370528
185293 138088
261028 224865
146839 97728
244232 209947
201465 166607
216490 184012
162332 125769
73021 30670
160461 126404
139730 104425
282692 262709
275798 257650
322117 307540
86180 60383
144243 122086
420029 411537
195385 176473
34633 13252
92347 73934
255923 244247
180409 167539
283670 273847
174132 167856
112466 106129
158333 152299
21301 18075
197513 196422
279427 278292
87550 92380
104519 109703
180168 183719
127185 133037
30295 40209
162196 168713
250085 253982
64835 75857
48684 61485
170796 178894
296584 300787
291207 298375
305613 312883
101483 122542
321551 329299
230700 244935
194233 211622
484870 481166
31594 62761
103149 129093
12292 45442
11923 45287
276544 289469
209781 228796
362302 369124
50288 86637
167021 195729
191153 217711
133159 168585
99755 139463
12495 67353
250821 277719
87028 135529
215401 248491
274373 299757
210272 244303
192347 229661
2441 66758
67200 122546
164397 206486
84312 137733
23801 86018
349238 365978
204315 242753
193428 234347
231246 267661
428434 434805
201515 244083
425062 432306
234829 273047
139641 193368
122830 179979
342150 363397
236218 275062
339704 361882
85320 151876
198479 249937
269506 308838
218031 269909
322994 354281
21265 114393
7215 103248
202512 258638
137895 207512
52099 140196
252396 300496
103014 186259
263386 312317
218177 277555
276540 323374
74875 168634
53555 152813
35378 143403
105257 196889
10129 127360
202530 271775
155245 238175
83780 189604
189639 268270
98063 202892
40099 164883
11504 146936
139828 242673
212330 297524
97934 221701
198417 290559
155841 263005
162601 267651
423959 444301
91015 224553
69062 214161
340717 391384
212203 310277
334675 388895
47145 205891
65396 218097
207020 308666
140569 267097
77880 227558
298536 369103
18779 194558
237312 331497
386993 425862
219599 323619
255281 346283
13722 205149
347503 405905
15931 213124
160693 298740
163463 300351
330869 398619
9917 218622
120357 281152
200273 326296
119070 280790
79795 261625
79478 261996
205255 334328
225399 345811
382163 431012
156786 312386
20097 240754
50446 261116
5931 243117
160686 325437
274328 384177
194821 345247
74594 286857
163227 333135
297700 397878
256632 379489
290006 396294
40976 282250
177049 350154
67598 301809
67646 304871
132440 333748
280402 399335
81173 314399
215507 373371
143436 344199
58600 310908
102699 332448
216195 379007
125555 342831
91230 329035
2584 296938
132377 349588
293905 413453
34879 314538
53316 322249
46660 322950
361002 442549
79026 336728
360762 442524
87371 341946
265041 408550
139102 363582
33581 325515
69248 340959
82565 345935
309631 427021
270389 413429
338988 438318
85707 349659
24421 331250
311676 430123
314929 432362
69463 349701
171232 385119
401462 462028
355411 447480
185366 393523
111659 370401
375808 455427
293429 430019
295576 432063
194837 401228
60425 360089
119294 378460
42729 355231
147444 387484
143466 390187
118667 383439
274522 429844
160480 398700
23229 360658
386520 464151
17206 367591
30888 371747
326352 449743
202172 418544
209284 423078
256064 434716
265948 438809
267605 441078
184988 424880
8622 387804
121291 412345
133126 416592
119167 414798
98929 412738
155764 425485
232443 441122
108052 417666
421624 479278
424762 480048
236810 443794
183072 434206
117750 424793
367382 470946
182396 439001
155 407467
225554 448594
160050 438845
254696 456715
164807 443906
119991 437658
10399 423136
330548 470275
64962 432728
340157 472264
57662 435335
218109 458937
164880 452442
67629 446064
34224 442755
298796 472979
33586 447242
13053 450359
237132 472313
64888 458316
193964 469963
283860 477745
125568 468016
216921 476036
74233 467190
272924 480502
99034 471206
329989 485925
339811 486703
454025 492280
113291 478336
6779 474243
206552 485490
347075 490907
114545 487774
355690 492476
50598 488347
228988 490960
99860 490773
90086 492647
30311 496560
143698 498106
117724 503033
167640 502768
201184 503934
273180 502213
210113 505006
411723 499308
117151 515708
294641 505852
263647 510765
48885 525692
63859 526627
38788 531735
2313 535545
210998 519088
103157 529689
63185 534359
220379 521258
61968 537989
65055 540405
233329 522722
49161 544864
287665 518384
191208 530585
129668 539470
31267 551792
95347 547787
91172 548772
170761 538334
39055 557881
86764 553509
165021 544645
19649 567041
26009 571117
53906 567699
309423 526080
292617 530485
2091 582349
23714 582545
42138 579980
136345 562893
877 593913
124268 572481
320859 532039
329169 530983
71411 589652
315726 536139
153490 573358
72523 593501
122795 582460
261864 551245
63105 598911
142960 580623
187437 569903
58183 602852
68495 602450
250118 558092
274879 553739
2473 629675
13358 627322
424382 515669
228636 571305
269092 560653
217814 576991
97937 612585
129599 604607
125066 607461
139813 603275
22264 640163
155016 600566
237611 575210
378050 532112
327204 548572
184750 593563
57801 633800
230806 581154
66090 634392
69828 635967
78356 633235
9674 655895
356966 541915
396067 529001
370562 537622
44347 648206
264133 574879
91339 634245
14794 668330
105059 636613
10371 671379
401433 530138
49234 660997
154001 624247
52132 665366
63661 662353
71375 662581
214971 609959
337641 560569
90974 663302
305212 574774
81866 668521
83543 668361
78100 671401
22993 699096
49520 687842
42420 692104
178453 635348
429144 525295
449987 516252
285996 590063
98362 674263
62559 696188
68653 697921
217908 628752
11978 729121
173772 651744
32943 722186
220144 633115
277664 605617
82141 704258
70216 712872
18652 742045
231287 633352
392198 550120
391021 551203
261448 619131
72391 720807
227932 638436
271527 618928
29191 751563
161498 679368
159320 681050
314414 596140
106019 710790
102545 712715
386626 557000
293979 608587
22429 765532
65552 742030
169240 682867
99896 723226
40953 757156
75736 741367
240731 645397
60041 751428
54255 756515
341966 587112
169059 689348
200085 671082
106707 726308
82079 741237
106092 730187
254897 640983
105396 730750
254995 642281
274565 631217
309073 610714
16749 790467
153426 707300
83081 751379
219453 668216
93562 746402
164235 703465
40984 780692
93437 748508
144356 718212
26675 794037
129395 735315
426895 541699
222091 676855
456443 522668
309654 621278
37436 811539
17381 826649
9733 834614
180817 716130
183092 717168
176912 722003
204539 705274
195604 712690
46173 820539
471035 515176
220003 700401
124457 771649
103283 790515
169637 744136
394380 574169
43496 844178
30288 861285
51995 844359
121811 791277
286311 663126
101861 810742
89954 820906
242271 702428
105118 813456
258707 689166
97601 820142
71375 842280
228445 714639
133506 792499
8933 894158
19832 885724
306048 653165
211813 731565
12626 896955
163569 772448
115594 816179
2117 911862
342693 625947
86751 843378
171281 774212
187855 762900
1804 924605
94655 848614
250979 712065
259170 705591
328890 645853
280568 688916
179637 778888
192880 767831
173488 790031
82695 872629
305846 670367
228505 740902
6402 943111
252163 721404
252319 722534
52192 910084
401342 585715
38151 924099
9527 952249
284434 696003
76916 891225
56758 911538
459394 532332
185643 793369
300047 684646
1649 970052
84600 897328
243450 743519
23660 958181
308187 681556
177108 811827
275148 717639
194422 798905
176653 817525
225176 769009
231429 764020
210822 784764
76143 922096
12822 986321
227627 771837
86695 918204
111837 894757
150959 858654
289934 716569
449830 547155
198265 815836
210097 803338
306400 700858
61071 965675
90627 935816
90977 936002
94410 933176
277275 737771
133802 895996
233313 788030
67959 973650
414829 589113
97868 944654
315707 702814
318219 701058
126584 922754
64297 994356
383979 627182
208224 831336
234817 800636
151781 902222
223109 822427
80538 992061
412279 600509
154549 915211
123486 954662
339764 691159
364590 661455
297302 745211
116463 969941
206032 861659
348146 687548
153477 936644
171794 920819
296928 757955
163872 934038
438568 574497
125841 987095
192363 901077
229400 852608
125253 990843
396912 631533
369411 672434
431093 588213
356482 691146
208329 904159
320770 747090
165873 971587
246569 862116
158378 991025
307480 774477
361634 695762
228565 892662
220609 905282
281334 816713
279974 819077
227748 897446
253323 864019
434638 591605
227349 903901
218301 920939
207720 942216
271344 844988
197421 961630
454568 564377
307772 794539
219650 932797
266113 860489
285591 830625
336916 750203
243277 908110
317208 790047
198772 983353
229076 935144
430578 607158
290678 841600
237930 931164
224813 961048
399481 664169
328378 785487
224325 965927
233714 951236
387663 687526
290535 862045
265206 911002
405785 660855
224504 984760
242548 953352
231594 985385
375084 722277
290950 880625
295307 873175
360831 756707
271929 926359
304396 865119
446592 596052
333984 817369
374477 738678
284624 914869
317255 851423
293126 907957
334725 825558
326572 845814
294664 911589
272268 960287
376601 746337
259696 989062
326741 853474
291496 927911
347886 813239
421257 658838
286051 946085
413730 677489
298269 927312
301704 938459
382524 757099
411628 693431
327348 886059
304911 950320
388592 757395
387137 761152
418551 687657
379886 780490
453826 603739
289585 999646
397658 747761
362427 836912
323456 936037
396710 754553
417435 702601
336563 914507
431012 673035
383026 800745
366486 846975
365197 856105
356693 879259
313375 996470
326946 964703
409727 742088
375847 841090
336414 966575
334940 972310
339390 960179
388575 819779
347068 946011
358243 917925
365654 906448
356726 941430
386615 851480
423280 735766
426038 727664
341488 998699
348153 978137
388736 848485
367217 918820
390754 857729
397284 842083
419578 766643
437693 705527
353365 998067
417719 776295
389648 879373
382704 904343
403136 833400
365362 972710
378072 929898
410541 814709
398464 865591
480303 564798
460020 640721
475498 585219
436048 744158
378705 973950
407044 862676
463052 639526
401982 888045
448941 706402
411698 863792
465420 637815
427895 800830
403405 907145
435517 769651
471537 627529
447933 748619
457396 703649
432742 829279
426093 875460
485721 565749
437101 823393
419958 916816
459918 708958
438843 826380
413484 966549
420949 946240
451553 774176
444357 834308
426429 959733
463946 724939
477697 636063
462615 746970
462222 756625
459003 789878
439183 957836
487695 584800
464096 774421
454365 878514
445894 959428
449641 955811
460193 875359
482855 657346
464123 855357
467737 820535
488843 606839
479395 718548
477869 747117
475870 772687
469514 893210
482046 728234
489599 641464
469073 961212
469056 992299
472764 973422
484737 779363
481433 851629
479388 924112
490385 728380
480668 999667
485773 957993
489006 961132
495532 723597
495192 944039
497074 973021
498439 680349
