501727 826087
503564 881313
504995 960193
507497 837993
510478 888337
514300 970812
520550 978861
514785 842077
520854 920968
517594 817090
520501 854799
520592 759525
539752 981354
538683 923291
538660 891497
526744 759634
532855 813636
540830 869949
552460 958711
551580 943525
556354 963354
527223 724453
564579 964430
530136 693456
531308 686963
570942 902888
568426 880362
522697 630768
571722 887089
598319 986286
585399 900215
606180 985934
601307 951097
579668 835928
621524 993792
607813 892482
572682 763967
560712 716683
566221 729011
550983 676983
635576 951885
646147 985927
591606 807919
563794 712078
642611 942060
613980 854358
660732 994820
587938 772715
651162 958861
598688 800158
635718 905038
666868 991356
648519 919470
582254 732489
549167 642025
675582 962832
538412 609545
617262 804989
594266 745911
638276 848746
592285 735453
624601 813704
598059 743548
665482 898538
590578 722935
673265 913454
608155 759079
687571 940932
679745 918124
670529 891455
671426 891396
661098 866067
707026 966058
662296 867580
691742 931019
708885 968333
719626 990090
707155 961877
601520 731246
632138 791830
595945 710378
708653 939244
682483 877088
684423 879831
605417 719553
637440 777924
741966 977838
557583 622286
754726 993342
655199 803203
708499 902449
755941 991320
557844 619496
686408 855650
662989 812039
579187 657252
582638 663480
733248 939165
760773 985930
771994 991265
647467 765177
652305 772808
758822 952487
719005 884028
598237 673734
607586 688893
795064 996156
633651 731009
771213 956821
783093 974758
602050 676953
683013 807148
716306 859789
636749 726563
543392 579722
779920 946479
785676 952465
784605 946933
761056 907454
693362 802419
766735 907638
729741 852657
787256 935365
601149 660139
648577 727506
785967 923206
774275 903273
578676 623739
728835 837352
627964 691645
623111 684791
774520 893852
788448 903777
681361 756544
688942 766407
860739 995481
751867 847255
854568 980349
785640 884943
777253 873342
801813 896616
780039 868236
568577 598657
825495 923370
621813 665468
847854 948366
847982 948327
720087 786154
833314 924252
684642 738581
581599 611917
798571 873613
596630 628830
603775 636645
845221 926721
829565 904968
821647 894479
582330 609692
611800 644119
892926 972641
734715 787023
878548 950811
740303 787817
915576 977419
729290 766780
706334 741190
902037 958300
827725 874100
908040 961679
643642 669635
785197 823645
865110 909835
933719 984267
941949 992421
649185 673437
947564 995755
769384 802286
724077 753016
618251 638909
719389 746871
557949 573931
767987 796988
830508 860474
694790 715377
916521 945246
641129 658573
965210 990145
835830 856162
833071 852424
915210 931359
850120 860346
915486 924431
825484 834277
859925 865846
917707 921769
971115 973431
790443 795909
885955 889120
903405 904682
881751 881018
950640 946405
734693 737086
946212 938091
861818 849222
967568 947482
529190 539029
905133 885573
752070 744107
899930 879520
740067 731917
959831 933167
849419 829054
834313 814713
804436 785911
998612 960220
680090 673407
600968 602512
860476 833033
826570 801797
696384 684904
707158 694307
758415 736306
968924 914865
843845 801949
793765 759668
944184 883690
954707 892043
732209 704384
762513 728822
861506 809500
806836 764433
739360 707219
811365 764559
755423 717328
800754 752606
932842 852281
935649 851642
927491 843397
762148 713783
654622 630032
845777 773691
950531 850463
840124 767455
649756 624380
918453 820787
968205 857191
944653 838491
952480 843146
950167 839611
875219 780568
949766 832984
930047 816170
931998 817413
777504 705964
932085 803415
993431 838286
964715 814938
651923 611157
614285 586026
711668 646454
780418 689856
989204 818993
946397 789865
772935 680448
785549 687138
659876 607058
884743 740011
755124 662686
982482 795044
822241 699048
977246 785005
667157 607208
906791 734016
921074 741727
874395 714449
807614 675190
753208 642537
885968 710099
783469 653926
765466 642163
831484 672932
667589 593152
976965 740952
682844 599678
653489 584735
616638 566813
972112 730732
536199 529053
750850 624557
857311 670755
998087 732370
894554 686397
943983 707844
779703 632029
760562 623738
963796 707864
814302 644356
701381 596613
909693 682669
783879 626832
517345 519437
894268 670813
925528 681638
860709 654945
964545 695448
837176 644922
918996 674947
753806 608729
920519 671525
746320 602290
999273 691239
775300 610354
704700 584751
751400 598844
969759 672984
943402 661273
660785 565021
988035 671625
868961 631938
961525 660496
993073 670337
995008 669988
888969 635998
911733 642937
893415 624051
988451 649786
981917 646840
885795 612635
951993 629462
921087 619777
807239 585417
814374 586664
585390 532479
844676 592643
717215 562729
683800 552760
759548 568009
563362 525519
986806 608089
928434 596554
948711 595287
762024 558377
745707 554286
977242 592472
884110 576779
794768 561077
747369 552207
854890 567304
906208 575147
851889 566008
985694 585190
972508 577273
818310 554938
833682 555447
797621 548288
723544 538860
595976 523711
762889 542240
920090 558420
820300 544526
879469 547291
677558 528643
857387 542554
862294 537689
986414 542953
739162 526390
966520 537211
817995 528897
810152 527095
709316 522211
997551 531950
975990 521774
719528 516736
752046 513488
971736 503116
775340 502598
927972 492866
891619 491531
968139 480335
908516 483591
726616 495510
897547 476172
611392 500444
741054 484819
825762 472675
789945 475877
934441 451274
967641 444884
519933 509997
658161 488321
802047 465675
846289 456804
779835 466261
537094 506590
955766 427480
864615 444191
897189 436954
882438 438699
578871 497483
766926 459564
637387 485312
900715 429930
733788 462787
628191 485420
777128 451073
668926 474672
600002 489292
913164 411356
626885 481491
864853 422180
662146 471907
770537 442959
960412 389761
760129 442314
961788 384850
669424 464203
980401 372238
572579 491192
926579 382788
924836 383050
770181 430242
940942 377566
910804 385802
667104 460846
713798 444319
660811 461343
980217 358322
590144 482477
938847 362398
552600 494771
728862 433426
919766 362870
950001 348108
909949 356343
852002 375602
907856 352376
984966 321097
778872 402174
648249 454032
763741 400531
784364 387609
947417 313737
897892 330955
897325 330564
915264 321774
989817 286380
968926 295346
896565 324706
851071 345772
600141 465172
619139 455001
991442 268991
918450 305189
939220 290063
959227 276516
722483 397400
895034 307113
888198 310604
800028 356213
749819 380631
891834 297829
859860 314615
756436 369153
902083 286314
585972 463405
978758 235268
989145 225205
848685 303523
973079 215731
921311 248034
770740 339324
915371 246304
980994 202041
792778 321453
747762 350222
961039 206725
911853 238686
798210 312530
932434 222021
932935 221326
826746 291250
812463 298131
713607 366104
940762 202209
815927 287708
771006 315126
824026 274440
594474 443201
989407 148610
654955 397857
650450 401028
960806 167234
714581 350053
688655 366849
847345 238826
893695 201906
664809 382282
674297 373865
893161 194716
605049 427480
737691 317028
682961 362232
956730 133376
862439 211692
837647 231746
972621 118884
876715 198337
626896 405926
868059 198688
731388 312382
722099 319747
690268 347156
665500 366844
759435 282615
761381 280859
860974 190589
626608 399471
955618 101457
992731 67012
842795 199943
931916 99543
931782 99127
798682 226468
923160 98378
954498 67341
933710 87735
694654 322134
742472 272882
881763 132247
971491 41967
967286 43575
937570 70020
555153 457325
584809 425788
745122 259320
792605 209803
534465 477744
852842 144832
823237 173235
941027 47130
815584 178246
896181 87254
787860 201314
876355 97795
955356 8517
943459 13217
931528 25579
913340 43410
624441 371990
945352 5829
929806 18328
787087 179837
849249 107266
766092 201199
873280 74183
756949 208849
583299 414567
919381 14157
865491 74121
892279 39579
607911 382506
805751 139845
861226 69879
701088 265661
748399 204476
894881 20932
879928 36979
894553 13664
687687 274446
695587 264331
710834 242983
727179 221806
888056 6115
744013 193981
829853 79542
835943 66854
730920 203948
681824 268906
751563 173724
763390 156609
806521 93948
707510 226130
729464 195643
708195 225067
838981 43045
826298 59629
747118 167206
819520 65171
776807 114980
824337 45925
842464 16187
670074 262198
771402 111972
707911 202196
686033 234890
795358 70394
707818 188699
807260 32869
704061 187756
730966 138726
812193 4545
749176 106745
602141 344119
792294 25680
697569 181488
763730 67199
773100 45557
755805 69636
767969 35816
777260 11881
760020 33318
664969 206351
763558 20035
687426 160127
715089 105156
643265 235381
736367 53680
693338 136568
699218 124706
636566 246527
670191 170876
621086 268329
589060 331539
719012 41076
697143 84038
673427 135632
671912 130934
555810 389299
725511 8359
702420 57669
594496 299893
593071 301491
702057 44916
675090 105512
554613 385400
668593 113210
695401 27021
641895 160561
556717 371399
695940 14708
643787 139028
600479 251867
659415 90646
545213 393770
633038 146474
652085 91150
640577 120467
673699 26848
550715 361774
630469 109878
646353 56748
577165 271604
590069 227186
660137 1295
617112 129099
576675 260177
647526 20424
520666 445440
595742 187575
588445 198929
554039 310477
571292 234806
549608 318477
576857 208347
558789 276516
599660 84976
579856 163472
612370 14636
569366 188243
543247 306642
557161 209389
562931 154382
560764 158786
546762 236418
506270 479326
540921 264359
558770 144346
529107 331205
546139 217075
537314 273298
573295 22142
550145 175204
510994 441933
545677 183224
564111 26998
553458 106725
537127 223726
547651 89556
535397 187119
525823 257950
547880 28881
528935 220508
516573 327022
540095 29538
514852 314621
507336 391257
519922 120307
522805 12315
519482 60641
517403 110907
513623 84705
508418 217659
509436 154779
511349 19859
507127 206677
505137 132783
502862 116191
499713 89937
499770 214440
495820 59450
494855 301418
489524 155100
483481 71907
485679 183558
492971 348337
485930 243739
478176 104780
469423 61661
477877 195884
493568 430853
486229 352634
465080 171114
443267 25564
447674 81573
491165 435915
438134 13149
470554 282081
464008 236281
486820 416331
434459 67616
485028 408349
464909 279067
442311 141473
435533 102547
467024 325891
392209 843
422432 144233
397443 30265
404329 68479
439375 235969
383911 25605
401988 105122
394161 73658
400575 102484
419111 184323
373287 14530
384624 60874
406208 154178
393375 107579
406196 165374
419189 231613
365294 52497
358593 38980
385171 132625
432768 293992
455605 372300
366276 95385
336686 7173
413394 244050
341182 27250
403163 217650
339143 28487
417717 266901
325740 699
344400 61776
440898 342062
439330 338419
384588 192724
353962 109207
373031 162077
390347 210475
459452 403799
427171 326537
423523 323225
291602 15351
308325 58101
443404 378753
346271 163146
344055 160524
354095 184916
318041 106996
352134 183092
292983 57631
328317 136028
281086 32954
330676 150608
307628 104388
326202 144196
390766 283108
281613 55664
292792 79904
378090 268325
256418 31649
361739 239643
315827 154443
315696 156232
299208 126312
232484 1809
374070 275328
370111 268243
274116 91487
283544 114283
226666 11567
383047 297777
218082 3031
241872 47628
407319 349285
420448 372255
435358 398437
277178 125767
286424 149565
291558 158600
269845 123460
199828 13898
202875 20301
252334 120656
367411 302289
248836 116104
226114 83568
278472 166840
346014 272856
223172 84667
289467 188381
208556 72833
357894 297955
400001 361276
264021 165255
344113 284022
150198 7762
313092 243121
365415 318798
145634 6933
147566 14413
161175 38496
433731 419479
155063 36867
214737 126297
286580 226702
265630 201105
346561 311496
103055 3262
118219 25706
436496 432623
106964 27763
155264 89295
359513 339719
196758 141419
183890 127512
83916 8719
138400 76696
236839 195829
250203 212019
415650 410732
190413 143590
220746 182883
81392 22893
249026 224598
75561 26459
77623 30568
388250 384614
60553 12801
119100 80688
277883 260695
161616 130248
287807 276066
231590 214722
228705 215489
208158 193050
209693 195285
154810 139360
224955 217043
217785 210697
19381 4505
294444 295059
223972 222698
330709 334882
183207 181797
410014 418652
397904 406336
200492 205593
288789 296337
320086 328387
179357 185648
363728 374491
349666 360746
157765 167837
136326 146539
243075 255072
172609 185807
205963 219746
132706 160899
212452 237932
10393 48811
179571 209020
199367 230521
435964 452413
420279 437823
199257 233303
24493 71554
11255 61139
410161 429714
60410 113033
17559 78297
192637 236245
121007 173140
149994 204703
216645 264319
102565 166927
242535 289526
107090 173341
177286 234047
79751 155847
108256 180461
152962 220507
195841 257339
134156 208220
113919 193573
289261 339694
81895 172588
193122 265861
332138 378564
67720 169813
61709 166286
32851 145594
336831 384886
195885 279631
143349 242277
121713 226567
271014 340265
34163 162783
45684 172334
14869 150793
137132 244534
79604 202582
21467 161959
247856 329333
88698 215182
119658 239993
241372 329190
9043 167543
54288 199557
92230 227050
209968 310185
89790 232221
218054 320266
1898 173954
39200 199497
54186 214893
16486 192903
43376 212689
386562 438176
290234 375318
236743 342102
96278 253227
331849 405581
100200 260220
34231 219401
5570 208413
103466 271277
96268 270677
107583 286523
192626 337053
56250 259911
224395 358290
99823 293731
92591 292458
153051 328079
2093 248532
324326 422758
285417 403842
106464 320167
25898 282657
122245 329575
131180 336045
362534 447626
72906 311717
324721 430805
256060 399704
52992 305883
467999 497767
66827 318113
35760 316718
301119 430305
59911 331733
190162 387578
133301 366433
131604 369524
5080 324005
19678 330188
125952 372870
98455 363944
366151 463326
316865 445756
233821 417150
99545 371033
329151 452565
8663 341973
104506 384573
104200 385310
210420 421645
86952 387531
273584 445194
51164 381063
38564 379831
239006 437801
26801 382940
185044 427794
169551 423677
133575 419500
101597 416255
149388 429021
150068 429517
176047 435953
8923 397106
134060 426849
217817 446826
22997 401622
14068 400714
7747 399946
311578 470430
61138 416379
307432 470625
193362 446835
31804 418728
122417 437595
453472 503435
354249 484163
431508 499279
15393 419900
371108 488230
210999 458626
241963 466261
140427 449106
39000 433001
19334 433803
314261 482266
321459 487333
74919 452611
140973 462829
293638 484505
33559 450163
17056 452177
48490 457591
30704 460017
118085 471639
289101 491018
8246 466149
135776 480669
4432 472320
199151 489523
128014 484628
68072 480613
213187 492180
184394 496126
210806 497738
3226 488203
278870 503025
314375 506818
237319 505242
58769 504879
33804 504465
248307 509892
37429 513157
44607 513956
52372 520714
391486 517077
121029 530472
226580 528567
377694 521276
193075 536043
224399 534501
112333 543846
246684 533177
100051 548832
337285 527997
87962 551725
163609 546001
41689 559620
272695 537012
181291 551582
52530 570906
178907 556121
254576 546583
81682 570794
193495 556374
3355 585381
367674 533157
346364 537005
74637 581423
249191 554035
219070 561134
180588 570232
254900 557111
136339 579047
470689 518345
299251 550131
50273 598241
177638 582979
106805 598556
63641 610080
122778 603167
195931 585700
318658 556969
252528 574668
463230 522437
138313 606227
98858 617225
24787 637804
70736 630191
61211 632900
293648 571280
138132 615526
353977 554780
445664 529657
184074 611192
60407 657985
202295 611335
252952 595645
385920 551605
55018 666235
3448 687729
169758 630056
164297 631992
123478 650353
166016 637131
151336 646152
199077 629933
25536 709260
47798 709243
120173 677911
258932 618789
174554 656861
444059 538510
82453 704946
134665 681105
141646 679761
201408 653705
20666 746625
232468 645529
226624 649328
382383 572161
69904 730626
114935 711046
159422 689231
190949 672982
356193 587733
13732 769456
25419 763738
106244 723394
263221 639604
198655 677310
55379 756146
87424 741734
2198 793097
47534 771214
171567 702128
140792 722222
64907 768908
174705 704920
137256 730023
42033 788129
260817 657091
127785 738905
83320 765890
293003 639383
6370 828007
263474 664529
303419 639097
327838 623808
340161 616565
202281 708793
224811 694155
171849 730219
25742 829794
111425 775319
37317 826601
81470 796996
80784 798674
339464 622666
218605 706601
46310 825026
296207 653568
56248 819204
214123 712176
107760 791175
106047 792485
292209 661599
136974 773144
49067 838133
19632 859457
64902 830199
95836 808372
6322 876248
154043 772870
165994 765070
377029 607970
244928 710280
230149 722956
192678 753302
105326 823242
243884 715141
130110 808247
98340 836373
229776 731117
50628 877887
190768 764891
250749 717025
194551 764709
109337 837072
259260 715829
222387 749953
21840 922646
228834 745985
56927 896190
153423 816279
172038 800181
192282 782734
1616 955403
189058 790898
285781 706087
50151 918894
298469 695339
48259 923687
222088 768073
105223 876014
292648 704050
128443 857493
129224 860716
76770 922646
28023 970144
109410 893222
161138 845486
54787 951238
10580 995175
199483 814091
398612 615215
384470 629915
411275 603558
277106 740257
233504 786137
183315 838343
212849 812956
139764 893032
110410 926810
297806 728693
51016 998385
445025 573033
425407 594590
126408 921367
152861 893715
74574 981222
449317 569430
172534 874135
227852 813305
346284 685257
329507 704556
172388 884316
169068 888965
214057 839909
191443 873447
253347 805691
189571 881872
177368 896734
270930 786016
179904 897571
164122 918050
209168 865930
309636 744328
146241 946486
343636 707005
144610 956672
290429 777184
311818 750567
174351 925986
281912 790079
293223 777973
242833 843893
271707 808605
171026 944907
216032 886296
266974 820361
224289 876675
267853 824462
187506 932686
180119 942964
277412 823112
153658 995323
308837 779934
173678 977596
245203 877599
201256 941625
408768 644712
299164 803127
362319 713842
306191 797497
189207 968673
298147 811136
347093 745865
198295 989202
304679 829793
247271 924188
211284 983141
347715 765856
248323 937159
310453 832812
270461 903603
277523 898373
270515 911103
333359 811303
410299 675542
273715 922519
253040 967789
271569 936888
282666 923649
252276 986842
387648 728714
320002 859720
389395 726903
431171 652414
347090 821274
396217 729350
417699 687878
362912 811262
299414 961777
450953 624869
399114 742203
403900 736404
385924 784717
306788 994781
327080 944995
339430 924369
456576 625561
432843 686180
444296 657941
328648 964352
323106 983104
389109 810034
380345 834938
428196 714196
404094 797519
342961 981453
423602 752174
374529 915616
472160 606521
396850 867875
366389 974232
424498 777451
386383 925753
391012 911817
379962 961461
429893 780717
395853 913166
430519 800196
401488 931965
422305 864712
418204 885980
399536 974653
425833 862577
475096 633145
430963 872586
415825 975157
416329 989104
437848 869035
427738 941433
470675 696805
425703 976318
451655 817117
473417 689041
431968 987628
449043 895737
473568 724989
465773 788958
446985 943944
440649 998934
485210 639757
475428 727139
453996 912218
456546 895248
450637 993157
462925 877508
457333 933166
464494 867177
462956 909771
461277 933987
473408 856084
482096 753244
474396 861582
472479 916399
476788 866526
474546 934341
477750 936284
482935 936391
485642 946190
496156 648921
493664 735675
498890 579726
495915 686324
494577 821360
495057 939625
500645 928380
