477519 654179
526704 794981
589920 847781
627461 906848
524387 614153
668803 863931
697951 905394
757673 966816
669046 789724
841705 996949
678150 782296
835472 944597
873647 954206
628710 690866
642077 696802
832174 869727
787210 811411
605320 645414
707406 704945
989955 900993
995876 897100
839503 785696
990121 791971
948840 692680
932613 497181
912164 480108
829664 442418
768905 455923
657063 475493
908522 393284
847963 397717
821418 382280
717636 425316
909919 210704
931421 140655
615448 405044
667900 327210
940973 37194
881145 57511
738667 205854
757130 134334
687967 195591
762884 35880
613054 291063
563782 330041
632533 135594
552455 112322
516160 269186
517627 42916
361936 49949
437273 386187
355995 116281
320856 93232
258071 28752
267418 166248
383186 370368
193652 159846
114216 80396
93839 68912
56476 55107
253322 287572
231068 282975
105605 169972
108281 251929
27818 241814
253760 401521
232739 410660
50171 348154
18872 339494
72857 368497
188897 438972
21046 394550
339529 488061
162190 481247
377384 520613
277370 515259
7891 592612
66091 601689
148599 591875
143871 624641
55467 682979
406050 580787
3756 930869
161635 808532
131468 845699
413720 586595
129259 878055
134650 898121
231228 794615
320357 725015
194480 896249
275720 807436
269672 842912
174367 996724
322230 779510
253288 939463
387892 955256
434833 856076
455448 753489
474885 880584
