504665 863422
508050 857253
508814 854096
509836 822810
511712 835802
511735 786845
510653 720009
516195 895242
520040 945522
514100 776876
507141 571526
518351 804245
516529 752571
528985 991294
519719 800810
524930 874447
518388 741236
534359 857982
537479 881603
544583 945340
528140 759550
545156 934261
534282 805761
525561 719217
524724 696583
528991 728645
561890 983666
550703 886846
557927 939756
520865 637416
545259 807310
569015 971257
542188 775949
552389 847041
547113 806343
547613 788292
558500 856686
511544 556070
578276 960976
523373 617213
564654 847964
545241 733416
585024 941240
582599 911006
549335 734280
585338 913011
577747 873522
599759 980857
602719 985181
576958 855959
605211 980543
546582 707028
598243 940436
588251 886547
596318 910988
584269 845350
566014 767058
579856 814044
609419 929051
626120 960134
585055 806273
597574 851490
589388 813390
613150 894525
645603 998625
634605 960226
593793 816960
628198 920106
611428 854804
578150 747551
596244 805223
641260 946383
644619 954703
619271 872598
600188 809273
609150 833712
599930 796421
670339 998808
521275 559054
641387 902952
530227 583712
661030 956046
536185 593122
539808 599554
661124 903490
628564 821596
656866 888847
636254 830547
625470 800354
652701 858457
613734 766490
651194 849730
642787 828556
637599 816411
516445 537642
710033 979626
576819 675162
636023 808366
685593 911403
690772 922348
695782 933323
653608 839229
574482 662210
696595 925494
711647 952120
634978 782720
648607 811145
607084 722611
719250 953263
691878 893239
686678 881510
678501 863555
571460 643131
678982 855222
727386 946449
682568 856933
722020 928051
679993 844719
693407 870277
694355 871744
736314 951609
757026 983679
577963 645665
720676 907733
743356 948895
707099 880340
549528 592333
587451 660764
726691 913271
649608 770232
698827 856431
761173 963378
628776 729269
685340 828041
694558 840174
756588 947229
680505 812110
782279 984268
767172 957998
694973 833250
740386 907658
701064 840147
695755 828941
799599 994763
711593 848243
754650 918341
754737 913507
806499 994869
813121 999612
757960 908432
748298 891912
795413 964235
815464 994260
735629 863820
724017 842042
681315 774741
751297 873324
683692 772798
674037 753542
580873 619652
792295 921922
787771 912486
547036 570088
634046 691278
757886 861942
733482 826756
724952 814684
696088 774237
667598 732291
701420 777895
620346 664287
811202 917835
850198 965371
694980 760670
664723 720260
818930 921708
817909 920314
778880 863665
824034 921146
844036 946548
880799 993139
857787 962382
886871 998128
808612 897903
883171 987506
658570 703928
871552 969775
843285 934209
859321 953229
545733 561412
531795 543773
613221 644456
890818 987006
846783 932477
850740 936053
898896 994590
667516 710148
676039 720302
782159 842672
560373 576805
633675 664306
868059 944364
882047 956545
794765 851347
902282 977262
583702 602919
825041 886336
636106 662958
803007 856775
889127 951418
912049 977001
761401 803757
800360 845117
925460 984408
920874 975151
666286 689960
889409 935199
808889 845700
873362 915027
932792 977836
630396 647210
919390 956335
770112 793823
646992 661840
879255 909510
950949 981675
900811 925905
884205 906385
649381 661031
746000 761297
858313 877829
724719 738167
722400 735512
910270 929347
819179 834355
940555 959186
824512 839514
929651 940222
768524 777093
800908 805464
846928 849054
820337 821791
832593 833736
964763 964123
696034 698069
765511 765549
699398 698859
843471 836966
807688 800756
592094 593495
850309 840044
816433 806870
918744 903808
845866 832591
868001 851173
922145 901391
956846 930762
922506 898064
934834 909303
941668 912723
770673 754067
950326 917155
903110 873794
995435 957481
817563 793894
926792 890881
803703 774421
965738 915327
822314 788133
736698 711978
870419 827827
628514 617145
855720 813469
835165 794407
983350 919490
773184 738687
679989 659254
780883 742879
920984 858565
832584 784005
768345 730086
946446 875657
843523 788964
573654 566080
843083 784445
886123 818317
839699 778680
673435 641665
867602 791887
824315 756954
996871 889436
995671 887558
945873 845536
824598 750831
923622 821870
947632 836916
902958 803505
990586 866175
734809 678625
635360 605060
788567 714174
985581 855290
703764 652675
692580 643478
801059 720539
717769 661156
971094 840718
876693 773173
887646 780728
874540 771368
619283 590337
976658 836965
735046 669145
867918 758237
946187 809728
968109 823463
950048 810606
840082 735917
608002 579428
683358 629702
635943 597726
888073 764926
773295 688487
796665 702839
960559 810510
930457 790204
995694 832168
758798 675608
994435 828925
921163 779684
958000 801865
562203 546425
921803 774301
960433 798236
975817 807218
948624 789995
580175 555600
669481 608603
738296 649644
689467 619056
727031 641151
926442 758277
737645 646887
821893 695599
811130 688329
753334 654344
595942 562733
706109 626127
833227 699203
997985 793287
738806 644058
938039 757300
898863 734040
647733 590880
947390 758746
740781 641427
899077 727248
692529 612976
911546 731030
950188 751589
961829 757300
860428 701317
946285 745570
952210 744680
937656 735223
697741 609426
762853 642483
719422 620143
798515 660491
900635 710519
842487 680266
828771 672293
924177 718931
808112 659178
883487 695272
753340 631235
766555 635996
923329 710983
816703 658360
881258 688992
993740 742403
902530 698683
787840 643211
980263 731132
895590 690355
986521 730767
796870 640037
878002 676033
661610 579084
855871 660573
841407 652689
873577 666002
718185 599934
839022 650265
951112 697324
819251 639522
909522 676423
955249 694970
742045 607000
900626 667589
969334 690920
702538 586397
796910 621478
712964 588385
532379 520025
689148 577982
804992 619184
857851 636889
856409 636101
756373 599391
830466 624832
950866 665320
693201 574854
967288 669105
945113 659278
626761 550898
867403 631800
931264 652609
953438 659736
652030 557423
586106 535391
727714 578536
841271 610451
950898 639005
839065 605542
542110 520263
892364 616375
855465 604932
924995 619088
705201 561024
877920 603619
977391 623772
797669 579877
704921 556787
960526 616155
911170 602885
971225 616646
858959 589464
984381 617093
907071 599066
991667 615824
895742 592761
584391 526483
651179 539779
635589 535757
880387 577254
891522 578517
840310 569042
680816 540539
858810 569201
753675 550096
688621 538814
734276 546022
999288 587207
614437 526819
888687 569785
997177 586418
701365 539210
868390 562053
961373 575337
747824 544470
727912 540726
966771 573568
998561 577284
561534 517357
900847 562268
893522 559730
937259 564183
885276 556584
932980 561943
854533 551456
988229 566835
991190 560645
940646 554590
963536 556238
891329 547638
987346 554742
694667 526466
741518 528751
676081 522074
789843 529781
935340 539387
657237 519559
961656 539073
982875 539121
637680 516497
680057 518454
852781 526955
929948 526696
906563 522946
613077 512359
569621 511178
811647 514904
870656 513842
939023 510833
667752 510005
812438 509988
978583 499433
505357 509518
906621 498952
749994 503047
946796 496732
669743 504659
721160 502042
965514 492187
599416 505536
733467 497223
917002 481996
972523 473983
763941 489764
778746 488514
924570 476960
745020 490773
719001 492246
994218 467186
968298 466800
912150 470978
537726 506306
784272 480916
771979 478529
826299 472154
758148 479850
721470 483595
753545 478493
870673 459264
903527 452553
536866 504861
677588 483236
865210 454027
784207 466046
834676 457809
887117 449214
905564 444390
719868 473799
761538 466213
862395 449053
695475 476520
979739 422730
603252 491259
880921 437762
921791 427545
950764 420962
758078 459133
773190 452792
828286 440555
873604 427942
814533 436752
831894 431475
782587 442781
744077 450721
932039 401291
860919 417044
768140 440978
876299 412192
756564 443050
925632 389369
987482 370971
894146 395302
703130 450912
994005 364180
965036 372361
972460 369949
983911 364043
776313 426149
895302 387775
726103 438721
840356 401128
792011 416353
811263 406974
610196 473901
822117 400509
811988 403177
776095 415115
869061 382215
695207 440418
996263 330681
866404 376857
953470 342906
690383 439696
798077 399037
898868 360302
859784 374803
708250 431606
785375 401278
677776 442219
844270 377400
969124 326935
972397 324814
908734 348605
728217 419622
614327 465221
877452 359206
628983 458969
749554 409987
969831 320090
821298 378001
893220 347811
934613 325644
813836 376951
930500 325417
760102 397111
840970 360913
851473 347560
927515 311897
684860 424841
959619 295843
707964 413023
850783 343264
723946 403534
950658 293448
660295 433249
979379 273564
714042 404791
956518 282387
531121 495676
626708 443792
840135 328941
836453 327197
973511 249871
745175 375421
820769 332870
619463 445210
989922 236357
975665 243439
789504 346967
687150 405157
659633 420384
945988 254926
976272 236616
977713 233108
967743 237715
911964 269291
701753 392680
665984 413757
938979 251676
730188 375055
983206 223631
797016 334127
753602 359748
987599 218827
959824 233108
791673 333332
818069 316903
740197 364500
947077 232633
635119 427141
941599 232176
933102 235609
978744 202955
976520 203916
972798 197608
735370 355622
701245 378231
828892 292332
926148 227038
615335 435075
600645 444592
815978 299206
632671 422259
735961 351277
891507 237362
694175 373770
745489 336927
994847 155910
823681 277438
973822 162076
795072 293910
675875 382150
909665 203051
845967 247202
870132 228603
934012 178908
900235 198287
656414 389744
995356 121227
957738 149891
835217 243752
739378 320609
798520 273005
856430 223253
702118 347351
838125 235400
942216 149747
992492 105570
798715 265889
852043 220231
842164 226886
946632 136148
956215 127804
982190 100990
998176 86920
783651 269937
967109 112163
942154 133009
804860 250324
677680 359210
839659 215240
832774 220228
860885 194838
983785 86078
861707 193375
923797 136908
990675 70436
923413 129965
981917 75711
666168 361619
993064 61327
813924 222482
982572 60677
877221 158606
821129 209029
767073 258725
810655 216944
886276 144394
954099 75368
958804 67314
564336 450414
750969 266735
960916 59632
965593 53831
915510 98226
777403 234929
634271 378607
684214 327819
558234 455003
927583 80270
812097 194469
855760 149620
682825 326513
977664 22782
951218 48772
806253 197824
984331 13814
801121 201596
622472 386769
919900 77503
798538 199553
898575 93853
860414 132892
577526 430880
594771 412018
831745 155469
814343 174277
970483 3620
776198 212849
762974 226439
967142 2723
694025 300927
855391 122703
814067 166156
778134 205957
566071 440758
678595 315422
830638 145582
891550 76635
957711 1482
937024 22897
936728 23228
865840 100992
919276 38304
886192 71146
858860 100755
681159 305235
715327 264377
737016 238044
900134 47286
892983 53422
823526 134889
578578 421772
903068 31105
916674 2350
875178 50639
789820 156066
671085 301350
819078 114994
688606 278150
746061 203802
869617 39608
809337 116948
641448 332556
866250 41093
845041 66559
766355 164244
848645 48190
809222 100113
805315 99500
877010 513
710497 227551
636834 327932
710073 224339
733359 190111
656446 296101
663198 285751
772431 128752
812692 71472
680184 257713
791224 94057
730200 180203
795513 82432
835639 21042
601721 365091
810156 55320
794467 75631
815496 44174
821299 32983
771391 106867
532557 466660
724566 171702
828084 12421
589258 378875
749000 132909
765511 106892
735530 152402
686168 226761
738788 141340
750159 123080
522070 481140
742430 127816
619680 323608
593035 366320
692811 202714
730470 141283
798824 29083
799704 26002
809661 8948
621256 316024
805314 6833
800494 9564
581114 379474
762266 71105
683884 204085
719580 142196
575612 387123
589973 361475
698162 174376
751430 78839
639015 274672
733490 109189
736815 99981
751607 73368
653298 246390
739423 92799
715567 133914
552344 422954
646625 248419
700859 142432
682462 169426
731941 74979
726896 83405
619108 289510
541001 438774
723615 86887
620073 284723
625746 270223
561072 396316
668441 179109
744067 26897
631344 252541
717603 77591
670612 169258
670310 157565
683002 127889
678146 136060
716719 49063
731777 16146
733955 9009
719960 38488
718434 40199
706187 65994
578007 340265
713675 14044
529553 448817
677050 94097
577741 332738
704619 24625
593626 290404
666730 110650
674717 87112
606814 251362
695463 12636
690722 19975
573341 326698
670839 65293
572037 323415
579540 302071
670703 23982
648809 80517
530732 429857
642601 91398
632467 115106
626722 132742
576477 284828
652357 46270
603186 192191
654949 19432
623961 119811
592177 222015
590192 226730
639321 64026
656128 7274
566451 300245
531930 415427
629511 71019
610649 116583
637022 2505
632556 17571
592500 162305
596869 143885
568518 246075
623109 7407
600371 93974
611821 41872
531992 383981
565173 233443
547114 307789
564856 209986
591168 76639
535522 343885
558240 183109
557202 185315
553597 200172
550563 210151
543041 257560
557882 152341
568120 58020
548689 192956
549871 175640
571488 15326
556068 103892
541754 212174
534464 260447
542739 148418
539342 177184
528415 264487
539040 153896
548631 29209
520482 331462
539046 99706
532779 171884
544845 12002
542806 36543
542089 8573
521985 264449
523735 219811
535804 6535
531237 39572
520520 193961
519227 139604
521231 89051
513839 257369
506116 458630
515852 171135
517886 100506
508946 345613
513891 58689
513168 74986
506656 320929
509072 49910
506921 226553
505928 313983
504397 274223
504307 110444
502668 226217
501052 298611
493937 47862
489933 37003
491924 119879
494165 205962
486072 29347
496534 315429
495775 315271
491878 242285
483782 93971
496181 360258
489110 251136
481200 129551
475366 42637
495490 375712
498304 420024
488475 273989
481207 176277
482309 220032
469413 56573
486267 287729
465562 65662
491552 364434
467540 123357
480808 275175
457304 96512
490908 398639
501370 486464
452339 102571
458578 161245
453748 137949
435711 53954
436582 66002
466543 264038
440522 111277
440645 112462
471220 308466
464614 268711
432166 84938
441595 143181
412088 24709
425952 101293
442657 189784
468458 324327
467458 321805
483732 405081
482211 397677
466373 317506
460592 290537
404893 22209
470838 346694
450861 250125
439807 198935
441876 221219
438447 210176
409558 84481
439299 221833
401446 57711
435185 214069
459024 316550
434657 226331
441125 253616
420284 178067
466735 365048
371091 19759
387936 92055
411992 192451
395369 135522
433961 268274
354709 2561
365724 41397
399803 160560
409349 195132
389531 141059
401935 182579
389797 155631
379159 128091
377484 124017
341748 32053
333634 18101
335499 24372
332096 29406
418513 272040
363503 126477
372731 157554
480257 445475
334720 58189
369113 151244
358718 125689
341967 87352
310219 8318
390114 217224
391363 226166
364664 160394
303550 11936
481825 454589
370561 185632
339024 109376
394569 243949
330367 88947
297309 11759
454741 391189
354842 154090
443985 371099
304318 50612
326271 101300
432969 346800
294505 32110
452106 394988
307713 79317
317204 103692
322112 116403
287816 45881
328541 139155
328416 139738
344950 177789
307240 105212
293597 77490
303179 101416
273111 40875
424208 347372
285487 79196
439298 382445
320321 163548
429328 369242
345129 211982
326561 178377
312692 154192
382030 283749
342180 211403
469492 447023
358453 247972
344039 222513
319950 179359
237177 36378
429214 379038
309006 170450
343561 231508
244543 60453
235416 48534
253494 83224
248407 75310
390857 317588
325325 209383
448947 417412
231734 56112
231356 57674
280259 138958
258148 108062
275854 139940
216644 45512
300322 180772
194836 15364
397766 342538
441779 411743
211951 59930
251052 121840
285210 175163
406460 360761
201585 49172
230072 98134
377150 319494
163199 1797
380751 331685
277152 185778
344933 286275
150590 15993
249555 157321
269414 186768
128491 287
252381 168862
183901 83184
272706 203811
157549 55038
363466 325137
276071 212067
376379 343453
325784 278292
225199 148247
266786 202327
212774 133185
144241 45520
343131 302709
349498 312976
181604 102830
286854 238057
105672 13157
193195 124487
279972 232733
308179 267608
390002 368761
323212 287357
208286 149222
166703 103947
244027 197114
86879 8510
165465 104559
184215 127457
113204 43092
219106 171227
197826 146799
88161 18872
100496 33647
144767 86039
71955 2411
158721 105562
100248 39096
273478 242155
320675 297926
267924 237169
401971 393571
94362 45356
101945 55323
71008 23650
478930 481415
57449 12578
457633 457887
70364 29107
207221 190509
108059 87307
107474 88338
199461 192930
21136 8758
69065 60935
110951 109987
198605 200530
138300 140661
241235 244939
435906 440814
225766 230137
60547 67890
317358 324644
13749 25693
61719 74267
79062 93031
47135 68778
46443 71887
37888 65121
204384 224511
323445 340287
369502 383560
149623 179479
14755 54796
122579 155962
30222 71036
247926 273394
260228 285049
363215 380772
78302 120962
187352 220650
187882 221486
285664 311557
129802 170843
276133 305124
127204 172501
36675 92351
148345 192999
162796 207542
40056 100659
48271 109578
211046 253670
219512 262327
122697 180628
203637 250879
218938 264448
141850 200041
121865 188302
33947 115266
190795 247664
438156 454556
238083 288336
15462 107762
321302 359214
255042 305665
231744 286915
207006 271569
68167 163318
25602 129808
261356 316904
164018 244914
296884 348734
238280 304647
381664 415322
322988 370421
151291 243346
60093 175842
221334 299471
323766 375550
309758 366357
251463 324057
351199 397543
306536 364900
112664 223230
239285 315942
48474 180167
79374 205958
65891 196415
185815 282354
14263 161110
78084 208692
209511 302180
216081 306914
203870 298772
98776 228191
160392 271420
12126 172386
202721 303164
403117 440471
19919 183486
315687 383127
21207 187765
205529 314918
4292 184145
134474 268881
188654 304832
233768 334701
236668 337837
148454 281551
153527 285092
64136 232216
151162 287612
305590 385305
263163 360455
151188 291696
43451 225921
367457 425508
469099 488456
310172 393387
57413 242206
120495 280486
143808 295184
37968 234057
245678 358790
76706 261736
11770 224266
67207 257189
125756 293871
123807 292993
113673 288304
206450 342949
189971 333890
218087 350253
159134 318275
121378 298645
53149 261241
227678 357356
114414 296940
393758 450456
69308 282276
323120 416120
274575 393376
104244 309578
300065 407731
182068 349317
136750 327362
41694 287108
278423 401096
156543 343567
228765 379314
30795 286775
262010 396702
125048 333193
18422 284361
258712 396433
11467 284255
430862 476026
56881 307270
126593 341296
21426 296664
108445 335517
93208 329931
216036 383625
186128 371063
356206 445793
201192 382702
147034 360904
217513 391082
63148 328493
95808 342084
176274 376265
216526 392777
16493 313519
314660 433425
1736 309356
100892 349102
285877 423182
125294 362600
347112 449125
52816 339461
372634 460714
202756 398259
128 324444
200249 398061
344109 451718
58212 349717
146898 381766
159490 388630
90795 367029
56002 357016
162957 394164
361349 461461
55242 365803
40291 362239
138596 398159
303920 448708
118053 395150
394491 477261
312604 455656
245399 439062
109601 402442
55553 393508
16301 385548
151349 420150
317597 462448
176179 427283
94709 408144
148088 421383
255388 448341
35986 399996
380012 480685
87245 414435
52597 407341
364691 478435
53497 409869
49280 417342
39032 415503
293395 467884
38488 427619
256744 468503
193372 458470
45084 435653
47795 437193
53600 439812
146571 454386
199231 464695
58177 446850
12515 442295
374494 492002
72524 452903
334045 487893
234534 475748
199580 473907
117451 465027
91300 463326
204895 476133
65864 461161
93623 466027
55078 464077
185166 478741
68470 473355
17909 470410
5595 473386
172810 486363
178149 488986
471222 507550
150209 488338
156685 488819
8454 481295
44225 484463
130084 489726
65320 490135
413969 505580
140926 494443
300690 501840
76551 493732
260898 500848
267534 504031
92542 501663
22834 503317
140831 505803
45515 507454
28413 507851
267872 509530
99469 510065
93508 511103
285297 511648
96315 513906
143274 513614
3976 517424
115575 516474
347407 512508
13312 522912
18930 523291
118857 520559
328679 514583
113399 521555
147899 521355
73493 524826
205096 523710
118328 529979
223241 525626
80841 538659
76329 540186
96541 543748
441083 515178
93535 556190
482467 512032
212036 544322
88133 561844
112533 565497
313003 537318
256815 545809
268597 545317
188833 557798
190259 559405
174391 564596
85056 580299
289168 546836
133761 573815
103038 582467
15529 599105
119085 580422
31139 597800
254106 556488
222969 564157
90887 593191
332943 544364
174002 581191
42187 612230
97409 600193
284991 558593
20575 618012
85935 603373
48187 612755
44134 614389
6005 625553
239484 571741
275794 564186
364224 543358
85610 611276
20709 627691
266567 567846
361459 544749
77820 615297
63976 619206
170432 592831
40534 626803
34956 628279
39458 630741
245111 577443
236481 582799
318060 563120
174881 605626
376291 548262
448676 526491
422039 534729
320927 565936
76963 642377
73296 645914
404021 541565
23879 664323
113497 636008
281211 583325
73204 652737
137100 637291
92333 653102
88101 658870
221270 611097
264026 596369
402804 546515
115962 651120
403154 546447
38112 679883
62956 671013
97202 659887
110619 659186
344807 570988
148207 649191
138659 656351
272873 602576
158862 650296
20245 710319
255228 614879
167217 656120
380343 563463
425875 543688
183544 649914
6024 728019
82170 695289
44685 714637
334364 585631
410204 552048
2140 740691
56359 715830
442014 538363
56545 721500
134353 685450
415844 552477
457890 532173
180682 668102
77028 722265
185075 668487
80846 720545
170182 677832
36098 746009
343482 590908
144443 695256
235576 649440
69123 738604
127432 710748
288996 627648
35327 769797
48428 765907
18089 786986
283257 635803
21217 786315
55148 767658
141367 720010
253754 656380
3493 805551
3734 808101
17315 801899
15368 803498
17686 804866
418783 561661
67843 778000
122986 744710
191826 702433
101122 760195
411478 568074
10471 830736
264978 666384
160577 736217
176099 726639
215246 700773
66086 799845
47691 816253
7487 843683
75656 798991
5160 849322
68007 808120
104776 784757
93211 794121
336035 626111
34965 834909
72807 814011
237265 699465
163319 752213
123108 781513
200639 726610
196488 731445
132697 777817
14931 863981
107518 801067
76663 823855
126437 790706
160772 765504
20767 870737
78813 828950
241074 708238
222525 722446
107224 811010
412756 579356
1393 893701
209716 735156
45255 862429
232035 718947
54944 855976
240802 713059
314384 657263
238434 717067
4531 901786
75927 845754
39200 875690
413311 581393
211194 745339
15907 903909
3111 915444
341930 641551
177598 776076
455107 549709
4264 920623
57943 883252
24594 911402
29908 907275
218914 751632
129171 830807
220123 753360
92814 864144
36122 913855
126779 835715
185226 785350
153585 813081
8227 939059
150187 816660
173075 796990
325127 665120
121571 844741
49070 913920
134753 838531
150997 824625
264763 728352
23594 952118
61043 918149
389642 615688
168207 822195
23283 958255
281840 717086
289833 710168
28898 955310
174730 819639
258554 741813
66010 926910
272395 730384
138359 858831
85379 918026
54824 949780
422585 590087
222498 788248
477950 535830
133068 883131
253887 761966
136837 883933
172353 848348
106059 919121
50107 976925
40790 987057
338196 681291
291790 731438
153286 876155
167484 861631
79076 956055
222140 807412
144738 889217
229211 801427
42883 999890
105621 934377
53971 989923
99956 941443
350759 674326
122623 920693
323552 704838
108667 942420
67735 988840
334193 697043
232055 811661
406673 617934
315793 719041
190214 858712
317593 717252
355031 677077
90335 976815
355025 679223
262857 784241
219975 833191
166964 895296
155403 912967
146002 927624
466680 553400
162602 915198
177212 897930
282916 772559
94147 998819
151981 933120
147678 938644
302672 755956
124730 973656
178261 909070
435547 593788
364424 681373
189643 897340
384704 657620
250932 828941
188535 909524
336406 723668
146583 966168
204461 894396
408024 633746
185003 922872
239863 856657
202876 907664
496154 520402
152633 985662
156572 987157
386350 672282
296117 797321
440948 597876
308088 785127
231035 894147
211249 922026
286201 817472
229912 899976
302792 797221
387582 676271
257634 862967
199831 945878
379094 689178
272138 850332
368407 709569
322482 780753
237188 910086
377025 700947
306943 806617
203804 962054
409561 653096
232962 924237
313360 801338
259660 887890
285040 851412
320366 797042
359907 735269
226782 944194
313481 811414
309666 817735
320393 802299
337553 777006
224366 959836
236012 942989
283185 866934
305920 832462
268189 894595
224809 965409
310784 825332
259745 910175
469002 567326
270380 896282
329387 800235
361022 749790
253044 932003
315094 828200
374311 730403
222296 989936
218710 997902
237773 975037
434583 631417
333891 808201
325397 824474
257401 944841
239858 977309
287094 896926
323324 832353
240898 991455
309440 866442
245008 987237
349993 797237
308512 874872
266005 954631
337682 822159
307244 880557
396780 712216
338340 824577
275618 946923
386535 735181
365577 775601
285173 940922
354662 809745
461239 597533
379851 765255
360187 808198
283134 970371
339984 858081
333597 874990
395146 746847
309540 934359
362526 824654
293037 983990
329931 901463
346788 869633
316572 938914
424872 691715
352306 860645
326432 921361
433809 672771
327840 924204
319820 945106
334875 910014
325088 941919
329459 933584
335664 918711
314207 996471
368208 860143
346338 920378
372751 854181
371341 858204
428806 709051
345392 948677
404884 784275
394053 824895
438293 700554
371397 905617
414249 778286
370773 910796
345645 988450
465395 628281
382816 885789
397464 871219
452074 690335
476867 604676
377883 952857
476627 607676
416647 828848
408399 866139
448033 721812
392784 935808
392133 941436
422308 826814
391491 947621
409457 886558
428836 810347
390401 965688
434111 796293
496647 541796
471312 652706
426586 861575
418447 918126
425883 887719
408228 983569
434847 868581
474756 665670
423184 941728
442495 842130
434697 894389
466338 721776
498740 540260
453295 799512
470416 702084
430372 937495
458169 804070
464024 782574
496348 563256
462764 831630
478482 751489
469115 879100
487180 699610
468176 915710
483152 755466
472469 916287
466691 998824
490507 725453
477352 948598
501747 550742
494071 883130
495523 890474
502848 643737
501517 777131
503245 956827
503319 959095
