505735 619788
505913 845200
506309 893745
507591 943312
510435 962236
510653 948185
510513 721613
515510 919961
514273 856868
518071 937794
516074 843593
511421 670152
513510 719022
518133 846339
517599 800252
514447 713717
514309 693047
518185 774566
523983 899089
526925 962507
520674 768848
533362 980977
528672 879323
528130 811004
526159 781689
544822 993536
538674 896155
526630 749302
533512 827843
540725 892065
536636 820780
529264 738703
533743 766639
517284 611231
522986 658586
522863 653741
529363 707762
564238 973381
564032 970634
531585 707632
562357 939575
570508 972490
549099 806103
562175 897333
531940 680496
551816 814716
551381 810006
564077 892138
540408 730277
562668 873941
571408 929541
522116 607313
568887 903408
576877 952781
546142 753132
566359 874805
590132 997052
562486 832697
531354 648741
516202 561605
580842 923246
542211 706050
542693 700134
539900 676131
543797 695320
526579 607768
600994 982420
585509 903976
577188 859237
521233 578611
592062 915487
543018 679077
546677 696239
609637 993736
592304 909973
584495 872265
606671 972395
563683 770326
588487 879481
590949 890340
551502 703563
576754 814282
579060 818628
557280 717359
601370 899192
590450 846980
594064 854602
616873 940336
577892 783024
625786 965383
613103 911990
550768 669949
582237 786549
591749 815248
584820 787871
599386 835236
614973 886249
574187 742723
588007 790561
630494 939108
636113 955665
647815 995070
581839 763429
620581 892314
577060 741862
616631 872190
617510 871541
632625 919681
616782 865993
614570 856226
557724 669538
610100 837860
624940 881370
657456 979387
583227 745716
540405 610051
527102 568594
632794 896060
594283 776161
637777 907788
664710 990207
645609 924300
619909 845549
590918 754970
591827 755547
644691 904398
599134 772459
658971 944628
578746 706202
644594 888404
574951 693732
560567 653724
539316 594237
601326 761915
667998 942738
689386 997418
535019 581000
587224 718435
538741 589739
677458 951895
654212 889224
649220 875794
612748 780048
584324 705219
627756 809106
602161 743611
698258 980830
670836 909782
562671 642116
651867 861159
591332 712070
695802 964779
639157 826621
646099 842001
702221 976939
660999 877323
624019 786396
678019 913914
680313 919280
574375 664877
671396 893193
691901 938691
700305 957804
686248 922270
605495 733891
613607 749742
701540 948798
537767 574992
663602 858701
616433 751706
635812 794715
553456 608830
719573 978417
666053 856692
661453 844946
679018 882625
675471 873128
678805 879872
643223 800394
685576 889853
552658 602601
707110 931856
712005 941194
610547 723664
657153 821312
685147 879629
705197 911033
572446 638820
611189 717636
623120 741242
695496 887285
738161 973790
701974 899993
748700 994629
720704 936792
645829 784360
652239 797102
600930 693799
640598 773197
733569 959886
578263 647077
609642 709535
672479 834087
733766 955456
588186 665755
669297 824417
511390 513382
733701 944984
576907 640348
742164 959519
732277 939775
712792 902118
670018 818644
714048 902834
728744 930224
558453 603026
604492 690992
689868 852335
687334 847037
624150 724415
597276 672672
737213 930002
605971 686821
738852 927968
758233 959782
778913 996364
533461 552351
601898 675440
713221 875724
624311 715616
721215 883903
697482 841266
616879 698303
735833 907958
656165 766867
762743 953335
551439 582290
784216 982340
783734 976005
791446 987186
774736 957799
747234 905282
783541 965365
756243 919334
539027 557655
689361 807819
695272 817587
731677 875709
797826 983731
799510 984787
693608 807771
652414 740559
772910 935157
697638 810697
639898 716480
618075 680653
790050 953597
717407 837338
818265 994507
671041 762099
801322 966875
796581 959415
681535 777922
732880 857183
754618 889737
813458 981344
758067 894727
750487 882408
576185 610753
813907 976177
783064 927841
570359 601061
670644 752642
596186 638921
794817 938656
542544 557691
746701 863704
602744 647450
793157 931956
719845 821602
787605 922100
775407 903544
822097 971245
832908 987136
739148 847834
541287 554632
720458 818629
824055 968224
730808 831663
828484 972729
737450 838357
560087 581008
630355 682856
730094 826204
850115 999463
762418 871700
736929 834104
787624 904741
719834 807022
766880 873491
838397 972780
802953 921498
755437 854000
800767 917749
568593 590514
635890 684861
673345 736809
853606 988528
830402 955329
767215 865555
819897 936192
783946 885060
830288 948808
768674 863789
692812 756776
842851 958015
829936 940259
861066 980821
719686 789333
749909 826251
865131 978632
824583 924713
750931 826239
801306 890229
604956 632377
797930 882714
801435 885626
804243 885936
746398 809103
759459 823861
819193 898515
879088 973267
720896 773493
757635 819324
860616 948581
776062 841000
679193 719099
842481 923273
725799 777082
628174 653701
869018 951687
870275 950940
756569 810390
708808 750876
625997 649137
640590 666959
891064 972054
618752 639766
763465 815735
840849 908168
831714 896371
748561 795732
822710 884699
715484 753416
762281 808493
670133 698379
681194 711306
895616 966533
735620 775601
835140 893174
843217 901523
778061 824335
911143 981578
871530 934300
803916 853635
701996 733418
786236 832222
864637 922291
844169 897680
712434 742962
920285 984878
633764 650870
917363 979092
765368 802285
859426 907563
820275 861766
930923 983167
912721 960950
903838 948988
926860 973004
933365 976210
845320 875305
900653 933869
588458 592518
913498 946706
902318 933714
722381 737584
899301 928692
951714 984904
960647 993485
824396 845737
925292 954415
664134 672662
674056 682458
827465 846120
882398 902496
877525 897154
914385 936277
883852 903027
811705 825663
948402 970037
927312 947222
781902 791687
904945 920505
756218 764163
857175 868522
823168 831426
718372 722234
542540 539744
744543 745880
957458 962709
799048 801124
666761 666287
947563 951827
949885 953967
795702 793497
961269 959013
876920 872638
722786 718527
758469 751714
988343 978185
771873 763746
871411 861264
967026 953134
988268 973873
971969 956923
957469 942290
923038 904794
975830 954336
635203 626554
835015 818410
954432 931752
931331 907728
851918 832052
890476 867329
959241 932088
885456 859640
997304 963301
770366 750269
890820 860990
990273 953243
755734 734813
686652 670110
841968 814185
760768 738663
993938 953386
745769 722971
703671 683231
867081 831734
897325 859159
732995 706982
797427 763498
669871 648682
977270 920826
814206 775114
669145 645706
962419 902406
626781 606795
899627 842629
908011 847806
936151 870737
935333 867230
927140 859752
772864 728576
778510 732838
947938 875595
618307 596883
829777 774593
611507 590559
765362 718821
780128 730556
989947 903620
975602 891539
856687 791878
794860 740642
814851 756832
925581 846966
583221 565641
596223 575886
851617 783117
827436 760182
965162 870145
788378 726051
961559 861302
738490 684296
961866 858921
824687 751437
566879 549903
847931 768497
795860 727169
883981 795402
976658 866525
831725 754311
768750 704684
712835 661060
916758 816880
554593 539494
840465 757269
728482 671529
971359 852989
708475 654726
573821 553389
883195 783875
949554 833089
652598 611663
936600 822764
717513 659685
533685 522943
785923 710247
589513 564215
860217 763961
609906 578972
714648 656073
766181 693598
875817 772887
641278 601282
648420 606333
886982 780390
801210 717444
690491 636410
825643 733840
911129 794689
858464 755833
956795 824310
594612 565609
958595 823423
778872 694770
805175 712474
996947 846955
974063 829928
617020 579622
999984 846080
836540 732126
887394 767016
857126 744039
911254 781070
986969 829770
774546 684786
974039 820261
880438 753696
868766 744922
818293 710956
662095 606425
836720 722255
956019 800275
723009 645329
859500 735192
573495 546591
989218 818869
657904 601669
793159 689625
732457 649737
830578 711255
872056 737693
991084 813803
888023 747613
886885 742959
683339 612812
838969 707460
928760 761462
969459 785794
612600 567324
906897 746381
922076 753443
965191 779088
691358 613523
804498 680607
735685 638600
705083 619836
688188 608958
938108 753194
854442 703539
934503 748206
851126 698380
870112 708907
985565 771189
896013 720473
762895 645613
845325 690311
808067 668085
900277 718410
557692 530501
658139 584653
650879 579828
989354 756417
980729 750903
695315 600834
855455 684196
989268 751703
938660 725199
932569 721724
777351 639793
996749 746291
905426 699956
957827 725257
792407 643490
692209 593907
860461 676322
998965 740033
737241 613342
646184 568861
819703 651195
843715 661249
789361 635578
885448 680294
874290 674428
704447 594422
819874 647534
971903 717741
635156 561899
880940 675308
999429 726705
910744 685844
750452 612817
660771 572052
739227 606101
976187 709249
841621 649797
875238 664383
988966 710917
877312 662192
770551 616100
761538 611504
759179 609194
804927 625985
933970 679045
850408 644477
945497 678280
557795 522952
701224 580051
648302 558924
723802 588697
922832 666701
817369 624823
679981 570718
994415 693862
999760 694303
871967 642730
794632 612907
799335 614072
650712 557314
998632 688383
849601 630523
830464 622740
901464 647427
930007 656853
652674 554472
815999 612463
645084 551479
728138 579946
765610 592944
961394 661352
722929 578015
936096 652193
635708 546225
948959 652438
915337 640644
721963 573666
676240 557899
986324 658689
792008 595261
720339 571867
706787 566428
898057 625908
813218 598408
978285 649439
823036 600617
849168 607976
751318 577767
997781 652510
786304 587821
883603 617268
849503 606174
821796 595593
792057 586427
831961 593938
912993 616515
980656 634324
995374 638166
747468 568916
858391 598206
825148 587343
810022 582723
679326 547400
791470 576234
986203 624973
827944 583525
894460 596650
630496 532407
877326 590960
932512 602337
978502 610401
920563 593771
805216 568134
628169 528351
831658 570658
836120 568205
970325 593868
876258 575188
772468 554616
989906 594096
761659 550644
902334 575491
884522 568284
858733 563333
646265 526262
990217 585111
834929 558180
837763 558216
862505 561887
832574 556620
571408 512871
901528 566604
721787 537312
976349 578713
844016 554664
789352 544066
975046 570712
827978 549050
733818 535296
871751 554061
947952 564662
926248 561040
799160 543042
823675 546235
946183 561762
819949 544176
587938 512935
753434 534616
950180 558842
658000 521431
765249 534986
989206 560230
894058 544956
791994 532868
952477 549806
960327 548872
764062 526474
858802 534633
621417 512693
949689 540473
896413 535388
826094 526307
844011 527521
970583 536415
700058 516129
978132 532299
629723 509938
641659 510631
826194 522005
719726 514673
936532 526415
820524 518652
982599 525755
839724 518427
949537 523299
937117 513336
934861 511687
877121 509413
955194 509066
713152 505013
790273 505717
816403 505217
942769 505528
938917 504916
931012 504802
887436 504137
891317 503778
999248 499863
836122 500256
946048 499577
610379 500106
826910 495692
998112 491527
883325 493297
697640 497256
967615 487431
867336 490502
676805 495022
680550 494688
954492 482667
939061 481280
813419 486283
704977 491724
996975 476363
879520 481415
836479 482475
698934 490389
816860 482576
871936 478735
969889 472277
919390 475198
981170 471058
599973 495809
965787 470392
988045 467644
983046 466714
729357 485267
575240 496762
877334 473449
946509 467927
931584 468794
880008 472441
635896 491718
593398 495004
761987 481136
791323 478563
648893 490270
614126 492868
662818 488092
853325 469626
956115 457477
782627 473416
864403 464443
870208 463393
974351 452169
729021 477799
924483 454825
984481 444543
806710 465782
807214 463710
995673 438581
647710 483561
904449 447656
939432 439211
987588 431404
845243 452272
831759 452619
783247 459101
960357 429871
921148 435547
759725 461346
900968 438038
892441 437343
816348 449270
970930 418980
798350 449745
924916 427007
829365 443074
806295 447113
740137 458026
928020 422261
896199 428204
768096 451443
993601 407331
813699 442097
843127 436060
762422 451334
723909 457437
874705 425454
822523 435090
608957 480054
943966 407216
977605 399346
959287 402923
623252 476342
953632 399475
882008 415251
740924 447100
822362 427862
917195 404982
966265 392647
789235 433870
831736 423109
747595 443416
951622 393817
869672 413698
994300 382617
921122 399734
639938 468241
781732 432382
607349 476168
974805 382079
884977 399758
994032 369102
730257 440749
902343 392871
802935 419594
943769 378817
797679 419264
941877 377517
921601 381285
671095 453577
976129 363991
927862 377751
782125 420550
615075 469745
609911 470960
671192 450578
646159 457628
991411 344544
615670 465778
992230 338775
763555 415484
881935 375688
885802 373370
924091 359931
971073 342182
947759 348519
885867 369910
891781 367730
808199 396585
857843 378290
753759 414795
759644 411031
700636 432077
954146 339844
969109 332593
810189 390236
814700 386805
836562 378506
731715 417541
750513 409509
809604 386244
634344 453020
864957 364809
891665 352700
782199 394872
870841 359421
654516 443583
959153 323295
857762 362441
990620 309567
989305 308467
828832 372626
568419 476520
797192 382976
804391 377506
914502 330832
745328 399796
950475 310292
823751 364110
909455 326022
902632 327663
992503 287985
805769 369340
797366 372515
731109 400930
955081 297793
933178 306848
897547 321774
753609 386471
808416 360257
904974 314960
825761 350923
966247 282530
814112 354714
814577 350548
767870 372625
861993 325317
817476 347122
912387 299440
809233 349377
792910 356126
891545 301710
787499 355320
538051 485233
702705 399087
953223 265942
838024 324815
989507 238083
853212 311682
782368 348861
963268 247589
693352 397694
810565 331683
961451 245905
999896 224293
697395 394255
703542 390775
826488 321556
946892 250944
650508 419621
811893 326920
943957 249807
907669 269561
942301 248703
997684 215810
720633 376342
993519 215765
688275 394060
721252 373865
692486 390316
699510 385842
871279 282389
705728 381540
794049 325329
889657 266636
802939 319420
981179 208302
747732 351670
757545 345309
920340 243105
700551 379601
830218 297664
658511 405581
924466 237190
672542 395883
642357 414680
821262 300097
811203 305953
854313 276063
832522 289525
816112 300013
961933 202177
938934 217272
605675 436227
961030 200308
532358 484293
983858 182162
801037 303948
861797 263127
836601 279617
781423 315906
728238 351676
682865 382226
823039 287165
737740 343440
929030 212101
806218 294847
647365 404323
982893 170391
902662 225586
930219 205926
942836 194187
790913 300711
722566 348227
710429 356745
952807 183849
866926 244677
956398 180332
957763 178843
833551 266616
945401 185432
757395 319930
976502 161274
723402 343761
652071 394640
918156 198817
958424 168689
673855 378191
608997 425597
813407 273986
918914 195623
916205 197110
944416 175354
784405 293816
731091 332918
907597 198487
854227 237224
777292 294775
829491 254178
775067 295704
808864 269534
733966 326372
893516 203151
757134 308223
878947 214028
987415 129999
844819 240032
787469 284206
962011 147130
690286 357854
579902 444088
930430 168008
953010 150072
692201 355047
764337 297592
961107 141626
612512 417345
675197 367366
853246 223497
897839 187499
661474 376292
813587 253203
977611 118917
955661 136310
824207 241452
732479 316290
857641 212727
786851 270621
765457 288167
971117 117949
525651 485530
831658 231172
797493 259325
640523 389549
923169 151475
918834 154251
868250 196176
871257 193611
977837 103250
991512 91627
811234 243722
782156 267798
600662 421545
929490 141503
927761 141108
946971 123643
915549 149836
883870 176349
939156 126857
895590 164543
633838 390985
789173 255417
874263 180341
932709 129317
795184 248768
890820 163788
974555 89381
981639 83071
819063 224521
985258 76416
887438 162238
919181 133506
974712 81732
872202 173354
884283 161438
612961 405437
899586 145658
998627 55552
917307 129090
663461 357859
746535 281798
920504 122574
864355 173916
627122 390296
777137 251922
737411 287040
814606 215293
621891 393678
863929 166137
992513 45146
977842 58488
863565 163740
903920 123745
865445 159178
885839 139006
700955 315210
625325 387359
956793 68186
728471 287459
849066 170685
654937 357374
717561 296412
887237 131048
968879 49739
705324 306474
757118 255377
639380 370817
841832 171183
732268 278257
691386 318461
587771 420766
694054 315374
929259 80590
894843 112056
982915 22552
903571 102197
886436 117359
940799 60677
743675 260209
771312 231553
845742 154689
838638 160967
707038 295262
848704 149276
902082 92106
753264 245847
956105 35042
917718 74131
985543 3675
943511 40803
928802 54612
595615 406942
922515 60180
888337 96360
691872 304400
894388 88845
897554 84897
937754 40321
800584 186305
839654 144433
837627 145420
944090 30393
798092 186764
961132 10702
966736 4322
821416 160856
897055 77657
759008 227157
721960 266093
906121 65037
773909 208955
812257 166923
818328 159861
889370 82068
786256 193253
803058 172172
585073 413985
843129 126197
861936 104902
849229 119041
661620 325340
695831 286546
626650 364759
695500 285969
919699 30286
935918 10383
812855 150791
739052 235150
820623 141640
763528 206146
790626 174693
936176 4194
912272 29264
749397 218317
833318 119223
903898 36057
570624 425682
873837 68764
886785 51825
779401 178415
884415 53344
761621 197881
877361 59768
674211 300152
656710 320670
898588 29966
666582 308409
571745 422329
802340 143042
721216 240383
710026 253627
815434 124538
799766 143380
889442 32512
896203 22379
875282 44455
740532 210315
829840 98946
871606 42245
819743 106852
877148 33369
783174 149498
622310 353460
851142 60295
547133 448989
850990 59301
889084 6612
698036 252050
881508 11813
821167 89179
861199 36676
853457 46643
826149 81715
852265 47258
638838 326594
745137 180794
758420 162809
766712 150241
876607 1091
807639 93934
715141 218341
865489 13543
615773 351295
817535 74581
789856 111166
832118 51036
717413 209161
862399 6633
667988 276632
676151 264825
822245 61154
748266 163308
679354 256002
708423 213769
561020 423071
691550 236275
767239 127713
804106 74352
722642 190964
701389 220698
788557 94418
776346 111160
777680 108874
802978 71585
775328 106870
819926 39501
842911 3210
790896 79813
799320 63746
799541 61888
540954 448563
813925 31856
804644 44936
662209 261603
753635 120976
804401 41290
828708 2700
765856 99316
765000 100216
775957 77983
756625 107507
747493 118231
726194 150615
639755 288087
642899 282781
816171 4060
763044 89222
641870 283584
804717 21858
679957 220897
617594 321418
693328 198627
692910 199300
726152 145319
793450 34372
679587 218028
750414 99862
771430 63925
769990 64002
727505 130601
626204 299950
751187 78634
776155 34348
719935 129494
744226 83807
731404 103799
765028 44051
778617 19797
750487 68918
785160 7398
708434 140808
709854 137173
586027 357329
541051 437926
711561 126413
758135 41365
726533 93957
730935 79753
711639 112500
691343 149792
591044 338673
679013 169734
688874 146437
718597 87108
717142 89116
704908 109819
737151 43371
635759 242629
621027 269597
658667 190434
644124 215692
682829 132534
644208 212312
739293 12984
628444 239457
638438 217816
569482 364635
689231 106604
680812 124099
710707 57691
728066 17761
587699 322597
661917 159186
679992 119047
719428 31594
697090 79005
676726 123360
685029 104398
715701 33985
577259 342372
690730 87067
689470 87623
696962 68730
682476 96017
718865 9208
691376 69843
630757 210918
614880 247555
659820 142054
640407 184506
650600 151547
643690 168066
698555 34166
581313 318283
674953 87689
658188 127594
690418 47906
629341 195419
671911 86732
686102 48971
641349 160221
578765 317110
603458 254511
607307 244533
680635 57012
640025 159304
600378 258858
511394 487189
643189 142957
663041 84259
671351 62161
585257 290493
552678 375965
676762 40659
676167 41419
612570 209819
681348 19673
554045 367444
623154 173395
602858 229895
595099 251410
577759 298262
609974 202698
659065 61208
665635 28505
623471 150944
640769 92983
649603 59080
630777 116849
613598 165795
615142 158615
650634 46043
649117 50773
658528 14840
608669 172471
572208 288625
648319 35248
657570 4212
645677 40955
656969 2103
631599 85802
560627 316772
589909 217670
609969 149855
644156 29805
616280 123452
569480 282490
620513 102647
604329 158881
557394 319873
571084 271521
611325 129188
643805 11517
639768 24937
587936 206917
600807 160724
548459 348453
640379 14974
641082 9552
629596 51298
559183 304370
632134 34343
573315 247489
594642 160918
560629 290200
602512 120378
624584 26528
602274 110589
545624 337207
542433 347035
584145 166833
611603 39537
606414 59967
591414 122433
550228 304296
545902 321683
599987 71394
583738 144604
593118 98105
513580 463529
540473 331778
542667 315802
551070 270403
569914 169667
564684 194578
564027 173357
527139 380907
558286 202871
550895 242315
582412 51328
563175 155381
578125 59384
564822 119925
538670 283428
538282 280968
532552 319146
558939 118892
540505 247303
559126 103967
511708 454652
549991 153919
548364 166135
552812 123339
545889 178248
564857 8017
547742 140889
553175 77408
539408 192415
556338 19557
554416 36020
546147 113177
549178 79379
534714 218354
542118 140804
550622 29782
535616 185625
551403 11803
511667 435776
515697 388115
542008 88714
521395 317583
543531 47296
530819 177545
539815 55648
519974 310459
517925 328764
530751 126243
527189 174188
532456 80247
531559 66669
518815 275465
523611 151562
506470 484367
511219 377661
525860 11970
522564 91547
521683 89546
513162 269278
510284 343740
519515 18781
514667 163990
512467 88447
511865 102616
508436 273233
508457 255388
507326 324631
508421 200157
508823 34982
507810 58925
505587 140021
505057 365827
502159 43858
504530 368662
502588 164486
505380 471672
503403 267889
502474 172893
500970 95538
499750 49979
503764 375270
495414 39918
493527 4144
496771 207962
492063 99575
505044 484836
485908 9569
491460 179776
487546 100322
482247 13161
499586 380972
484226 104282
480599 42274
487716 174985
479485 38258
497167 354878
491483 274506
499871 413562
474488 37445
476909 88369
498649 401858
475135 66857
475250 120526
469995 64362
481113 219922
480877 230717
486362 291046
467054 90889
467211 101535
480651 242264
477070 211030
458686 33056
488318 331297
492561 379270
455715 36775
478610 262866
446310 1626
471597 219353
473225 234020
453265 69213
451632 62022
443131 5618
460789 156235
456474 130391
455640 140177
475171 281611
458020 164316
445566 83531
436210 22142
448312 111430
441101 65959
441471 88278
487740 389184
455249 188617
448178 146236
460829 232223
491670 418157
477075 330877
436411 87825
459879 233772
421349 10629
480994 359527
420979 13659
462462 254024
445208 158786
437787 125699
434712 109607
439872 138503
428790 81184
461183 260099
479477 360368
440412 155945
434890 144332
437224 156526
440403 186890
409953 45105
452717 253619
404477 27502
415243 84043
502166 486012
395932 1888
406487 52125
450617 254467
429763 162480
470511 346073
418613 118829
489222 430677
432769 187519
402966 68618
400896 64341
397288 50646
418376 149760
429053 199560
404011 107984
414154 155174
415350 166228
396670 97623
402477 121702
393109 89627
453337 313156
456095 324034
377202 40752
455407 327961
390917 118183
363210 35404
441773 296478
419968 228491
395522 155713
441103 301631
398665 170264
412870 214800
393285 155484
374200 102007
381588 124724
354742 47457
425393 260538
412373 227316
373504 117903
342834 31945
356823 78347
330245 6582
398916 202954
351673 80024
363511 112822
329498 25644
481647 438101
347772 81778
317688 3260
377215 165629
360681 125811
351338 103106
356744 118987
384712 191459
438648 330807
337924 75710
388064 203198
317651 24645
330076 57292
380164 184343
337008 76233
336767 86561
352399 127281
448086 361740
409774 271288
389517 223598
384364 213868
410682 278600
338325 108677
296455 12199
304295 45210
415115 299582
300730 45394
326970 109836
346992 154036
412788 298386
385070 239531
371330 210478
289046 31945
282495 19788
312102 90186
277014 15751
330988 131115
269850 8113
290464 52687
399977 282893
321831 125734
301981 87897
332044 149269
289320 65024
290823 68618
402487 294103
329756 152711
282794 59867
342430 183592
315126 133830
253416 15632
259389 29119
395585 291425
424204 346999
307234 124304
315117 140395
295492 104664
271291 59697
353042 214654
273180 65933
314487 143931
468300 432175
244655 14611
440095 379892
374384 257673
457431 413240
361183 236508
415045 335907
248736 33589
324203 171523
422097 350208
318978 164860
419051 345695
394548 304288
328121 187420
362024 247638
465832 431631
387771 293563
262276 73863
224755 12670
477713 453466
245656 54854
300665 150396
400377 322614
253972 73666
269269 101063
290079 136850
279415 118829
351181 241990
246194 66579
240808 58623
386598 305067
238237 59838
295803 155552
424514 368718
303922 170765
245171 77665
387606 310646
436552 391270
200117 18981
394027 326338
236436 80990
214499 48546
357907 274083
382286 311976
309944 201554
213554 55809
246973 114460
390119 328971
177394 14116
177945 18938
202704 55515
224425 88041
194994 44854
271144 157608
420873 378145
173488 16792
280226 173955
198159 56117
356221 285474
168855 14887
333658 253942
443741 413107
232376 109383
163805 11721
192924 55744
348225 279263
278294 182173
153632 7046
150067 2594
366206 306222
150389 3645
374905 318681
172091 37505
386159 336099
194680 71661
154713 18595
393571 348480
185117 64617
269680 181819
258016 166732
374474 326291
240670 150150
268799 187909
140995 18507
233813 144029
400147 363952
144146 33751
329264 274229
242365 162180
148614 41286
159434 56527
185705 91855
449174 430443
132701 29360
119758 13417
202750 119433
287963 229730
207462 130376
185890 103685
335991 290805
122245 24667
211516 138557
368943 333970
97933 1515
379073 348059
230139 167603
116075 29299
232853 171073
384947 355687
130731 48487
347532 310870
312623 269113
146707 75735
440640 424895
350889 318548
351900 320497
84356 5524
330717 296057
151544 85777
93059 17212
431778 415457
153461 89446
171070 110894
178418 119840
174823 116228
451564 439030
276634 237406
282969 244936
399674 380227
241165 198446
264372 228632
208190 165341
201870 158438
171940 126763
452917 442923
207204 168895
117751 69317
57166 4853
239916 208163
171246 132660
205158 171388
207513 174074
81094 35681
179825 144536
155664 119474
296390 273807
43303 961
77901 40030
285742 264817
93801 57772
190598 162754
127867 95214
233325 210315
99079 67382
231393 209978
43261 10121
84687 57001
98920 74663
29205 3474
42341 19055
34212 11038
204595 188842
74835 54985
238793 225256
195881 181801
288405 279146
309599 301068
71889 59296
305804 299177
116048 107402
327859 322460
55465 48345
126476 120056
272985 267997
170151 164754
180304 175481
93068 91058
5021 3996
137962 136740
324812 322605
52087 53012
319598 318445
2586 8580
34600 41928
375982 375681
395652 394872
101004 113162
363762 365771
133417 144807
107828 120294
73910 88628
205488 216648
89300 106626
215458 227443
104163 123136
52098 74766
370521 374839
61809 85239
374037 378805
209300 224853
328506 336383
206607 224426
334284 343347
176106 196937
12306 46292
91168 123008
115608 147080
95226 128873
260901 279954
168122 198377
381036 390039
141891 176025
92301 132035
151683 185985
30889 78523
284056 304765
443712 447051
160205 195558
249809 276074
335762 352051
336600 352974
57083 106507
202827 237377
244969 274433
29341 86773
154453 196416
21511 83185
108634 159188
19246 85229
323190 346496
18307 88276
281567 312111
172824 222125
182211 230081
37025 111766
292007 324616
2333 86093
46633 123072
169072 224913
348359 372854
174731 230260
50079 128223
452377 458404
13009 98271
7913 96218
61153 139844
320126 353041
382385 403291
107647 183112
149224 217415
197111 256050
194395 254818
139362 212770
248954 299419
101147 184392
253627 305524
251472 304694
262001 312921
454290 462252
116689 200928
91311 182149
195197 262429
368222 396043
105789 195025
120523 207586
221715 287006
256025 313757
234840 297960
398702 421557
393121 417524
149076 234678
3640 126985
2393 134997
302909 354721
288816 344606
187598 271127
22947 151584
208433 286278
265366 328565
77058 193419
41591 169875
218863 297016
278538 340068
188939 276638
8907 148637
99567 213290
60156 185743
85376 204299
56400 184307
65476 190814
44619 176997
186794 277623
289702 351234
44378 182382
37427 186031
54295 198139
160667 270149
115381 242043
159550 271994
167214 279012
136478 264276
238266 331562
330156 390615
247227 339011
208407 315127
288865 365866
136156 270331
183509 300714
275041 358451
400670 436822
51991 220263
164916 291102
101964 252665
18517 201254
16754 204223
206053 321952
78373 246464
67657 241791
180252 308824
241610 345727
383969 430246
130801 283045
174346 309134
298606 381602
337870 404496
57724 243602
437562 462818
69351 250908
13320 219241
118130 281584
161218 307713
2345 218209
142715 300178
5433 224724
74527 264713
271007 376710
77369 273330
176744 327057
174716 327963
295585 392133
171716 328064
90783 286022
72764 277766
7261 244038
281933 386395
237031 363616
89570 287704
187407 339647
179846 338110
361588 429876
204618 351553
30248 264457
261153 380251
385279 442234
306286 402954
108478 307609
190616 350477
266737 388229
159973 340865
319863 415755
179381 350518
19226 277441
51240 296366
162194 346899
307116 414310
1230 279647
90463 320007
402573 457080
91405 321632
327747 424869
313871 419033
375070 445927
166597 357778
25337 297956
276726 404999
176297 362492
112411 336127
40222 306959
408798 461515
428848 470240
170860 364044
132215 348841
248668 396991
407118 462135
272890 408080
283977 413067
196857 378731
24824 310278
159178 364156
143197 358314
386923 455052
312571 425611
16562 309622
232604 395679
468974 487825
222497 392294
35520 320078
262675 408139
115260 352189
10490 312666
352252 443452
230520 398325
196861 385869
365730 449499
360124 447513
40793 329689
94274 349960
8835 318398
391487 460666
65658 342413
189748 388198
119186 363254
116027 362459
408465 467322
736 322620
44868 339291
187501 389855
293608 427357
434815 477663
227218 410745
108897 372158
110803 375676
282520 431130
70117 363682
134777 384496
79393 367357
107880 377300
160658 394063
223421 413831
159185 394501
366388 459471
317928 445228
137151 391079
210251 414483
256441 428738
126154 390614
26877 361690
38653 367240
160681 402994
72884 381648
213910 420954
10660 364702
318592 450410
2590 364714
255530 434011
196591 418285
172908 412238
406887 475644
46882 380066
77894 390142
200448 423924
180451 419713
418633 480139
162145 416363
23367 384037
221256 432496
15089 382257
67068 395762
422348 481971
202676 430590
57945 396712
250570 442241
119769 412467
252962 443945
121833 414536
18459 390961
229686 439303
7777 389820
249599 444454
166049 425913
324944 461717
434548 486339
332394 464376
202797 436828
121142 419416
314266 461560
148073 426692
234158 445607
257920 450658
165901 433268
84168 418977
175995 438619
17007 409021
450507 491636
179395 440291
305428 464747
107872 428116
2072 409457
70379 422602
253677 457058
67513 424180
98870 429860
25989 417716
126938 435830
84292 433825
61214 432040
318391 472796
200941 454767
48857 432284
140932 447773
66030 437087
180149 454118
419062 489377
300333 472187
54311 436467
45345 436128
292374 471680
130285 448979
313105 474951
262527 468928
18680 437902
109529 450871
335917 480320
50583 444410
14017 441472
37914 444614
74110 449204
101100 453268
72718 450105
110935 455906
137926 459069
234137 470436
99952 455774
72588 452803
58995 451418
132625 460242
90479 457013
107826 459330
253946 476220
268391 478011
94069 461725
99673 462725
5494 453595
85643 461768
7941 455876
415086 493809
69243 462682
3446 456823
229604 477367
336394 487253
439873 496335
100788 468260
362650 490327
117517 470812
146004 473437
68537 469338
75264 470554
461333 499120
335293 490726
250394 485714
393505 495413
120988 480180
224447 486483
264471 489254
147792 485098
367134 495635
73672 483213
106464 485036
348400 495833
152424 489134
62340 487102
186909 493601
22697 489302
140917 492859
108043 492799
364739 499346
12906 492973
172203 497498
258692 498720
37611 497541
382026 501248
301311 500995
53833 500467
270074 502726
51836 504874
100186 505087
368193 503357
359980 503615
282240 504878
335901 504991
240833 508104
227249 508451
333641 506481
315843 507191
57878 514453
122921 513442
42350 516692
35516 519390
295148 509880
185445 515108
84964 519457
70462 520217
153988 517088
125602 518856
168665 517373
90931 521352
174100 517535
280639 512817
98128 521678
279254 513476
68414 525835
16953 529621
85553 526575
164197 522646
145281 525584
50069 533904
73611 533215
145951 528201
126809 529879
34631 537089
29519 537883
70975 535389
401328 510312
381760 511994
215167 525386
362 544116
114409 534660
29132 543725
285344 522698
120925 538800
118706 539437
37982 548382
17798 550498
30804 550617
202584 533267
50753 549077
179698 536520
305637 523319
53729 553467
30734 557854
214451 536417
100597 551276
99410 553042
110949 551955
246576 535006
185066 542946
193887 541936
182097 546102
223376 540628
85844 561521
269398 535615
156475 553413
124590 558632
187394 549983
149079 555762
417729 515467
256260 540044
147779 556698
154327 555853
97975 564553
40903 573891
283211 536532
207852 549646
128125 564353
217774 550626
227886 549009
380788 523222
96720 571439
109823 569781
75709 575671
475464 507341
430372 515333
8758 590534
146588 566827
118058 572745
145583 568055
424357 517228
23601 593840
76110 587086
177953 567326
436173 516611
154129 575608
39830 599638
113029 584620
166373 574005
164796 574504
108191 587551
114360 586556
306363 545807
220095 565242
335530 539914
87319 595394
112959 590168
73056 600726
278139 554558
278187 554636
312124 547311
366781 534916
6385 621179
56222 610017
145678 588689
148806 588943
66173 609512
139487 592818
174962 584230
27551 622698
171040 587106
48555 618367
43362 620768
126580 600200
42162 623225
154570 595371
66287 619224
16611 632780
102849 610102
322131 551834
240802 574245
102521 613069
99882 615065
79047 623163
244027 576821
187472 593613
168902 601820
109130 622580
99570 625599
74104 634534
224691 588803
92072 631347
475523 511529
57264 643195
67041 640770
145432 617024
228376 591058
208820 597764
411612 532725
99622 635227
139079 623663
104576 636063
20136 664517
194713 606331
228371 596520
210327 603570
123939 634456
94365 647192
90169 649842
145980 632366
288360 580965
33907 674564
287603 583236
234460 603991
2833 691865
383887 548569
108886 655263
55829 676371
265296 596003
34648 688031
269221 596252
230629 611802
45496 686036
187951 630026
301236 585785
340926 569577
83147 675572
128717 657120
175634 637987
295072 589392
400829 545823
65833 685702
240582 613455
6406 712860
152042 652157
22352 710355
206133 631415
224322 623659
369541 561057
265577 606446
1116 722338
444666 528864
120643 671448
337742 576505
352158 571457
377593 560566
221320 632110
161135 661067
415989 543524
22311 725755
270036 611617
86491 702828
283277 609009
129118 684462
314852 594568
161516 669147
106794 696372
15581 740985
170222 665786
80924 709614
222683 641437
348450 580644
362670 573553
101828 703964
25080 742623
136506 687216
31886 740938
6825 756401
341223 586507
382770 565312
230634 644326
137065 694784
135016 695995
344068 587318
363397 577273
139569 695726
324712 598629
74881 733663
184485 674870
58356 743327
85707 728583
325903 599882
98156 723976
56257 746992
167487 686703
6900 776811
127183 710833
117984 715916
141725 703462
55990 753176
311569 610892
5531 782860
293842 621261
176559 687768
175818 689075
309546 613754
69147 750806
144075 708854
262586 643446
337110 600206
146215 712802
51330 772230
104754 740638
148583 714648
221278 671572
94918 748969
4227 807606
319426 616314
359748 591662
322239 614684
14521 805711
50766 785776
340686 605353
170602 713898
15796 812482
141478 733725
20123 814221
129730 744974
90787 770626
37799 805588
95564 769082
86688 775260
255178 666462
313611 628852
24144 829222
19236 834082
15454 836744
32180 830474
40935 824744
67810 811614
117672 777667
2050 863362
138110 765992
206689 717927
82223 808512
298978 652218
45606 837865
134105 773341
87503 807673
77996 815066
258511 684975
58265 833307
118687 789698
422770 563918
266016 680855
259639 686025
263447 683449
371300 602832
204275 729402
267510 681828
314247 647051
77415 826952
25978 866065
394723 586939
118846 798617
202140 735033
408426 576919
205675 733511
2120 890936
132320 791106
29319 871342
228665 717195
135474 789872
98251 818996
294968 666095
133658 793008
62245 850249
401026 584568
10477 894463
49682 864864
100911 824708
337936 635854
457807 540388
343466 632199
360900 618745
203178 748690
254849 707380
359109 622165
443044 553713
464705 536325
113196 830494
116546 831118
212975 750796
365595 621248
370931 617190
12592 924907
70002 878291
134082 824031
226701 746999
54116 898842
161726 807324
152484 816054
316220 670924
352212 639586
428367 571469
103878 863421
273058 711968
66582 898753
44291 920225
141133 832764
131295 841881
60317 908057
273508 715034
344305 650114
244553 743190
27096 945625
102311 876282
11864 960654
297439 696283
199576 790119
329761 667864
306642 689927
468607 537093
229159 763224
193861 796763
381422 619712
5101 976706
66831 921387
174217 819499
141807 850903
210586 787835
325145 677468
220879 780754
17738 980946
157721 843964
354749 650401
404720 601302
64153 936130
79609 923203
17013 986679
79068 928514
81749 928451
253470 756111
399222 609556
60851 951523
386364 622940
111455 903390
266952 746199
316616 696438
87738 932565
100696 920777
309409 705266
106083 916108
373965 639693
273295 744937
296842 720519
384651 628955
290770 727798
66474 964753
281761 738301
150014 877623
158795 870142
42260 996132
323656 696365
334023 686214
162380 870953
158642 876435
105131 934699
250936 777254
152343 884271
285121 741805
49909 997844
156757 882116
213697 820299
286771 741139
421864 594148
75168 976722
306231 723419
78945 976392
348157 679520
99586 960274
160275 892150
151186 903441
338474 692435
127513 933677
114637 949727
258795 785184
183866 871339
117251 948247
466326 547292
272777 770108
75346 997860
77865 995905
185371 873448
94290 979466
213947 842187
398374 627986
295569 749200
358005 675866
122475 953063
130358 945825
183770 882855
334929 704114
328498 712282
205271 858512
347981 689929
171979 900344
365876 669297
259754 796565
434057 588191
122689 963276
299698 750446
454174 564286
350770 689510
209000 862845
316026 732759
359293 680811
294690 759844
227297 842647
145507 942910
179295 901652
374895 663028
402255 629695
335481 713583
432521 593440
305594 752812
269427 799436
216772 865950
125590 983432
394441 642988
160364 939883
221805 862327
316401 743062
252453 825102
459480 561534
181979 918824
156269 952815
319904 742306
133533 983906
281439 793157
244281 841445
302261 766594
244610 843756
289960 784810
260992 823853
201086 902802
140796 983361
359430 695173
134704 992475
334409 728536
254631 835333
304515 769914
192563 921561
203846 909908
158664 976920
174694 958338
266901 832263
471546 549367
309733 774491
235921 877747
226577 891732
323915 756519
358225 710520
215554 914130
219351 911597
220464 911198
388721 669860
274200 835456
362496 710380
297564 807490
337523 750370
243246 889786
328642 765386
229192 913357
319696 781239
471099 554187
236167 910012
226678 925009
346395 744377
306638 805230
348332 743922
451393 585844
239882 915977
398284 670058
188088 998827
291755 837064
442358 601780
204286 978799
289958 847377
389018 689784
292569 845568
229807 947478
423208 635447
345025 763387
271244 887865
240451 938644
221937 970324
340470 776846
228193 964705
248247 932984
227996 967164
364296 740711
217553 990112
225064 982896
324762 813405
316715 829347
325805 815009
336291 797817
312126 841211
297424 867719
379778 725579
236744 981301
264835 931633
322717 828643
274356 916336
301380 871261
323117 832250
376838 735937
307043 864075
361958 765490
249662 972389
442581 620032
276869 931150
267399 950719
299761 890683
279201 929830
420238 663916
248182 992273
304220 886325
367101 767595
343436 814210
370712 765496
261447 979164
254476 994885
444339 622494
369690 769474
355679 797897
304113 901244
314419 882845
270884 971406
434614 644333
296204 923714
297782 921669
340825 835402
374745 766831
371411 774259
316216 889752
315292 891755
414784 688233
314099 896101
336823 849971
470755 574464
434484 652965
450097 622143
320624 903779
341105 863029
355622 836782
302904 960106
462021 601915
325357 915223
389584 768645
341193 879947
422880 692782
389423 769991
304877 966420
299203 979964
330085 914091
425955 692223
332566 917621
327549 931536
404710 746037
330592 926820
349841 885319
322144 954480
400854 763819
317592 971826
456837 624455
432112 687176
352932 887430
357269 876611
321547 967855
362506 864990
347547 903074
326298 960891
371424 848618
369839 852855
384434 818558
326117 975488
423414 720012
461014 620464
369549 865035
386225 825048
336995 961736
370225 874078
352916 922491
422919 731908
430370 711719
410636 768940
371879 878996
369938 890866
451714 656859
461527 629187
441971 685989
334596 998571
481557 572710
413673 772315
474733 592964
394866 829287
400455 813232
370315 905957
363533 928754
367550 921847
358637 957914
426495 748264
488693 555716
391793 867227
400081 842557
412394 802863
364055 963445
395541 862025
356293 994067
410274 816435
409680 826180
403842 847299
430365 759457
473841 612473
425769 781216
392854 898287
424083 788938
405978 861762
392300 911472
426924 788765
379575 963659
412751 844283
412507 851830
419399 829552
463526 664742
432031 788049
441147 752925
497378 534488
426628 814159
424742 822070
401538 924756
414109 880695
464135 674841
447977 742934
407757 911353
418055 870093
485600 589370
418745 885401
432239 826748
431169 834338
414894 910118
418505 897011
448553 768214
458512 722760
408434 969489
448503 782236
406939 990103
471384 671870
474032 659230
429088 883190
501718 521766
413247 969418
445033 811429
420445 941905
413632 978818
444949 820201
450990 793252
426035 932989
417209 981419
416913 984714
448003 817501
440344 860365
443675 851488
471038 698822
469005 714152
424767 972850
485114 622868
446932 847911
457205 792715
436430 918876
436965 923349
447683 858955
484517 632798
439298 915824
437887 932560
441561 909568
435863 947053
500243 537349
482369 654317
454616 837096
452904 854876
463727 787173
456582 869666
444955 956986
488503 631221
451839 907449
472459 757875
452240 934578
457635 908548
469099 821997
465478 878642
456417 975640
464946 896574
464553 907313
469915 859379
465332 920710
472072 859184
465613 998339
485377 754723
489582 703021
475048 914720
474028 932187
485377 780998
479355 866225
493251 683038
484342 837230
478979 922216
489614 770166
479930 937171
479340 947637
487758 829870
482565 949570
490387 802997
489326 887134
487717 930926
491128 860825
495840 778145
498646 720903
492987 897363
493813 955977
494201 974524
497297 857976
496169 927253
495601 997198
503040 639832
498688 872967
500315 915589
503221 730932
501399 995952
503839 724469
501812 989191
503355 855931
505095 733630
504998 974302
