496946 761367
497173 794570
497024 650323
497580 897531
499047 916204
501487 965020
501457 961029
502697 934508
504546 974530
506912 974949
499360 593966
510329 979283
512477 991139
504049 715491
506195 778654
514658 985289
503559 671541
513813 921358
511057 835630
511915 853598
508144 746155
514802 881247
508055 734779
515258 876389
521777 996031
526133 986129
520372 888997
525382 960548
520162 873307
508268 681274
523866 923689
522705 893186
524523 920194
520809 848574
528855 963173
524773 890517
504974 609612
516624 762763
507082 627997
524281 839127
534385 956000
528222 873319
530246 893280
532794 920625
535513 949142
539483 964496
542403 992987
541660 979496
539027 922764
502336 551443
518296 706214
547370 990452
505096 573482
536149 857672
551245 994844
549302 974878
536979 854193
533791 822646
538255 855617
516726 665664
511544 615661
545500 889633
527705 744320
528084 734693
537989 803498
537575 796599
557249 937435
542504 815319
538847 782379
509325 580575
536188 758924
563931 943734
552868 862144
568614 952364
561277 903299
550092 831022
528929 697444
529291 697156
541640 773277
539065 757260
575346 965116
530805 697949
525774 667645
536829 727541
576540 947165
547107 777317
571591 903409
563759 859898
584700 969522
580621 924465
579234 915842
567577 856199
583698 931729
525695 638450
573765 873404
569345 850653
567747 841937
593792 967745
582734 913398
512038 569089
600337 994896
568747 835654
595763 960865
583661 900600
561764 794607
555898 764285
539456 688843
578079 859387
604459 975003
539709 685418
553234 740674
548246 718034
602270 951466
544771 697985
579179 843500
587469 876808
550837 721225
568716 795148
575886 824532
603144 936939
608195 956753
542130 682882
523560 603082
619658 986336
596237 891224
603453 919480
554097 721251
548191 694996
610121 935362
627090 995097
619556 959958
616144 941169
602971 890914
565369 750359
626066 975655
618137 945688
625723 972316
519999 579211
541003 655006
544717 666801
631966 956683
639756 976350
530328 607338
556886 694836
636306 955518
611617 873732
548409 664331
584352 781404
594452 812029
567069 722680
620704 889727
623187 889916
584299 767962
626363 898240
594054 796482
571739 727021
625252 892385
624031 881858
625568 885619
625114 883102
629691 887955
591316 770000
624052 864667
629227 875627
624436 858486
621524 847659
654809 939121
674800 990719
655917 935595
652748 924557
677853 992055
577430 715989
630076 859902
527292 577874
668967 962206
641407 884153
547912 630917
675713 969693
673505 963517
582626 721206
605614 781656
684877 986489
576120 702068
622398 821219
546642 623922
630229 838989
667414 934276
584615 718563
677896 954749
542170 609580
587206 720953
660533 903430
674843 934030
628198 818870
695974 985447
607338 767058
667614 915285
606924 764703
679677 938404
570437 672282
547326 616229
703402 990742
688850 955724
635842 825643
698236 971457
701771 978812
644935 844544
709302 992807
691071 948186
658866 862128
635041 803120
538190 586934
597048 713946
663248 858137
700381 931246
571350 652658
666098 852281
574508 658285
704479 927007
666213 841087
643250 792634
621630 746145
693806 887839
723144 946347
678996 857521
736125 970140
723083 943814
663200 823198
734663 958411
681667 854211
694712 879257
687986 865644
616003 725137
709193 905116
734904 951354
734388 945122
750358 975183
740952 956126
624383 735121
689101 854573
767777 998724
636826 754196
609589 703193
725267 916653
721955 907941
763776 982725
626005 728721
711069 881606
766122 980270
615290 708222
777243 998990
660280 787114
773907 982638
779233 987174
729493 899397
647696 756537
656144 768982
509505 516387
546878 579795
708138 853320
790766 993069
513157 522481
766394 950040
649510 751161
726304 878935
776087 961501
736612 895487
789185 982594
742926 905114
777983 963152
684431 806939
642385 733784
666347 771868
600227 663605
763372 929489
643184 733227
688806 806738
751842 906852
617277 688907
793180 968467
601463 661901
767785 926336
664063 759887
601222 658803
738772 874329
759743 905124
718059 838343
814491 986070
725114 846500
705463 816028
802056 963103
816168 984069
801807 961746
546935 571391
547545 571411
788955 935550
709016 812201
562547 592831
831028 987084
549294 571795
613944 664839
783139 908996
797758 929970
610368 658047
685357 760517
764404 871382
624861 674700
731618 820411
828420 953431
819112 939548
827247 949962
819384 938521
663443 723963
777087 879335
767664 866272
673717 736658
740853 828128
752097 843360
865703 997345
646841 698062
740655 825031
563313 584451
712658 784732
731066 809342
791140 887203
784255 877864
660368 712702
827925 935915
852757 968776
713858 782758
869536 989038
743620 821367
824897 928698
780584 869722
695492 756838
830989 935170
838730 945062
598311 627653
730235 800307
860360 969106
886019 998898
867331 973357
831306 926530
862243 966018
618677 651899
746020 815787
605117 633366
692755 745468
853552 948370
832082 920442
784488 858323
752713 818100
706860 759984
694151 743749
776545 844422
882859 976289
743888 800543
744067 799234
580811 598017
786703 851056
561490 574136
768935 828326
811162 878708
727180 774178
863151 938751
856258 929435
753566 804960
838378 907207
788130 846074
748799 797531
811054 871179
777352 830443
907669 986298
634596 658693
603370 620924
651671 677663
915405 988969
780031 828862
880310 945936
753712 795445
863399 921304
758146 798809
868275 926262
871933 929642
787028 830385
501752 500452
597154 610410
897283 956081
897622 955764
933257 993225
721285 749724
808312 847025
815335 854340
873393 919032
867554 911652
798543 832085
649746 665002
926917 972991
901229 943964
743412 768342
937541 983320
783277 811397
890245 928675
703111 720718
957198 996334
870426 900347
815010 837407
694259 707135
911336 938260
923808 948218
608253 613081
764392 778205
934221 958055
814961 829146
575488 577222
688535 695279
881393 896926
642018 646479
907381 922608
888774 903001
896463 910000
730554 737031
974258 988320
632965 634782
817743 822423
777610 781313
969966 975559
710027 710852
552460 551037
860434 862356
893181 893650
854231 853301
718905 717099
996330 990550
842198 836951
529750 527264
872671 865300
696039 690932
682809 677698
859119 850992
838835 830833
898232 888507
996547 984351
752909 744851
595802 591270
979621 961277
896737 878671
529198 525736
924825 903782
593521 586970
945204 922336
634921 625736
792146 774280
776881 759593
812914 792945
910429 884446
567068 560903
959616 928933
868679 842393
829677 804827
848889 822542
605472 595680
865375 836912
702448 685423
727093 708105
810069 784395
847298 818107
731681 710988
819464 791723
991689 950193
867971 835131
566400 558496
914485 876269
754437 729510
944048 900259
947634 901725
737652 712148
916806 873691
626526 611367
970225 919699
620089 603910
741752 711607
583415 571301
575928 564564
913077 861934
785090 749014
808107 769128
832951 789565
807986 764118
944069 879076
910636 849087
690298 660177
829895 779286
781893 737482
810840 761942
848564 793318
604823 586272
873069 813632
898355 834831
804236 753272
813905 760563
779224 729169
826169 766999
969831 885176
798967 742623
700441 661282
973236 883975
597888 577116
891727 816639
893857 817178
914435 833833
934274 849802
834515 768117
909781 829051
678744 641952
981500 886838
819097 754628
737720 688918
705747 662826
753839 701040
712681 667149
821815 753545
933207 841405
814840 746745
630220 600091
906152 817937
812338 742012
734116 680398
899155 808065
754274 694122
985225 872083
548077 534285
948533 842799
782772 713168
991922 870424
807418 730267
877769 783452
957690 843036
951888 837683
914006 809026
791401 716435
923861 814351
980944 854959
913526 802742
845643 749258
908221 792936
830998 736393
897290 784040
830231 733815
828863 732503
717730 652824
635784 594043
625449 586632
559409 539343
778714 695635
526687 515887
864294 754644
848785 738842
965986 820120
956022 812052
766192 680835
784157 692836
947394 805259
658217 605516
894171 766264
958405 806668
799736 699082
931578 787308
938408 791763
879287 751387
955914 800238
908677 766574
942987 789214
969704 806381
873344 741860
864547 735337
626942 579181
765189 668852
671661 608084
766285 668676
656323 597283
859778 727499
754317 659577
559684 534820
604218 562720
870127 729117
776210 670118
912679 755802
933854 766058
996853 804619
953713 777206
601098 559079
720594 632313
720431 632042
744843 646721
939888 765963
787535 671672
917022 750199
907774 744459
604292 559785
909172 743665
884027 728008
668057 597468
838281 699294
921764 747469
782659 663328
995892 787938
926415 743774
935415 747661
909892 732611
884903 715660
926219 738423
870171 705675
967525 759539
891850 716794
994775 773542
900361 720425
644059 576793
962059 753725
676636 594790
771724 646821
921859 729809
807958 666467
918098 725708
909476 720738
795355 658045
524006 509544
641520 573707
805534 663265
964145 747938
879638 701848
956266 738489
685324 594611
797327 652588
754210 629836
687245 594188
621961 559917
721904 611692
957356 732866
900504 703135
802931 652542
967369 737340
986498 745831
982001 743492
720709 609424
558028 525724
953745 726298
952637 725291
720379 606279
875113 682987
984422 735204
892726 687901
868470 675834
929621 705008
888666 684604
763237 623650
842913 661304
864839 671303
927941 700790
912298 693109
773350 626542
693957 588539
780503 629717
701796 591616
790763 633552
761470 617856
859497 662306
703478 589074
766746 617491
992017 718758
872869 664566
924321 687517
939496 693719
764092 613983
909271 677620
969300 703117
585872 533760
851255 650204
949484 692860
843056 645174
865917 654680
959504 694653
998250 709333
871373 651736
791228 616473
960566 685853
629653 549387
882075 653034
811583 623299
922803 667855
979489 689207
857241 639477
957334 678630
677153 565872
736048 589125
649990 554733
888875 648012
857154 635019
635331 548056
715897 579077
858763 633379
717195 578837
969690 673445
698428 570804
825462 618190
697612 569952
755671 590706
996991 679611
593470 530285
977216 671232
953538 661976
674041 559568
863556 628802
885061 636556
660951 553742
989274 671862
936292 652744
673112 557998
988733 670098
706917 569320
788712 597826
900557 634620
843927 614964
959179 652724
992610 663922
959128 652335
834690 609532
961127 652351
987319 659518
797013 595388
583577 523561
933295 639668
828391 604465
994928 657665
576794 520736
889015 619246
851304 606270
925545 628787
868546 608901
775731 580008
818083 592193
659523 543609
890338 611577
778702 574977
750426 566553
938282 618732
982302 630111
972175 626224
919814 611062
688881 545207
848539 586608
724507 553685
691276 544470
937935 605043
811210 573203
893640 593028
551535 508023
937258 599199
982330 607640
785633 560972
994058 608402
859273 577523
904042 587430
692222 538635
982263 603349
810435 564649
801039 562366
749493 550116
819006 564922
929819 586978
749350 548217
844115 567759
882901 575509
765036 549837
986381 594907
867750 569451
831886 561294
675783 529678
794371 551697
674464 528704
858950 563413
751950 542479
794376 550294
679054 528467
909327 570987
678258 527858
776778 545838
994205 585483
964995 577730
953125 573040
714987 531813
826839 550500
785467 542977
633140 516793
866904 554765
891895 557278
940844 563532
729676 530563
805870 542198
885031 553814
739039 531377
801168 539507
786264 537007
955930 561554
965760 562905
823683 542067
882360 550074
978305 563658
939290 557235
850628 543852
960399 558896
880415 546166
753105 528474
790001 532991
868376 542579
767424 529464
846318 539497
903963 546856
816175 535501
862897 540696
920855 547574
800027 530478
914023 543781
878137 538362
583199 504432
998678 551100
769570 525186
865807 532772
963303 539595
912941 534683
651689 509314
968307 537345
689074 512019
973532 537688
733940 515788
953451 534177
999507 537638
697754 511508
926773 529750
896472 526121
859158 522329
688219 509177
866859 521918
540791 497835
857938 518085
566355 499125
976805 524833
724736 506844
786542 510157
851612 512736
583264 498941
780963 506606
975745 512556
948266 507574
924119 505189
949532 502008
527977 495070
952620 501157
984199 501499
932783 499664
583740 495617
985311 496896
789078 495902
983938 494453
858056 494188
947285 493249
832739 493565
642519 493705
838043 492424
884466 490557
973510 489192
887773 489728
984328 487724
825407 488690
655838 491666
879426 487164
946918 485479
890719 485710
732836 489020
858599 485815
795932 486881
935124 481973
962793 478110
811559 482984
942351 476243
730612 484187
755339 482390
609301 489057
836432 477417
881359 474676
512751 493741
867091 471942
851604 472475
988453 463550
916177 467692
658023 484232
911728 466900
879565 467429
964746 461239
788437 473532
843883 468005
940450 458500
861798 463939
978370 453916
983099 452409
616639 483680
798528 466641
545160 490060
833031 460280
953416 443943
983012 438067
704107 470030
830813 454812
918492 444249
768866 461504
825763 454120
894733 444871
707202 468098
964454 434582
992136 430986
873242 445365
841229 448520
966925 431700
811687 452427
660308 472613
676767 470330
598228 480826
817342 450691
930663 434762
769709 456537
893229 439080
888745 439626
917877 434777
889944 437548
891871 437089
872762 439686
920811 432052
905401 434109
979405 421083
762754 454018
916143 428754
599273 478497
772835 451158
685274 464784
732533 456663
711905 459881
957811 418220
769998 448298
930633 419454
565742 482461
794553 441963
560612 482898
639466 468272
580924 478592
966614 403340
644326 465568
960561 402194
953825 401058
886693 414407
610903 470861
826563 425034
740258 442940
712669 446250
942798 393573
813121 421369
956244 386178
588997 472192
658899 454913
920658 389869
703929 442695
939009 382545
821989 411557
730942 434361
944897 378727
828093 408719
848563 401783
914713 383849
740731 427969
950510 368935
959412 365572
793893 411415
505246 492204
971223 360123
798717 406242
653644 448574
631696 454749
900070 374630
553169 477561
936036 361137
715761 428020
967419 350381
992620 341418
631171 452978
981767 343925
733566 420742
849082 384702
720660 424560
889811 370869
801987 398229
899561 367422
860899 378609
997639 334914
859992 378651
967500 341193
871943 368889
706483 423426
908639 353258
951563 338012
809668 384639
860116 366081
776706 395142
675097 430961
645589 441265
782381 392002
961416 327002
806655 382474
979939 318988
972251 321713
993200 312066
880926 350494
719154 409174
989149 301144
744195 395067
962167 306867
745066 393240
703104 410325
949879 308869
998615 288556
924001 317917
824825 358052
908152 323130
675676 419979
974872 293694
923182 314500
590028 454979
942046 303282
800797 363718
963840 293167
978460 284609
990680 278827
692216 407861
579556 457617
904678 311203
855361 332678
867368 326706
843123 337451
771044 369376
825895 343795
912957 303449
988205 268468
855234 329223
787145 359661
844281 332561
725930 387342
913590 297961
885063 311078
833862 334667
901473 302403
982225 263613
955031 276154
740364 378415
871050 315485
831976 334039
862476 318003
677800 406870
578881 454587
974389 260133
955444 268843
869913 310067
943023 273719
802609 342127
634687 425516
996553 244235
829714 327792
797320 343399
987513 247092
807983 337134
980236 249002
891477 293478
984454 244423
949256 261668
704351 387645
902334 284447
914217 278090
873159 298779
833703 318823
698787 389020
672108 402616
957109 252095
711511 381253
953465 253371
913495 272628
803100 330686
861604 299274
919414 268049
989130 229867
923952 262715
926373 261236
633573 420205
901115 271907
994394 220240
815798 318245
736067 362045
944860 245999
747442 354914
977969 226412
977791 224969
843287 295465
908004 258212
887054 270038
595995 437381
832735 299847
827521 302545
951099 230311
932949 240661
844937 290639
908634 253257
705281 371617
681770 385256
813609 306994
804157 312529
722367 360212
853052 282317
810674 307073
816137 302011
681859 382855
898649 248766
754624 336412
886066 255578
869229 265404
929438 228235
653306 397292
800784 305611
926439 225199
978268 192101
688124 373988
928174 221858
986597 184527
975651 188043
898027 234837
700011 362744
924817 216587
612079 419221
928265 212534
975890 181352
922755 215718
796034 297089
972586 179040
965641 180647
984700 165937
808626 283862
606429 419964
563481 449169
821775 272987
695802 358215
676511 371319
812951 277718
648671 388464
814169 272558
817062 269564
957983 167234
904929 204020
942014 174963
946397 171371
990830 139431
934964 177835
799393 273814
792089 278734
602023 417367
815942 260185
936400 168217
979382 132913
808821 260670
608477 410437
890232 197440
731965 315930
801597 261051
824035 242950
843743 225991
781435 274115
711163 328069
746879 299510
870329 202124
838137 227125
785935 266792
954760 132595
641838 379606
823955 234827
663428 362069
808858 244715
818533 236910
926217 149718
665842 358410
783329 263698
876125 187181
962754 115960
894470 170886
773322 269167
813571 235809
912112 154110
977137 98531
814414 231468
802115 240178
793912 246870
982445 89713
696078 328315
986526 86056
750249 282687
928513 133035
593848 413025
574145 429424
636928 376396
964651 99661
961972 100743
966990 95251
752596 275956
947009 109117
637081 374051
934756 116709
842221 196102
950854 101793
834703 201728
629189 378846
963849 86070
713930 304182
612423 393078
977408 72132
516760 476945
653786 356189
933512 109247
633273 373793
712671 303356
877744 156258
689238 323557
841071 188518
966111 76204
927219 110792
964000 77139
841279 186380
965872 74599
889759 141826
678664 330993
831515 193357
582891 416729
869425 157422
965636 69092
796124 222855
653476 352180
808515 210132
962067 69174
842438 178530
739757 272394
651676 352690
834019 184418
829560 187407
828181 188389
858887 159471
893101 127173
995599 32021
985193 41374
946767 75683
574207 422148
972027 48293
895447 119766
757978 248760
905016 110336
713200 289770
945669 68432
581517 414010
941375 69733
809480 194616
794418 207036
950701 55373
971075 34771
528770 463520
762284 235828
880676 117945
979393 20807
792327 204372
879239 117545
686466 306649
669757 323083
919183 75336
671316 321005
732638 259241
833689 157452
890562 100215
734779 255921
977466 12411
797270 188746
549825 440537
863001 120058
851045 130671
684872 301139
877915 102165
972298 4820
778412 204222
736281 247611
959365 17292
927494 49707
835186 144757
636949 349435
946144 28564
660356 322713
948950 18260
807279 166215
910778 56747
952298 10113
945424 16627
593280 391629
797402 173737
520884 468761
842465 124232
698818 277053
905809 53664
948722 6556
691401 283807
660845 316348
734054 236730
921230 31177
647212 330302
778622 185761
814266 145022
823866 133947
732015 235026
882324 68291
769171 192041
696318 271445
702073 264976
694008 273864
883630 61076
862614 83941
913119 25633
668272 300429
741614 217272
846903 95466
867707 71513
605644 370117
733156 223748
787233 160622
893876 37758
659722 307079
533644 452008
730231 221966
567768 411584
566724 412658
857370 68595
755152 188018
801525 131648
841420 83056
898860 14472
560046 418431
848613 67980
840608 75266
694699 252967
810970 110510
878167 24955
825061 89551
607177 358175
727043 209508
729430 206202
837574 71939
800790 116137
775717 146185
816414 94714
841635 62578
717791 217147
801509 111735
813563 95284
863142 32755
773806 144908
813095 91058
648305 301039
794881 112934
802461 103125
584904 381031
869658 13089
860937 24211
796637 106750
856484 27473
802947 95759
796347 103948
821420 70848
683390 250290
569271 399496
725210 194190
818487 68680
707871 214825
595999 361794
725559 186019
858095 7139
786308 102972
807636 67683
602405 348807
562483 403633
707972 202425
800844 73389
812215 55077
573355 387516
621048 319929
739437 153036
644177 285326
815983 40464
750606 132562
587817 364244
841327 744
733168 155692
686875 221985
789282 73703
681242 229059
766643 104863
602940 340659
588525 361371
695241 205965
661059 252901
728442 153081
573666 381015
729494 149511
775413 79905
712147 172784
582494 366434
785235 63300
778714 71625
624194 300700
790929 44552
666536 233671
744674 108627
729321 131851
661050 238173
698838 179165
740397 113474
781225 48657
526338 448014
532291 438417
732064 120820
759092 75713
787032 30686
713974 145852
738083 106975
689619 183131
740440 97071
781592 28989
713857 139061
762438 58497
586744 346578
655243 233422
662885 219263
763887 51697
692578 164732
545006 413221
652346 229948
653536 227287
727299 94735
639822 245867
725716 96074
745972 59584
625793 269172
564471 376068
659337 207907
594372 320288
767884 9050
543305 411143
754684 31875
699292 129464
639620 236542
727490 77858
703935 119092
727739 73473
730236 65590
743221 40304
711223 98764
731355 61157
747345 31290
629335 247477
658339 193115
643420 214301
654318 193242
662423 176120
610249 272686
612399 267141
639249 214117
544503 397562
699236 81173
654473 170295
683446 109546
650109 174797
707883 50121
594732 287875
682288 100591
691621 80637
649923 169029
683746 97143
686766 88536
634169 199422
719476 14884
591853 289549
670488 119873
636117 192520
681471 92709
568122 338253
703203 39401
674937 98136
689252 63885
713470 6253
637824 176384
668904 105887
565213 338737
578140 307527
647351 144673
616872 214365
670515 85710
607522 230111
678749 57615
586355 279341
584652 282729
673042 68669
656080 108701
591332 263296
656024 98184
662845 80169
686022 16856
653598 95238
670195 48756
677114 30132
599080 225382
609069 198275
646376 83886
672347 7724
602351 200892
620958 148651
671424 5690
613699 166498
639354 88004
604083 184435
625069 123332
649268 50757
659006 22397
617123 143527
625323 109662
593763 200514
594400 198225
599702 178553
552030 323799
535069 373883
646578 22143
566034 274958
640954 36660
528323 394023
625219 80938
573747 246511
635281 47058
564006 274883
579913 222791
615832 104669
646563 1750
560434 283966
598370 154634
619832 82033
560336 280786
609110 116029
630634 37357
594950 159034
571880 237242
617617 67197
566388 247138
572344 225731
623343 43428
616947 65946
581858 184919
624533 27798
607841 88267
541953 328219
613294 58646
620619 23175
563656 238777
621486 13548
606121 72326
608418 61153
510342 441350
563330 232977
598739 93801
608395 49788
555231 249740
610105 15828
564199 209237
600776 51890
567808 191917
551841 258063
601625 44387
588436 98658
554045 242310
597123 47666
563126 195632
595384 45004
536317 311052
522014 375542
587233 68770
596713 21991
578145 97564
582922 67564
562198 168790
557268 192261
517807 388133
565841 138307
585435 31875
587302 21417
565953 132235
532783 302191
567109 114875
556992 168652
567533 109662
548337 212472
550943 192764
508675 427062
545522 213936
518224 362816
535173 253930
566948 49903
553282 135031
554469 112021
565566 16326
558594 64292
556452 47956
532311 228262
548463 104392
535596 190787
550665 72024
555083 26715
514624 347924
542657 104078
523119 266507
543086 77907
520268 279597
535437 138762
534450 135015
544603 37707
537949 100169
515633 307816
542931 22886
528601 140147
532517 96015
526616 159446
531182 102280
539283 2131
500907 443135
505181 389838
507943 343243
527638 74471
525004 109342
513708 244692
527803 35868
522622 111355
518750 159264
513135 243984
523336 83401
526345 6700
520081 109632
524953 12611
512692 217787
519161 86183
518719 69756
514540 134363
517035 48721
513862 111950
511308 167444
515393 75733
514170 99241
516512 38246
514482 76943
513101 109100
515063 56244
516296 20609
514088 47646
513980 39358
506282 237832
509795 136467
503177 314619
501929 330861
504139 92165
502459 102032
498701 199733
498421 202210
498246 193079
497720 24272
497113 242680
497236 49772
496239 207554
495502 79526
495878 269998
494466 46849
494469 79346
494273 88089
494575 364242
488820 39352
488237 37438
494011 356221
485786 7709
484146 95583
482125 74450
481652 86416
485706 237204
478934 111594
484834 257588
484071 247947
471606 5765
470672 7826
476847 130238
472713 69827
479114 185140
473724 108218
483795 286547
471562 108252
479594 235048
484636 328061
469480 119275
468716 109686
465437 65502
463825 67283
464536 94474
475352 229069
455995 3429
465942 125189
464190 114703
455926 28949
453045 3522
468587 182746
456370 47488
463840 134349
482538 342538
469373 205675
488872 414048
454499 85665
488661 416956
453905 85748
455903 109313
450256 64105
453327 96697
454509 111979
451545 119515
439390 22618
489672 437491
458199 188236
462214 220505
442062 60924
447151 104380
446368 98799
457777 194392
458070 200044
459564 223058
430993 21431
482833 395401
437111 70567
452133 177851
446063 140201
443699 124328
436254 89608
457266 232387
428300 42747
425618 33293
457678 243166
421029 20307
451241 219460
459234 268495
475599 368220
439801 163501
453419 244139
446454 207026
449421 227131
447417 218705
412792 36526
405440 2239
415616 64825
421409 115349
399133 4846
407212 49067
403192 41152
441858 231190
442358 235165
421980 142234
414983 109494
421253 141156
430094 186528
467932 363772
394319 36145
411069 117372
383175 2352
400045 83986
404619 105675
396052 70167
378412 1488
456483 327816
396722 80864
397791 88007
403319 116526
430439 233244
404296 131987
377520 27948
372061 8378
409175 154261
396491 107078
385022 64827
387552 74628
419736 199146
491698 475469
378805 53617
375363 45069
439251 284151
442805 297660
418892 212388
443831 303442
367776 28469
386386 96113
385184 92733
373376 55768
449701 328200
450322 330664
356010 2142
373777 65828
357219 8218
426424 250732
412848 204214
405329 178349
424343 245689
432178 276494
492844 481667
432353 279134
363502 50012
375217 92104
348297 6669
423871 256000
458313 369865
455571 361274
376697 106912
377159 108903
345064 6593
421271 253048
419339 247868
402724 197250
407018 217704
411022 231536
338354 12531
412036 237014
393025 179659
395291 187309
338078 14583
421828 268156
391434 176766
334453 6385
437872 317708
394138 188407
421013 268664
399316 206309
348660 56368
431081 300491
417185 260374
366075 111677
403148 221846
352583 75884
459417 386305
407937 240204
329034 17260
381828 168394
419268 277414
399681 223422
386600 189832
387857 194324
340163 63864
342920 71889
374496 159703
411313 262109
362756 129922
396958 224270
381968 184345
358485 123825
312301 4295
407818 258856
357903 127007
437340 337711
441954 350482
315394 17320
411933 271641
440943 350045
478783 448486
376507 194106
401398 256568
357158 147175
374961 195828
317442 55155
316747 58218
469627 429055
316874 60386
294453 8061
374567 204333
356240 161599
371716 199501
298303 26769
358374 170322
321146 83685
445784 375792
294017 23581
300809 40042
392890 255102
375266 216560
438324 361562
442964 373771
375264 221578
376320 225109
469280 433472
320962 104265
273111 1823
303038 69727
273841 9071
385199 251872
389958 262342
430210 351246
364159 210968
321262 122191
405297 301425
366636 220133
345839 176771
272107 29225
285879 63715
268684 30113
329910 156325
383177 264707
262581 21202
265267 26715
331964 164606
352512 207688
267218 39092
298540 103862
284828 76826
307836 122300
459598 421638
357387 221964
405975 318617
357522 226478
273181 67061
257746 37909
444030 395307
286294 101375
261892 55918
410274 334415
357162 236947
288411 110279
365087 252181
304041 142454
380348 282114
364614 253851
342941 218011
285542 115534
259663 72807
291121 129296
315747 173809
278048 108568
404600 332414
375807 282049
320156 185434
385076 300932
295639 146797
219234 16408
211960 5435
297779 153033
209111 4811
353969 254080
242412 66464
364992 273274
202825 1654
363831 273501
288774 148671
300910 171031
277676 135075
278850 139580
435331 395173
197932 11081
249693 102987
342357 250516
399596 342121
246731 102918
286862 166026
389383 327088
248172 107326
237808 92781
255133 119781
297760 187205
174988 725
377025 311768
172646 3303
244303 112807
280351 167351
228523 90763
232890 101755
233459 103301
273537 164913
295340 198503
235355 112003
394179 344748
186462 42304
335769 260772
167297 16787
379264 324991
211796 87053
295254 207207
166978 25150
173480 34985
381988 331672
334494 264327
263834 168457
451101 430784
272658 183306
320674 250081
292433 212664
204796 92488
260889 172160
213687 108114
213361 108081
384651 343307
290470 216456
269097 188644
291419 220517
272812 196466
273343 197417
220431 130333
124293 4100
138430 23799
144248 33872
280558 212804
116602 515
232807 154134
245336 170586
226523 146865
361887 321619
417970 393637
263034 195331
125735 22224
319234 269070
150807 59745
146211 54710
124219 27588
183806 103216
106244 7760
233073 165907
188853 111219
150625 67274
274799 220742
108276 24012
354848 322917
388117 363267
167723 98175
120750 42713
330120 294634
348678 317450
285937 242610
244318 193038
249937 200097
366855 339695
115956 44247
406237 387750
114346 44487
150019 91711
165084 113169
338468 312647
101136 40524
79577 17335
169321 121009
119218 63989
239510 201860
265886 233392
102484 49228
436051 426494
157318 113560
117673 69987
112323 65011
283585 256655
275236 248315
120642 77448
230076 199419
171167 136053
157718 121845
121808 82917
198556 167216
140510 103836
374322 360650
54655 11771
59793 19514
282733 262875
334067 318947
201705 176025
115434 83327
65502 29721
119082 87844
163486 136495
147055 119521
416561 408727
326660 312382
116359 87472
103139 75157
101211 73458
328750 316210
218104 200853
394693 387108
154094 133712
309909 297914
278019 264491
361710 352618
212091 195263
221801 206617
344570 335757
192809 179366
102658 85982
377410 370949
196694 186388
135196 123508
140813 129325
159179 150067
319973 314243
79490 68893
303958 298034
156223 147444
278786 273056
116654 109065
292598 287955
92146 87468
245382 242153
132617 129459
164412 165687
68027 72727
22439 28113
164856 169383
175484 181264
129993 137052
206142 213629
215005 222362
140188 150408
120463 132304
62849 77202
247974 255411
43006 58415
39170 55080
121130 134219
74612 91154
46826 65016
194680 206294
213252 224839
17505 39307
67423 87559
40697 63133
335627 342373
170228 186462
220931 234997
60591 84413
33727 59311
55002 79722
240759 254362
398397 402480
15654 44223
123989 145958
36522 64522
321778 331154
81534 107440
177811 197264
247691 262543
272902 287498
154602 178106
317194 328544
74695 105275
250127 267278
125029 153461
283507 299105
234619 254519
314403 327622
30694 68428
354684 364786
162029 188858
91172 124390
24725 64880
274851 292716
43371 82226
44029 83782
70975 109665
15801 60085
298746 316935
18575 66502
157391 190814
25974 73514
255655 279051
278423 300319
250986 280244
277520 303886
232927 265634
253256 284008
365820 381531
18789 82401
260402 291908
157477 203725
187461 229747
170465 215876
419327 428761
330678 353614
84413 144777
338376 360376
24826 96045
307700 335732
5447 83846
49094 120989
121035 182192
277961 313308
331979 358617
88374 157513
321918 350533
406412 420214
318641 347944
216038 264022
210936 260105
216574 265039
28651 112931
343659 370076
148689 211652
68070 146171
300156 335168
75057 152676
203212 256686
41450 125755
25181 114779
1659 99748
55918 143433
116485 191952
375071 397846
106022 185439
189959 252080
153697 223870
103038 183974
328272 362093
353564 382384
352730 381764
96366 181348
28702 130249
99695 187137
230076 288551
42660 145868
33869 140481
393668 416112
29391 139126
298065 343652
13032 127452
358374 389710
123425 211846
432289 445941
20533 134786
393440 416810
77421 180130
363430 394743
222670 289318
21438 138709
73393 178870
349705 385171
7880 130794
113111 210856
190032 268818
22095 145188
205486 280934
125265 222154
85069 193954
83871 194408
83639 195870
48832 171451
145062 241620
239292 309731
192881 281317
189132 279338
307395 362389
264876 332840
169861 266711
96063 215284
118270 231364
36882 175183
9345 157082
162063 264056
196206 287667
215223 301159
187588 282397
216316 302540
27816 174369
388482 421252
65856 203401
237713 319993
265639 338995
9603 168234
230903 316913
193996 293442
131635 252011
341097 391546
126364 249903
29501 190202
29406 191641
11120 180027
291882 362269
320976 381268
378631 418961
81305 229180
171631 287326
355105 404447
144915 271253
15283 189461
330689 390302
67858 226637
49561 215793
157843 283534
100634 249284
409907 441105
98661 250674
341604 401354
141256 281850
449660 466559
149534 287753
177326 304759
262645 356009
155426 294544
170936 304060
109260 268614
133120 282570
76495 250847
212988 330489
183678 315537
333627 401752
52789 241964
125529 284885
379710 428812
378960 428725
45207 242573
141404 297639
66063 256332
115648 284578
271013 371568
198145 332530
249607 360880
310504 394077
109019 288022
208609 342185
133004 303281
88952 281015
128292 302481
71381 273114
167164 323378
134604 308085
91047 286110
307403 397843
376394 433122
149438 319180
112324 301259
474194 483398
56639 276379
220753 358058
27532 262691
241596 369265
113086 306322
235167 366310
153669 327356
212701 356805
178659 341220
169595 337343
21571 266714
470979 482342
327885 414058
150855 330097
193701 351478
142706 328978
301578 403334
338727 423441
245992 382821
18530 281979
174811 352415
87545 314464
113939 326450
244642 384982
282230 401685
138384 339861
191804 363109
279702 401513
42948 301910
313710 417806
184357 364501
28140 300960
42205 309614
11212 298054
128875 346184
244291 393002
153906 356776
997 296126
88398 331951
214913 383691
85833 334202
280495 411180
192997 377604
360393 442104
103614 343384
348836 437827
1255 304567
141424 358918
72524 332783
124194 353223
7066 309832
76734 337220
192653 380894
108250 349487
253454 404148
104354 349435
354579 442385
59541 334645
143593 365902
27125 326002
103998 355951
222937 398530
120354 363065
457328 480873
329252 436511
25137 331022
145198 373400
70687 348293
90866 355633
6903 328336
193677 392011
50364 344654
73931 353107
241537 409537
141670 377167
291340 426835
9234 337742
194149 398913
1478 339158
151637 386583
315616 438129
129962 380612
3381 347162
317825 442302
317882 442602
619 350505
47310 365225
196089 408124
65863 372566
185867 407097
313511 443234
45408 368209
159575 400216
223806 418504
222401 418395
362741 457652
16395 362919
148798 399585
12039 362603
28855 367693
88450 385049
33880 371147
485151 491543
152221 403313
176987 411178
6601 369760
82440 389566
230121 427073
93143 392559
345268 456744
193346 418860
3809 371829
28778 378531
14425 377015
256763 436757
409681 473717
118238 404357
427850 478286
24201 382926
52280 389816
373105 465656
201645 425631
278839 444149
151470 416115
314587 453270
219243 432647
21877 389041
215686 432535
297754 451757
6868 389204
199245 430927
169410 425459
191348 430935
25412 396438
29560 399782
396950 474552
22765 400298
47959 405614
139946 423935
186199 433441
352084 466717
186810 434855
234276 445619
96217 423708
15129 409614
62008 418845
28310 413396
161912 436926
173192 439433
243803 451596
243981 451935
431080 483750
5042 414424
16956 416590
125829 435824
27452 420939
141626 440178
337660 470960
238188 457488
17612 426231
32107 428816
402395 481398
177860 451266
53024 434468
216407 457975
27345 434134
96179 443050
450573 488877
61601 440588
60423 444002
51412 444309
21452 441596
125240 453229
262131 468896
190177 461795
19933 445336
109816 457408
199005 465989
313484 477002
123489 458783
274657 473878
114515 460777
291017 476408
372108 483619
337907 481065
238026 473571
57315 461581
130131 467314
280320 478676
99299 465705
177478 471500
161815 471794
33700 465227
107200 469894
311330 483288
225867 478085
55629 468424
219035 478304
212127 480720
222749 481657
260970 485392
353787 489379
189873 483481
147714 482336
257133 486493
225108 486283
259813 487726
146520 486443
285451 489893
289905 490478
12755 486022
101930 489312
176792 491285
189254 491947
356645 493983
23611 492812
259127 494367
153405 495195
356092 495018
206109 495773
59307 496904
48419 497638
56261 497738
1503 498583
384865 495536
110649 498238
190920 498519
33644 502220
9129 502661
131484 501073
231305 500538
241412 500491
166005 503231
258474 502011
133568 506221
284818 501420
103469 507943
128495 507654
459230 496071
219605 506993
285303 504433
250289 506713
18148 518376
45476 517201
399335 499551
346810 502368
58512 517312
128608 515263
414347 499315
271859 507730
92873 519058
433272 498806
24980 526656
153897 518192
327601 506375
331476 506382
89453 526211
120390 525607
86469 528473
221238 518011
14993 536677
365274 506529
8544 539937
279560 514977
126119 529592
165981 525835
154408 527945
386866 505378
363047 507871
99760 534534
477225 496575
373428 507754
42101 544620
232211 524030
21836 548569
63542 544547
82013 542848
92612 542738
41893 548854
391183 507539
303319 518346
155398 538001
305830 519717
78561 550060
175164 537812
55013 555031
176870 539307
168782 540467
70071 554604
51684 557364
218537 534489
114672 550134
250168 531415
129493 549926
13712 568344
82879 558788
63193 562192
221751 537794
16726 571710
36239 569462
119435 556645
129371 556454
20670 574781
146295 553989
394689 512035
6605 578339
302803 528202
415039 508778
112225 563568
239380 541025
107261 565705
32152 580655
23443 587304
106091 571471
93646 575794
323069 529822
4749 595725
310214 533389
123939 575365
193601 560399
127452 575769
233326 552501
49002 594329
418511 512373
273643 546015
244052 553894
101681 587743
283369 545159
275556 547424
164847 573939
83605 593959
826 614056
167997 574275
31639 609473
347227 531941
87813 597594
19681 616281
108866 594219
13021 620288
49564 613052
285332 550908
171591 581878
154514 587736
60393 614619
47434 618826
160264 587897
74460 611781
158893 588708
212640 574500
333184 540919
241470 567574
182937 584348
340082 539514
180369 585950
329845 542858
188713 584369
32952 629835
296981 553408
153906 595969
98640 612667
310563 549893
120506 606405
183198 588702
166229 594128
128265 605565
457921 506459
17790 642102
376404 531717
84422 626918
173221 598635
381 656428
51865 642257
272356 569349
170608 603254
139836 614318
18239 655162
183566 601660
119388 623752
38548 651777
58141 645589
332897 551899
76130 643236
155838 615992
292934 568472
116767 633760
184057 609300
273963 576814
26827 669278
18171 674604
418590 524229
214020 601906
101369 645270
394420 533744
126744 638446
71812 662227
41006 675733
297999 573753
364383 547933
70316 666936
52169 675012
351206 554432
105099 656107
231891 604371
103353 657812
360578 551106
150939 639350
179015 627869
157374 637248
120322 654535
338757 561834
91637 667328
435056 520981
119546 656290
145703 645240
685 707661
97774 667378
79668 676995
327461 569147
42137 695244
235631 610322
71202 683748
227244 614810
55362 692182
276366 594476
166893 644654
382008 547066
208163 626976
41952 705485
125654 668591
113354 675172
64592 698372
170407 649422
79518 694348
27716 719933
32052 720731
270352 605488
189839 645941
227703 627285
153405 665685
76897 704012
5837 742357
121066 686848
99425 698184
53329 722973
177267 661993
268316 614388
144984 680350
195863 654667
440145 524733
1414 760352
383796 556372
43492 742747
279379 615137
391226 553288
269490 621492
105279 713454
138051 695829
98290 718708
85035 726173
9050 771326
75791 733538
217232 653444
86651 728004
41082 755010
9328 773521
434517 530275
293423 611724
43076 756808
257010 633653
260417 631958
239907 644256
458159 517182
64393 748243
31498 767574
28377 769711
57336 753375
314065 602827
211836 664873
353509 580233
43564 767520
102280 732283
57682 760010
173130 691354
69624 754360
280399 626385
63514 759496
123739 722951
426103 538620
303628 615198
106530 741076
276346 634112
105177 742770
162309 708259
392853 561064
92089 754392
45751 784299
231724 665182
50125 783082
175080 702921
210819 681558
90522 762599
78565 773434
34698 803725
351777 591600
225375 676736
29315 808737
64878 785797
77071 778003
377381 575804
259346 656426
171383 717468
71883 785945
8624 832408
261182 658742
306208 627404
214958 691906
131691 751097
125403 760132
578 853028
81544 795063
266216 662696
169084 733858
107489 779571
218710 698619
182555 726158
354236 599744
83356 804993
158917 749635
217086 706739
301116 643361
210787 712424
233518 695135
318456 631247
362647 597413
5004 872836
293331 651057
162548 752442
331347 622212
131220 777271
156681 758581
78323 819786
375813 588894
397638 571994
199527 727924
418626 556248
193336 734362
354272 607409
156997 764144
116405 796501
335317 623899
338477 621460
203021 730684
287541 662793
122326 796628
142728 780805
21865 878979
121905 799670
87118 828016
39526 866834
220260 721203
19996 885400
15331 889294
353073 612922
4663 903174
104350 820415
44255 870348
130192 799098
74854 845280
13024 897262
12877 899224
4422 906785
95017 831835
45168 876464
159810 779654
56243 869766
240984 712572
142339 801218
273483 688766
157479 789798
14767 916113
106316 836348
476929 511925
206645 749244
244862 716773
3178 930533
113476 833811
198049 760232
265915 701131
74767 874179
89278 862141
118679 835899
126787 830332
60777 890266
374755 605322
43872 905797
73381 880624
141924 818324
6576 944354
246546 724851
218915 750570
408327 576335
120610 842948
51457 907529
240593 732453
187986 782850
9004 951589
60005 903940
126271 843654
166407 806586
8194 957139
37584 929934
361361 623907
35884 934907
259696 721088
234667 745231
37830 936694
223326 758391
414248 574269
191528 789821
278693 706443
168979 813284
255034 730354
233859 751998
191871 793708
92869 892281
192703 794012
159946 827491
185553 804159
3406 985455
60336 929124
44074 946054
169857 820797
184097 808435
151683 841272
145854 848447
103184 891897
313095 680199
366913 627762
317948 678411
118074 884066
45269 959522
381159 613697
27785 979203
182402 820827
13899 996925
372302 624046
51032 961360
309283 691281
164732 843025
148855 859932
249985 755377
242862 763753
343978 656627
171701 839748
323482 678852
254431 754609
185584 828657
141954 876502
104397 917898
361087 641117
124749 897101
81768 944870
99644 927299
167174 855999
207999 812043
307214 704114
216413 805965
86506 951852
306903 706741
48267 996620
104244 935214
97260 943588
52865 994092
218073 808380
427952 572059
350817 659091
172814 860152
49688 999850
188014 843585
152422 884392
125713 914777
289701 729165
377505 630017
148429 890281
176175 859224
363090 647319
178083 858810
126156 918285
422775 579230
115230 932767
118129 930437
392852 614292
275173 751541
127283 926180
107322 950618
95881 965017
154014 897227
156940 894182
272662 758999
98592 965441
189822 858643
84295 984581
248693 789296
283992 747915
136651 925747
251546 788331
100283 972570
123012 945822
345610 677065
243665 800560
93645 982120
128093 941161
216022 834654
220745 831559
345734 679462
473383 523238
130022 944907
158875 911629
178540 890773
119765 964341
199240 865305
309301 730015
141309 943180
241725 817611
213715 855091
413917 600269
297163 749309
162259 922013
260638 796626
110157 989192
183504 895895
166833 919293
241224 824784
324954 716878
266604 793457
116270 992576
180520 910734
214649 866483
183776 913084
304040 752552
387189 641353
340052 704518
271849 796133
273804 793653
385310 644693
260045 814891
235494 848861
267627 806410
171111 937945
177119 932243
234963 854222
186082 922331
274613 800471
142726 982205
364394 677738
162620 957430
276571 800160
211667 890791
296039 773571
273572 805463
224132 878980
355027 694508
236131 863004
334325 725595
282789 803720
219907 895945
225017 889277
355783 700317
273816 820304
429975 592254
270884 828083
257659 848909
286410 807816
329720 744206
343311 724607
206463 932065
243050 880436
312676 774723
192842 962597
232135 903587
394293 653281
282622 827421
400794 644763
198466 961585
194706 970275
349566 727364
266675 859152
245365 894431
303261 804228
334641 756228
363063 710577
297260 819559
322419 778799
208395 965695
214495 956186
191173 996665
321713 782450
252752 896879
363265 715471
212700 964817
300811 820047
208075 976790
289666 841183
386698 678758
293114 841619
271761 879028
359037 730381
222684 974748
339533 770755
248201 931587
227170 969155
325960 798030
229565 969881
373238 714753
395438 676442
448537 581276
300756 848000
281197 884061
223985 989618
245134 951252
250763 945707
284021 886175
335725 791222
389027 695060
270123 917313
255713 944806
264703 928484
252472 952535
300995 861642
309186 847778
271766 921950
435624 611035
403188 673086
371471 733825
358897 758483
246798 974742
448251 587770
293582 889258
268604 941369
391212 703551
321247 843811
391090 705455
265496 964052
317184 860228
281781 932801
337601 821829
269350 969222
270914 969481
257735 998123
295216 919977
335550 835918
282581 949404
293046 930595
345004 826287
300928 923629
398455 710389
291109 946253
299384 928299
311742 902700
280047 973425
382208 747665
429540 643583
364223 789732
376578 764287
396646 719436
324177 884941
419462 669635
360663 803899
331303 871196
294356 957440
449790 602615
331050 883792
357419 824156
330093 890490
367839 808389
322668 919262
331704 900242
411591 707325
326572 921900
365406 827289
422520 684112
401835 737814
416603 700082
408899 723531
318975 962820
344487 896262
397977 756210
314049 980853
436507 657401
341905 914781
356863 884279
428204 685568
333539 953077
325244 976550
374914 842505
333909 970879
347890 930415
489528 515777
406255 761801
387768 821539
382174 843529
364419 898106
399364 791613
462450 599178
368884 887405
382442 845871
358920 925681
360783 931798
435964 693696
359761 951036
348419 990298
458757 622273
385432 872435
354071 986255
449894 657560
474731 571339
363182 963643
391417 865325
377422 914935
427181 739836
449911 660719
419248 771596
479243 557039
429361 736836
374418 935032
357600 999779
371339 950905
419984 774071
487345 528702
416312 788169
424493 759514
393224 875370
421100 774108
363274 991595
373013 959196
390960 891803
379887 933435
402451 856691
433716 739545
374150 974476
480759 557450
370193 993514
414859 819603
464727 622585
373193 992826
411029 843229
381125 967888
415310 829951
419944 812725
438902 738202
391906 937776
422344 816562
433900 766570
390243 966125
443547 731103
461887 649998
480469 567314
405693 902507
458400 668189
414765 875261
390572 994802
446846 733301
455540 692034
439893 767299
452183 708784
454569 700653
403653 956605
437313 794635
415966 906360
408788 947891
446529 753595
461635 678324
411173 942840
426203 865499
436118 825682
415867 937129
450162 777140
417692 974878
418578 969848
433090 884881
447279 801839
421483 966714
486194 560571
472254 649648
443328 833437
462528 721799
446508 857667
442641 886254
463395 738812
433527 985064
437287 969154
447496 893280
468701 734488
456416 840720
452560 907709
491291 549733
449186 988970
481456 657186
474674 733194
452124 978444
464762 849134
468504 832613
464289 885899
465165 878433
457452 976272
477334 734067
488226 603860
478434 731096
472289 817027
461360 981817
475898 785288
470219 868427
470108 874689
464704 989724
493131 550823
469565 928048
466524 994851
469645 996105
471795 969584
477150 870005
483559 751290
480635 809616
494806 532217
481227 804143
479396 852312
481356 814608
478412 892711
476975 930457
476511 963210
494125 562862
479788 965802
487253 784485
492410 626160
486049 876582
496163 516745
488077 865230
493623 627433
485370 993355
494007 647108
494085 646428
492236 815288
490256 974909
492952 916665
495087 676516
494820 816245
496331 575934
495314 814608
495593 788294
496008 841172
