506992 978724
505841 827731
504608 655333
508276 982252
508592 901750
509755 973919
508003 813494
509969 935574
511054 972095
511515 980055
505424 611021
515407 995788
514585 950156
514618 948076
514868 898142
511237 752819
516546 911574
509828 703330
519099 967346
518021 930692
521232 969846
509518 664245
509070 648102
524124 984032
521034 908674
524268 960410
518899 842844
514312 742557
515862 768362
520253 855396
523500 879983
526032 916014
518940 779013
507373 572096
518852 748890
525264 834002
535276 975407
519622 738102
535635 942027
512315 621932
507074 555022
514886 648962
545076 968614
543574 949467
547889 985796
539400 887361
548099 977664
548909 953481
545299 911609
541311 872356
539916 846199
544462 883119
522637 676048
528579 725833
546412 875087
531445 746042
524866 689231
535412 775794
533176 754634
558167 960979
506486 532761
540402 812989
525827 690336
516864 610685
547849 845976
525260 672509
552652 862376
521782 635786
556047 875292
568853 960180
525499 659580
534992 724918
558014 882500
564417 919878
514560 581963
575865 983894
516342 591002
555024 841645
537409 724136
550538 804640
529876 672597
523521 631003
545580 753767
532966 679580
540356 722077
572517 909201
582645 957623
578338 931604
543633 734104
546663 745883
551525 771796
542216 720206
581125 934030
594237 999092
573389 883126
574950 887097
570043 857163
540383 701068
559988 801066
554082 769550
591070 959799
590470 946343
595354 968599
590844 944202
549647 737178
590291 939682
561223 789753
551644 741928
560248 781905
582571 880250
604726 981526
606843 988172
570945 816170
584456 874292
605198 967816
589322 894610
569943 805776
595490 918887
564136 776412
567726 790714
582272 851817
591108 880259
593939 886937
551143 705120
600264 909237
517574 565117
620851 984545
582016 819638
605799 913203
590136 850167
524408 589112
619501 959611
621442 964974
616636 944696
581916 810188
580878 803321
605903 897542
525657 591088
594174 846729
614290 921534
584579 809928
615386 923695
635921 994731
630696 974080
620245 929806
623394 935024
630740 959266
624143 933196
624740 934691
611525 885693
596872 833767
637874 976509
584246 787692
641573 979987
599623 834309
603079 842803
530110 595761
579247 758129
623801 905168
546518 648567
573209 732421
580547 754952
559465 686445
642726 951898
611574 849940
602120 818669
656984 988105
645531 951053
647763 957927
658433 988078
558627 676969
626803 887291
646913 949351
654713 966074
640242 920681
635690 906381
626349 872454
629401 881027
551972 649589
610066 819904
592368 767602
657168 955651
562647 678989
575580 716545
660001 960357
547005 631332
670115 983607
511967 530626
619981 827988
618541 823129
598404 764975
558266 653146
604111 775353
617871 811067
651761 900793
667507 941703
627261 829431
553647 636488
591345 732966
604715 767172
662551 913470
612858 785394
645593 868422
588239 721437
686461 964538
677550 941017
602512 751914
610414 771065
694396 976785
652795 873887
659727 890854
632430 823005
593806 728128
701197 991122
596356 729978
612788 768569
687940 945635
608439 753575
696198 958192
660995 874047
570271 661436
675581 905878
710507 983046
669444 886097
629214 791517
680004 905820
701447 950632
695893 936033
555677 622607
599519 720173
598696 717277
695514 927120
618027 756511
705988 946760
711853 958408
656566 837542
676766 881083
624841 768330
576163 661961
634804 786842
616141 746637
653180 825644
619068 752684
529532 561478
720719 966822
729511 985400
708239 935573
662065 837655
692002 900134
687055 889530
647350 806051
729412 974318
711129 934597
663733 836755
592967 689506
607542 717953
603708 709474
706642 916754
708745 920660
709282 919946
689938 880278
521711 542057
580033 656725
750480 990592
715039 918901
738731 963625
631226 753237
749628 981621
753282 986447
606553 704162
749126 976746
719133 919072
731120 940855
720813 919591
691836 863466
583748 657876
743696 959818
730870 935146
698141 872773
760869 990680
719480 911989
661105 799709
522125 540782
633543 747265
566310 622227
727483 918814
771952 998325
709463 882527
774036 998696
725295 907544
749902 951283
588491 659044
755842 959494
772482 986507
763450 965799
750053 940350
689955 833378
775447 983272
764265 960660
648566 756772
780652 982549
608016 683101
787881 984309
572869 622500
794916 994451
730099 883882
783398 972348
652342 752075
705264 837959
682223 799334
786043 968528
692433 812707
803264 988656
803148 986440
611852 679761
545515 573222
605042 667362
661029 755197
763351 916251
734237 870261
778208 936453
753121 896956
716085 838497
799803 967607
647316 729976
574579 616581
663971 755361
632522 705727
807063 975090
817642 990358
768824 912996
736165 862712
761152 900924
679857 774565
668569 756959
753508 884297
732953 851833
730291 847681
595596 644321
681232 772718
756563 885005
645829 718741
642609 713269
703596 803563
593364 639324
773733 905406
546536 569592
721175 827224
754368 873890
734464 844669
681123 764801
596067 640855
791414 924215
602173 648540
788702 917484
579749 615959
654507 723062
672855 748629
760180 872674
746219 851104
689816 770781
768148 881868
766742 879732
793632 916888
638579 696414
625084 677236
840234 978892
706721 790624
784814 899669
512350 518381
813839 940059
615510 662189
658192 721552
849319 986258
823302 948625
847077 979821
848241 979942
641858 696017
796409 907120
847374 976187
599990 637312
750006 840007
815577 925533
822000 931781
743287 826244
808642 912868
756765 843144
751646 833515
779073 869300
614014 651611
641410 687524
832449 938477
708161 774970
768944 853669
857956 967339
814628 910366
754814 830121
766355 844986
598280 628185
801890 890407
706832 767380
887732 998205
632226 670753
866213 970188
631221 669276
769276 845774
722892 786394
783570 863904
869531 971782
866466 967054
811026 895638
852937 947481
835201 924205
862728 956919
862141 952418
665001 706429
615736 644991
885075 978464
883120 973015
794233 861180
716838 765600
898006 983875
713352 758386
673741 710632
659297 693004
855319 925804
770392 823659
720554 763516
802661 859283
901245 975608
875769 942658
725368 766021
632320 655893
876978 940426
912283 978884
733345 771246
861498 918412
651645 675772
747357 784774
837596 887326
901361 958810
767718 805519
729037 760325
821798 864410
856871 903793
830345 872544
930339 983697
914734 965970
726295 754923
942866 995301
784299 817885
941594 991950
936465 986176
942292 992553
715957 741399
613429 627658
906766 952424
924949 972053
850359 889496
882190 924432
794486 827187
845163 882911
611032 623779
771536 798861
643979 659422
927321 968342
763921 789657
759351 784655
926891 966315
707058 726997
848629 880557
748721 771873
927109 964570
759889 782940
905975 940555
822967 850066
791406 815747
644472 657422
937704 971988
774000 796133
949876 983313
827021 851820
776279 797241
872134 898827
718282 734318
953003 983601
535713 539986
841485 863328
769445 787095
875110 898487
960160 984580
612791 620128
876349 895594
892051 911248
882426 901168
881855 899631
822206 837544
919484 938360
972743 992664
816060 830109
625363 632001
936405 952748
950765 963994
875364 885698
899326 909812
954540 964521
923781 931728
748784 754112
859075 863325
974524 974603
891113 891033
906845 905672
846004 845363
937416 935583
991640 988905
984330 981545
753700 753145
820997 818257
911065 905184
923100 916755
924138 917197
987987 978479
622426 621870
705535 702897
917262 909240
685046 682756
914065 903295
602046 600989
888325 877077
874011 862571
940424 925587
960181 943240
960033 942495
701860 694798
804986 792859
999627 977381
866199 850410
586479 584429
665218 658863
706223 697253
906559 885181
763104 750025
867318 847938
979628 949430
754642 738798
792603 773989
868195 843990
958563 926936
879919 854043
997727 962895
986595 951035
969582 935300
517108 518388
782621 762447
637187 628615
846763 820601
557496 555275
772164 751331
661075 649150
927462 891161
848425 818801
664347 651393
803693 775957
888373 851500
784119 757700
876036 839056
718004 697656
949095 903585
676322 660068
824054 791702
979746 930431
901676 858998
598531 590060
879325 835814
981235 924963
720762 696180
906048 857802
991160 932076
986604 927301
900599 852197
957672 901161
749117 718748
871270 824486
999254 934918
510206 511629
802655 762783
944344 884108
943661 882482
701576 675249
916225 858563
962300 897242
914654 855324
898439 841241
769558 731315
923037 860874
787079 745556
979060 906204
958439 888248
813377 766055
969991 895054
722167 687491
967027 889290
818577 766252
873883 810735
536363 532861
817084 763325
889677 822355
790705 741041
659744 632883
789362 738144
653754 627921
998072 906922
626463 605427
782503 731086
989952 896679
995739 901079
834203 770329
599162 582154
688671 653485
763671 713188
721328 679229
847030 778950
916343 833677
816605 754018
640657 613608
738481 690343
724417 678737
900527 815529
982153 878565
909011 820893
932443 836400
968097 862199
941069 840756
966218 859995
905109 812275
839657 761394
989557 874806
828407 751698
789210 721325
941471 834334
609740 585425
756778 695494
786402 716844
871847 779332
803957 728813
927921 820524
906798 804122
574719 558105
844171 755914
846360 756365
922756 812180
847427 755560
733904 673087
854528 760422
805056 724454
983172 853546
934855 817920
965460 838466
764948 693396
652014 612151
904643 792986
769325 696082
832033 740100
969743 837164
989048 849134
968818 833992
882611 771762
720371 657330
746804 675662
671396 622582
946710 814040
793021 706810
814169 721279
966988 826115
974346 831011
945846 811243
698534 640377
785100 700091
586294 562564
859261 749679
989559 838558
985970 835730
705604 643948
928357 796078
889182 769155
954203 813056
888438 766723
927735 792742
998835 840146
987411 831562
984672 829173
812149 713108
719600 650557
924111 787333
855804 741186
890259 764162
789152 695981
575621 553701
904475 770337
991533 824555
723249 649231
547716 534429
814684 707386
580665 555697
868594 740804
962073 800761
906534 764159
841020 721539
977215 807212
972160 802754
947367 786620
803220 695261
947933 786718
770464 674094
775749 677376
924249 770414
789252 685037
836786 714578
835324 713606
644257 593182
815324 698623
647968 594980
881503 737439
628576 582413
844892 713620
620720 576553
971228 787235
800396 683390
556715 537512
807570 685293
980774 784558
640528 585572
901921 737271
780719 666429
867894 716723
966005 773131
985319 783874
960790 767325
915119 740964
826593 688947
828011 689686
982819 777324
549299 531586
907196 733349
616421 569337
729513 632560
737934 636577
696706 612199
785686 661193
709661 618865
850120 695893
882482 713526
676327 600028
984212 767173
991079 769673
971517 759052
538099 524456
661081 590829
724459 624461
865418 699709
993887 768443
930589 733793
877304 704333
812160 669678
887281 707477
854647 690238
975788 753613
930995 729944
962138 745198
848825 685621
875004 699177
820759 668618
936573 727780
812305 662907
720162 616000
841339 677586
908453 711552
824829 668569
641546 575615
712906 611676
981029 746078
927797 718716
975214 741450
900330 703116
838641 671785
935728 719642
771722 638228
849722 676395
875618 688143
950728 724004
945682 721540
916708 707136
736841 619122
753094 626578
841135 668881
844983 670531
718462 608853
947114 713770
760031 625630
828996 657644
915818 698098
999771 737071
898696 689695
957277 715144
881981 677986
993300 726725
918630 692598
731346 608215
844107 658525
962410 709955
970918 713425
930470 693504
982498 716310
970491 710676
670129 578427
971345 708974
760799 617181
834876 648390
831532 646936
831500 646832
733742 604400
918398 682291
847566 651072
721214 597012
947436 689949
755182 610047
576168 535560
937965 684203
652521 566425
823300 635905
950659 687421
583030 537962
746133 603989
948978 685621
705042 587090
737614 598827
728226 594994
935396 676675
983211 695121
925480 670449
701129 582688
838087 635898
904978 660375
635922 556622
514266 509799
914925 662494
953319 675712
836420 630808
964862 677769
975776 681132
641523 556843
560146 526602
813936 619732
972251 677806
967084 675640
708232 580332
859567 634038
966160 671739
699392 575809
806369 613603
995104 678484
651976 557696
960282 665026
971456 668889
832601 619271
713637 577851
976689 666820
881462 634303
596326 537234
803624 606775
984154 666077
946976 653147
702812 571936
873818 628240
635501 549297
964213 657462
989110 665446
703764 571375
876298 627362
723035 577109
843384 616133
616698 542451
771378 592163
935904 644977
892571 630292
707136 570804
838756 612460
784735 594746
732052 577681
803747 600096
655705 553226
767473 587070
983221 653347
981552 651522
958030 643833
999044 655938
856286 612313
760688 583270
918040 628088
741805 574771
984620 644820
893212 617873
751867 577020
823982 597150
804721 591612
784787 585166
952366 632412
943191 627973
893275 614054
978049 637395
820021 593233
968192 634215
891000 611981
991969 639343
981574 635354
937252 623154
923482 618886
850862 599069
746114 570893
988888 635481
661619 547280
672345 549799
560526 520512
936098 617803
666438 547799
795470 581113
949110 620494
902191 607907
850451 594422
649975 542565
617719 534375
773700 571993
714108 557278
783002 573862
684279 549738
799489 577573
849738 588182
768513 568667
858107 589837
976415 617566
872827 592955
851177 587471
896489 597870
872415 590390
967954 612159
910514 598329
932742 603277
939044 603277
755091 561762
742371 558861
892420 589546
821038 572946
803519 567871
914315 589295
675308 540310
661397 537357
818954 568909
970098 598653
620766 528881
676218 538904
844420 569564
740250 550023
751281 552043
945259 588323
730729 547493
958311 585726
675549 535513
953728 582943
976049 585730
882316 569728
920516 575798
927014 575368
816596 556966
561078 514890
892989 567297
526358 509215
683310 533012
759539 543886
551540 512732
706889 534999
936862 565231
931056 560576
919126 558875
894066 554502
836832 546688
982367 563343
989697 562935
866498 548245
901911 550618
971537 557339
989807 558788
723157 528856
774578 533701
852500 540046
980566 552641
913504 545665
852621 538183
924888 543009
889407 539478
968835 546239
685972 521279
908185 539378
857054 535032
921175 539588
994507 545285
823208 531288
731680 523819
893014 536573
915276 537289
957656 539028
708059 520438
786977 525944
946751 537357
738736 520590
915073 529837
973089 533002
709233 517452
729077 518344
949920 529976
755825 519096
699463 516072
908138 526488
806256 521183
824117 521835
849947 522791
924605 525808
702864 514126
813836 518709
917139 522969
799298 517654
895188 519861
764715 515004
772727 514869
973365 521501
848347 517239
855396 514763
586535 507686
986367 517319
945622 514914
790434 511633
983332 514974
793816 508182
994512 509543
818063 504943
928945 504213
812195 504418
731430 504312
972780 502137
626076 504191
799421 501933
601973 504273
747420 502146
995971 497684
657724 502905
997839 495279
598519 503577
890778 497433
879573 497609
781514 499376
577433 503663
873669 495760
839209 496401
869779 495184
842631 495795
764405 497624
994475 490443
911462 492892
948141 491537
831979 493861
874458 491950
697361 497561
706803 496631
921510 486791
715678 495783
596638 500757
742868 492854
958772 481382
942605 481556
891716 483378
743057 491438
820020 485995
694050 493429
857322 482926
844410 481525
880089 475905
835987 478990
547984 501985
886345 473030
978285 463986
993512 462334
847520 474492
792064 478554
893563 468623
729854 483238
740215 481491
821584 472084
728415 481673
843211 468618
942625 455756
815713 467634
838589 464504
872021 456292
875015 455797
589324 493962
946176 443601
847539 455267
816942 459717
674819 480266
875722 450427
983092 434202
992722 431745
918807 442083
805922 458937
677932 478448
970265 432802
980545 430883
740865 468340
955190 433699
974995 430276
886362 443796
919573 438269
949001 433499
680757 476290
911141 436358
965567 426176
804423 453616
813073 450225
722569 465346
725918 464332
926237 425725
980266 414427
896970 430293
920923 424743
955340 418049
944455 419193
870837 433513
972657 411573
766320 452692
777177 450342
884653 427327
768180 450714
870415 428649
707637 462679
997260 401207
980060 403220
902422 418969
784205 443888
652815 472636
652700 472210
916430 412023
740498 450668
614117 479881
761088 445396
651411 470239
933037 400667
939487 398541
966925 391746
953350 394220
873110 414000
833330 423806
932982 398541
822405 425611
804351 429126
746654 443757
776454 435942
672979 461342
876270 408167
907193 399865
949764 388215
837490 417681
951103 387607
799350 427446
623943 473497
943223 388514
639246 469374
995046 374543
759164 436939
983867 376663
716789 448084
829029 417189
863849 406753
934600 386956
930765 386446
917398 389134
716203 445640
984639 369357
997873 365104
627177 469859
617687 472538
629154 469152
601236 477224
626819 469513
735996 437630
698743 448302
962215 370772
674982 455126
978087 365929
919847 382137
954770 371543
855391 399563
873386 393711
921819 375706
685965 448595
979684 356469
678993 450531
846984 397144
641325 461637
834701 400003
633000 463801
881092 383897
860794 389983
873795 384964
760906 421373
641901 460246
784314 413441
925494 366869
859990 387915
893669 376758
784421 411434
928618 362895
837366 393194
652807 454856
991130 339935
876658 378320
868192 380834
773616 412050
914336 363077
790054 405966
793360 404816
785833 407399
954213 348449
877712 373050
984658 333989
838073 385107
908278 357196
907126 355452
793488 397619
887720 362366
729140 421293
920981 349463
862357 371090
983796 324853
761957 407400
995081 318070
844705 374771
953494 330966
863586 365529
833633 377097
949616 331962
824064 379711
631688 455160
718917 420694
952951 325128
881587 353620
716276 419904
630640 453968
766091 398919
904544 337475
724298 412561
878782 347542
881750 346148
707220 419457
911741 332890
918560 328333
705791 418167
801777 376408
959556 307165
976877 299378
696340 421301
904099 328572
995001 287463
700618 417910
721378 408601
923670 318325
843191 354114
774094 384284
976870 290428
983982 287138
826760 355509
975766 286015
963007 291554
703503 411646
982892 280070
983764 279084
542916 486853
932071 303191
917074 310023
903231 316499
978612 280290
819627 354643
987569 273751
984147 274857
799640 362853
871077 327600
626178 445789
939737 292795
772573 374159
995467 265162
849471 334107
974535 272095
654153 430486
753309 380139
852415 330226
969469 270809
821977 343961
947893 279873
874411 316332
993403 255353
805219 350513
896674 302394
996625 250754
925089 285694
718787 393005
687306 409436
844308 327173
785799 357594
814627 341135
940845 273399
722167 388753
676535 412935
773656 360894
994225 241733
895494 294557
917227 282641
584056 461857
684008 407542
866033 308725
943718 265435
654435 423014
771612 357384
914183 277421
926158 269377
822500 326081
847552 311658
972904 240886
986914 232776
884585 289207
878844 291968
973091 238292
593404 454064
967584 239822
801589 333931
792222 339050
659587 415450
701352 391183
861945 296354
866404 292533
884370 281880
824930 316730
981573 220657
883466 279065
816736 318286
578292 460710
929595 250416
767826 347014
737257 364987
782629 337527
672911 403402
881701 277232
948872 236682
827829 309614
631238 427404
840122 299610
940443 237916
854634 290439
639505 422131
789449 329900
647861 416356
992404 203417
878538 270681
918108 245824
776175 331525
827725 297907
907418 246302
638285 418621
873289 266443
981637 196430
832445 291979
954758 210781
827072 293814
566722 463752
632124 420078
932298 220462
916521 230347
807919 302423
971742 191117
931105 217395
941565 208621
881416 247217
997883 166638
576965 455030
716535 359226
641738 410451
971727 181879
723871 353108
698674 370493
825938 281308
905850 225761
667050 391662
550556 472478
961294 184606
615206 427069
768708 319042
956184 186785
818378 283613
903345 222674
973219 172939
912062 216113
808128 289574
893546 228546
950163 187684
824257 276925
975287 166028
659975 392801
881568 233049
778553 307214
900812 218783
810650 283778
979984 161389
719793 348804
621430 419703
597062 437330
777088 306142
643744 402959
703979 358956
861222 243902
898131 215552
915935 201831
996946 142064
967937 163415
654377 393454
854698 244455
911806 201775
745826 323541
940349 175719
890768 212230
909647 195626
641650 399730
838843 248350
917558 187916
677030 372221
831368 253815
977919 140509
683034 366420
905957 193842
993202 126253
950527 159116
989200 128939
675712 371342
719280 337118
783385 286955
953546 154075
945355 159711
821146 255129
907846 186218
887082 201996
707761 342780
754038 305272
865994 214964
980630 122443
732802 320247
819438 250308
697317 348704
779275 282136
964627 130857
868005 208868
777017 282140
881821 196381
675396 364944
707757 338056
727731 321594
919490 164407
976964 116997
765901 289995
873673 200195
918785 162464
995248 99253
747829 303385
755772 296254
984447 105617
867901 201994
971748 115222
684269 354314
888338 183136
879128 190491
781723 271966
814582 244283
880644 188297
960645 121014
810229 247401
830727 229140
856474 207379
848993 213554
897853 171265
713372 327534
822759 234832
968087 111176
982717 97728
650217 380490
876930 187356
986370 92770
829763 226317
771720 275770
992669 85761
745214 297833
687501 347222
948027 123307
916841 147556
982031 90376
811578 236770
841862 208369
675125 354679
577166 440540
834496 213950
944595 116849
893084 161998
925122 132721
849864 199186
873274 178256
945524 113762
842177 204188
916836 137147
929263 119862
951727 99362
978554 73883
622790 396644
807180 228428
896157 146821
718597 307937
881215 158517
764503 265583
893242 146321
678114 344334
725586 300078
919996 120197
822074 210591
904021 133684
815451 215588
719257 304416
962544 77608
916329 120239
658513 360692
753943 271354
868960 162845
853532 175061
957036 75994
877476 150653
875576 151260
593390 419420
693710 323536
713944 304154
874452 150696
577940 434120
808986 212881
917134 108902
950256 76475
765403 252111
898406 122907
943348 78522
897788 121081
595377 415670
854947 162163
964139 55328
674410 338173
860903 155197
820970 192981
788919 224451
661867 349386
897028 115892
843571 168556
962152 50831
679787 330090
845175 165070
806747 202279
796471 212352
784337 223747
961993 45361
969886 36675
994428 11660
621237 386627
957883 47309
991039 13616
989904 12800
842046 162034
754409 249431
842008 159668
877283 121896
942652 53071
712034 289507
923538 70455
777364 221564
946208 46118
922063 71136
757693 241182
553463 453348
762804 235638
887441 105875
975713 12929
917805 73267
617839 385941
698479 301766
890200 101153
874562 114553
641023 360175
641415 359493
877868 107664
952525 26686
675740 321119
899378 81164
901170 78888
843835 140200
939803 36991
837757 144764
722329 269007
689782 303839
894473 81344
621749 377019
892700 83098
914385 59079
775762 209222
852660 124743
965072 1093
789205 192499
891101 80376
777981 204117
916881 50742
649365 344710
952577 10593
924880 40983
679127 309704
763573 215147
742063 238344
933254 24113
763976 213448
728284 253383
832847 135948
788529 184836
920529 35013
900600 57061
584988 413159
808404 160645
698309 284352
539982 463863
752542 222478
939449 9939
922907 28515
913847 37587
731146 245607
823742 139886
918842 29362
826514 133530
725125 249621
864541 88363
901185 46019
607603 384980
757982 211030
828118 129466
828489 128259
908703 34303
834611 120300
833803 120875
841433 111966
785223 177345
772952 188536
912661 22610
759126 202411
781677 175414
740678 223799
843087 101223
810509 138365
731499 231293
781751 169938
646408 332512
803436 142412
593238 396546
723658 238109
658583 316461
834466 102037
900256 20930
848242 84220
890906 21341
866518 51799
880449 32273
746753 199955
735352 214095
840016 81568
861527 54259
730454 218896
780133 155510
638416 334602
847991 69283
680753 280199
871291 37312
812668 111339
791598 135744
809329 112403
738134 203399
531221 469498
843106 67924
884020 15004
813009 105231
608437 368973
777494 148610
697044 252543
877387 16222
877238 13303
846133 53057
683215 266698
865536 22226
746477 179798
870126 10459
594460 382345
814187 85487
865868 15489
794641 110013
868394 8973
713695 219248
872538 2166
674776 271126
604814 366595
673853 272151
796882 103797
850166 29840
639114 318749
837716 43023
832100 47598
671165 271539
532428 464846
784871 110955
685665 249452
780498 115419
687383 245876
712965 209325
645709 303713
741596 167466
730802 180695
640734 308840
788618 96642
705180 213791
759270 134513
598757 366954
812166 57205
714566 197402
639619 306455
794824 79851
819532 42359
726596 177264
772029 109676
707668 203366
742928 150730
813987 42550
713594 191891
749461 137389
795877 65644
594646 367535
736784 151437
794157 62607
698633 203916
660644 262470
736801 144817
705946 190855
693660 209610
762400 101739
766111 94613
687339 216059
719504 164486
817251 9984
738744 133533
680604 224179
809249 19495
684224 217946
676094 230584
796721 38168
607809 338888
624740 311873
722635 152984
556030 420254
570507 396797
696475 192843
750785 104439
629700 299521
782223 49372
767383 73100
714131 158033
743702 109193
670593 229379
726513 135332
801453 10618
708849 160210
608621 328401
715732 148198
784444 29930
596316 348025
622507 303388
654059 249642
682406 201278
702464 164765
562571 403729
732677 111532
743123 92855
641575 266829
685210 191260
757735 65559
718935 130650
705935 151745
634644 276034
710800 142225
623607 294611
678223 198509
681202 191102
744499 78711
713977 131675
744778 75434
703938 146716
545774 429091
565582 392779
738083 80167
729775 94169
708277 132035
721554 106708
752381 50068
693037 157109
766857 21525
753316 42400
631674 266523
746759 51329
719018 102583
602972 317819
752649 34180
581737 357134
711522 111399
743357 48584
600328 320050
619981 281394
738010 49732
649880 220622
758177 8392
684732 145823
717944 75750
697459 115101
720886 66962
543205 424937
664687 179790
630997 247583
657261 194034
740023 26055
672716 162269
669119 166890
679783 144749
644332 215938
572660 362807
727345 44556
666865 168256
642813 214553
703699 85338
664385 166007
699852 86495
704328 76848
711943 57789
731597 9930
655572 174675
566615 367619
710221 52419
704427 60794
563202 372445
565454 366661
614603 254983
573260 347786
689648 83660
553421 391629
550926 396902
619696 239614
719222 9394
606160 266671
616944 240845
523750 457461
621583 226450
633886 195597
700611 33867
662202 122964
695656 41746
526761 448461
620984 219194
629616 197219
683911 63618
608481 246020
650859 141421
553256 381730
536716 422021
545116 401053
632453 179568
633449 176250
685383 40672
680446 51954
656661 112138
630501 178641
616400 214185
530385 435493
532394 429755
539660 410798
580289 304504
689363 19055
606545 235061
630064 172663
613812 215225
629382 173447
591328 273006
604901 235580
628185 172139
639971 137483
588944 274520
685400 14171
544861 391680
677022 22421
651863 89013
623982 166290
646023 102054
577547 295424
652700 79932
560973 340843
669732 30118
610798 197424
586375 264510
609154 196011
563298 329243
606074 202361
573666 297798
654319 57185
648447 69854
557819 341695
658240 39633
553637 352446
521109 451120
562996 322592
543300 382588
613406 165349
655752 34435
551669 355663
599374 206908
651624 41359
626605 118183
643949 63655
616165 149831
614252 150346
615781 143046
576308 266459
564070 306240
541229 380944
613050 145516
597389 194136
605491 167198
620618 115741
579922 249227
653618 323
616558 124334
636326 55770
543094 369238
630337 67918
622523 94477
602873 160665
579689 239533
635514 28115
629069 50080
621796 66307
599442 148388
600799 142269
614272 88969
596551 153401
581661 202039
568304 252704
585438 183677
546367 334608
572768 219766
554406 293660
615522 35831
529710 394533
615886 24523
580490 169047
580387 166878
585883 141789
598837 84734
553379 284307
516805 444920
597422 60721
555800 256618
575621 161660
596631 52457
583406 110758
588694 84578
597623 39787
515646 443480
595970 42277
591245 62443
544671 296345
568170 176754
510303 468674
566008 172967
569192 143811
528990 360261
537182 312692
521953 397110
562895 154091
580417 50391
587012 10198
548073 238377
585210 13405
562160 146788
576088 61648
563527 137474
577165 51711
565938 119738
555485 183049
515524 427325
572629 64071
553302 186548
536730 280789
546204 215085
557615 117987
550200 166515
551640 153582
550651 159522
568285 28013
559898 71668
549920 139957
549311 133523
541395 197173
540008 193812
557028 40897
557684 34884
516411 389433
553869 59965
523025 329671
534672 223731
550861 77843
544676 125250
530318 253356
554248 19988
553128 5150
543957 94369
514853 386864
506456 471985
509611 436145
547744 10304
528530 217088
527501 219504
540648 32177
532255 136134
528580 177144
538869 42359
537697 54568
513731 362702
520174 258411
507229 446455
524171 189329
534218 25902
532182 23698
529410 6669
511099 343560
518120 176964
521068 97685
503921 488978
507432 407592
506068 432587
522637 5838
516492 141766
511172 271503
518796 42116
514649 161985
508348 350565
512759 215874
518073 52751
514239 151771
517065 49544
511148 230394
508937 303207
503932 478813
515692 37797
507320 340424
512349 106206
509343 220422
509884 192459
511181 67300
510535 16725
510137 31997
506517 197148
505653 152829
505195 19171
504669 30707
503425 411589
503897 46235
502757 311318
502008 75326
502526 359415
501181 282908
498963 67278
497936 121110
502035 440522
494453 93898
491744 23503
497881 331874
497439 321778
493196 188816
489425 76156
487068 59250
493921 253251
488830 119241
494404 271167
500204 432182
484494 83044
485385 124032
485757 155476
490609 269806
490212 266988
475064 17051
489502 278590
472980 14118
498883 436752
477770 105170
487310 255592
475997 92924
475162 83345
494442 377562
485147 244841
493687 381073
482368 235809
471084 94144
465056 19047
478314 205520
470048 116388
475449 201604
457657 9793
463445 75734
460085 43778
467634 128895
501689 489934
468191 144247
455645 20782
468054 151349
491920 392442
475728 231302
457573 52008
475872 238557
469844 202457
461051 131618
471335 226059
478331 288559
484686 349229
450101 69722
486488 370817
444074 31580
484137 353160
444347 36889
475932 290238
467161 222921
480753 336722
454121 137759
484190 363559
443039 60623
436630 14703
454198 151938
436095 21810
486545 387859
431823 18305
437721 58609
445868 119739
432530 38565
449720 156609
454581 195575
424249 3390
423979 11110
450165 185193
424827 32141
441631 134636
444380 154892
461952 264329
464189 283292
468305 308767
428240 87581
415018 19267
444739 188396
436778 146223
413116 20751
440113 169983
416765 48772
407155 2087
425677 101656
451746 243584
424190 108216
444738 212393
471920 351374
462172 311071
401205 26418
416164 98841
449177 254651
483687 415347
470083 352900
398189 24615
449613 269088
446404 256199
446659 257928
415254 120832
438573 224531
429922 187700
424091 162521
405497 89329
439988 237068
404753 88889
484551 426791
409164 113114
427775 191000
395365 58328
482395 420298
399093 79139
445821 271223
381964 16398
433222 224706
394477 70156
407318 124668
446545 281038
393752 77045
454339 314861
392662 88613
367842 6083
385384 75236
422856 212392
386505 81711
431659 246478
366003 11184
413466 184892
431504 249365
376131 52167
412292 181338
403356 149554
387858 95268
398402 135441
386118 93676
461112 357612
364943 20795
369225 35882
429275 247589
372460 49351
440837 289780
391570 119400
380233 86110
400057 155576
387424 114669
393369 135417
406493 184588
359533 29873
473757 408782
384144 114235
400699 177642
405378 193440
374833 100259
372835 96867
351395 30421
375046 106086
379224 119624
461703 377198
414482 231145
375180 113252
357714 63846
402639 201216
383982 151156
425470 274811
411227 233579
341207 28585
402474 212000
357176 82410
353178 72883
344906 51709
382013 158270
353749 78048
339269 40349
353623 83834
356929 94631
361177 107329
364136 118095
322218 8274
373859 157525
329142 37276
352589 102858
322104 23038
419398 283972
318339 16828
361810 132199
340089 78740
336452 82460
306391 10463
478969 444736
342233 102184
300718 3233
343858 110310
327284 70013
347179 123080
429917 326046
305373 25671
403221 265944
373748 196681
374008 200769
458741 400704
349908 148853
315523 70020
309553 57346
337484 122184
312028 64652
304198 46941
287214 9838
326146 99217
325718 101562
350367 157914
281840 4977
382580 233242
279708 3492
452903 392781
407225 291098
282912 16404
349040 163332
403905 285748
347537 161656
441120 368978
432655 353755
376027 232813
339010 154266
405244 299000
312746 107420
317144 120205
270788 29339
258005 5348
355497 204637
273981 38662
318618 131367
409636 316469
297884 91066
318796 133498
395468 289276
265604 29004
260959 19852
354463 209093
324670 150500
363391 228420
256054 15854
295002 93124
248006 1166
266040 37138
340791 185928
281363 70358
393700 293507
417943 340556
466949 435709
316184 145980
396357 301260
309606 139279
417394 344152
240548 11997
326529 173922
363207 243457
240896 16427
274147 79108
256946 47534
307384 145832
308516 150406
431483 375216
360528 246899
225705 2637
360729 248025
245201 41528
246659 45332
313867 166419
279095 104616
385375 295564
297355 141174
308850 162506
298094 145036
440200 395469
215856 5871
233553 38335
255133 76137
326413 201860
346075 238179
211462 16965
348323 246213
323248 204341
402232 338027
225197 46074
274777 128706
221838 41675
428213 382551
426987 380932
312654 198097
208648 31345
367076 286889
241275 85073
284000 154259
196198 13959
298735 178473
192331 8586
309790 197754
264018 126350
396867 337742
284515 161042
200373 28695
299676 185435
265755 133176
198691 29383
253869 117834
373631 304084
268228 142982
306589 202832
465941 448275
188560 22381
193283 29832
388949 330372
292995 183262
378858 315229
307285 208263
257524 132988
176188 9637
288422 181207
186875 28947
259773 139350
256960 135634
232355 99665
220509 82501
185225 30046
247852 125182
167108 4911
278731 173967
398303 351043
431586 400119
465596 450212
298288 204271
217310 85226
219499 89039
321849 242595
243326 128774
253379 143806
165427 16779
381816 330161
322436 244520
431336 402072
189987 55051
173626 32136
181225 43241
276003 180123
152630 3442
451931 432485
248691 144063
156723 23109
340444 280486
209647 101185
182740 68087
234591 141826
234141 141474
343033 289110
267025 187528
330318 273010
229093 137431
126555 136
411108 382292
271257 195119
230386 141775
266468 191578
157377 47619
238394 155019
183394 83483
282385 214535
354632 310410
157037 51144
294448 231867
393657 362096
118704 2169
368252 329007
233349 153166
313501 258925
260689 191014
271778 205931
406687 380835
157691 60292
239854 166244
251078 181029
198824 114069
380341 347674
274404 211634
120495 14383
316201 266376
338667 295400
298558 244358
209173 130500
233048 161338
161459 71494
204808 127652
355157 318565
385462 357085
130633 35765
267364 209532
155181 70907
148922 64058
271258 216657
191811 119682
410365 390604
150471 69253
177301 103644
95565 6836
177799 107656
208577 145465
161544 90485
147050 72921
163708 95325
213310 155698
242715 191813
136846 65332
165866 100384
142422 75926
183686 126607
300131 265062
122328 55520
335452 307674
264545 224519
163795 105932
231817 186288
83481 13775
87626 20994
309821 280754
132275 75094
248855 211107
74542 10077
352993 331955
128046 72323
252293 216626
259104 224481
157190 108539
366276 348601
160479 113890
292688 265103
66123 6330
87719 31244
351166 332254
213521 177074
74905 19986
432909 425922
137190 91032
325578 305083
102698 53813
121723 75607
270679 243690
354050 338736
102565 58650
344148 328400
210272 180240
459125 457069
213898 187232
236724 212977
108505 75356
146728 117044
208054 184067
255174 235923
264483 246689
425210 421174
190849 168632
118450 90707
139350 113559
155385 131125
187668 166753
171413 149871
151536 128915
226467 210017
243748 228546
332941 324142
283503 272108
232213 218380
260799 248748
338475 331157
489710 491370
399183 396250
414631 412498
444288 443982
24517 5197
119900 105428
196355 185250
143457 130681
401705 400145
210619 202338
71803 61059
43392 33382
222105 217074
80901 72620
279799 276699
40375 31536
450221 451479
97923 93787
74484 70071
322110 321796
86639 83339
30620 28130
136366 135100
262297 262632
45226 44441
10541 9714
172305 172832
227854 228819
220403 221885
271548 273453
49548 51834
66461 68970
153134 156056
152852 155847
66368 71725
23799 29997
201305 206478
162434 169669
182616 189591
69253 77944
135669 143456
152286 159953
48980 58338
53663 63724
316554 322454
228908 237548
282595 290045
68182 80945
82182 95175
131416 143428
30072 48028
409782 415590
360778 368778
367084 375643
237456 251905
255509 269763
277914 291511
49964 76703
13312 43690
259920 276250
149535 172574
113328 138725
97112 124208
193622 214846
133854 159918
85857 115257
346861 359368
267585 285248
88873 118583
23151 57977
206424 229070
296370 313222
105243 136692
89663 123173
85318 119239
194481 220713
228382 252548
44637 83691
203031 230410
222120 248531
305362 324970
300013 320426
79772 120133
217664 246081
253736 278990
429001 438524
302624 324804
188765 222882
175448 211026
218308 250243
190852 226246
262730 290702
52177 102894
408933 421508
266014 294155
142980 184594
331413 353613
47075 102552
159069 202141
156714 200467
213449 251087
22460 84728
74934 131100
356773 377775
30969 93526
44767 106173
493145 496818
66213 125302
40401 104006
173798 219759
118632 172482
40830 106478
3022 75378
84549 148249
22379 95599
223696 267855
221627 266774
196838 245879
133521 193208
95843 164369
303476 338494
286117 324212
32143 112528
198845 252235
287320 326153
321297 354572
185594 242272
382976 405930
162482 223690
154721 217766
49314 131361
96648 170473
90884 167211
287718 329006
14587 105219
27418 116719
371379 398230
305065 344294
187789 248991
35414 125052
169360 234042
304691 344188
131896 204588
242134 294688
80902 164974
68303 155767
25727 122657
328135 365674
60353 151855
40424 136227
160193 231978
117351 198853
87724 176700
145719 223456
142895 221297
284633 333437
195438 263650
31571 135365
8191 117224
82587 175780
214351 279160
276495 327906
85477 178639
216526 281549
152760 232759
313918 358583
30760 140563
339738 379339
57684 162390
292442 343969
149404 235731
282767 338636
214570 288894
55633 170072
168024 255364
59418 175336
29624 153739
92738 200727
317279 368275
14350 144848
149615 245717
321510 372539
43627 169172
378272 414328
85167 200627
106939 216833
123787 229429
48436 175328
69 140347
59987 183947
73355 194607
40591 172103
279155 344261
292313 354610
192095 283071
78560 202831
224295 306964
31519 171062
15023 159739
124296 240276
445148 464963
277569 348508
77064 211000
378521 419456
246141 328521
315019 376026
126759 247049
13227 169121
113263 241237
226637 318501
353589 404607
50824 200923
203471 304021
129552 255833
59009 208994
51026 203987
176144 287899
39568 198037
159259 277515
223378 320174
47498 204643
414190 446996
376216 422181
69457 223127
237518 334331
315160 384617
358221 412534
287314 367056
82790 237120
66948 227586
250171 344675
311601 384099
209410 319749
57349 223788
192124 309388
64078 229121
102525 253369
200932 316112
182447 304794
125681 273066
357206 416195
196666 317941
98697 258422
258192 356206
34088 220643
293272 378721
40460 226157
317494 394059
151278 294742
40576 228704
338261 406871
19648 216980
263043 362328
12690 213091
269662 366797
166662 306270
212215 333393
143471 294837
101867 270633
149490 299207
201538 330088
151082 301075
25849 228940
201589 332932
58710 254770
196754 333187
122513 292723
78454 268138
244208 360947
103851 283144
147762 309066
148533 309643
138892 304832
97667 282362
346478 420021
351080 423606
203441 344071
186161 334839
25658 248514
246243 367277
85809 282581
167340 326692
104228 293803
352729 426299
30460 257265
175815 333734
135858 312885
162546 328241
415062 459983
288241 394603
15425 254026
89887 293104
15439 256526
118252 309061
144076 322314
123900 312336
457100 482204
13630 257441
34554 268472
181292 342880
136846 321362
59422 282647
104864 305677
268788 388398
449301 478644
160732 335290
74907 293945
172469 342261
366404 438110
93860 304409
244981 378985
36007 276804
69443 295253
100083 311449
109331 316293
288699 402618
127993 326238
218054 370059
392419 452928
144074 334937
42866 286928
231355 377203
68388 300912
72573 303609
113625 323211
165320 347938
33515 287557
143785 339752
178129 355841
293344 409023
5180 277647
168186 353052
9972 281703
64223 306362
152032 347677
295542 412241
111470 329708
20216 288856
181170 361697
95512 323788
46742 302105
392587 456271
325706 426500
30819 297107
3823 286102
27583 296601
242587 391381
147735 350476
284512 410445
48978 310313
3059 292125
66071 319616
169639 363929
326429 431934
173347 369736
91501 336572
182842 374088
8612 302765
293880 420143
30277 313029
109775 345402
104664 344550
6983 305932
36707 317936
135833 359054
178806 376333
163052 370631
342627 442530
32312 321064
222439 395673
57814 331846
333938 440042
165674 376667
373046 456095
139615 367578
74835 343769
187160 386787
284402 423471
145403 371955
43896 334652
55724 340218
52112 338980
169736 382507
41868 336154
275405 422243
92735 356051
186374 391925
32082 338043
150535 380636
101457 363882
48373 345415
14627 333561
125374 372931
31894 340130
228877 409411
256976 419558
83305 360531
167558 389975
252488 419430
30747 346698
88256 366052
129075 380216
46405 353824
116722 377206
145453 387156
90301 369535
89715 370371
34532 354262
270418 431490
3183 347084
124841 386724
12279 353578
181697 406488
148192 398497
160084 402768
15072 364174
329176 455294
31913 369879
196335 418227
57675 379215
239379 431499
10284 367189
286856 444884
421574 482768
102734 394485
264346 439351
259624 439439
433214 486919
68105 391326
301309 452660
299866 452750
25243 382173
79284 398777
195583 428236
56939 394332
36694 389929
194584 429344
92072 406185
364699 472351
105623 410928
53185 399102
85144 406724
291909 455771
150975 422827
141748 420848
106741 413201
237957 443954
34766 397033
4067 390408
53823 401977
151358 424755
121745 418480
320812 463985
304148 460262
67235 407614
14372 395882
104841 417332
117775 421848
131537 424917
399550 483130
139365 427347
46532 407752
259223 453470
323568 467247
303106 464618
43838 411665
343332 472942
17953 410678
103822 428108
156097 438268
242625 455344
94386 427456
217797 452575
123696 435110
368722 480773
207329 451526
164544 444070
13890 417144
74169 430340
259764 463174
157500 446803
40724 426976
429162 493000
341732 478669
246831 463025
90583 440101
291671 472999
425900 493975
160469 454569
123450 449486
50736 438878
39684 437705
149280 456398
317141 479817
28107 440551
177840 462094
170704 461911
137358 458972
45856 447702
164588 464350
102935 456863
179011 466865
376507 490619
51701 453193
167560 466783
333267 486132
111260 461154
207861 472499
42280 455057
153831 467556
6904 451940
233311 477379
14353 454642
373566 492352
351215 490329
373901 492624
2292 456426
261059 482713
21056 462765
244549 483083
267548 485529
149063 475606
39023 466798
261369 485424
385141 495795
314826 490167
170414 478437
124261 475261
180375 479880
144651 477262
328196 491887
193447 481638
222595 484265
60447 472407
153818 480700
63198 474506
322809 493134
45721 475613
58972 476640
138348 484304
217703 490162
358468 497802
148759 486872
316071 495895
270332 495461
210260 493176
162175 491648
151042 492334
71541 489987
133021 492730
34989 490716
384619 501894
5746 491813
273379 499266
61488 493692
268337 499336
164399 497252
426203 503845
247042 499922
282865 500873
167325 499188
58860 497686
338031 502785
104433 499809
207711 501431
96222 500604
23605 500553
150820 503278
136770 503613
130787 504402
229527 504714
487185 505552
259234 505225
176373 505543
182996 505655
121645 505687
132580 505796
345541 505802
389757 505875
8289 507907
3561 511321
44454 511245
294363 508303
371679 507502
123782 511510
152680 511708
147307 513893
163820 513521
387593 508315
196022 512957
38723 517115
115986 515360
269878 511966
194576 514592
40299 519665
174465 517210
162469 519063
231301 517711
96633 525875
421524 509675
63480 527790
248758 519111
154148 525959
72721 530914
70819 532359
20212 535894
77121 533359
256259 523598
333294 518528
386900 515230
216619 529402
19375 546691
97488 540364
220536 530274
82666 542672
298205 523999
298669 524022
59423 546128
130211 540737
408969 514490
182924 537235
423716 513434
160196 540794
31157 556321
127549 546398
463322 510003
229808 535970
285953 529808
42778 558543
36525 561058
60363 559386
262064 534905
343003 525337
182680 545384
10519 566993
29805 565146
336058 526777
96289 557873
39331 565512
31627 567607
197772 545992
153546 552606
205295 546187
165556 552427
253210 540307
87799 563516
32019 571544
309297 533111
298602 535599
51915 572017
366976 526046
295206 536832
289020 537903
44969 575148
112761 566379
249913 545355
43530 578040
229269 549191
284441 540566
173775 558527
13168 586355
228709 551114
42956 582798
142859 566690
390833 524925
181483 562396
5302 593931
35066 589826
13419 593782
52073 587177
50104 587946
446732 516040
208605 560554
255322 553029
182917 567296
198593 564527
129314 578752
296375 546283
116071 582390
195303 566704
280438 549860
157174 575643
77442 594709
34118 606086
98137 593028
4564 614352
339235 541541
309509 548099
198659 572542
92218 596217
68485 602523
6963 618738
41159 612073
448665 518149
66045 608310
148110 589301
101023 600451
4923 623585
100816 605667
220859 576848
326911 550485
144491 597163
255730 568918
241220 572974
408066 530704
138360 605232
25328 637247
39495 633880
261075 572962
10309 643579
345226 549924
326807 555144
356116 547537
66497 631221
137588 610931
234138 583753
7119 650347
289290 568258
261106 576666
451527 520853
104582 624644
19345 650220
335399 556119
165377 607915
417544 531615
130082 620317
282700 573447
253917 582661
231925 591346
368277 548383
228758 592679
80329 640190
274726 578625
182710 609056
459264 519915
339210 559324
191512 608106
267076 583447
426811 530903
148654 623920
112284 636986
308852 571343
32819 666009
16207 671871
270823 584953
263561 587912
174362 618570
128556 634528
91872 649027
47379 665267
138337 634498
327220 568542
198383 617124
69118 664796
79770 661960
12443 686955
88774 659248
39054 677887
97508 657450
165470 634402
11666 693460
113911 654450
178250 630789
391951 548694
37930 686378
26195 692613
179832 634588
156915 644148
267884 600033
382629 554118
294149 589818
86017 677689
188870 635924
454852 525674
265416 604750
48174 695708
381232 557359
343183 573654
98859 678432
86540 683966
290342 596946
3122 721348
201486 636054
53353 700582
277540 603723
340768 576909
191718 644513
176394 652404
350824 574248
442443 533050
230140 629108
101515 687681
41401 715334
84903 695936
293484 601284
16875 728387
330179 584937
68799 706001
400401 553026
286618 605832
249335 623174
96078 694435
410377 548848
316605 592565
87973 700441
410946 548970
169615 662874
132071 681502
190552 653871
109002 692707
112927 691868
176301 662774
90494 704081
140157 681468
340924 584296
269595 619517
75054 714510
263231 623407
9842 749148
38757 736788
134525 689133
112773 699989
209210 653300
34603 741621
188163 664428
175955 671001
54654 732910
120756 699414
238451 640410
302133 608107
189424 665681
327 764097
5930 762874
327319 596643
90475 719722
8314 762519
334273 593292
137921 695752
193777 666924
450060 533358
300769 611417
309579 607012
226579 650547
191998 668895
349318 586993
154238 690858
178701 678573
218332 657920
61481 742374
74539 735983
14047 768543
94404 726158
343020 592030
206216 666012
113857 716429
8314 775139
29844 763670
151901 697144
165022 693014
402287 561509
47569 758767
94645 732763
91946 735713
140402 708901
185779 684004
32963 774833
274938 636762
32862 776717
250830 651462
358085 589819
293953 627713
86142 750106
383964 575631
209440 679051
216811 675383
45284 777221
46789 776548
157852 712116
113521 739140
263727 649852
232690 668576
30996 794446
141404 728094
166375 712903
2340 814607
82418 765809
25704 802952
51324 787913
83708 767737
118284 746989
69155 778295
301163 632682
93414 763424
7546 817528
248884 666426
348311 603578
86300 770693
5985 821886
53071 794048
174073 716910
173616 718378
295720 640547
121891 754481
11118 827297
118307 757373
178454 719031
68515 791449
22309 823887
38336 813378
48929 806981
98908 774121
352342 606358
56116 804698
77638 791008
57413 805232
8854 838037
195108 713117
184152 720675
13507 836304
17418 833960
439371 548812
262554 669196
66124 803925
249150 679776
258478 673393
44003 821857
424624 559730
57814 812854
28420 833204
98914 785109
118483 771934
216147 705050
145987 754081
99890 786468
178147 732267
94313 791449
373828 597024
283541 660851
175458 739675
201651 721233
451769 542637
121940 780717
17678 856534
401378 579962
51282 836866
218855 714210
91823 807855
109122 795554
192777 734186
86602 812441
26960 858013
278610 673034
451055 544898
254004 693560
261325 688141
34212 860714
391506 590530
213265 726898
33334 864371
96215 817090
175796 756587
231348 714653
338919 632046
254802 698110
285196 675156
450605 546490
290759 671297
72735 843016
168727 767960
103046 819766
6219 897109
429115 564158
153290 783257
192141 752808
177706 765069
92070 834349
43870 873110
136259 799749
349274 629380
300070 669445
425711 568124
63542 861220
87415 842768
70669 857029
9331 910584
248811 714746
365837 618773
196909 758431
269740 698387
320928 657662
110540 836835
11265 921057
290806 685331
204171 759503
257640 714736
103195 846347
106014 844416
61382 883434
106023 845830
281030 696072
41267 901928
87721 862229
5145 934222
282229 696101
237123 735630
249891 724912
66654 883904
106275 850172
35647 912135
186189 782672
52744 899820
37124 913578
63200 890826
372276 620511
159735 807117
216021 759028
29978 923279
407689 590839
142677 829884
236557 745520
76198 890805
152260 822203
63437 903075
219186 763037
273278 714847
75938 894939
109599 865239
51962 918413
169329 811775
308059 685063
26160 945749
229667 757980
118579 861655
155155 828276
18105 956129
99295 880812
124405 858801
45579 932583
117978 865522
86442 895146
132161 852895
283137 712087
388999 613186
166615 823608
85036 900808
56435 927982
173299 818041
153050 838311
364840 637168
49014 937942
201010 793619
298553 700838
385771 617869
227903 769038
401086 603659
407462 597645
88213 905722
97298 897438
58292 935912
147087 851292
151950 847163
292503 710857
34443 964609
159361 843026
287188 717847
247173 757252
291833 713878
218711 786425
31012 974387
20734 985179
325669 682271
173240 834355
73758 933520
442528 566209
81489 927423
23786 986049
397154 611882
268989 740953
329923 679790
233148 777645
118175 893848
142037 871153
94877 919258
87201 928162
405198 605140
286060 726442
188119 826613
25337 995044
60626 960147
175230 842453
404909 606549
272540 742905
31595 991604
112131 911030
187398 833513
151802 870491
294048 722999
248212 771323
146883 877620
94385 932652
440787 570783
169997 853715
281061 737822
219728 802936
107687 921604
131134 896957
262261 760049
91924 941690
233489 792019
114720 919854
332355 688591
57875 984424
134865 902487
243964 785154
68997 974145
111547 928983
162209 874399
77186 968699
192810 843129
144284 896010
63384 985200
90986 955643
185814 852352
201582 835503
170542 871006
300008 729595
338435 688067
67921 988300
125744 924233
233927 805159
209636 832697
69902 988959
186430 861328
188749 859128
185697 865752
282510 756384
107687 956992
235517 811148
318766 716569
268707 774618
206523 846080
135523 928188
146824 917705
131704 936345
277275 767934
184041 878936
304170 738413
359328 674241
135308 936972
114851 961903
466696 548549
160189 909465
184224 881667
248011 806754
277387 772086
298033 748000
186561 880414
341726 697202
268908 783817
91452 994981
201260 867159
162728 913905
209712 857655
128176 958534
240529 822851
216091 852474
152069 930105
168952 909693
326688 719148
282076 774062
219382 851103
467344 549376
159897 925708
248521 817306
168014 916340
252618 812841
331617 716488
408541 621934
301836 753636
271515 791382
314211 739547
152958 940888
216128 862459
331738 719722
264918 803732
136901 964854
225522 853975
405273 628691
135167 969920
302935 758620
265528 807069
207425 881557
274746 796713
220026 866770
168389 933219
207607 883792
343848 709573
120004 998206
332571 724964
448382 576178
186497 913526
148618 962556
331512 726844
145358 966923
201085 896640
177797 926854
319145 744121
372955 674658
370915 677553
287640 787650
250604 840568
308204 764226
155811 967592
146609 981188
388695 658711
234991 865323
180029 939831
306814 769803
165832 960553
302255 777007
154009 979627
342911 724291
160094 974827
207032 911239
169931 963287
462255 561817
171650 961961
194259 931443
164358 973519
257014 845631
174580 959683
351696 714972
259786 845461
441248 592131
219460 902012
252246 856343
379557 678982
202004 929335
252096 859004
350623 720719
246917 868482
333153 746646
225806 900644
403439 647679
190333 951410
452303 578219
406682 644264
398632 655840
178956 971570
180727 969609
200592 941026
236240 890415
228208 902175
283698 822171
227365 903643
264957 849752
441817 595892
228425 910493
312871 786629
284307 829013
329931 762001
375159 695442
299691 809705
214604 937238
216004 937889
189840 982227
296833 820206
192006 980892
238706 910512
218211 942549
243875 905990
264711 873960
348277 745609
262497 879880
196874 984714
233879 927669
197740 985034
225629 944915
346548 754108
255802 899388
390712 685069
299406 832062
236985 932216
453088 585898
232050 940210
279911 863508
244289 921635
255115 904845
207462 983872
207385 984574
427882 627943
263490 896862
205713 991339
322127 802805
366721 731137
346450 765255
253433 919885
227752 964320
267908 897926
214443 989114
219830 980294
240978 945343
238768 952696
304216 842259
355868 756957
480047 545111
219015 994912
268675 910358
361891 752948
238185 969743
248357 952151
286779 886022
254370 945048
246248 959413
226881 999743
352327 775519
308987 853194
241079 975672
299736 870523
251318 958299
364391 755660
345831 789965
306046 863214
354385 776025
241429 981476
238154 987755
493906 522602
432259 635910
329642 825412
324952 834616
240668 994274
265872 950353
287903 909779
358636 777102
353306 788767
457510 592073
427538 649308
354992 787417
345358 807355
347753 802964
370496 759675
458134 592151
314870 867932
310867 879863
300410 901583
304343 894845
374684 757468
299664 906084
338421 829926
299471 907935
271385 963688
350344 808809
401862 706857
411588 688663
302631 907135
374571 763883
400406 713177
264869 987091
395075 724035
288641 939392
448104 617056
427835 658358
342146 837104
356144 810338
382988 756875
361606 803422
395700 732125
300728 933082
347190 836523
356860 819727
297668 946816
406420 713385
285790 974092
333844 870605
352871 830280
306456 930947
305774 933046
372329 789143
280378 991554
330043 885209
426913 674432
313788 927356
383430 774074
382896 777436
297925 969721
466826 588316
445048 637908
288272 999682
424230 687354
380269 789447
383046 784856
473769 574143
325462 922520
361722 837776
348093 870951
334590 906746
344966 883598
474585 574076
313937 958808
358417 854172
331919 918528
412563 725455
322870 944250
303091 997291
340022 908985
307153 994352
324895 952448
316548 975618
332494 936190
319671 969850
346949 901312
407364 749076
350993 893372
354998 884317
375849 831111
459917 616300
409513 745863
443937 657850
328882 954382
354526 888730
462409 610970
412156 742105
390273 799269
399587 775180
315556 998532
350153 911440
321940 989197
360156 888986
394426 798431
419520 732283
362957 891479
356407 911554
470769 596015
336797 970717
470084 598282
413771 756259
462898 619088
379876 853274
345561 950929
470211 598972
391663 821891
361233 909450
436434 696322
333820 991088
474526 587961
399197 807532
335393 993469
347890 965375
363079 920408
442630 684932
373443 892208
385129 863242
422329 752853
392473 846256
365776 937398
351474 983627
454472 659181
463526 632404
410188 803848
449803 677068
435681 722660
354261 986909
356605 981437
398659 848590
395672 859239
391580 872860
420564 778298
392994 875625
359838 987474
461263 646681
392869 878750
433583 741681
474847 601804
389929 890877
491426 545672
440850 717947
358913 998382
395363 876160
365968 979123
387847 905742
441083 721878
385324 930286
471390 620288
402120 876389
443905 724412
402434 880789
415248 840058
429758 784994
375517 995594
408938 877873
406016 897750
401183 918843
477843 608719
419546 845965
441916 759163
425408 827565
416068 867595
443398 754820
393265 965026
438611 775853
468717 650805
405857 916881
415214 879077
478163 612991
403997 935142
478510 612965
402412 944056
412657 909272
457894 708299
447025 757438
429853 836596
427554 853037
462081 694511
422313 878287
442376 786376
418489 903974
453649 743708
420492 903454
428272 866961
484718 594758
441097 806322
424741 885603
475601 639362
475345 640665
455479 740126
420553 912660
424899 893514
438443 829460
449504 776932
414951 952921
453577 761706
417420 954466
456986 753019
448766 797841
420981 949483
479080 637016
449741 799332
460252 742164
469546 691506
478513 642121
475652 660489
467596 707779
432952 908045
452654 797184
442897 855316
454701 788098
433464 919909
479353 647786
435682 912933
446999 849873
455001 809008
434427 941337
448396 861028
453869 832987
473511 702923
430618 988155
434388 971693
448701 874880
488814 603066
435834 970303
439050 954741
443380 934318
450896 886821
448656 903998
451047 886954
451102 896958
446148 941014
456378 864566
445572 952541
473405 737306
472853 742950
459264 859002
458324 869447
448181 954650
455133 906625
448062 978147
452660 943462
453479 942762
467393 835630
491114 618696
466382 860133
472579 800831
459125 932715
468314 849897
464742 909255
467879 922574
479700 799366
470432 916866
475260 868013
483993 761970
495349 610979
470235 979942
477002 903872
485270 807318
476117 965298
484039 834379
475671 997726
492749 703528
483287 887825
483737 895703
487745 815931
481090 968662
485597 877640
489320 805103
489039 839771
494264 717255
485940 951367
491811 804960
499478 614103
491918 855153
487491 995306
491633 893107
493890 826079
495328 788136
498916 672651
491887 965003
497246 800455
497013 820250
496159 880517
499734 912550
499432 961293
500268 914319
500486 899106
500194 979992
502760 744081
502749 779774
502511 939319
