495171 958445
495222 810386
495510 881906
495574 668646
495568 658262
496471 885970
496665 884023
497273 987447
497258 943813
496417 649851
497406 765795
499170 953461
496773 635509
500684 960606
500622 948044
499348 835904
498175 736466
498515 743617
499420 792068
497013 613870
502896 948868
502832 878525
500280 723073
501925 786889
506334 957118
507162 980909
508519 993748
498576 612160
506056 858636
507063 883414
510717 987038
508664 892152
509725 884115
513974 973494
506918 793467
498384 571246
511283 854351
518010 983711
514745 888761
515668 893849
521180 995372
518141 909409
506002 686825
523893 969457
522375 944317
509719 726138
524138 932372
502761 610363
522379 899365
526164 945004
522860 892979
527962 950061
529770 973225
528634 952260
530082 950867
527862 910621
520581 816449
511833 705966
516170 757174
532738 959456
530345 927268
509132 667176
526613 874490
536809 993708
526283 861908
526812 864759
526748 861270
526712 850203
524087 819586
518071 743527
521653 779033
536404 934276
531473 877606
515845 710442
546203 993740
515265 684851
539547 907131
541451 923653
541453 917573
526223 777365
540011 892804
531374 809595
549470 965329
534393 834793
534521 832690
527491 768497
537306 838428
520745 701183
516029 663219
541813 865538
553021 952736
532323 781650
550952 916621
515417 646737
505748 574707
561261 978217
532364 763738
561050 963302
566626 998264
555571 912734
564610 972935
559387 935001
508590 587205
548870 856799
555450 894859
557155 903646
539005 781758
518513 646548
525342 685944
566081 939708
559202 886622
504952 555566
568341 931524
574999 963766
529971 697132
542825 770247
571941 935333
564741 893229
523223 656190
564187 886170
583055 983007
562264 867912
549946 798227
568218 898446
567580 889314
580975 948038
591515 981732
596499 997607
579206 906563
551106 766916
574263 871772
578504 891303
583599 913442
559268 796919
530931 664189
546016 734410
583686 908595
578517 882114
566014 823560
592231 941805
592769 941337
590956 927045
599024 962443
529193 646916
590840 915861
559731 779192
594566 929729
581052 868263
602112 945717
585201 871329
594172 901388
597208 911109
595630 901366
598140 910453
614676 976087
537627 665246
580790 835110
622560 998445
612044 951450
623112 992445
551943 714926
598556 891186
509007 549703
616841 954602
627025 992627
564316 756085
629195 997767
629837 985466
538882 655187
631589 987638
617527 935416
609121 895924
597320 854464
609143 886314
630230 950214
619431 913722
591038 816464
580837 782210
610774 878705
550964 676484
563311 714054
615873 880139
519409 572797
616955 877593
534558 619869
647756 962697
612257 853411
617376 868561
627023 892277
556668 681008
573224 729946
525000 585773
649990 951636
660989 980937
606243 820491
660552 977856
549632 654992
603305 808278
520877 570491
618806 849877
527059 587894
616259 837191
524988 579997
670944 982936
674692 989536
660459 946724
663875 950070
642504 892506
688187 991292
549300 634699
603213 771147
676284 953979
595395 748461
639528 858208
671911 937784
646915 872519
661298 908033
699108 995344
592004 732961
681684 948148
631812 825733
664470 903088
628717 816701
679727 938519
629161 817338
659002 888488
676267 925138
669477 907895
645475 851059
535521 591977
608656 763958
550770 627126
553259 632544
668212 900166
611815 767895
639989 832625
695462 957956
703031 972187
673860 903834
708735 982041
700722 960807
563491 648640
671056 887357
669505 880045
633260 795305
653910 839717
647892 826553
623621 773489
629352 785648
562590 641873
613249 748972
629284 781816
608069 734168
667138 857638
696554 917510
680846 882835
618198 751889
713538 946833
666240 847725
655514 825540
698641 912372
739996 995734
724136 963220
740766 995428
699967 911977
657520 825945
676718 863975
711025 932079
649975 808909
667302 842504
654391 815120
665917 835770
643182 789783
725043 950173
688529 878085
557391 619039
676078 851173
514870 535315
673463 844257
722821 937917
686438 867074
632058 760997
727067 943985
723865 937673
745722 970489
719319 920337
748377 974702
703955 890877
689156 862840
507121 519393
596378 687282
629732 749720
689199 859759
588150 670186
532334 566046
539467 579251
573926 643224
714667 904588
749583 968894
615479 719901
620491 729061
700030 872648
709638 886262
639460 758021
612375 706581
756456 962934
635937 746472
614587 708415
720094 894322
644852 757853
633385 737265
723055 891916
668649 797064
621125 713208
760528 951212
717208 874767
682364 815097
619017 706196
723607 882727
697317 838069
782654 979664
721555 877058
734480 898254
708464 853566
623298 711043
763025 944204
664197 778827
645950 748191
688460 814845
721964 869448
769553 946288
749328 912621
761933 924880
782940 956920
727344 865785
803085 983876
694279 811747
763733 920748
724779 859148
686487 797729
565201 606108
815036 995709
699792 815831
679546 783334
793840 960708
669305 766195
771865 924395
785238 944577
625614 695895
710527 824143
786565 938635
597645 651677
693244 795317
744447 871373
688169 784994
536426 558324
591469 640224
781593 922803
784151 925569
804024 953737
828750 988535
795362 939129
773058 905922
820152 975223
705976 806931
599834 650042
664679 744121
624450 684690
827456 979355
645685 714655
716199 816475
575716 612586
816828 957080
834535 981835
594620 638870
612323 663770
602142 649100
647035 712921
792723 919951
554067 580579
809360 940853
754745 861117
589383 629074
808134 934976
714223 801358
825282 954133
851464 990253
854634 994636
683720 757325
696434 774806
725257 814175
722195 808923
816124 936403
786885 894928
623512 671533
804569 917520
716778 796983
803363 913816
853472 981028
803058 912410
672510 736151
575787 605453
809824 918543
679713 743407
838361 955232
822544 933159
780470 874948
733514 812329
516031 524444
608293 646169
728698 805037
830048 937857
594677 627593
785978 878200
830257 935894
631740 674846
568370 591614
783808 867217
820600 910468
849648 946375
843783 933939
693356 744681
748808 812530
740107 801012
653958 693812
764094 828077
755074 815879
760614 822387
607557 633960
739409 794320
721966 772814
707556 754795
815622 885810
891433 975809
731555 782555
898043 982556
857257 932964
662730 697698
799266 861175
765008 819430
866938 940962
894129 973366
855712 925991
674690 709581
820753 881425
678478 713172
875122 944865
888054 959247
920764 995359
876739 942575
907932 976934
787832 837036
847221 905468
825140 877448
838399 892663
727982 765290
617557 637843
883747 941873
649168 673200
825319 874384
833595 883048
884336 940508
846673 896846
889341 945348
866316 918125
518973 523698
764813 800440
845900 891379
891433 940811
835897 878538
880407 928177
877739 924572
903232 952729
790210 826468
842033 882709
774817 807506
939886 990360
739692 767901
611300 625158
673800 693982
759753 787562
938657 984071
628813 642955
569602 578099
799346 828577
934522 975102
672279 689158
950992 990982
926907 964534
673914 690412
957631 996315
773425 796180
692007 708554
933687 967091
678581 693419
708419 725250
887009 916133
829453 854403
794922 817266
941278 973445
954315 984934
841733 863984
756056 772083
616075 624252
961149 987327
783472 799657
660571 670365
700311 711952
932986 955432
883896 903014
753242 765727
666145 674918
964950 984914
957337 975995
818142 831478
875307 890225
904436 920361
705542 714523
899420 914673
765839 776485
675122 682335
704531 711649
855339 866255
807225 815972
585213 588736
837839 845623
953244 961281
727273 731955
988335 996288
915612 921644
667312 670535
804790 809023
906735 911534
865871 870353
985784 990221
606504 608653
630989 633215
731697 734120
899367 902158
991035 993670
818443 820650
659377 661246
986095 987398
705132 706226
763531 764199
934228 932537
976420 972484
864751 862108
770961 769264
693902 693071
884562 881120
743067 741377
891471 886132
851410 846582
895763 889516
699604 696631
688004 684597
697595 693305
906268 894586
778692 771098
893635 882188
775245 767573
812988 799935
929650 910765
947936 927083
968962 946998
667974 660722
969595 944600
665639 657738
979481 953219
972800 946766
581044 577700
720111 708141
660633 652109
895953 872744
914602 889800
883807 860831
697453 686142
647051 638952
745691 730591
935038 905900
637311 628449
741945 725124
916950 884480
843995 815877
885193 853477
952535 914786
904487 870446
998207 955042
848593 818607
898280 861270
623041 612144
689966 672397
673298 656745
786640 758299
924183 881381
871170 833087
964684 916080
770432 742198
890421 848737
889886 846768
998183 942460
901668 855754
829357 790929
943441 889232
660311 640105
865328 817086
749119 716048
914185 858344
935572 875940
733783 700244
573494 563564
846694 795829
877924 819650
953495 883351
833698 782235
891561 830845
583221 570892
986325 908947
746283 706364
855444 797341
843831 787156
700942 668029
664578 637661
845732 788080
886992 821080
767742 721416
983125 897976
960666 879440
781146 731518
881764 813977
618282 597641
584659 569779
736396 692941
953160 868852
553551 544258
933482 852615
762482 713726
595122 577889
890228 816656
956890 868064
952168 864190
974521 881472
986497 891017
776917 722580
831751 766155
927836 841075
785472 727707
823704 757860
742589 693233
959903 865305
844796 773953
898745 816633
690319 651397
992150 888664
727888 680080
927722 837392
994322 887292
936593 841809
985619 878490
953397 853160
694606 651781
745210 689913
901058 809727
687074 644780
847713 768154
658737 622732
916881 819212
980124 867027
770991 707022
946743 840747
930964 826842
970235 856307
823219 743646
725956 670023
821801 741779
750738 688410
723274 667389
752237 688686
732327 672954
904081 799603
980511 854847
896089 791354
644699 606145
832543 743307
694126 642139
998683 864191
782225 705996
870828 770121
690065 638459
764276 692247
736482 671109
976948 844496
960200 831983
835790 741984
946924 820979
921964 802856
684407 632300
726071 662076
937882 812354
763133 687668
865401 760218
837312 740198
875159 767009
884671 772835
928036 803231
819046 725936
902983 783817
902096 782609
652440 606738
947204 812013
931351 799412
620535 583456
903788 779094
624802 586263
958559 815162
593010 564064
830645 726617
930361 793730
917469 783321
552344 535551
815842 713530
813464 711158
819337 714789
721554 648688
523628 515815
785403 689590
679984 619192
899835 764439
911940 770931
883053 751369
975977 810746
748862 661829
616941 575793
704360 632036
999792 822643
838825 718507
685875 619467
807721 697149
969859 800547
587257 555303
844898 718670
983307 806404
768092 669770
555655 535092
661922 601733
869678 726997
531306 519002
674724 606803
760619 659042
974657 789683
971655 786539
932099 760505
962261 778629
845130 707733
956658 774916
720095 632009
716842 629753
703623 621401
905398 741696
786822 669502
981041 783889
795400 674120
895175 732405
850279 705886
918486 745781
823099 689368
869542 716087
907932 737832
971160 772653
941750 755187
932834 749989
592414 552962
974574 771130
652216 586621
859034 704741
982924 775192
957392 760409
823854 684053
971241 766935
792047 662537
878864 710628
629455 571518
819755 676565
641468 577362
741375 632049
784250 655543
831829 680959
726207 622623
952497 744889
821213 673376
799870 661240
783148 652145
766598 642594
898891 713564
841022 681994
635034 571234
873319 697894
846128 682198
623253 564408
595885 549178
813960 662356
791905 650529
974431 744513
907888 709997
678415 591189
958290 734722
998660 754308
610076 554773
966965 734178
825330 661794
896176 697044
989495 741611
895694 695032
621365 559111
945388 716946
701386 597049
970717 725588
706057 597974
960808 719554
793607 638867
664789 577203
756545 620363
813099 646756
600666 546314
935923 703306
919935 695154
979713 722809
887575 678747
983816 722665
757058 617745
967658 714790
958578 709600
738371 607500
844059 655557
762409 618348
647655 566030
848441 656628
743472 608668
820477 642297
958262 703210
611731 548578
793590 628527
990911 715353
649268 564399
786816 624461
841386 648124
971572 704692
912837 678797
886618 665339
993065 710090
951993 691822
800569 625541
596016 539344
916810 674251
802033 625471
779819 615456
704300 583743
766415 609322
947426 684290
875324 653968
978241 696123
669509 568482
884954 656734
999000 703469
754486 602553
801113 621507
798437 620296
913498 666709
758971 603314
794437 617326
967615 686935
771128 607132
969508 684104
698101 576949
904731 656157
615060 543439
780720 607495
975197 682219
926188 662863
978725 682549
650695 556453
906721 653973
967201 675740
864457 634937
773273 599936
850443 627780
903745 647388
960036 668065
860107 630127
896158 641809
657978 555665
981698 671752
721171 576785
839252 618536
810524 607044
919277 643964
772743 593048
732338 578648
903041 637366
755944 586514
801637 601971
602355 532606
907601 633640
593421 529391
650799 548354
861649 617741
926774 638950
855771 615544
955550 647346
821325 602930
941487 639712
772272 585090
680477 555737
605650 531813
947866 637585
867402 611959
558608 516445
870856 612768
797156 589580
754401 576299
950553 635627
894386 617175
834398 598753
772799 580086
997149 647154
908282 619859
525658 505859
934046 626169
872506 607403
647929 541225
917613 619185
704964 556169
610135 529328
856943 598580
807531 583279
920713 612912
707955 553917
737223 561619
703193 551828
894804 602245
986333 625460
945666 614360
814099 579973
989613 623842
843832 585437
856674 586321
607899 524629
969736 613744
854324 585216
650848 534721
826011 577315
977532 611214
664783 536712
892188 589906
948800 602781
641951 530385
883146 583704
734548 550008
874266 580282
815800 567297
971063 601109
756059 553978
971803 601206
784286 560017
860400 576069
822286 567002
635036 526652
888601 580128
681046 536120
771600 555045
696159 538885
973620 595502
598393 518105
829424 564952
580017 514001
770832 550129
716507 539374
979421 587935
939969 580347
801028 554194
740189 542235
656437 526439
807013 554042
831951 558606
737638 539119
843849 557611
614036 517440
989044 581042
930988 571039
994650 581288
910323 565641
760290 540702
666173 525057
911983 564900
964852 572096
585838 511336
955890 570104
885758 558616
856222 551414
972983 567956
703291 527788
916436 559045
980519 568024
750895 534174
822805 544598
949942 562910
896465 554837
855423 546356
710752 525894
558928 505152
541746 502873
782112 533726
768865 531889
677358 520173
946140 550427
988100 554461
630918 512523
707469 520939
717231 521763
871809 538837
521420 499712
785256 527999
891614 539419
811079 529983
740256 522449
775424 525912
733495 520874
974295 545029
965669 543975
715113 518687
757091 522392
814169 525781
902182 533586
656503 511285
923750 535139
945999 534300
916266 530977
942824 531623
803003 520302
612181 505599
770950 517336
876091 524949
937435 528637
817608 518838
797941 517036
878576 522310
977504 527403
673144 507373
829972 515582
886093 518503
896743 517534
656837 504978
949506 516678
888568 513781
989548 518078
903459 514077
749711 507517
809300 509853
754280 507395
971489 515846
982909 516168
623417 501921
777101 507874
541995 498641
975989 513721
701828 503447
862001 508237
701721 503144
779238 504752
856019 506741
836645 505412
910619 505966
839919 504046
673680 500436
928272 505181
921383 504648
979483 504836
719543 499720
821414 500463
961299 501823
956742 501704
521916 497116
796585 499297
753748 496820
904354 495042
780951 494898
776145 494620
874540 493654
687501 494850
700009 494459
987647 490793
948446 489978
792462 492336
923734 489098
879874 489663
888960 488938
820573 489866
831319 489015
949624 484757
705778 490970
893626 484965
793877 487197
687895 490436
943441 481352
847864 484408
992630 478609
850831 483746
892256 481367
854460 482707
774395 485459
802271 484127
952208 477320
907545 478840
978907 475091
918422 476704
951986 474722
856638 477248
704528 484594
950342 468942
900062 471269
869512 471935
957433 464884
821821 473638
938272 464280
874435 468092
932621 460615
851971 467292
659760 483037
838414 467692
831119 468155
710648 478250
955389 456820
613860 485713
906127 457493
886576 459229
604833 486299
847916 462919
942062 453857
899699 457895
953597 452296
655970 480342
725268 472766
816636 462653
946796 448507
944792 448475
824287 460049
699912 473622
967919 442342
874835 452256
880761 450642
929110 444247
692824 472694
947613 441136
981136 435655
919847 441419
985761 432266
630522 478120
880972 442961
723631 464698
866706 444561
963001 430308
944311 432813
828595 449045
919891 435320
714031 464406
820525 448521
916877 434126
925208 431792
841664 442702
991906 418784
627616 475595
999012 415897
996655 414293
610848 477707
900686 428865
883677 431657
899526 428094
680059 464918
794163 445000
613888 475744
955533 414896
758355 449210
901776 422518
838025 433605
975623 407896
920145 417063
986963 404226
838192 432238
980879 404999
847279 430242
862492 427173
533744 489192
885799 418826
709381 453844
936387 407663
897164 415586
823811 430163
662551 462810
795772 435352
885512 416846
742874 445651
985486 395496
922569 408068
991355 390740
960189 397236
596485 475127
509979 493661
918439 405803
608546 472215
880847 412704
867613 415365
984217 389760
825639 424435
820962 424484
737263 443057
706154 449633
914588 402214
759790 436207
603967 471882
798051 427348
881217 406885
735183 440162
710010 446043
895993 401344
880708 404858
896775 400632
695239 448740
780800 427973
951790 385359
883540 401060
600047 470929
915952 390838
992946 370661
836043 409900
963717 377107
834893 409683
618891 465028
922472 386015
642015 458681
922141 385759
996012 366042
984144 366319
936530 378823
583324 473238
771982 422283
795719 415499
711734 435684
876803 388756
758812 422111
552568 480548
694374 439843
975417 358895
936275 369718
716905 432746
922821 371719
962645 359919
737969 425078
896811 377721
629999 456633
994910 347133
897141 376392
846979 390454
923412 365913
865156 383445
993672 342514
921634 363422
979471 344461
651702 447361
866568 379404
845040 384936
959611 347802
859135 378942
954429 347867
898876 365102
926451 355646
945182 349490
967033 341478
888209 367196
816577 390782
947722 347494
756388 410449
943336 347769
953012 343974
785281 399892
710838 424654
723560 419811
639224 448147
823116 385663
790326 395405
714810 420827
989414 320979
651988 441005
891867 355286
658513 438508
814225 382900
740415 408318
602533 457831
780672 393075
807183 383157
866725 361400
882812 354921
701007 421341
921874 340238
909169 343743
935135 333716
635059 444720
913867 340255
575710 465566
750010 397093
817693 369870
897375 338189
839289 358539
867546 346606
687014 419409
865726 346724
817856 365515
854085 349765
844259 352971
755311 389523
984547 294615
691190 415474
906837 324385
969056 297856
593361 455424
802512 366067
836858 351280
946275 303578
776389 375892
584104 458582
918281 314162
931528 307977
657551 426382
756455 382983
966452 289388
938265 301495
961376 290369
900687 316713
715551 398769
888572 321541
950089 293937
817113 352663
936250 298944
833774 344023
940240 295108
849273 336161
929626 299445
802209 356671
508531 490726
917547 301021
953125 283332
903155 306342
974446 272110
764537 370401
887671 312127
837432 335607
810869 347801
753872 373848
702038 398375
724643 387158
883800 310936
868500 318114
843888 329832
623235 435453
796356 352406
991093 258984
734318 380255
967557 266369
792010 351173
949357 273175
784627 353336
990379 250619
960933 264886
796334 346693
810616 338635
976857 252204
766553 358850
675584 405087
990645 244693
665937 409688
904943 287547
995138 241390
999512 239050
806643 337084
769356 356105
768802 356221
633883 424471
754407 360914
991908 236174
558740 463176
610613 435664
837497 315304
877380 293652
921041 270237
946476 256187
927316 263944
890216 281132
790310 335666
999892 220774
924527 261780
818109 319737
787995 336158
755869 353699
730581 367076
965419 237298
914234 265364
969412 234411
974624 230715
754910 351898
645480 412910
607192 433979
702723 380220
734334 362279
938149 247218
766742 343175
945244 241956
816847 314095
938020 244408
833156 303110
807178 317722
735789 358569
966417 225229
930681 244847
929658 245024
757705 344522
953728 229388
952178 228393
747669 348445
675009 390607
846643 288267
849833 283366
926713 236876
765432 333570
835179 290793
979428 202694
766496 331440
949856 218975
993592 192014
978628 200794
742453 344867
592589 436797
897948 246383
978070 196522
924984 228811
866930 264858
678300 382308
865630 263387
917563 230415
943146 214065
811110 296786
846978 273142
893145 243732
713628 357303
782753 312894
711909 358191
658754 391651
649318 397040
942421 205794
877950 246372
600234 427958
921749 216472
875740 245571
715997 350589
610961 420110
922444 213468
760223 320336
855485 256639
883976 235962
875339 241395
916123 213807
791034 295892
689915 363712
954446 182208
995196 153948
759197 315463
969601 170520
922997 201231
895173 219326
645216 392587
825992 265873
868304 235055
631296 401131
963535 167442
697329 354057
874267 229012
972421 159581
852623 243207
660978 379072
924054 192072
809195 273529
891290 215001
745213 318793
787180 288813
853127 241193
854184 238662
793779 280146
907647 197227
949952 166120
565074 445889
886695 210571
892260 206413
807809 267715
941950 169216
675728 364346
556417 451810
860669 226848
881338 211419
701053 344611
932271 173635
955620 156115
938764 167705
909863 187781
749954 305495
758275 298742
910252 183655
651307 378978
727349 321275
744550 307945
760887 295403
739922 311119
884766 200961
647069 381391
903189 186745
714061 329133
923227 168746
924169 167542
801862 261375
873580 205513
977167 123513
960162 136516
543960 458753
656440 369705
783814 268844
959011 130453
739210 303816
756242 288890
803038 251160
959322 125597
978479 109890
941287 139516
594184 417138
905432 165958
620795 395177
845058 213542
574139 432784
748893 290928
753683 286680
965590 111560
856319 200875
817818 232183
650807 368259
569712 435012
890341 169064
909571 152695
748311 286506
854420 198146
918596 144407
929697 134890
669269 351654
552178 449149
758506 276194
809284 233428
925006 135396
913220 144894
973039 93789
770777 263476
898833 152141
972052 88809
876028 170524
728770 296399
841327 199544
655811 358745
874629 170521
993703 67675
769668 259230
742279 282587
783837 246516
661457 351771
899500 143771
817008 215688
796024 232451
758748 265093
841294 190681
872179 162954
912354 127170
645765 363059
657111 352947
992491 54288
971571 72756
997793 49228
840647 188645
906028 127675
966764 72364
895049 134667
791230 228571
715678 296779
955902 78117
804284 215850
865470 159372
918689 110653
932681 97879
592895 407586
908337 118593
767432 247439
823685 195109
783890 231614
706873 302247
661473 343687
875541 146129
937715 88676
650828 352495
993701 33502
656909 345846
703746 301625
766110 242749
899503 117106
956236 62025
862821 149881
558978 436606
880894 131977
722153 281810
556027 438834
720483 281803
928030 83182
687033 313065
952266 58010
760828 241239
878433 126534
918442 87018
823881 178284
882014 121523
935216 68675
954675 48887
797068 201902
872688 127432
888382 109874
704465 290439
754312 241003
738736 255089
957442 35341
977505 14720
935845 55492
939107 51900
920192 69811
823598 166626
967473 21630
942978 45992
638862 352137
679313 310610
937713 48582
817739 169645
783292 204286
932213 52628
959449 24221
606717 383191
707215 280788
856214 127969
955913 25955
883898 97550
863638 117687
811360 170565
843628 136413
907266 70255
833181 145853
933066 40928
953019 19958
670687 313224
932196 38855
662446 320469
921624 45322
652405 329979
825241 146573
875531 91869
802974 167608
902621 60254
874846 89755
673837 305175
717530 257837
778594 191788
559636 427099
949382 5439
946880 7623
930283 24855
824303 139579
755411 213212
553844 432810
937853 13787
814905 147664
780702 183776
811137 150246
738473 228855
564683 419954
672959 300058
898903 47735
706559 261632
686642 282895
910133 32809
896720 45993
731824 230936
885586 56877
879763 62456
814596 134959
704234 259131
584184 395347
922492 8857
776140 175666
502174 488805
614646 360097
840971 100252
812323 133099
862900 72788
874882 58872
657997 308594
551173 431803
884819 44286
797522 144485
911722 11280
856891 75001
902957 20885
678818 282137
909435 11964
792458 148742
717677 235779
886770 36955
899566 21548
675807 284495
782467 157312
699346 254678
718168 232310
884345 32076
873459 43724
793949 138468
736770 205417
725388 219111
775720 158203
575825 399347
723505 219839
721290 222332
752025 184738
829276 90402
683612 266634
857671 52495
725284 213951
750117 182989
809744 108879
873221 27268
723541 213090
842084 65330
602814 362332
615430 346201
741972 187448
732641 198488
770562 150763
784997 132282
806552 104883
836684 66142
778227 139510
846197 53194
806117 103605
816893 89387
778985 136916
814586 90935
794386 116423
722993 206809
725243 203914
608125 352768
752210 167258
579256 388943
803726 98475
764677 147747
604845 354209
623179 329981
838303 45657
789960 108748
749653 161729
779030 122289
830105 54165
784014 114907
710169 210840
799400 91640
647025 294369
791797 98600
818406 58201
708961 205745
745390 155408
779691 108574
758596 136848
763507 129334
809896 65632
663396 266214
677373 244177
740309 155955
779976 100756
628180 310761
763570 121194
789943 83840
729471 168233
519997 461634
529314 448415
652601 273339
792344 73518
765292 111499
743977 141548
798051 63311
825412 23920
699431 202392
782234 82624
589659 360158
816594 30310
721155 165285
807192 39014
752160 118881
587241 361385
781880 74395
568379 388832
737842 137302
817446 19206
808530 32039
827514 1669
625538 302346
737727 134391
813989 20142
815590 17438
747901 117393
571667 381879
597594 341999
635814 283971
638086 279761
795193 40866
709764 170414
614934 314423
763416 88007
718149 155805
660287 244171
776564 66112
814698 6915
682268 208738
814877 3401
686948 200685
805840 15867
772216 67791
760977 84712
771200 67800
681905 204698
797330 23314
746552 102186
729610 128457
668464 224516
589849 347222
661171 234379
759639 78569
683759 198206
794966 21247
564832 385919
763982 68677
672621 212318
766588 55526
754530 75072
682528 187429
649142 242035
697180 160282
698105 157958
631379 267070
720008 116109
577896 356543
637348 255667
755124 55525
692123 162116
555687 393760
678592 182155
701099 142950
740562 75126
679595 179576
707521 130361
709121 127430
696575 147526
674276 181408
769818 10462
581675 342712
721105 94098
692723 144363
629745 256438
689004 149567
756704 26034
726185 80875
663862 190363
595347 314118
627620 253712
721895 78564
760850 3796
623939 257649
756038 6899
697628 114212
746185 21671
624302 251658
629656 241372
708298 88976
688393 126485
545483 400185
717643 67778
599398 295649
628403 239482
628804 238503
628059 239493
682509 132620
725043 47681
567949 354444
727058 41568
695430 102942
702546 88179
583240 322290
626130 234175
527772 430663
705714 67216
612930 255745
735324 4178
658220 162010
609675 260756
582091 317258
670199 134456
664661 145847
566294 349055
731193 5910
612047 253692
662731 147755
590547 297584
634178 203651
632345 207388
677062 112965
585319 306332
609462 253777
681005 97941
594619 282867
714614 23831
657032 147841
563330 349838
582657 307863
638217 187362
584418 301957
588734 291793
568600 335512
589614 288118
704823 29913
679071 86337
694199 51661
668908 108004
632350 189617
686449 67653
627390 199797
540790 394096
560255 349006
660548 120849
585325 289438
695656 34822
644651 151370
620744 206336
626205 190389
658647 113249
606138 236290
698284 18079
696484 22102
701415 10182
573720 311033
669766 75913
638911 145838
696708 3919
661035 90782
615057 203188
574846 300641
534160 400259
595509 247444
562874 326350
689722 6109
644156 119965
568361 311599
541808 377896
577546 285553
666751 56361
646396 101247
660683 63692
679911 6611
679751 4307
664727 43266
675631 13885
590868 236759
579667 265879
671403 14150
641261 95232
622085 145463
649640 64857
634931 105975
630778 108884
629120 112194
645278 63497
643289 67344
656414 24178
599351 185593
584434 230023
653358 16258
657411 3771
605520 160895
574866 252550
599504 173818
599930 171762
621846 102209
613647 117036
502908 471804
597168 166847
611429 118312
631418 53212
515977 428939
542556 341389
537087 359111
608100 122466
562172 273756
637418 22068
610171 112717
611152 108184
586972 186795
536876 355366
555958 290305
631641 30641
637823 2436
614044 84809
541468 334887
537682 346711
552574 293048
596392 134132
572898 217336
609398 85882
616082 56590
626484 13349
582991 172545
513191 429322
626828 1980
515480 420124
584710 158641
563229 239366
550581 285707
548644 292488
581020 166740
580663 165652
608356 57553
608373 54087
598949 88707
557463 246552
525917 372029
598870 76034
586829 121989
521958 386768
588292 109811
605424 34350
585785 104644
537508 312976
517033 401790
565197 192253
547381 265790
518689 392109
586441 90322
544385 274732
546427 264091
585041 84502
588898 53362
598631 6571
582299 83650
544170 262580
568473 146399
573146 116985
587844 41601
592086 18264
570439 116384
572702 100369
557221 171287
536166 279530
587766 428
563911 123980
531329 297894
526525 321691
549703 191539
580141 4032
578615 12091
528117 300843
523174 327428
574798 10767
522150 329357
558416 103563
538515 218758
554290 111451
534144 242460
541497 189808
524446 299760
558789 67373
546857 147247
557830 69199
540600 186601
552212 101359
557292 63870
564883 6344
557512 54480
557838 52065
503353 438459
552526 86973
548263 115518
557678 45846
555909 57428
549389 101697
537932 184027
536777 191916
558582 18690
512963 361904
555136 33440
540269 144071
551222 34191
533045 174392
521259 274039
549653 31458
545974 15048
526907 193914
525695 201271
536394 95636
514679 302381
539003 59761
508098 366146
527179 163111
537053 42888
516861 259577
533309 75731
535813 30737
500227 438259
537471 5262
517337 231184
522692 141428
532260 15373
524546 103624
517297 199094
509296 301644
528124 29520
520320 133645
498344 450552
498295 450889
516454 178611
520460 118656
518913 141616
514480 203095
517180 154097
515256 155753
520758 61338
512260 194353
505158 316248
514395 132063
518326 55579
516417 75953
508119 214369
513011 81150
503730 278562
514232 8565
506302 211378
505288 234097
505461 217310
497891 419125
510991 31251
510726 17962
499700 355892
509135 22185
505753 126814
498135 391487
496916 421508
500395 270866
498135 356810
504394 30353
501892 118055
501578 107936
498332 289136
498679 265776
499204 221013
500004 52710
496285 361637
495425 55147
495249 264441
495192 30062
494513 104296
494963 390755
493298 71594
492716 137383
494866 463027
491634 77008
492537 196356
491292 85672
492772 268862
492251 279887
485629 26447
492755 392168
492328 383121
488149 216766
484479 83212
483317 40195
492154 381622
493409 430262
484620 97976
488940 265887
491596 387892
491658 397910
485654 237683
483131 196322
482840 193956
476647 44954
474513 5642
482444 197619
476706 68077
481350 194352
489316 369768
478861 143690
483459 251475
477834 156740
475042 110149
469257 670
471598 55491
474565 123837
488135 375614
482584 283255
491871 447026
466480 67685
467200 83622
478778 272050
487660 395600
459025 10693
471495 182902
459558 25277
470325 173469
478047 278231
476090 255032
460608 63562
467234 149739
467086 166730
456339 41109
460372 91714
458170 70505
457532 63400
463503 140611
467725 199517
461371 136953
461604 144822
476962 307941
449303 27939
480605 351237
458403 130904
450433 58920
463865 190708
475799 307642
459028 148227
449566 58452
443214 12217
454493 118062
454711 121450
453111 115061
460961 186995
444567 69143
454464 161989
434164 4790
457276 194077
439590 55673
450247 144581
474357 334500
450332 158457
431159 14944
436080 53567
431515 21940
434080 46397
461360 254953
450699 179546
444108 132873
457123 226000
438441 96232
479383 386758
425130 7986
442626 130580
467725 306156
463336 277851
441453 131620
480245 395771
445569 160568
449235 193637
432182 84235
487531 447817
437340 126379
440816 150990
441021 154489
421590 32853
418731 22403
429253 89974
463053 301783
462413 298352
417650 27554
436071 143270
426220 89221
411737 4999
460869 296619
430962 126576
409255 17158
467837 346138
466256 339173
440854 203390
465891 339383
437547 191753
402939 9693
452641 273922
432556 169005
462839 329019
450162 263390
399522 3537
434284 183925
418848 105724
434335 185243
448612 260426
437371 203360
422849 134065
446676 257783
430804 180324
394560 4794
396240 13191
437924 221934
389024 5373
400580 66626
412963 129836
414748 142076
471957 394614
382594 2098
402247 94083
427632 205686
405633 113018
420665 178708
395793 80749
427818 217554
381189 25032
436733 255789
398181 98787
429855 229355
473926 410239
379709 33156
445073 300037
408540 165453
444262 304158
375815 46411
479174 437420
437690 288796
385938 103064
444037 313985
407297 184015
394958 140570
395785 144067
436230 289031
407894 191142
382477 102598
469719 408117
417786 227360
431897 277305
394968 152046
458595 371612
363255 48443
364824 59117
443632 323910
451267 349562
361900 51918
441140 317091
390331 149155
415851 235069
466001 400756
391640 155545
375402 102766
399127 181899
380671 122275
351639 29603
382852 133940
410278 224745
427389 279996
396338 180824
364144 81415
356857 59776
347826 32648
335749 3180
457151 379275
474392 432845
356687 70098
377671 136721
375041 132096
385558 164815
455927 378480
339433 40201
375112 147025
411045 256917
410627 255872
325758 19019
442553 348561
457455 390865
339886 60877
326709 27042
367035 140053
348821 93579
319457 19764
374697 171146
345573 92442
362103 137485
438999 346937
310017 3449
380119 190639
329559 57739
378511 187647
321740 37787
340466 92994
445407 367027
317185 35488
419030 300975
354880 138800
332234 81644
427410 324351
409037 277883
386757 221379
336277 96030
319765 54608
326684 75837
332797 91740
419884 309639
299560 10952
378371 208105
372732 195553
304869 32564
375854 206185
386366 232872
295832 13584
418282 311487
431162 343096
358010 167567
350117 149443
472762 443916
350903 156119
302529 42066
376235 216651
292909 20643
417245 313597
317090 79286
291194 21155
450274 392250
443083 376293
319757 92432
334512 129072
376716 225965
352909 173481
328797 120182
426178 341060
389477 258610
447399 389681
324204 114142
350796 173975
278554 14125
326587 121871
387659 258784
439741 374260
311095 90835
395132 277052
291579 49908
330241 134917
401534 291667
279243 25614
467624 436936
312004 98795
382485 252216
289878 56856
360068 209733
295336 72992
306649 97149
324105 134470
341972 172391
466590 436506
288611 61117
364073 220612
381994 258671
255282 1550
413053 327784
254189 2469
288831 74872
287968 81647
314290 135034
263318 34254
404694 316631
403975 315315
277860 65151
303346 116131
386981 283475
308723 130782
301920 120933
264059 47376
244792 11582
419162 349987
257030 36776
396844 309427
312007 148494
396728 311842
399608 317935
260072 60260
371932 268213
246111 34754
227908 2108
367911 261337
254443 54276
397275 317142
388095 300441
268995 85194
311473 163048
235732 29450
227229 15881
227947 21421
324404 193249
296453 143935
454453 424609
241021 45809
316708 180690
334700 213180
264018 91119
256717 78854
376658 289296
277671 116040
255676 77777
299790 156247
400486 331879
419128 364688
242637 60889
333354 220411
290387 148548
427112 381152
221627 34680
341188 236795
241702 69020
389838 319410
373080 291550
238633 67137
378639 301928
317491 200915
304232 179240
204271 13318
202461 10591
240605 74839
414323 362951
384366 313939
274017 136646
330308 228802
260022 115202
282317 152227
251258 104605
345978 258681
227688 70394
376560 308345
269425 138884
201469 34627
253539 117324
305830 199840
259163 126784
391389 334828
233761 89503
302746 197369
256143 124846
229913 85158
355722 282013
180953 13918
325696 236861
306927 208390
364052 296145
206038 55211
373037 310387
470264 458963
369134 305018
267567 150616
217781 77517
425212 391468
312692 222114
215640 76837
363033 299187
290235 190290
254896 137548
224500 93672
207584 69303
435952 408886
245579 126942
319931 238563
395104 349471
380924 328607
346326 278784
317924 237346
254653 145193
264598 160777
166988 18738
210988 84656
243660 133014
155217 6295
207361 82189
253966 151816
204339 82554
171083 36165
336569 271760
195181 71899
285477 200788
287068 203072
344296 286311
249145 155406
195272 81122
367655 320310
168657 45139
364216 316192
193169 80200
262686 177791
367289 321955
337950 282069
154334 31389
347606 295624
288970 216247
263267 181306
183520 74426
211215 112308
169857 56629
140500 19063
165038 53153
157301 44109
216316 123607
195333 96893
401740 372405
260111 184321
265255 191323
177748 76443
380582 345536
135088 21639
415271 391522
235667 155631
301652 242769
304170 246591
149565 45440
156170 55440
133850 26481
174551 80513
184077 94910
208355 126425
174653 84000
121242 16509
484197 482789
178152 91296
349186 310453
359346 323560
225890 153676
117525 15880
422207 404353
289863 236781
185463 105334
107923 7943
137527 47766
294195 244694
155248 70431
402094 380346
230136 166064
251540 193333
405261 385202
316794 275503
359791 329036
259144 204445
252501 196355
138868 56470
156842 79568
375684 349535
354050 323183
291213 246446
408124 390130
152327 77075
127027 46245
125376 44482
114816 32532
151780 78190
93607 7431
422434 408435
178209 111948
172680 105308
119190 42423
86702 3672
91246 9761
335354 304797
217958 163795
276063 234352
261155 216989
355833 330333
123091 54140
88763 15154
167111 111133
154824 96877
181139 130775
374066 356004
158180 107072
220632 179720
245593 208934
91033 31367
194165 150258
161974 113370
160754 112367
152740 104052
261650 229218
77430 18737
99701 45109
138964 90378
104151 51870
371846 356750
100639 48973
140261 94154
296890 271994
250580 220087
315161 293201
368243 353266
247348 216601
332752 313889
401260 391198
223380 191235
218318 185890
217311 185639
249754 222028
404831 395732
51499 3394
247233 222126
265671 242574
275897 254248
126519 90214
48538 4807
115685 80540
183225 155729
414510 408784
54052 16346
154325 125794
169176 144911
337908 327133
82041 51774
126213 100310
175287 153118
44482 12950
100471 73196
322516 312085
108355 83152
41964 12800
259524 245295
43744 15829
356907 349806
130372 108946
469627 469763
180085 162462
346575 339205
47434 22781
292631 283446
256544 245935
107603 90115
378388 374324
284136 275423
53677 33656
382419 378684
72062 56209
100858 87947
212092 203338
171022 161873
171720 163551
86986 76431
125894 118526
70364 63249
108278 102459
400856 400752
195262 191405
361633 361094
303622 302457
66909 62244
57049 52893
31149 27375
29765 26078
242416 241658
96934 95186
23253 23137
179973 180544
54926 55073
30912 31978
126525 127786
35836 37237
31592 33349
192814 194556
198 1986
128840 130955
394128 396065
177954 180767
224983 227784
138751 141990
173925 178946
65425 72986
14524 23420
61050 70682
192773 200489
162351 171126
22697 36455
258847 267328
239614 248690
222221 232276
98403 114169
150866 165146
25324 45507
195568 210307
169770 186074
233249 246757
278394 289876
136296 154249
141960 160029
39616 62954
72005 94990
110746 132447
258946 273055
272845 286320
271934 285853
9165 39551
22849 52521
180194 201290
350232 360965
83063 112207
181347 204094
34476 67614
382298 391863
96987 126463
78062 109004
171946 197708
56550 91713
10074 48899
265339 284704
36929 74234
145299 174296
30529 68855
252838 273798
5669 46917
23360 63574
4291 46353
198381 225474
422982 430947
116293 150951
235100 260567
328286 345291
4542 51402
364192 378035
213876 241819
344235 360347
42800 88369
3382 53283
206311 236549
329598 347826
331100 349831
6448 59261
53759 101659
137558 177798
304261 326548
292876 316490
317330 339035
254886 284786
30234 87309
147676 191305
36228 94627
199463 238692
159054 204239
7082 72513
435455 444994
241955 276979
118782 170602
255309 289066
111825 165736
303804 331609
210856 251345
278277 310050
50000 113827
125324 180660
130163 185482
154773 206493
31861 103047
405353 420648
290247 323143
449322 458284
83406 152485
56859 130879
280510 319450
293047 330859
157742 220756
150161 215745
402671 421635
24519 117983
239719 292439
293931 335912
269544 316638
341237 374027
251683 302580
114615 193325
347212 378917
74705 164172
49212 144173
231019 288099
95199 181807
134448 213052
185152 253478
134237 213555
207066 271017
185138 254259
321120 360861
345481 380457
601 112854
65915 163670
95130 186771
15912 125923
132590 218031
176501 253063
51933 157998
326353 367977
107086 200762
51115 158123
52763 160241
8713 126790
255076 314438
289461 340608
24710 141910
129302 222163
158394 244172
451514 464189
74431 184067
105090 207149
234699 303670
168275 255202
87485 197674
181297 267066
163671 255456
102443 211158
351554 392579
347276 389515
431384 450587
351771 392863
267575 331875
50598 175326
20490 155577
222820 301608
176847 269328
339022 385381
394694 425374
191037 280599
21789 160331
289437 351278
127085 238371
381267 416953
48716 183672
26496 168327
132290 244510
362487 404680
79125 207852
94570 219247
5445 157483
103952 226523
132865 246554
8338 161425
185899 285599
122587 242733
71795 208461
1048 160381
401237 432993
297277 362478
27403 180391
168808 276315
188211 290195
310796 373218
276212 350406
172906 281455
215269 309985
91246 227671
237169 325208
127381 254716
97876 237907
128828 258592
390472 428772
269201 349948
161704 281227
288244 363405
223315 321874
114558 254032
212228 316495
224942 324725
277530 358554
80846 234022
280563 361054
86792 239327
216468 321534
6597 190131
390965 431727
183345 302271
115677 261224
288510 368586
38655 215184
129265 273404
268516 358528
481972 488823
414525 447814
409701 444893
103098 258502
32298 215674
135047 278461
205351 321227
161343 294572
246255 346385
80756 246509
320511 391700
98131 258095
30935 218204
167599 300433
288082 372695
169228 302744
133872 282090
137745 286475
342802 407180
79858 252435
47559 234064
132725 284911
12401 214785
208029 331071
257557 360596
36572 235865
199784 329888
87307 266331
9804 224563
57015 251818
59940 253815
49639 248235
133118 295439
220484 344325
40318 244435
185861 325987
115108 287307
13364 231380
139986 302173
13487 232987
175880 322631
180896 325400
215102 344840
298751 390679
209292 342322
55175 259806
85810 276670
159738 316487
81665 275248
254726 369389
231376 357254
12692 241860
215722 349362
137422 308376
76157 276162
112183 295808
21286 250193
78106 281759
174820 333082
380346 438684
57981 276394
121943 309792
59455 280571
158122 329591
85941 294679
157402 330467
27660 268215
57434 283446
150876 329188
34540 272657
24613 267953
74954 292471
283521 394264
170343 340284
27055 273810
28346 274736
249451 380196
83945 301669
147148 331965
82984 302334
389692 447252
26735 278879
24802 278834
195598 359174
122682 325769
3073 272546
359280 435503
161297 346176
31282 287837
224602 375309
23133 285232
52893 301120
111988 327668
94290 321377
5765 283149
180467 359529
28707 294369
15664 288879
8586 285895
235345 384569
221558 378678
128754 339049
71226 314354
217536 377469
207765 373503
4387 286463
14445 292046
346510 434223
207854 376170
294579 412681
56031 312715
271687 403409
140200 349569
129294 345675
44289 311949
376726 448629
139646 352834
227911 388812
68724 324567
68525 325295
103911 340626
215676 385493
84318 334136
259013 403519
283224 413395
128229 352480
194151 378794
14157 308367
192055 378837
242532 399062
15461 311354
81783 338887
124192 355325
123187 355015
204850 386630
278525 415024
295351 422071
24952 321261
142003 365311
3339 313733
284135 419368
224632 398007
369345 450977
158637 375950
14329 324695
115302 362133
276822 421150
227042 404478
149026 378077
280088 423074
163185 383557
112957 368510
294232 430683
161227 388448
80449 364011
47864 353864
322304 441645
179424 396556
169320 393529
247680 418463
292613 433305
304544 437850
78455 368071
29855 353798
132338 385432
66242 365835
206429 408979
40379 358544
135427 387478
132701 387479
271404 429440
49901 363258
402940 469340
55526 365736
51050 364832
142764 394421
166249 401283
314708 445137
41418 368772
90377 383036
403891 471415
65491 377337
327747 450332
25139 368202
66424 380541
224130 423432
144455 402401
338549 454841
139906 401883
74308 384648
58352 380809
27854 373015
130520 402342
257227 435259
22912 375160
218216 425993
83764 391738
382048 467966
454713 486526
43368 381734
184937 418752
382007 468900
58895 389105
301184 449338
39929 385567
75662 394499
207353 426889
114392 404425
296241 449758
42390 389715
4578 381508
190426 426470
452650 487065
72128 399524
133807 415201
119173 412853
193711 430583
83119 406465
236355 440317
222341 437472
166238 426298
163279 425680
273480 449480
175683 430295
40989 402948
57006 406308
227965 442185
168155 430215
438860 485426
152684 427939
208071 439453
107263 419590
26714 404623
3505 400192
112189 422644
283737 457102
19952 407959
6384 407723
66356 419286
45679 415788
303591 463079
143365 434948
133993 437804
123855 436848
303791 467841
151266 444909
123367 441004
14957 425576
109703 440644
182276 451270
275415 466354
75132 439888
334814 475105
146760 450280
84663 443847
111366 447866
14106 435466
238667 464192
158182 453945
189327 458517
3870 435286
116553 451758
328764 477099
312574 475671
343275 479752
67174 450577
205831 466973
139964 460597
53352 452411
128631 460333
249239 473194
44817 455144
253760 474565
212715 471237
440891 491959
3842 453627
134899 466449
14653 456411
331930 483861
71919 463362
26471 461146
270754 480354
120565 469362
338227 485590
181825 474399
112611 469959
15180 463507
446603 493484
132475 472711
32720 467531
104234 472997
374664 489730
105847 473871
68690 474069
1328 471000
246188 484327
94920 477394
225242 483961
63472 476885
141668 481524
409574 493372
226251 486469
377 478340
127336 483150
30063 479803
162199 484934
141819 484272
209041 486714
250882 488452
217522 487354
13711 480445
210538 487498
175949 486998
287642 491056
141936 487144
40326 485593
23506 487604
333108 494137
17096 490495
7045 491101
67409 496338
55276 496847
301111 497478
40409 498615
270440 497941
142800 498687
288691 498676
192972 499710
395424 498330
272812 500541
10676 505890
115150 505012
79518 508222
155435 506219
386057 499948
248582 504256
78971 510492
124520 509251
77387 511094
377582 500900
1159 515346
87350 513203
415942 500383
105827 514896
9616 520989
454689 498922
126353 516072
326806 506205
191892 513993
344999 505578
120902 522141
168287 519692
41347 528987
325924 508856
121296 523388
363377 506941
39547 532538
309391 511950
332345 510423
90299 531342
381515 506596
94598 531557
275456 516846
100130 535025
44590 540912
154849 530212
135750 532100
258392 520458
176432 528912
77483 539648
29938 544521
271896 520108
460187 500627
192385 529844
209007 528049
202025 529293
59497 545594
81320 543643
193789 531040
229441 527738
213819 529805
214026 533052
198493 535495
235853 530891
199699 535912
110453 548039
95020 552468
286908 526036
378244 513483
14965 566729
72498 559535
221639 537473
29899 566155
1407 570965
98945 557140
72790 562786
205216 542238
258988 533859
13448 572424
178473 547546
104378 559604
340078 521756
104954 560284
165989 550484
206879 543865
3481 580138
76780 568241
101873 564288
25386 578711
368874 518948
266424 537208
156323 557013
393640 514889
413085 511764
63499 576122
100376 569686
154288 560458
223188 547874
64881 577678
65370 578451
122271 567911
161258 560979
162494 561098
23583 588772
42764 586016
170749 561572
156926 565084
150178 566993
15207 595245
151079 567769
396527 517387
46561 590912
123525 575039
10813 599207
207140 558069
68703 588278
126624 576237
235716 554533
113903 581913
29834 600904
366052 526304
119372 582680
34172 603329
311575 539390
476262 501271
137308 581530
143175 580329
169503 574640
203066 567341
11691 614824
358051 532363
14263 622445
25695 619575
3803 626229
75800 608845
13471 628233
196684 578267
376787 529219
58964 617034
118151 601551
150288 592729
143539 595096
24081 628755
441603 512083
9269 636151
344547 540422
340686 542025
25903 635897
466375 505378
42888 631080
36053 633172
153108 599204
155609 599345
21189 641799
193592 589684
244171 574262
126642 611053
164406 600124
131018 610744
146152 608349
296905 560324
11558 655744
149689 610396
290749 564201
271387 571438
29113 652293
167738 606517
106285 630116
317922 557875
237099 586306
31312 659674
154937 616450
185636 606017
8398 669466
334377 554192
145548 621940
388457 535078
227508 592827
272956 576975
242055 588491
340378 553132
72634 650906
319051 561230
160610 619799
95826 643706
212278 601211
21454 672151
266820 581369
242800 590394
49839 663601
66198 657909
38794 669245
365710 545781
158159 624571
55227 664520
18411 680578
339634 557173
163467 626197
108134 648975
264893 587560
51306 671720
100353 652749
112496 648375
45329 675517
130876 641604
58436 670694
271235 586281
165302 630476
110052 653262
37599 683110
23857 688992
184760 623757
246331 599256
299843 577898
291554 581391
70649 673685
192211 624912
139716 647766
5127 706872
119068 658468
148248 646092
118870 659019
5293 708289
113106 662049
189068 629988
239023 608968
96990 672884
55368 691400
19995 707773
156651 647428
85677 679007
153970 648656
238562 612013
194454 632115
36606 704326
192612 633806
201555 630436
89338 682526
124676 667460
356568 561106
96462 682420
93620 683942
217648 627845
18544 722530
189779 643184
57349 707659
66218 703841
105304 685418
6911 735227
196149 642942
47743 716092
204578 639343
5566 737106
117085 682505
158509 663222
46430 720154
219850 634016
274132 607171
273066 607754
78419 705463
114554 688010
24533 735094
226267 633380
7385 744898
22409 739209
221295 637994
259169 618721
314166 590434
245946 625846
152517 675018
27762 740184
110612 697125
220715 639945
3444 753531
163770 671824
384978 555260
192493 658028
27144 747021
26459 747891
106835 705971
346774 577232
37414 745515
489082 500147
199362 658251
113740 705928
142387 690617
58390 736989
46352 748567
105985 715359
15535 767014
232819 644847
182598 673230
246722 637506
162841 685045
160995 686103
194654 667415
314315 599553
34551 761459
121402 711862
152758 694398
44469 757290
137495 704653
15261 775965
64481 747435
161174 691230
242364 644693
119060 717536
389761 558803
137287 708826
141711 706815
123972 717570
127711 715906
14080 784229
215858 663738
253934 641209
111318 726823
37265 772514
111189 728194
250236 644912
272769 632058
136044 715670
81781 754278
30890 786123
410369 549775
154033 709882
197152 683827
33638 787397
478432 507442
260441 645790
306771 616517
291551 626879
326482 604961
407193 553487
54434 782536
16970 809590
133989 733102
109225 749893
171154 711009
99767 758294
205419 688772
10264 818194
332890 604516
246649 662431
66535 783946
9363 822793
125046 745696
142399 734185
317516 616801
163597 723218
85631 776668
323875 613999
4564 833690
323733 614950
132372 747181
40299 811078
262665 657673
99629 770590
168109 723323
22183 828134
326568 615671
214862 694472
68615 798077
244659 673786
2433 845513
95010 780117
347506 601449
465519 517851
49341 813146
266913 658855
384880 575138
217111 694417
236551 680659
34448 825300
354056 597446
33975 827954
51052 816405
274481 656034
247338 680040
90150 798599
65232 817951
57987 823697
246898 682745
110888 785738
367833 593118
20601 856400
310176 637180
108624 790437
302222 643616
159455 752421
176838 740084
196778 725439
366739 595385
301368 646068
279414 663369
204258 721863
422168 553537
216964 713079
21526 866159
165771 754199
157500 761240
312872 639689
346258 613656
339336 619430
285564 661936
193237 735283
372925 593599
336713 623117
151189 772905
116975 800887
76252 834786
183881 749431
166244 764020
117473 804555
293722 660959
301186 655115
116453 805934
222004 720078
63310 850307
166309 766197
9719 895124
14281 891395
187903 749081
406136 570052
241602 705876
33546 879091
347001 620222
137439 795533
354154 614634
40609 879351
186807 756826
333912 633097
91326 838465
438110 545127
389091 586900
261480 695352
421966 559201
187040 759554
276622 683710
135047 805423
310640 655844
144001 802709
72127 866596
199593 755468
410045 571443
31072 904887
286380 680504
17404 917538
98343 847149
13185 923687
3315 932929
439083 546737
7259 931277
4726 937654
18661 925212
172508 787290
434314 551741
297566 675489
132400 825261
247321 721498
73218 880427
384067 598012
402103 581651
46774 905738
382422 599847
295708 679181
41120 912181
82610 875217
362672 618395
34360 920275
263395 709999
275548 698825
38130 917703
44308 912403
10442 943695
130892 832682
191000 778741
92548 870241
91237 871530
208291 763208
154270 813618
58154 903414
197269 774602
168908 801519
264360 712775
158683 812083
193415 779981
138721 831825
234054 742559
211779 763912
234700 742726
102262 867917
106136 865828
79750 892253
221832 757290
34251 936516
109862 864510
162701 814591
423709 565260
360120 626205
45850 928311
40019 934925
305825 679317
96685 881180
15439 960561
15261 960897
88177 891637
43016 936792
282648 704024
71556 909894
89187 892746
56600 926135
24250 958437
221284 765510
239490 748278
164052 822824
125044 861248
420586 570439
57566 929139
10288 976987
80276 908041
41608 946857
123309 866628
150744 840567
155751 836941
21144 971836
150677 842825
54610 939428
198138 795367
293514 700191
105780 889662
136370 858968
180076 815649
25235 973065
118917 878325
93692 904083
12371 987724
67430 931750
95643 903439
124586 874101
231722 766688
105129 896561
57355 946934
61573 944494
198779 802872
224623 777295
37784 971004
174086 830355
227220 776146
78654 931099
150485 856233
124754 883336
159631 847171
290881 710277
42093 973116
24806 994410
240306 766496
101934 913092
111138 903978
62036 956491
244708 763007
262775 744141
333642 668747
229277 780640
175440 838549
143476 872949
122971 896774
69764 954129
240912 770395
85886 937837
100475 923242
71097 956110
53315 978571
47869 984754
328395 678820
261308 752193
171905 850228
304452 705638
188633 832881
450927 545323
115065 915263
263886 751558
186699 836628
96523 936185
250233 767566
126100 904817
179381 847017
227150 794289
100471 935437
254577 764786
382621 622279
314857 698285
69571 973180
207728 818642
316871 696857
178732 853301
446460 551746
75057 971065
362428 647052
180114 855189
127727 915421
63109 989340
120196 924291
177764 859081
70221 981834
315787 701775
206548 827254
135814 908820
73095 980849
245728 782917
228656 803768
435885 565113
89615 965848
89589 966030
196111 843138
133056 916317
226487 809294
269501 760123
157950 890299
117887 937277
124140 930286
171365 876225
186790 858461
111577 947532
258828 776743
314652 710974
133336 926722
202927 845862
112775 955994
125794 941063
180348 876392
124328 944758
94656 981193
267573 772514
150168 914864
87036 991528
156590 908425
177878 883599
427676 579289
186920 874621
127024 948895
347741 678307
257623 789465
365883 656341
156475 915000
206068 854990
427792 580423
356644 669245
251612 801287
118299 969030
232030 827896
236068 823602
257397 797364
230421 831573
126667 963214
300307 744592
113174 982755
265911 788589
174371 905362
118088 977577
191370 886825
198429 879226
126807 972037
195293 884372
331610 708402
138275 960283
144028 955926
223019 853480
275409 785042
291428 765173
442385 566511
149163 955526
194539 896973
150638 958706
124619 994123
328596 720697
172648 930422
180127 921350
310965 745550
351303 691393
251206 826831
231849 853454
398879 627391
215139 876838
310590 747432
424649 592724
252079 828837
291330 775458
400421 626438
344016 703621
143132 980101
164951 951097
349357 698184
179341 933716
310613 752802
369591 671191
408656 617092
233010 862351
338448 716059
148874 982421
140243 996498
152506 979977
175624 949191
204824 908156
385838 652810
375136 669239
147947 996282
409255 620670
381797 660580
257710 840202
170024 968219
227218 885361
296055 787516
454160 556702
230227 885652
391776 648990
275170 820648
258111 846198
355133 704538
203243 932193
301432 786247
187010 957332
447838 567721
428331 597099
333237 740083
194590 948917
188731 958659
267364 840481
201272 942296
302352 789612
401589 639030
371248 685377
244751 878564
324283 757811
335481 742142
307884 784658
347151 724357
291073 812917
381216 673360
437154 586797
263028 858052
211397 938563
244117 887787
347526 727294
237844 898530
263368 859344
403283 640541
317887 774206
185737 989807
206456 958728
196156 979436
208549 961000
315642 787795
293340 824060
389636 667972
342206 746276
195726 985394
204500 972527
295012 826164
348759 738230
376187 693339
311335 802875
298232 825416
244440 915952
298089 826550
305443 814992
211872 974878
325775 782683
233493 941901
279116 864758
424143 618068
390743 675549
230193 951665
347035 751404
368636 714948
343953 758661
265616 894888
236921 945227
278612 873882
258553 910180
424623 620221
381604 696664
264528 903243
334289 781908
310159 824981
380483 702420
238546 958284
364924 732477
322963 808797
229008 980215
241177 959037
389158 689926
274499 900401
238644 967350
399692 672477
274474 904006
375567 718658
322965 817887
452613 576995
390317 694552
292820 878689
341107 789100
247044 967897
268013 929986
306004 858930
293552 883430
325328 823142
290149 893976
362425 755280
310745 856422
481520 523481
409404 666588
458721 569040
259152 965952
275481 933526
284961 915233
367257 751770
340121 807589
396656 694294
405202 679910
323158 848170
374778 744507
361959 771085
285471 930552
381290 735649
376495 745908
382190 735049
273920 963992
375020 750608
343009 818735
481643 525691
285974 944036
438582 618805
269023 987361
376211 756270
294994 933584
326437 865453
280964 967116
360949 791607
284366 962995
271461 992914
367221 781240
280058 976547
327910 871372
302276 930484
332442 864710
287258 967992
292430 956958
324532 884598
421333 666886
325488 888588
445838 610926
324979 892198
359383 813165
340843 856910
390827 740864
367973 794877
430944 647590
304895 944868
301127 960067
362438 814829
290305 991742
328661 901073
364376 816010
300404 974345
293647 993041
320271 928164
373971 801061
326796 920340
409326 714148
392743 756913
421559 686112
339529 899699
377588 802063
305843 990281
354258 865427
443477 632497
334450 918895
357296 859619
340005 908621
407981 728999
318718 967266
361048 856186
313164 984905
315191 980669
324689 955856
345027 902546
359732 863551
419435 702260
405020 741448
338977 923181
321375 971925
406123 740289
436270 658039
321864 974849
379464 815958
350232 898532
335030 943611
377611 826893
366061 865146
369854 856956
366405 867540
343642 933329
365952 870487
376219 843534
421366 712163
388342 812646
371423 865103
420255 721158
402389 774836
330888 990756
347138 944193
407785 763991
394976 804289
335248 993399
398502 798039
404129 781568
361523 915466
421591 727454
391260 823356
349072 958262
338479 997142
371258 894241
402460 796719
349375 968514
368527 911366
381698 869663
354707 960766
462976 603248
375757 895293
403138 803964
365225 933863
354424 970571
395353 833605
370572 921181
393780 847766
395450 843025
351535 996400
385131 884612
360499 972359
455200 638246
441855 686240
374052 928661
382912 898828
378277 926890
396997 858221
383535 912549
456793 640936
376048 945999
433242 732963
410464 820239
413925 807969
385251 919245
390265 905935
374948 966628
418273 800271
373446 978116
467697 605442
402337 865509
428188 766535
436209 734946
371758 999863
383313 953456
391216 927579
415798 826223
379100 986941
491013 514352
381372 979798
396876 919078
425667 795608
434227 763991
397008 934067
424221 813508
406388 895923
467298 623269
436470 763439
460964 652744
407194 899327
403642 916672
389378 983372
437406 765847
437536 766997
389741 995174
413089 885645
440965 758006
422222 861121
422641 860259
432128 813831
431241 829490
421260 889724
435442 818328
443271 776228
454816 714531
408138 967677
484498 554624
437904 807787
413566 950319
440793 806912
413218 971262
437551 836437
431149 874904
428042 904990
415035 986752
436951 879859
435286 891218
423721 967781
454500 767407
430188 937545
423127 997593
433614 929734
462607 730642
452684 810368
439251 909650
436188 934734
471913 673188
447063 862568
474901 652498
476353 643857
455061 812084
466866 723126
435207 986814
439374 963040
463829 760588
441719 947487
439995 966221
445038 926365
444391 936410
446975 942603
451809 904267
444272 993869
451328 945235
478632 667387
454279 919428
472928 737817
454727 942192
452906 968739
475440 722711
462370 884655
466885 838578
472616 788003
468834 848647
472418 801601
459329 979954
474997 770737
478205 731916
470922 835196
460881 982467
480471 710287
463785 958822
469026 882849
471851 848733
468006 907253
472017 855662
481588 717480
468666 986584
479977 780203
487221 644991
472723 923179
486240 668467
479727 795866
477708 854399
475239 921448
487403 672147
479113 883498
480866 850151
480368 875387
486086 773516
483444 868453
482206 908546
484674 835834
484525 846464
486691 794903
483180 922992
491680 621357
483054 935200
484738 911658
485106 913442
485944 896395
493483 587398
487260 983350
488920 953289
489333 925399
492532 726612
490471 909277
491146 892761
494798 624658
494161 932335
