499525 674621
504699 954073
501958 714543
503899 795737
506150 933865
505649 866329
507536 958444
510270 966808
509974 923079
508962 847706
506651 757362
510235 844662
512954 888377
517188 987296
514891 897950
511530 792932
519550 958048
519619 957582
518872 919307
522833 979900
520364 923014
512174 755022
509723 707398
513345 771586
505398 623285
522124 930419
507640 660958
523500 944044
531961 986694
531564 954527
533624 979790
513428 702252
521591 811528
533051 965736
519388 778246
516376 733344
536309 983347
537990 999908
520629 777670
538242 998887
531398 907019
513265 677646
511547 654374
526698 830233
520765 758226
532000 880816
532522 883011
506121 582448
527430 803615
529822 819027
521273 732176
538049 895313
528111 790667
510787 620329
547788 974118
548925 973020
543919 923981
549985 977421
516075 654714
557106 993899
523551 710930
559646 997366
555289 958579
547388 894869
556535 967550
558855 981399
538188 814848
521655 684265
549284 888497
547587 873189
512227 605696
540217 810835
524844 691605
543555 825102
554277 899158
550908 874559
526756 702350
552176 878899
565167 966455
561213 934027
564239 951122
526286 691998
562384 920498
549501 828730
560818 898108
540609 765302
537892 748279
568051 931664
563033 896775
545037 785385
535659 728713
568500 915804
575422 950986
579274 963270
581162 973617
574650 928589
582781 973210
571728 905172
555923 817422
568290 873689
591863 990880
548381 762159
548446 755344
577567 897896
584162 924432
508185 552416
527368 644015
577695 866022
556072 765901
554519 757448
564194 798767
582364 879159
582379 878894
534566 665902
551564 740265
510354 557186
593981 917425
523724 614159
598983 933440
609988 978614
569685 807205
560551 768340
608441 967805
542244 688225
577924 835528
567941 793925
546869 705956
603762 936334
533937 649401
619170 994227
582784 844217
553778 724220
614839 965017
564771 765957
605341 919793
572972 791660
607901 924783
595943 877527
595453 872985
507459 540019
522941 596719
591306 848321
567040 757097
563820 743765
545294 675553
593525 848634
567773 753492
603715 878189
563767 731727
550483 685493
628889 955420
584282 799691
582725 793353
609413 882747
591733 822759
581043 785949
549561 678963
590008 812748
645552 993139
643792 983105
581490 776292
626323 920619
625689 916280
513324 554128
589776 797986
647816 981995
532646 614820
568731 725421
537225 625489
579520 754162
556966 683324
503691 522343
516840 560904
633541 903511
628490 885104
623207 862959
648875 933897
645663 919887
666254 976271
641144 905476
618384 841495
608608 810397
603339 795396
602275 788124
644008 896666
570106 696784
637511 874698
609099 797467
596481 763484
684653 993918
622826 831123
664903 938437
540689 616079
658863 920330
524932 574686
627687 837477
623700 826757
655597 901368
643096 868826
621415 814207
671747 938494
596602 751298
676920 944193
601454 758318
620751 802942
566110 670349
629272 822234
593006 734602
667749 913939
599704 744340
618503 787095
607201 760598
699418 971244
712088 997434
627985 803970
558800 644768
559915 646430
646899 842946
627463 795086
673569 896070
631441 796420
717606 983552
700249 945817
687468 916276
647475 826890
689485 911878
628269 781566
730493 997244
608102 738620
601078 719693
671491 865093
725542 974886
626713 771167
711023 937868
653515 821377
570189 652577
684728 880492
706353 922970
733781 975710
673483 854933
645998 799775
642474 792243
658565 822714
740608 982315
640711 785836
691392 883937
736368 971693
693913 885836
747810 988577
745848 983054
607710 717008
587199 677331
751248 990006
634925 766923
573177 648591
725495 935220
682297 853346
737510 956493
584588 668709
708302 899811
722866 922685
667747 820073
609610 711757
765635 997683
652271 789572
711960 898680
527791 561160
704187 882522
593378 679599
735601 937274
764648 985876
735007 931127
755530 966399
559855 616902
764409 980601
658400 789360
761308 967065
707698 870127
709768 873187
771376 977104
684549 825537
669810 799138
773510 971218
775687 972772
718611 876202
643849 749458
763350 947486
595928 669486
541673 579351
577618 638877
524018 549930
694287 830873
765039 947102
781345 973268
757698 931653
767892 946400
785686 970503
707822 844782
758730 924991
741858 897618
738604 891658
585012 645637
666707 775680
632234 720732
758160 918451
652967 751035
795401 973607
776131 937646
547630 583758
815403 997416
660609 757771
621995 697810
800006 971360
744735 885605
711395 833756
522235 544087
770010 922426
779001 935914
709931 829599
636130 716763
586370 640477
560683 601687
591694 648044
717766 837236
732694 859057
769039 913020
767251 909080
618675 686357
657418 743241
738399 863007
779179 921675
769890 904780
756765 884469
549483 581996
690203 785881
613554 673263
805914 948410
815976 962184
746442 862440
777959 904377
570148 609424
629813 693123
774743 895872
823233 963805
758012 871821
771377 890416
769459 885767
720653 817299
831577 969131
840188 980787
682118 761914
727598 823526
844853 984468
854170 996338
726938 821305
707683 794318
841389 977042
838353 972543
758603 862933
690732 770251
820197 946357
832055 962322
664066 733166
784001 895948
781570 892476
719724 808240
753210 852325
797646 912037
786490 894469
817229 935156
669635 736733
735116 823190
762017 856329
765471 860284
820786 928453
806566 909652
843899 956420
759400 846691
869200 988228
755075 840231
694626 761555
835409 943246
855760 968964
826299 929683
708020 777528
763918 848798
739818 817757
852514 961228
685707 747095
826662 925561
674491 730627
723338 791597
822939 916588
585799 617930
652398 701765
518480 533142
536858 556187
780144 859272
884384 987063
690311 745199
635631 676896
772346 844301
585236 614280
688546 740557
854881 942707
863452 950819
879074 969397
774041 841617
738246 797016
871758 954537
736925 791624
813414 882231
847089 920728
844532 917094
743813 797522
602528 630566
869203 943109
914521 992207
900678 975927
894235 967398
837324 900923
698312 739561
530410 545046
920726 994905
647467 679372
920151 991665
808697 863063
757515 803378
729796 771621
775693 823829
918628 986489
899595 964293
772737 819921
788997 837905
921449 987401
702184 738760
762815 807201
643803 671410
823452 872468
822538 871359
830993 879626
880080 934356
618255 641879
869099 921922
938974 999895
783103 824808
874330 925348
914023 968983
900347 951543
715285 746132
686604 713758
861263 903570
925239 973042
728408 758361
575434 591498
689097 714352
753660 784195
571160 586733
856422 894924
832992 869309
869563 904003
675298 696547
831036 861268
662138 680702
810350 836568
751579 773844
961178 993485
862519 889441
596180 610418
843776 868930
881792 908321
889016 915820
905588 932932
950372 979442
914774 940069
934392 959488
701472 717030
762299 779535
805057 823473
915309 935647
651511 665091
804512 821607
897785 916709
812536 828435
961026 979828
924532 942380
885540 900536
880688 894848
768533 780667
815571 827762
824890 836777
956830 967289
649053 658970
877000 886915
983322 993057
786001 795247
741375 750684
703975 712882
967328 974857
623039 632074
883839 891379
625668 634610
932746 936392
960460 960566
590507 597845
922787 920756
919981 917607
862636 861112
978996 973338
993760 986587
792191 790361
840038 836240
595781 601262
996432 981762
886571 876819
751792 747986
977895 960015
942886 926524
965240 945942
925655 908213
760142 753114
854124 839925
943927 922754
600905 603451
965612 941168
987358 960028
666826 663651
887225 866931
972736 945524
739030 729320
885215 863435
736983 726727
947982 918701
902085 875794
985227 950953
722525 711831
596746 596653
917702 885188
748659 733129
858596 831885
849074 823140
676098 667382
752505 735545
860694 831955
961924 922270
665053 657082
894536 861872
558107 561315
855556 825656
885226 849662
930252 889123
621729 616761
708205 692451
922739 880611
717553 700331
653384 643972
782602 757030
956443 908127
786565 759546
944947 896700
703706 686698
717305 697802
844583 807672
961255 907817
798179 766956
817026 781763
832703 795200
837158 798735
996138 933982
985716 923992
616993 609422
551669 553562
987764 922862
791193 755760
940809 882182
953431 891789
838445 794644
959970 893192
812904 770466
987416 915619
825456 777724
813864 768085
827249 778495
684748 660790
756356 717381
981460 898556
739674 703099
562380 559902
810154 759146
870546 807187
762196 719818
883433 816495
920418 845599
993408 903358
712320 678670
982321 892332
676844 649836
950318 866053
742053 700977
902714 827466
659335 634586
874081 802782
788801 735905
851248 784755
742172 698971
784405 731581
975590 880146
689704 657172
616044 599835
685023 653462
925222 839519
922752 836802
751262 703365
901170 817740
748888 700456
898919 815013
946674 850245
777294 719769
628516 606680
907685 816445
895418 806742
791492 728477
710074 667044
845424 766739
994400 877399
859645 776245
726084 676919
831387 754344
935338 830445
954748 844297
817856 743179
675696 638672
909370 809790
801598 729693
811598 735534
992106 864581
670451 631875
753626 691124
587867 572415
579984 566750
552904 547343
853344 761946
533085 532979
832810 745048
926495 808952
891367 784052
704167 651844
686762 639227
877790 771773
998313 855122
941821 815869
973957 837571
612314 586779
848928 748725
655485 615847
924456 798748
908639 787109
937084 799892
933123 797141
684823 632052
956128 811614
910973 781054
831088 727791
929345 792087
766349 684763
829619 726140
968445 816741
972438 817695
678193 625461
825406 720135
919007 779719
832003 722538
872347 748106
831541 721691
734251 658168
720082 648451
843762 725544
739558 658367
878521 744193
859844 731919
904841 757896
874695 738422
957648 788995
822275 705348
988965 806412
592505 565567
998837 810782
739352 654013
702054 631299
772935 673841
849389 719735
784316 679952
710617 635323
765763 668252
764918 667208
836130 707815
986775 796456
858882 719758
713744 634009
999884 800116
891086 736730
653858 598401
903405 742236
743499 649652
968496 779164
884003 730317
876714 724911
995686 790665
953096 766463
813952 686954
911825 741924
727795 637022
832552 695707
727725 636888
858148 709601
621537 577082
889827 725752
852318 704194
707961 624331
835543 693737
808108 677354
990491 776744
824455 686235
588098 556518
728998 631730
931435 739694
880116 711117
816452 677150
999317 773092
954096 748910
900894 720422
679020 602642
804010 667419
794943 662390
906144 719707
940396 736837
592645 557099
804540 664999
776981 648313
879541 699172
745358 631238
771210 643490
697935 606906
755969 634999
835146 673738
972259 740865
631391 573560
980657 743448
815715 661965
975982 739171
551794 534204
638954 575869
779820 642485
984884 739050
876435 687508
955414 724560
756648 630299
627833 569467
760892 631880
891565 691985
929032 707970
819493 657017
867536 678482
674029 589333
550688 532621
713948 606191
962170 717931
662930 582674
912374 692874
813631 648887
848444 663908
988597 725985
647082 574494
842781 661099
987368 724637
807844 643170
881165 674605
905516 683218
943098 698537
510543 513796
986280 714181
843411 653478
800642 635406
913021 682314
696595 591599
753033 615201
713551 598198
981364 708471
796011 631499
744993 609608
926653 680194
914170 674836
813418 634309
968244 694378
693992 585626
666336 574721
830328 639228
854320 648432
906086 668189
982135 696645
934400 677536
988573 698315
670594 575001
950092 682289
898546 660918
937773 673889
764051 606929
812699 624808
678052 574892
720713 589555
807758 619054
950486 669825
982239 680758
931252 661797
890953 647129
875508 641624
799913 614130
844076 628394
984350 673091
718073 582602
787665 605661
971423 665336
667925 564760
926102 646916
922119 644387
838298 614734
916064 638068
881433 627280
877698 625211
787771 597434
545552 523000
602504 540185
826889 605698
795108 595299
840753 607812
588920 534570
938650 633505
772457 585761
701870 565131
914426 623935
854989 607378
999186 646125
784541 587153
682227 558456
620128 541623
983902 639275
919325 621817
942398 626876
969081 633013
975080 634370
861156 602037
771108 576891
804108 584585
903340 608853
968050 624293
702140 558471
847687 592620
797691 579899
649883 544738
736107 565200
913854 607024
584683 529104
830921 586620
958679 616408
895685 601043
700013 555160
972849 616713
935922 608131
763051 568638
755944 566748
889188 596732
990329 619001
912765 601191
959062 610487
778453 570232
837661 582970
811826 577105
641632 539812
961838 608849
810669 575984
667583 544964
904653 595173
910656 593817
969491 605930
647101 539435
622341 533695
949703 598241
680574 544727
881835 583941
866692 579801
883881 583110
997180 604569
927470 591136
884919 582066
937627 591726
925240 589183
676159 542239
961345 593208
787833 561169
992848 597405
922619 584581
630349 532079
660318 536585
853444 569471
862774 570941
901890 576459
745624 550144
867172 569259
827941 561712
994265 586184
901494 570627
922622 572336
973533 578331
884966 564380
785794 549902
883290 561462
844001 553382
809552 548044
964598 566888
802325 545698
822184 547676
942527 560584
772994 540289
794145 541347
831896 545259
879421 544621
660102 524045
610763 519280
719009 528876
993915 553514
726790 529271
655031 522742
997478 548239
987278 547103
919193 541445
670056 521424
849464 534109
624289 517770
547634 512238
941112 538106
675478 520401
879206 533382
807110 527749
666243 518713
995455 537105
680949 519089
912235 531679
938469 530159
855642 525098
776558 521086
754739 519177
743532 518251
516431 509597
892948 522714
747577 517061
999438 523889
734400 515973
888389 520086
738167 515244
960889 520659
887383 518129
818299 516215
706440 513244
926192 514990
800646 511274
747315 510560
999389 510307
851864 509494
678743 508914
941794 508786
851109 508305
802711 508156
917821 507438
926263 504653
883601 505040
562948 508253
729516 506219
910606 503067
744812 505293
837709 503423
825365 501990
986538 498002
957429 498273
960400 497886
602171 506023
986950 492083
816452 496356
867093 493876
522601 507957
957152 487572
910835 488777
900998 488134
654431 500792
941420 482528
870284 486597
769798 492524
938927 482213
529285 507129
627098 500630
645936 499247
913125 481023
788691 489186
916719 479703
718509 493552
790016 488256
995263 473226
915548 478338
865951 480546
685708 493810
623018 498787
766335 486969
949314 471606
847772 479982
980184 468948
887905 476288
871134 476571
929205 471286
825069 480414
750454 486694
681118 492810
969906 466613
928343 470097
687780 491845
772486 484119
922942 468440
840191 476297
981596 460440
979128 459270
626308 495599
628948 495213
991485 455726
946365 460223
781899 476750
852786 468347
895021 463353
894530 460868
786813 473792
697222 483690
710531 481939
954517 450343
670621 486500
917116 453772
945147 450021
733971 477933
873089 457719
871816 457448
791332 468228
575517 498116
650493 486935
811566 462862
641970 487040
937549 440693
773760 465834
691040 477940
898452 443236
841756 452362
909817 441048
891920 442592
837419 450339
956136 428629
837613 448358
860011 443123
683734 475196
849405 443969
870636 439967
900940 433679
904899 432692
678802 474959
781126 454938
642504 481481
785904 453828
747684 460541
939823 422999
654640 478488
694807 470376
803447 447792
960523 415485
879663 429813
921238 419035
851958 432714
885736 421182
837880 431402
971263 399385
941486 403225
994844 389499
998084 388280
710881 457598
983011 390701
844638 421950
726287 451193
996167 379847
954440 389824
986188 376248
810865 422829
895675 399311
696524 454156
640240 468643
946443 380887
592360 482171
716950 446099
921143 385537
958380 373937
976454 368365
979967 366829
798464 420379
922796 383319
979019 366268
881767 393382
853063 401872
625673 469748
673621 454825
884983 388475
848937 396105
848947 395641
832607 399398
947174 361109
790820 409952
866355 383921
579785 481394
908385 368661
914102 366536
795955 406864
794080 407357
976267 343153
894509 370942
652479 455423
940331 354492
853226 384003
959195 346361
796604 402355
940366 350125
859261 379087
966297 337903
937588 346955
777751 405448
720120 426427
744163 416372
884014 362314
992226 320839
657372 448570
861969 369013
899993 354293
734129 417873
900676 352891
963605 327264
938749 336826
984840 318281
980985 318742
908733 345759
746640 409540
919857 338662
810718 382465
919837 338082
915613 339405
995365 305994
626133 456789
977250 312343
842771 366862
806430 380564
890919 344784
863340 356119
901723 338063
780453 389290
863843 353585
969246 308302
848330 359295
653678 442458
629332 452860
845096 359304
734538 406914
839847 361151
701068 420832
850615 355227
812777 370998
582721 472187
828489 363647
947483 310989
817404 367472
904047 328720
875904 340513
640581 445442
986656 289554
812431 365901
893174 328911
843695 350895
820059 361535
912243 318990
976010 286112
663858 432011
878711 331187
932817 305690
785243 374340
577474 472049
755704 386052
775188 376680
685173 419572
886782 322586
861957 334173
666985 427859
783780 370606
762802 380139
909782 307965
990116 268511
778210 371907
990267 267452
886656 317000
939447 290793
990429 265482
815786 351597
673190 422083
903618 306952
709885 403186
999241 257267
989073 262081
983723 264599
615045 449909
789792 359836
804315 351687
634716 439128
804168 350177
809724 346560
984744 254736
823417 337696
794895 351854
641229 433167
954493 264484
932313 275612
840665 324428
778317 357892
655848 423355
860142 311273
885998 297061
774024 357993
663991 418369
818269 333107
918847 276109
955991 251370
947892 255558
607710 447537
928359 264305
883453 289005
922838 266410
979265 234048
964277 241849
938623 256279
993703 224559
651937 421139
940492 255102
943167 252865
938714 255077
905142 274017
885807 284240
653775 419041
848024 305632
682298 402220
948258 245963
699821 391444
879977 285813
998708 215834
580067 461393
943815 247175
787942 338525
852653 300173
862483 293905
761156 353734
801247 328908
920088 257975
971554 226909
962778 231039
969269 221020
704085 383070
884499 271656
700354 384517
833680 301892
710729 377679
848925 291858
742963 356160
860092 282032
577004 459743
700099 381335
576290 459254
975166 201654
673131 395404
642932 414866
946285 216144
936645 220976
935718 220892
844142 280862
954603 207418
889556 249889
987154 183459
724393 358521
883961 251546
968561 194591
747814 342319
891314 245293
924893 222704
898360 240188
729953 353437
675805 389662
723248 356791
685074 381718
756301 332235
698455 371659
752127 334179
824943 283822
751875 334304
976266 178747
790280 306803
760246 326507
882914 238744
789532 304507
694555 371248
904083 223153
587493 446557
750625 330983
827426 276489
888906 231621
834269 270352
762243 321158
592300 442077
702251 362802
865324 244432
934615 194201
978553 162214
890064 225970
692149 369218
931247 195812
980148 160281
948561 182504
947843 182400
976135 159706
532212 484651
900775 212375
959844 168351
936056 185427
922198 195428
951410 173360
894302 215510
844027 252417
644303 400744
834047 259062
637838 405510
943412 176769
761473 312566
622274 416381
905755 202928
981002 145365
865990 231955
930182 183075
595760 435956
988574 138655
923466 187637
696681 359408
872688 223993
897660 204639
896141 205781
628066 410416
991366 131548
941433 169238
701925 352848
691260 360806
777953 293335
957459 154331
870088 219449
856167 230069
698063 353365
694365 356193
829523 249375
708395 344501
918045 178927
811034 263255
987036 123355
955615 147704
676818 368192
957953 144255
767860 294774
617922 414134
909490 179135
938169 155144
852588 219626
749668 303818
563115 456629
963384 126752
896342 181697
858321 211705
928146 152140
793991 262202
641806 389446
643653 387598
728629 316104
833349 227566
858739 206060
636712 392833
974791 106627
719009 322779
821014 235886
875884 189157
808364 246482
961318 116450
809867 245002
748226 296181
617076 408198
764112 282286
719297 320330
889393 173951
909740 155873
725585 313203
836490 217154
767708 276326
935019 130267
848545 204767
875881 179862
853807 198699
800191 245441
759420 280227
801977 241511
925863 132022
897737 156717
916505 140121
612130 409104
553822 460685
775090 264682
954803 105429
796081 245506
943187 113712
947719 108832
985559 72739
847086 196810
771243 263597
898388 147994
937342 112095
802948 233679
710824 316648
833280 205231
988166 63611
814050 218745
913361 125549
879700 152381
691450 328078
676979 341438
905437 125531
709382 309947
995865 36916
925104 103965
958522 71552
896175 130925
960058 68452
958753 68558
799203 220814
847845 173950
943009 82193
894803 126723
843346 175656
793663 223756
902919 117219
855541 161020
963987 49824
898491 113751
572659 436280
761241 249258
824349 186562
763379 246746
886758 122336
766679 242102
745560 263124
939916 68289
931984 76151
972221 35402
888615 117832
730699 276108
825073 180748
686057 320626
831196 174231
822143 182484
846155 156787
866629 134782
866734 134064
855199 145797
946005 52527
699121 304072
700111 301911
988318 3676
776638 222172
825520 171173
884530 107401
880783 109280
933843 53473
855970 134668
812707 180046
892795 95765
825653 166073
795185 197177
841393 148486
794292 196854
892258 92035
623787 376620
976850 1186
938092 41468
957727 20421
875241 108161
937663 40723
734376 255279
643210 353539
682618 310270
539714 465104
965511 764
700113 289906
727218 256637
809338 164356
910442 51979
723793 259258
810569 161865
848586 118879
871590 93087
916104 41155
831052 136119
940962 10844
787648 182317
696346 285637
933117 16403
690675 291478
844674 115249
887063 66430
887481 65223
536184 466684
860552 93282
929124 13833
850438 103922
611206 379382
884325 61256
687212 290419
759911 205602
588218 405129
823105 130555
664242 315304
657672 322552
904352 32087
712369 256608
736390 228133
718367 249043
860211 79822
797541 153884
827797 117511
780367 172368
788994 161919
616868 367848
881295 50218
874896 57464
871539 61311
703600 260917
846560 86731
831928 103636
852124 78916
784686 159503
822790 112621
699852 262184
847153 80183
635448 340454
873015 46196
772597 170293
598389 385953
675918 289554
670572 295469
711388 243978
739447 207436
893376 12951
896283 8967
819638 105359
859039 53891
865856 44744
721748 225660
844871 67571
723330 222435
893026 5102
760191 173534
720528 224462
771692 155566
818736 94082
838389 68070
709468 235168
798049 119547
816277 95400
806584 107062
871090 17366
877660 8238
862081 27180
833694 64103
729934 202051
798288 110525
794538 115424
741091 179893
751249 164137
734412 186921
865468 6848
821301 62887
858570 9827
731372 185815
622764 336880
766380 136762
842052 31145
670736 268041
738401 172046
785282 105306
784655 105950
692627 235885
616964 342634
718832 198306
831571 37437
762615 134538
805729 72808
599748 365456
799299 76845
748864 147514
816035 49435
762645 125912
679904 243777
557960 422745
836026 13667
828260 24090
769202 110464
752235 135284
835370 12398
644878 293181
744728 144041
787781 79080
745534 141134
742109 145048
818993 29051
749218 132351
753731 121305
789875 65816
579073 386222
751108 119494
714779 174659
651859 272041
575543 390128
777088 73475
638648 290437
693172 203692
635142 294795
676585 228799
750957 111269
549048 430219
812516 11005
606150 338852
662683 248704
768615 79640
759760 92293
805428 12232
731139 132641
764329 78400
731155 131308
787571 39431
558405 412467
572394 389523
605566 335036
757964 83382
643621 269809
708882 160982
799184 7307
712167 148788
727130 123299
582066 368732
571996 385672
786435 20908
662100 231140
657585 238371
690353 181322
736468 102231
706818 152425
751016 75306
779083 26065
767378 43632
603010 328489
697093 164434
759822 50195
769976 31712
704050 144579
782214 1557
715115 117871
698663 146392
717689 111069
697884 146657
580106 361122
770663 12055
720064 102625
620371 285048
590594 339795
595620 329664
741400 56530
656133 214616
643965 235099
683090 159819
754414 24073
554803 402946
543784 423299
553655 403975
747094 26660
588036 335506
727387 62783
592879 324469
527133 453988
557617 393768
675035 157768
675050 156057
667485 168625
663117 174743
671494 152696
716682 56269
518433 468963
610605 275718
554103 393002
581464 334682
651857 184651
596749 301223
690439 97509
644961 195336
692733 91676
702602 67609
669508 136429
627036 228558
582582 325932
728319 280
585359 316370
652374 165432
619534 236118
706957 32816
665298 124066
693101 58749
677838 92602
611818 246485
688943 64679
616404 230979
565104 351819
684510 65984
672014 94947
675372 84476
697525 28174
620164 215659
593127 280704
618104 219951
577249 319054
687662 48636
703448 7402
656256 119812
610287 231686
621526 202883
591626 277683
658490 109566
644546 140375
585814 286519
682127 38304
627911 176770
649257 121408
676487 46837
640353 140785
668208 66384
672568 53886
648641 115951
650891 107845
690663 871
595402 252127
588149 270869
547656 379247
666801 55133
593760 249668
569361 314169
675594 15495
679280 3863
603914 214679
639312 111411
622798 155106
575464 290407
518323 454212
650836 71922
619618 159993
591998 238770
646065 80343
610022 182766
647481 60103
586094 244951
600089 199591
572871 281581
623340 124994
622058 125979
573697 274582
617624 136070
639456 56547
604992 166711
640942 46551
588266 209230
559173 305535
572909 258005
606221 137978
515234 453390
552088 324624
622038 77127
599988 152293
609148 117901
596182 163358
510370 469304
563805 278191
580145 219117
630788 35438
634017 21188
619754 72007
632486 24183
617647 76223
635635 10060
595371 155751
636358 3471
569882 247637
624886 42667
629771 20563
594393 148817
584373 186603
616417 55404
576868 206864
574331 213230
612545 59313
556021 277838
617193 27456
587138 149572
614638 36100
511983 456708
596380 110003
609654 54169
621915 1672
615267 26002
528277 387709
510872 460166
561622 247026
526677 393408
592968 111445
602492 68706
568963 211395
591964 112191
565650 221629
583433 142537
569991 196743
600077 60576
602045 46544
573625 164989
524915 389933
566318 195449
605553 8170
552081 258981
587231 90662
580457 118061
602780 9702
585895 88748
591645 60050
592887 49512
548785 263990
531966 346378
577667 111042
588061 56471
510932 448839
532666 336668
595617 3788
535046 317320
578302 80747
578296 74011
569433 121628
585293 20566
581186 38649
577612 57186
539725 270773
577474 48531
567596 104530
581312 19541
549361 204554
524396 353777
561073 126226
567378 85868
578850 1882
534805 277728
565476 76550
548806 184313
557491 126326
570021 43188
520933 362191
555354 118078
539979 224496
559547 81883
548840 157273
521633 345486
534640 250097
567644 2117
535416 230799
545350 148274
563771 2122
556261 56426
549832 93663
541756 155571
550837 70473
558589 2688
533185 218365
555497 22932
544832 113197
511573 399872
555339 9002
518945 332135
508501 423822
526204 255507
536359 134758
534613 120353
530703 158954
531956 139427
541478 22204
507180 414225
512620 349087
525406 193919
516379 302510
537655 40037
525867 180326
536304 45747
529356 127604
528203 134171
512968 316442
524869 138292
521625 184545
520095 205043
525496 124198
518545 208670
521207 130983
510337 315863
527777 10003
511205 268185
501045 469840
520183 36220
512179 205411
505781 354313
519588 3432
503238 397746
514968 60478
511146 141013
506877 266924
510138 150729
512787 62697
513884 14580
513072 32123
512907 36872
500731 455032
508763 68807
507673 83300
505412 164499
501891 302872
501284 129238
498361 66618
498521 237876
497357 118438
495626 176547
497453 360963
492492 42354
492642 74258
487213 27755
486206 2571
496462 404474
492356 281134
482069 23917
482914 68106
484700 132262
481406 78813
483989 153220
492046 375445
479568 152604
477968 130972
471944 55717
474176 116057
484043 271206
473006 121104
477917 209280
472218 129599
471585 135143
463030 34306
491460 408279
490740 399061
479056 249220
465027 74099
464689 80259
464777 88861
457232 1965
466937 119926
472597 195882
464555 105222
495425 465452
466271 137860
479620 294347
486718 375207
452914 17821
461019 105133
473281 238898
449866 14052
449260 9974
484015 362071
452085 64375
457386 121982
478153 316483
466253 214507
463763 201595
445080 41504
462703 201831
473021 288782
465495 230643
438209 23585
473205 302160
458676 191605
477060 336591
473548 310740
461892 224505
465181 251061
438385 48798
457790 198013
449129 135608
446719 127987
446275 125634
428163 5454
452271 183306
459282 232157
446514 147169
436754 88152
452952 197937
457287 242663
445768 173570
452529 217056
459870 264693
472647 351473
449535 216182
422323 64429
464105 307600
421551 63877
440007 170222
484254 423948
420722 72552
407566 3881
417113 62518
473554 370324
410673 32003
439213 189984
434486 165220
450139 252317
411199 51197
457369 291615
403284 11110
427182 136227
409115 46746
419266 104329
429882 160614
397024 255
451821 275914
444038 238699
418945 116642
431191 179299
419727 126419
397740 21615
393473 3110
457661 312434
437057 216610
417543 127578
471984 382437
434224 208186
440988 242261
455522 309630
449414 290880
446614 278858
381275 9822
415953 157375
426917 204132
387601 39632
392664 62859
393071 64875
411840 144131
409864 140996
376701 9112
420998 191617
389199 64228
408571 144433
393988 88354
395640 96978
373283 11679
398126 112424
411109 167674
396742 112060
401214 131246
414192 182282
443587 297458
445842 306275
383194 69206
456535 349695
416921 205349
359815 5899
422908 236083
419270 227462
362172 30238
401240 171794
404484 187427
389917 146834
485689 464746
406426 212523
352404 43258
383287 142875
344376 23310
420251 261452
383998 150810
365080 95995
422057 279142
455768 379700
376130 145685
456574 383291
330062 10791
326939 5520
464007 407604
328946 19289
350214 85932
387824 196800
423646 297659
331491 42407
383479 189223
332679 50616
352339 106139
323981 30780
330871 52510
342366 86274
309208 2293
377921 186544
454894 391167
320585 35850
313562 18400
343294 98506
350709 122873
408252 278721
324594 70733
311629 42385
367494 183770
321343 74352
397657 262441
403581 278974
333718 111846
297260 26741
320984 85739
325861 97649
303798 45570
445995 383511
301419 45582
338533 137703
366035 201685
327739 117798
395858 273481
352230 174589
351594 173277
330158 126681
290579 38488
328542 125882
320632 113035
305949 81523
314413 103169
344006 170111
350374 186731
325535 133731
331902 148463
365038 219868
369128 230184
363563 218928
423616 348221
326295 142480
299173 85620
422174 346351
288692 65076
440415 385148
271748 31450
267836 29342
297303 96176
251714 3779
273496 49878
280901 68696
376147 260973
323633 155911
355611 220342
332294 174072
405479 321965
264659 43845
293066 101888
310681 138381
260840 42455
296181 112989
243253 10146
242253 8381
311312 143131
285440 93293
321794 165765
314889 153047
327642 178478
262100 54484
369649 262842
287866 108337
330969 194172
318662 172140
402641 329152
312115 162910
356564 246344
323133 185016
336700 211368
276456 103387
227890 15998
417001 359680
369585 273633
304113 157733
292821 143195
247940 63805
298555 153737
373219 286157
280436 123491
324127 201539
243426 60694
426961 382488
386620 313023
250493 76308
271688 114944
226019 36452
434252 397305
249116 82576
209148 14921
339663 237457
232233 54795
300062 174753
279854 141279
232579 62646
297469 171604
232562 63256
248969 93437
236128 74524
265565 124229
220268 50643
198873 18726
458665 442764
320661 218420
469271 460424
356737 279410
367601 296963
380447 319180
231876 82540
422064 385873
380836 320678
314937 217321
204436 44505
336640 253961
186655 19554
286259 176623
227052 84924
209305 59132
185404 23454
204602 53847
222535 84117
305209 211901
183720 27893
425325 396310
293794 197345
216942 80918
337071 264008
429887 404527
224260 97233
268360 164477
288868 197984
168035 19726
228119 111253
220470 101782
308268 230113
314733 240431
254395 154292
178260 45140
363200 313526
147795 11999
325133 262903
314969 249061
372507 330968
164154 38597
159949 36543
144436 19382
377510 341290
332029 279470
256872 176620
245299 160865
214685 119288
158808 43669
219672 127936
329834 278551
271451 200247
435807 423080
137770 20309
286271 221351
244616 166384
330261 282035
163753 61589
244335 169478
224112 143236
396939 373036
230990 154845
226184 148611
273769 213204
190613 104449
232788 160876
375078 347352
180506 94509
199147 119825
266892 208584
238545 172896
145447 53200
110092 7919
143915 53453
218360 148977
284999 235184
404303 387837
261157 205246
171838 91749
188886 113675
117921 23879
152261 67711
188423 113930
357550 329300
150108 66946
145363 62107
257676 204405
175737 102370
241756 185866
400768 385525
315041 278888
151366 74722
341463 312323
112468 29163
203322 143521
111134 30175
89781 4142
178435 118387
267721 227194
267290 226945
225850 176895
218712 169647
360320 341199
279855 244207
238522 195477
289004 256403
163267 105721
298970 270072
121245 58219
105952 40949
450919 451585
332728 311375
133573 77961
214569 173625
301683 277150
290665 264442
139387 88905
305376 282746
365435 353562
166351 123972
352928 339756
257487 229954
445022 446631
270750 246878
57765 3325
160704 123753
265490 243242
392326 387958
138473 101029
139039 102586
454427 458642
43404 2340
60007 21195
462119 467773
140414 111736
165984 140691
88562 56050
251623 236109
383972 381951
246334 230288
47220 10991
301372 291338
408360 409517
288228 278526
51356 20159
49079 18729
79653 52235
79749 52621
258834 248477
148080 128873
282840 275852
219872 208984
75522 55281
333484 331489
80728 63062
95943 81166
20123 993
341728 342185
137348 126212
52104 36107
258772 255104
147726 137951
434763 441054
23406 8154
361208 364425
269840 269074
354094 357901
243989 246561
325475 330423
315004 320297
227011 231495
99841 103109
344934 352771
344185 352189
50342 55894
206044 213229
215811 223307
176590 183839
442563 451877
12761 19327
23584 30690
64385 73688
277242 286922
204869 214572
218826 228822
159544 170599
207401 218321
219583 230659
143330 154953
290094 301077
39625 52971
250126 262011
16538 30756
105034 118993
124513 138386
152574 167843
234113 248086
62837 79724
213028 228761
186133 202648
24931 45016
27510 50960
17771 41732
42335 67988
81942 106431
97235 122399
144355 168399
62759 90701
65051 94917
195980 220252
205410 230465
18163 54395
90073 123343
3309 42565
152411 183371
7751 48616
249420 275543
232995 260351
115315 150707
273775 300112
136938 175097
202936 236576
130486 172391
70202 117735
275563 305642
219059 254728
176139 216005
90738 138983
218936 255348
4863 63952
82678 134415
52231 108129
204605 245280
231184 269236
18168 80090
43282 103468
87309 143457
251027 290523
222528 266451
166431 217502
161793 213552
187762 237186
29942 101177
180809 233398
48151 118799
96195 161244
288564 327551
124398 186476
68291 138509
284214 324201
454042 470352
378657 406515
23008 104709
111657 180686
128794 195755
157501 220586
153738 218926
137388 206857
306984 349660
104815 182700
2607 98481
99914 179597
310728 353941
161441 232382
2778 102484
107433 189284
243035 300068
8834 109975
83273 170971
38444 134620
303964 350553
354848 392053
3381 107733
113073 197008
143642 221898
277751 330232
94940 183287
6251 111848
111386 198746
108069 196282
4855 115925
85518 180113
362418 400566
371223 408456
175588 255535
350396 392576
272905 332352
46303 156458
100696 199755
235432 305122
402039 433863
129080 223642
21719 142445
73215 182230
448439 470060
267429 331561
91921 197282
107741 211173
80099 190461
345753 392475
169057 258609
138756 236179
251437 321679
17299 145289
215096 296073
1106 135890
111532 219241
850 137032
456964 477422
77319 194311
413909 445532
167149 262222
132425 236440
115068 224729
33090 164306
389608 428113
84567 204969
37120 170343
183911 277973
148360 252420
118027 231376
341275 394784
166852 271322
153842 262952
258874 338099
249673 332455
35535 182490
268606 346954
7558 163770
32777 181936
77923 215397
464372 484710
89264 224428
57717 205139
319311 385486
167900 281857
84821 224979
278450 358810
98721 237870
131499 260208
22876 187619
20734 186473
92991 235551
22902 189829
75567 225383
175640 293261
6550 180838
327324 394712
34324 200514
326225 395057
21256 195012
115673 258891
281577 367387
7305 189306
67495 228493
152111 283810
81765 239772
247189 346907
67722 232263
74425 237258
179456 304747
65690 232715
134589 277071
51782 225367
121098 269527
255339 354832
131792 277406
172733 305933
42552 225955
91781 257963
79015 250996
359763 423807
208162 331254
217462 337777
118226 279753
250278 359706
458759 484738
279639 378954
176936 319002
202267 335121
72313 259577
357545 426448
98490 275838
41618 243930
357011 426673
121548 292542
205278 340725
24986 238743
142085 306417
328851 412338
196224 338622
79044 273196
108129 289999
115435 294536
286002 389916
50459 260566
273538 384160
380090 443153
74428 274852
64713 270031
140326 312753
29633 253390
220664 357445
8066 242522
118130 302612
140036 315074
299252 401586
251187 375816
22351 257619
280783 394657
334353 422712
94527 297462
53034 277306
282184 396560
353542 433558
355177 434442
294420 404320
229559 371201
29900 269357
33621 271524
184003 348464
240649 377507
20305 265767
158854 336204
58032 285777
50535 282855
69773 292821
147880 332139
99010 308686
180462 350306
6406 265016
263433 393292
140608 333614
136305 331634
232575 378991
81213 309586
87029 312863
417671 470168
294428 411566
112057 325529
114324 328626
4989 278206
203988 371617
85166 318166
275674 407084
240603 391202
120898 336947
321535 428681
224868 385776
39559 304028
426449 476659
4992 290727
58912 314846
6390 294297
197945 378608
344549 443147
157600 363669
210817 386796
426459 478161
71278 330992
330715 439416
17231 310886
354473 449704
96860 344407
137617 361655
48961 327124
1169 307840
210586 394225
36666 325554
35605 327852
253024 413495
95703 352596
217176 400083
126327 366431
241244 410455
25321 328144
975 320398
43588 336664
90769 357080
167049 386004
340227 450774
50493 347150
279680 430322
36214 344079
7456 334182
81087 361233
118407 376016
43623 351105
426060 483660
239363 419232
277501 433052
331752 451758
29290 348642
181524 401077
40260 353196
73369 366153
127566 384378
118770 382088
61766 363175
339100 455676
70308 366351
271659 433322
192181 407256
196069 409047
429936 486243
184046 405630
366867 466119
158020 398651
388579 473328
192025 413145
135970 396908
181829 411058
390361 475472
31949 365711
105428 389332
299791 448567
246972 432577
89278 386287
283999 444847
148394 404527
323737 457239
54864 378662
74530 385749
432122 489525
128243 403427
129519 403914
297333 451809
129512 405316
333386 462966
62438 388605
318091 459537
148196 413415
233013 437261
30375 383045
247808 442301
182037 426405
138271 416599
99097 406737
278626 454144
120817 415580
461368 499725
105406 413921
26979 398499
118149 420679
352242 475556
64941 410414
116096 422195
8490 403857
118236 428054
259300 458229
413097 490998
392908 487033
245034 456716
30351 413750
108204 431782
269664 464143
217959 454670
293521 469334
101306 432346
168337 445573
327825 476575
47994 423843
167142 447577
209370 456738
312605 475787
284127 470837
250660 465397
23085 425991
409895 493411
215753 460178
93641 439566
58169 433526
386692 489964
222417 463013
25248 431661
3152 430553
298878 477365
48737 438641
147080 454338
199444 462922
193644 462762
20765 439724
231347 470284
324524 484149
61313 447169
69470 449418
441010 501214
129927 459828
236979 475094
445557 502097
29996 449128
78964 456296
32940 450831
220713 474925
78204 458067
257477 480337
156347 468424
193824 473006
77838 459596
129984 465947
380119 495178
108734 463769
298434 485921
229843 479393
34134 459113
104145 466629
222041 480345
164702 475694
2035 461038
4663 463017
29535 468004
161738 480344
185895 482609
31379 470824
17423 470622
99910 478195
278242 492122
112098 480092
122759 481479
329603 497376
186717 488634
44357 480103
201091 490594
229075 492527
320251 498291
274188 495637
222864 493059
154061 491269
69579 490428
134653 493474
46783 490091
260520 499024
365820 503516
9539 489020
51423 491375
94159 493177
234557 499209
377134 504813
102301 496064
242802 500868
24965 495369
118372 498806
232325 501919
394310 506403
6760 497150
389469 506383
325635 504922
80798 499900
467412 508317
46505 499783
21087 500545
105209 502089
4496 501346
33091 503664
123946 505190
189454 506940
383659 508281
262120 508091
321556 508512
172372 509862
98412 510764
31079 513460
168377 512379
153656 512761
7645 515236
273783 512106
47646 515850
53404 515816
9704 517035
273839 513675
225137 514700
314507 512933
53320 520414
200139 516832
106686 519364
211876 517286
93796 521140
104751 523406
163142 521399
13155 526980
172806 521284
114046 523687
349216 514829
12546 530283
16700 530196
242795 521512
31781 534268
353992 517013
233400 523794
130229 530057
26748 536155
187116 527140
104060 533133
40311 538901
272996 524008
229428 526964
100764 536443
13985 542746
61780 540442
43901 543245
104418 539374
380860 518965
295376 526604
34530 551006
105003 544740
414605 516688
379579 520363
298029 528479
158399 542453
233877 535265
222417 536941
59382 554285
465528 512709
303300 531784
4011 567493
316377 530624
29521 565446
168409 548821
115982 555576
146257 552098
229140 542883
33901 567917
81175 562651
235549 544979
207167 549765
239789 545894
171932 555786
60470 574004
24342 582956
243610 549173
79071 576329
453553 516395
417453 522344
210777 556263
161052 566281
236534 553491
208399 559367
261592 550154
14362 593489
215550 559187
119982 577896
25002 597137
62449 590691
152227 574867
184272 569642
463599 516022
82066 591707
477820 513320
274108 555490
73019 597076
50262 602925
186726 574499
96555 593820
108401 593397
162213 581854
292736 553955
21549 614453
344990 543544
111414 596175
20479 618090
365706 539849
74270 609572
151573 591817
249544 568890
65642 613290
263584 565959
169074 589655
201776 582937
20741 629340
231758 577008
315302 555903
27145 629477
156152 596791
325002 553866
147349 600309
336743 551433
128450 606939
70443 622309
53166 627283
125671 608423
257424 574414
223568 583920
109746 614996
134257 608532
443568 524290
14799 642358
234980 582572
237833 582811
194387 595718
127024 615513
244516 582038
188825 598739
52299 638224
76350 631662
373145 545712
122402 619188
298800 567787
240210 585077
203857 595798
83654 632676
79945 635213
155455 612519
403599 537808
231646 589650
15164 655280
286029 573655
146483 616020
377668 546145
221236 595017
219585 597727
247251 589265
292225 575371
68670 647658
415125 536181
352052 556668
264427 585388
233413 597039
57905 655765
388810 545761
127899 634464
263860 588599
222852 602533
417488 536747
212211 607030
78298 653357
31330 672231
213055 609014
167190 625755
23976 676766
35136 672853
429972 533454
154962 630871
360501 558273
89659 655674
297987 581414
91682 655841
452163 526012
91898 658481
164130 632453
22397 687022
405981 543941
344566 567191
46101 681826
76351 670339
148577 644721
22302 693693
258380 602743
114039 659239
75220 674982
100908 665418
162091 643237
162023 643402
274261 599963
12177 706775
105862 668818
337246 575299
195686 633840
359233 566606
112005 668981
242960 615273
138559 658814
192359 636527
249631 612751
290708 595720
304402 590665
48283 699796
124389 669891
176985 649997
170096 654864
280381 606477
140051 670432
134189 673988
336304 582831
34323 720059
312677 593686
249029 622722
67588 705340
243291 625826
160268 666976
178632 658603
82481 703567
316086 594637
162442 666638
83398 704947
42364 724850
115993 690509
153215 672989
51548 721189
82683 707015
111163 693519
158692 671611
70500 714287
5164 747482
221287 643891
323869 594309
166696 670954
272232 619648
59102 723616
138631 684945
53211 726806
34116 736609
170003 672136
106760 704787
40600 739541
364017 576973
74512 722758
85360 719827
330760 594812
198941 662990
284130 620105
347227 587561
49121 741777
233427 646492
67868 732229
66649 732891
239606 644995
53867 742663
186123 674101
207735 662885
16476 763929
20777 761824
152223 692965
233352 649953
146168 696797
254723 639283
67897 739284
181931 678499
151134 695903
8434 772548
247253 644761
262419 636864
239966 649428
129501 709336
226781 656946
99622 726390
141546 703790
44834 757093
59626 749881
140283 706024
265489 637890
338157 597853
189539 680543
169189 692084
73297 745652
19303 776168
31202 769691
22781 775728
302509 619646
181088 687953
121282 721772
105260 731856
222918 665374
195874 680982
327423 607362
123224 724300
66033 757699
350030 595235
56627 764886
179770 693777
38644 776468
233063 663644
250024 653921
12002 792382
23160 785897
113520 733529
477295 521806
141942 718097
24780 788285
43853 777344
250029 657334
24814 791646
28666 790205
320926 615562
217531 678349
259919 653120
204271 687104
5511 808833
72003 769084
138459 728646
444122 542691
235157 670753
203383 690909
44409 788733
34596 794882
247959 664660
209755 688663
159802 720417
139494 733564
98435 762411
94488 765638
283543 646254
297459 637676
176280 715204
314336 627672
58945 794745
191840 710000
243353 676702
270123 659617
130850 752226
117378 761767
156766 736153
26726 822499
360003 601398
137241 750658
337566 617064
268619 664158
80887 791920
323915 627877
90228 787538
364996 600758
43693 820457
182047 726100
2217 850330
16069 841296
29654 833237
94729 788389
135455 760289
99287 785574
198187 717696
34434 832240
281683 660503
29731 838189
20148 847055
146297 758108
209484 714819
70324 814733
213531 713079
124318 776961
165959 747214
58079 824431
76896 811755
156 867270
45550 834783
113404 786272
288172 660991
281651 665728
123955 779722
32235 846442
275022 671236
36526 844782
71840 821189
390078 588758
377636 597910
55358 836858
31935 854323
36083 853344
82736 819454
63900 834329
268325 681998
168923 756848
9935 876188
21485 867726
35076 858544
36592 857982
84292 822620
101536 809797
16373 874985
435098 557710
387071 594238
19449 874422
170218 760063
243411 704757
202687 736248
128599 794594
435582 558069
50362 855385
262748 691503
1580 894602
396192 588927
37019 868859
215173 732365
75467 842832
324016 647304
11768 893807
219942 730709
398438 589147
98501 828702
236325 719291
66191 855978
344970 632745
132888 803040
16745 896474
58694 863176
248389 710861
304069 666424
115690 818470
269387 694632
311797 660691
261243 703542
112962 826775
307559 666882
162572 787192
35986 895243
386963 603183
102597 841774
56929 881800
309074 670415
248131 722302
141454 813580
151298 805349
372203 617421
191428 773327
420496 576942
342824 644516
89680 865408
138806 823296
73825 881445
189391 780813
208766 767506
254509 727462
175443 799190
278168 707828
147935 827625
313760 677319
300727 689217
83264 888909
58559 912262
210309 773902
364429 632654
285360 705749
207068 777781
82664 892415
68272 906416
257717 732426
248231 741276
1220 969880
84950 894720
81654 897838
206358 781724
116306 865975
8074 969229
145731 840596
81449 901026
89892 893996
24456 957118
69940 914628
223077 769934
123672 865937
110648 878986
210033 784830
25414 961030
76025 914248
63623 927300
241092 756887
236585 761481
165590 830242
340923 661512
50596 941291
259366 741271
128118 869799
10430 985788
274298 728526
236975 766555
60949 939885
94863 906737
7118 993658
60133 941742
217759 786787
454997 552778
201866 804686
146125 861045
244141 763879
159548 848958
267084 742178
74853 936098
293333 716235
414500 594506
168344 844129
23468 993064
260298 752281
207212 807423
218768 796291
150520 866537
176937 839831
40878 979843
212381 803828
120393 898717
122818 896498
120782 898636
360380 651977
346718 666186
74019 947560
130506 889508
190653 827471
246775 770445
64158 959824
355709 657997
83999 940775
227364 791797
164097 861449
311763 707503
308314 711195
54144 980696
116029 915246
425056 587770
132831 898355
331096 688016
52924 986320
255324 770174
215108 813695
95220 942918
137120 898266
349945 669548
153709 880825
223999 805293
118471 919404
289284 735664
109890 931408
368142 651375
273345 755506
170964 867407
301051 726325
179803 860754
67141 985991
131468 915565
58282 996631
245897 789252
302771 727365
187337 857630
197667 848402
197771 849757
252941 788229
79865 985359
224525 821334
201669 847663
119163 941682
89711 975230
82990 983750
202628 847456
447969 567574
321889 711730
287777 750984
126358 935828
235412 811534
350536 679770
145104 916210
398026 625528
113402 953744
110526 957413
274865 768483
172096 887379
265609 779285
129648 937622
98215 974130
430737 588575
252687 796542
437611 580877
366805 664729
359040 674474
160985 910290
286655 761362
378332 652576
118763 962247
94623 991304
89340 997627
313935 730260
251135 805476
242562 817245
214911 850530
265350 790476
365897 669487
313887 732334
121858 964187
170236 906289
349806 689480
226884 839256
160256 922220
240198 825362
202813 871175
123469 968230
179400 900963
393730 638308
244969 822222
233030 838168
380289 656196
240535 829700
176838 909125
124542 974582
409525 621481
197970 886793
295251 764887
302214 756504
255019 817115
358558 686952
129594 978690
301115 761110
278466 790032
246558 830934
151550 952368
311500 748778
222024 864049
231744 851874
204380 887253
293012 774157
434710 592637
138479 977361
194772 905731
336503 721806
256446 828741
217540 881417
158308 963021
319860 747978
196448 914167
328006 738367
232752 866514
167815 958390
152960 978626
139540 999983
151117 984291
221005 889301
261830 833996
206513 910748
406936 636046
277467 815428
239481 869783
247676 858506
344949 723865
215087 904785
358798 704932
151341 996255
332802 743185
185445 951534
434268 601116
287755 810294
471222 549106
196749 944327
282351 822252
310254 782287
319804 768724
228451 901090
388992 668716
333572 750666
321734 768258
188240 963893
226167 909636
169422 993835
226337 911796
272993 843353
195522 957900
361020 713462
388745 673109
270856 848343
200173 954362
240218 895304
184877 987974
303189 807805
235333 912258
418287 632837
256517 880714
240077 906999
238051 912350
223954 934172
217424 944683
331447 769280
471850 551592
244656 905688
238983 916061
227661 936334
203002 977049
395726 672640
218159 957158
250669 905538
341062 761539
363641 726759
382314 697176
196587 996286
209802 975413
420595 635821
379718 701882
428667 624128
286347 859687
256329 909234
295215 846714
239228 940022
416863 645588
296154 846204
458485 577400
232481 963288
338682 782751
372402 727226
261708 923058
290553 873072
342760 782086
339695 788013
301920 855962
275712 905459
303488 858083
282179 897142
269811 922155
316437 838471
309998 850758
274846 915753
329669 818488
416964 659986
370896 746458
276442 926005
272235 945684
288249 915464
256075 978128
265695 959646
275601 941187
264955 962061
277637 937616
418217 666292
443787 616756
291923 914697
395995 711238
337926 835081
260064 994522
303652 910267
331751 853359
306082 906627
377394 762094
371528 774529
380079 757539
290427 946809
320265 884302
398106 721236
387621 743655
350429 822824
432838 649104
374774 772191
424042 669094
316156 901793
433717 649577
362926 802453
316731 902091
410025 702475
377629 773968
285281 975469
333036 873553
366816 800867
325065 893061
368115 798444
350614 837168
351846 837888
370370 797301
385121 764767
456508 605215
296839 966755
309939 939989
328806 897048
320135 918039
448655 624572
308518 945965
474311 568465
411960 717809
376015 805502
358540 852083
346010 882710
307755 976408
354437 864570
353331 867393
414187 718715
311684 974183
333348 920539
311315 976116
387783 786104
366705 841452
353225 875298
403161 751905
325090 949697
478867 560617
391613 783501
347321 897906
351596 889076
318623 979864
352239 893674
447815 644164
423580 708353
368826 854646
346704 916662
364068 874203
392544 798144
390867 805122
476360 571568
364124 883760
396424 794717
337484 959449
386102 825882
395763 802299
332559 981614
457837 626399
430726 703656
337654 968166
348270 942802
331653 994110
423050 730853
423391 730331
347288 953033
346787 954555
363615 905799
400507 799788
342445 975280
382823 856785
368147 904221
403759 801835
379781 877808
376645 888104
349575 973521
343879 991998
365193 926551
469089 603156
348589 983381
441233 692174
396352 835672
373700 908600
369144 923180
409032 797151
369546 923422
386166 871003
430072 731767
406455 816102
360544 970671
355274 991767
403952 831010
355407 995961
369527 949818
464991 625583
382000 909766
391665 876755
380599 919631
409408 820602
495960 520395
383579 912495
385243 910673
362980 992906
411040 824458
399927 866951
418990 801545
400083 873273
422965 790253
398665 881513
378937 954748
425489 782413
407341 850687
412409 832448
406247 856645
383465 943809
383900 943698
388389 928521
462480 650509
418286 822545
424491 806769
393882 930717
416137 845514
404895 895780
460930 666107
401059 919560
420249 839800
465788 650478
406419 911450
426139 827074
419860 858708
396102 965216
401131 947566
405406 931345
473475 626804
413008 904576
396954 979618
421133 881654
421502 884608
469399 653519
417455 906739
408701 953602
449971 754484
416502 921556
454901 730337
408733 961739
451609 749150
416545 932090
413586 954092
461432 707304
415409 950600
413348 968060
441125 831041
469644 675297
428920 905513
425699 931311
415801 995884
418827 979639
421298 971064
434308 910888
425204 970430
427177 958527
429378 950199
433611 925175
456623 784514
436369 922077
435805 936589
436687 937249
458015 794160
444114 898529
448536 894211
469813 736393
449943 896835
438471 987405
440769 977657
461661 813447
450208 915530
453732 890132
479508 693236
460130 885991
488241 620797
452349 997290
454584 983515
492593 581612
484500 685166
472913 825696
464537 927140
461794 974401
461682 981533
464955 942923
479520 777416
491980 608321
468253 941646
475821 837013
485324 707022
464904 997962
480520 777071
487627 675591
479058 804578
468788 958515
475683 866921
474716 887823
473524 964557
480509 843028
484815 776440
489093 701299
484271 795344
486856 755878
480925 885693
482053 870738
476744 983204
485915 804196
481010 921060
481034 930553
485335 836093
478693 993564
483560 894781
490285 751946
488594 839537
497910 553209
490307 824073
489145 877112
486693 999721
492850 761073
489747 917004
496579 623643
497046 614891
493738 851078
498642 552269
495756 772212
496605 722719
494299 925618
495015 872137
495587 842354
494126 987167
495909 847729
497323 783624
498267 689692
498246 963792
498777 739814
