498863 763521
500359 730614
517767 963527
520879 889698
525513 922208
543664 973286
505673 582138
549844 948560
544860 875708
535940 770508
528971 716309
564429 946796
519677 650762
542506 788789
562763 892801
541423 756982
592757 995305
517427 604343
578993 870093
574563 844413
591313 911289
566350 793821
602434 928044
560292 749227
602852 906306
583466 833318
560224 729127
626334 931351
589310 808430
508697 547606
627300 878428
653804 952397
503783 531193
637794 889379
647415 895367
656346 904044
583979 724324
599141 757298
556728 655080
647711 859704
719451 993693
726916 989127
629570 782246
566689 650852
635491 783353
730346 966463
717980 922827
700386 873968
584157 667041
738719 928364
633247 747531
738352 922354
675677 803174
774864 953471
547265 591988
575770 634946
660962 758656
721267 839732
804672 954264
618630 688407
630783 696845
593975 639591
782481 878509
825244 919487
809338 895967
804722 880597
604231 640438
887616 963126
595377 627308
851621 917235
707944 753944
642866 679147
713664 756608
828195 882791
775192 820877
620491 646894
868403 904600
748544 775843
945960 979380
801020 822090
871673 890121
903089 918868
907502 919776
798247 811969
788410 793803
857259 855828
906263 900347
889920 884732
741803 744940
959272 939855
883607 869738
932917 911898
776406 769432
770951 760573
854510 833347
992715 946029
943365 898052
999375 945061
788656 760988
969613 899402
849048 793633
653943 639678
772215 731558
900238 830947
917342 840178
959563 862371
883553 800647
888900 800766
794800 726602
699524 658166
891726 786355
879683 773585
571637 566462
772378 699652
727152 665334
715537 655532
895406 769228
869188 739365
890633 749280
636628 595859
887856 732018
914203 742060
938312 753105
678753 613619
971000 766760
865885 708834
836252 679825
631354 581435
972267 744087
634274 577591
840871 661895
971732 715563
944543 697532
942475 694835
839848 652013
909622 678756
836291 647507
853462 653923
907986 673898
990677 702621
950719 679119
826805 634179
999882 695451
692922 582692
959558 668890
825641 617767
828625 617985
754214 594822
560626 536232
679850 571324
918617 641023
890332 628154
701426 574801
876770 616636
768467 587907
782353 589849
977454 634098
950596 621950
751422 572031
745508 569903
868331 594264
662747 549640
749360 566288
777407 569707
841245 579840
986626 601202
995105 600613
957406 585270
866937 567355
929025 575374
759591 548975
866898 561049
877609 561802
860559 554450
790334 546461
844487 548435
950991 556967
767593 530051
778601 528928
881138 531361
963221 533612
909741 530589
787621 525810
623443 520277
776433 521305
748483 517545
896787 506055
896774 495640
925012 493431
661412 508374
984121 486650
980517 486417
803983 493579
951731 480070
718167 497256
763058 484656
856822 468310
675543 492157
712766 486043
919998 453547
792700 472984
888774 457175
546450 510404
980981 439202
743684 475974
619342 495084
921323 432835
620010 492080
976352 410196
677436 473349
995511 384964
925366 401711
820123 428259
965271 384815
956461 378981
970634 368207
968277 364594
959434 359679
730996 437677
915453 369295
962139 340332
988358 307411
936459 327997
859346 360750
969896 311425
794899 381361
777664 387265
957546 300929
961976 296806
595088 471286
795163 366821
918326 301729
915590 291724
829069 329801
929273 269709
757158 367718
570532 475965
892201 278164
927948 250793
742166 361485
885480 268269
631259 432342
685035 395463
703816 376258
690298 385557
755004 339020
989055 157565
897897 220134
883461 224377
932067 185181
613296 427478
953533 152774
879926 211099
698635 356897
796509 274889
677706 370126
920424 164029
773247 280975
754928 296658
911820 157265
988718 86276
679277 358749
717301 322084
940002 111649
920798 111066
924508 103047
960241 62870
993351 22740
858409 138906
731565 272319
645479 359702
810837 181180
891824 72444
876508 88942
847323 117183
708544 275497
605808 391915
749216 217931
599662 395910
822617 118757
781431 151667
834825 81665
767620 166024
865620 36229
810814 105497
825947 85185
835391 59487
791857 116382
792731 113200
608857 356974
766796 124946
797628 38747
734742 120824
574511 389188
769129 49569
792753 8238
700518 167711
631468 286815
716980 131970
569738 391381
743019 71796
678764 176076
658573 208151
695159 135254
752569 22691
623793 272012
615995 286567
634841 246900
752067 12618
589797 328226
667024 165073
739009 8252
707072 71823
546257 415302
643358 188569
615270 251230
664618 104445
632798 182235
674480 77642
681324 57927
634070 140647
665031 49445
603943 221258
668504 28234
613346 181674
534620 411410
580624 270646
532010 414216
575511 270914
577903 258827
535582 396847
604719 168542
534696 399504
561845 309624
627507 34219
628723 10175
564047 248877
610885 48196
582001 73264
579790 33751
529972 322277
537768 263549
516246 402797
576134 3792
558249 47723
537429 147170
550273 15508
542891 2618
537552 47108
522258 216188
504720 411006
523356 31316
515926 123829
508387 31887
508777 11948
498355 169117
485903 19644
498086 493498
483752 47595
492390 321536
480318 192364
480028 294714
469827 196266
481932 345525
470009 260030
457730 163359
444214 66537
451744 157168
439349 102692
462841 285131
456002 305821
419829 164824
388161 29189
409966 143687
391073 68212
388601 61469
446037 302789
419294 222349
390667 154896
423763 270889
385991 153808
398263 227683
341770 79769
355742 122337
330571 56967
330096 75778
317710 74099
407291 301386
328668 116796
293873 113524
473418 468461
388476 309322
319285 180997
344325 238311
284852 131878
282227 129828
387491 324464
315698 203849
371717 302156
196756 23136
331919 252738
354940 295656
215661 84851
229611 125590
302496 231878
195234 77373
207869 113855
196530 98796
162217 55333
235163 159451
164005 65313
294116 246582
171381 84720
120035 31447
114566 29760
124763 43322
127608 47437
416487 417222
109792 54533
403445 404697
258664 234914
290308 272914
114902 68937
251539 240489
206394 192516
136770 120074
286884 290098
188170 189357
9616 7147
60646 60825
37023 41231
95957 117215
23908 45582
404242 425093
129733 158692
289312 314908
227406 254920
34265 71097
211200 247607
341337 373197
172756 218737
58557 115640
381385 412166
151184 209144
213306 267682
376730 412189
43568 140109
100196 193145
32018 152795
37465 167636
203532 299985
94397 221055
25693 171353
275066 362209
96336 245134
384445 441114
136307 276393
19377 199808
39233 227311
296959 392734
83584 261023
59539 248557
343468 424174
81604 267707
247736 369895
191167 338540
161154 321845
236536 371382
303384 411191
107027 306251
167604 346351
31399 278958
303719 420939
30315 286816
52228 300221
29604 291371
236355 397530
149704 364568
120015 352035
89480 351592
229437 408494
155346 383068
51559 361140
404808 485160
131695 390277
18870 352473
129810 394875
126414 399729
441855 500137
237005 439948
260856 447534
6319 372709
1483 373160
37304 391827
75329 408701
198620 442488
78161 417161
78021 427054
1661 414749
73042 430167
218179 460649
122776 442813
255425 476703
85744 453195
91711 455579
101755 462653
405174 505096
66333 459448
380074 503153
6987 457796
180756 482358
2965 466433
254318 492620
280244 499886
33617 491670
163358 500885
124929 499250
12113 495070
49791 497526
367049 512852
72437 505098
135085 512759
149512 514996
216112 518579
142332 519358
75946 520684
54827 526263
157443 530115
67510 536658
117655 535016
156094 536199
114163 544636
171418 553480
200386 550586
40331 573955
30039 576608
81318 573661
417037 529444
120565 572596
138520 571727
70374 582920
12567 612903
65472 611871
20177 622700
89268 614599
55751 622784
77479 627734
13981 651970
35365 650491
65713 649192
21977 665628
45115 662140
312719 580434
128070 645015
142640 640552
47691 679205
165588 638169
87208 670128
117254 668163
23401 710588
70081 692514
67424 697159
424882 549041
270347 615019
161343 667025
107061 692114
238470 636401
88972 705699
56321 723646
119256 698125
265482 636285
417314 561119
243719 654014
397866 571931
45388 761940
5996 793312
38660 778131
138992 727175
55161 775993
332766 614800
166844 717798
246692 675609
63812 796614
158617 742433
151141 747931
48459 817693
74305 816500
182363 745736
95564 809886
251012 697475
169192 757828
138874 780705
99814 834026
46098 887665
185266 784501
327593 667136
5143 965175
127141 855792
242753 751354
363361 643176
39351 942805
126675 863002
160378 833722
248185 753997
65461 928699
86348 917089
361656 653625
324200 693861
346848 671761
30313 998602
447963 570461
146319 893069
111445 941472
130815 922944
82980 978676
267871 775718
151688 919942
190298 886010
241679 825202
187893 890892
180955 901505
264071 814199
308504 759803
231576 871947
172802 968720
205706 923570
157603 992054
218808 912023
216151 920511
316061 784876
276239 844250
293943 823221
327431 782740
429712 626406
376530 709939
405512 669410
232248 954963
270028 908317
323717 818004
297061 869200
295863 874853
330511 821502
245454 988687
335844 837900
313885 881925
420349 675560
339718 843482
272206 986253
282235 979031
288395 969478
291866 963111
285931 981800
436280 655083
317773 928407
450055 632488
382903 795526
315510 963223
360976 853174
327692 936413
371519 846335
421022 720553
426746 711903
383717 828362
350929 941983
446184 677109
357511 954398
422878 755077
385818 874252
440368 704282
395566 850503
352619 994128
421654 771227
378767 913267
462084 640503
383163 914360
373762 947362
451150 689612
398206 883510
432273 772329
485018 571964
414557 851566
458815 682831
424102 857479
477469 615280
440991 782565
430247 886204
417043 960780
422316 943728
441293 908696
432053 974845
455269 826311
476639 711599
483875 696663
493380 591040
465657 978559
482692 755473
483101 787311
484154 886471
496698 792439
497565 952328
