487234 799210
489785 621939
505549 860259
493824 637712
509737 915758
519677 994913
517501 898271
508227 751235
512217 768919
539671 977731
523788 831861
540715 975613
527636 859791
530365 868885
541152 952586
533122 855599
522916 734579
560653 954910
523461 718988
559446 929954
570744 974386
560153 896810
581482 944638
561166 842013
545381 763585
563310 842996
576959 904173
545668 758591
528597 680616
553419 783018
587898 925949
502698 563837
568302 841911
577482 880736
528753 672976
593339 935028
598109 949311
571211 836402
559236 781020
610370 981207
585786 879817
537046 677796
594021 870397
546308 702598
575188 792085
592678 849888
605961 892537
603646 878265
605392 877604
622159 922851
576510 775525
646515 987373
586689 797929
590323 795873
663610 975733
587737 762715
664517 964080
646727 913818
542263 637731
545008 643585
563565 687121
539267 625578
639091 862289
637454 844733
665848 902756
611079 775241
667132 900503
657444 870595
561151 649076
554055 631074
658198 838124
604919 722112
730127 960471
669455 837935
742943 961581
761989 991171
693471 853993
700717 861663
590644 670050
653427 776940
764332 963596
618129 713881
770186 960536
784820 972100
696232 828100
608516 684655
728332 872819
738296 886276
666464 773191
550141 590792
781555 946845
636911 722244
554050 595235
790828 947366
594075 648997
797419 944414
644639 721178
630283 697019
761259 883300
806854 947903
599211 649891
824760 961506
729671 827316
613109 666196
750549 850082
745273 836754
807208 913613
741550 824329
660135 712823
517514 531262
630133 673230
854767 952296
752308 817589
823399 901532
701569 748903
853525 929449
756239 812796
848528 920385
591237 614839
654761 688079
834461 893256
879089 940949
636760 663363
892741 955157
814645 865680
871496 927764
867127 914613
768395 803339
895803 943355
820212 858820
757429 787399
901526 943798
800208 830114
701110 722656
772374 798752
914815 949344
802991 828809
922312 954062
902367 928648
880181 892764
696263 700805
771093 773254
875924 872431
844855 841696
772194 770155
851521 844663
919687 909505
781807 776200
983458 965843
839457 825802
759959 743846
861420 833929
693592 678463
953239 911317
926797 887302
969439 924560
927183 886178
882431 846081
753323 729045
630574 619237
907988 850313
976234 904127
980546 907219
919349 854675
714022 681761
692531 663733
591518 578505
806970 756198
852438 791963
943081 862611
998561 903703
986152 887636
663214 629694
847612 773841
772367 713988
911036 816545
894668 802725
913952 813723
981801 863416
607041 581740
880531 784541
897061 796351
891372 791370
645778 608455
905605 797534
978926 849597
818923 731817
676962 628113
917810 797687
998262 854096
982631 835759
844987 739855
809779 711770
939582 799973
711557 643890
918846 779657
755707 668713
982445 817159
726442 645115
784641 679673
827542 706047
788966 681220
798984 687001
674828 606958
946926 769027
934697 760867
988326 791923
585230 549545
966610 774048
999574 792520
944758 759625
651627 587522
846775 694931
674255 596882
875176 709502
927388 738556
878675 703240
863945 693987
894829 709664
859159 690226
771329 641314
715008 610611
831219 671068
991624 754455
617126 558478
938443 723064
709763 604581
700937 599103
825806 661621
940755 715643
580073 537161
999514 738669
838991 660894
991154 733035
815087 647065
761436 618078
887341 673459
960150 705553
601700 542826
596501 539597
945195 693250
954051 695536
957930 696603
693804 577467
821379 628279
807907 622275
980633 691851
706505 580338
906729 659711
564395 521723
789043 609699
944163 669823
863228 638139
987571 679121
934771 656296
959987 663957
854565 625396
710506 570702
918268 641235
850509 616711
714675 564449
944608 636424
808173 585854
859022 597055
965179 618420
877216 589495
732088 549851
711477 542026
987272 603830
976581 601054
928952 589786
721405 542575
931602 586912
549625 504051
760732 548345
843989 565568
798578 555371
924768 581185
816941 554689
592208 509514
580311 507303
922599 564346
659954 519952
884941 557118
550809 501057
790553 536923
973059 560823
553460 500285
548162 499122
764493 526619
977579 553473
628952 508702
721443 517163
600706 503422
985731 544621
836802 526357
747144 512834
640404 502252
781252 511832
723964 506591
977320 522599
557912 493766
612360 495925
605469 494575
720619 497556
860357 499746
804506 486984
810221 481848
944090 473359
995612 467549
784356 475886
988511 464651
890734 468115
835844 467578
729312 473452
633672 479753
983478 450124
958414 450970
902254 452348
801338 459602
892456 449150
923009 445236
635373 473945
995195 433437
899783 443395
978655 433786
929186 439139
626587 473970
945510 435512
933508 433059
823422 445168
737262 454679
966654 421413
491422 489645
841491 438585
737881 452851
980182 400270
761770 437019
783782 432737
955729 394875
916077 401703
616904 463121
988404 375690
781117 421631
749650 421487
589866 462219
639392 447626
918416 365495
962325 345829
718872 416869
970148 334154
715680 415630
508178 483068
922959 334091
947301 324880
926493 330408
760834 388232
920940 328064
986195 303509
883378 339968
798714 371653
841471 353351
834823 355541
963281 303137
922898 318791
954811 305855
710521 400125
908228 319862
528804 472988
873390 333509
635993 428739
792220 361462
726985 386464
965087 281614
955540 278824
928410 290148
876681 311153
658922 410477
866058 313077
627600 423847
910960 290456
795323 341279
525282 471295
787201 343819
609781 429969
997662 234922
759238 353349
932173 262566
841069 305824
740275 354993
983935 223475
949128 238906
838652 298452
857988 284839
744255 346600
876171 272393
793129 317053
791326 318033
665595 388223
896804 246726
725818 347197
935778 221248
996308 180928
731319 339214
722033 343518
706041 352237
792912 292487
965348 178037
690002 357225
876795 235253
933932 190453
835282 250787
810118 267024
927248 185381
698837 342805
874017 216622
804361 264904
936396 167927
994639 111699
697079 331171
807236 248140
918599 159666
947467 137302
925151 151819
947928 133988
812417 236261
737710 290998
916947 145599
837480 208644
884891 170297
801415 236948
692007 324336
878968 172236
953159 109154
756417 269163
730190 287269
869249 171678
929275 116161
952311 96508
942580 102593
975150 73367
969284 77815
756011 259417
621155 374511
791410 225151
913468 116789
895249 129471
955857 67749
985230 39803
772201 227734
863649 139647
947553 60773
909006 94309
998559 4698
768335 221709
511086 465985
894125 97916
856497 133304
909341 82087
986488 6923
883349 104053
900285 86124
916697 67380
965319 17025
698738 279365
623568 353523
934629 44701
923013 51965
868171 99738
900281 64263
691874 278246
680499 286249
922405 30961
586875 383301
914958 35138
706047 255912
882947 64939
654262 308637
802433 148729
818303 131569
919879 20016
639414 323647
858571 82028
894157 43051
669226 287104
889983 40604
898998 29241
741309 200276
827606 100844
804941 125140
778314 154344
790690 135521
846560 68224
660526 284900
869063 30821
851483 51286
843609 59898
750849 170522
749396 171236
833600 68517
775868 125421
685013 239095
653051 276014
793431 93614
723983 180138
704531 199259
783754 91860
559847 388424
737809 138339
697479 193605
606656 313950
776912 64867
775306 67148
740591 114502
767548 74331
813020 776
723090 129473
537957 410711
799432 11626
789241 25900
783129 32608
609654 299051
639874 252340
654491 228622
540547 404915
713411 121189
716561 113579
743014 60155
616051 266966
648443 211466
639501 226465
614276 267275
713389 94863
726770 59329
731183 45130
662696 163072
732656 14051
676612 113831
727325 13607
713621 38660
587691 286209
602790 245141
559541 331675
652884 124040
602566 233317
592354 251846
665239 86579
616071 196617
662096 92248
684435 39064
516203 418163
658667 83099
642727 113757
611434 187448
629602 143515
672023 36833
666368 36891
580104 252609
597493 204196
638582 93623
527651 379700
584008 227814
630961 99755
590955 202631
641519 62159
586477 205488
655232 7590
516615 401466
648264 22496
546529 313816
517195 398269
651516 5707
577505 207440
560281 258244
622145 63501
512460 405805
587244 131439
534718 316602
598772 88146
612239 38459
578331 152874
494627 455868
556669 216825
596639 60557
599322 46611
563555 178202
587785 76713
588600 68569
569025 147551
572791 127147
600633 4082
493053 457869
569588 126233
594069 8620
579221 69229
588572 25771
529272 288622
559894 137751
564289 87254
570377 43921
540439 180817
538488 189660
533330 211370
551345 101320
502231 389804
528930 222490
529373 177029
544811 59864
542763 73348
542939 63036
527228 162835
516809 211563
531692 45461
523223 78169
499886 296719
514115 101804
509122 164462
496746 333450
507884 154958
512700 14261
504274 32795
495229 177125
496777 37429
495385 53750
490526 108496
483037 40071
478569 117754
473818 99875
472957 91327
481588 382469
480940 366743
476641 260995
467287 35151
466650 80792
472963 233134
467785 221974
463396 184618
467707 266490
453139 95089
463755 243620
453920 135955
465031 271451
445569 79346
460374 241147
467440 312804
441403 62309
453156 183840
449053 153968
463152 300813
452163 217147
430926 57008
425365 20879
462143 313134
422445 22342
430044 89498
428071 79243
438566 209878
456037 333250
471339 416443
451587 316962
388673 12474
386858 19544
422606 207627
397262 129961
370236 27722
406385 180513
446006 341059
401412 192778
390088 152734
346250 3587
380472 127828
369735 101895
406412 226606
423898 286286
416094 261013
363778 94554
419964 285683
327759 2205
358708 99390
448846 377824
397782 223803
413601 273554
403393 248869
359029 120938
403904 262029
358288 150714
299543 5694
336577 104793
311179 51851
338317 121952
368658 200905
305708 44979
304470 42143
383296 243133
312267 73090
374194 230853
359403 199368
300151 64671
286110 34592
376843 250226
337175 164302
345348 185736
344880 186077
268584 21231
278306 51456
271018 50760
325894 171506
286098 96918
228978 1941
426866 381881
236427 29689
399240 332088
295289 141909
274327 105106
221650 14755
311617 178432
425356 382991
256132 88411
233255 52608
382991 316604
308152 192347
234720 77710
280553 154078
381116 321496
380198 321697
255557 123081
438751 416174
366674 305532
186105 29827
249029 128828
343092 274148
238208 116866
279334 179658
271417 168269
174544 23360
327615 258802
363406 312983
256520 159634
177854 48651
342407 285586
306273 235876
253504 161724
282933 205088
175313 53552
256952 170650
335802 281064
217493 115776
311362 254605
205544 114345
294103 235293
116390 1221
200449 113427
217481 140119
398539 377555
147536 53044
112061 9919
222797 158181
129281 44879
431991 423769
462242 461842
350522 324009
181197 115511
176158 111346
174045 110926
298504 266152
320837 293511
161390 111404
185014 139801
298838 273284
362638 347680
108242 56136
230366 197603
388945 382561
382472 377015
152984 125637
80169 46559
215395 198574
409105 408137
196241 183354
225444 214643
118978 110007
163527 157995
206638 207080
105917 106564
103511 111394
138560 148777
99400 113364
372907 381353
119858 140744
398684 407675
80873 106136
401338 410660
50558 78111
66635 93583
285805 302740
54399 86651
59252 93388
128801 159338
54758 94878
237454 264244
129500 168520
221458 252576
127994 169046
210297 243641
242862 273426
258711 287781
188231 226635
181435 221135
146255 192418
22960 84253
48013 106980
56415 116493
273956 306275
250862 286899
267907 303771
51079 119904
82257 146965
69515 138475
13071 92235
5382 90522
337699 368041
66089 144687
84947 160910
280646 322416
331267 364260
203596 262317
4058 104805
254936 306118
141118 216117
240463 296278
171595 241724
20196 122200
123565 206346
195455 263149
92136 182422
164031 240090
18093 130100
74856 175633
37536 154690
140253 232203
202162 279780
68074 180239
157764 249179
37140 160379
307284 360209
294786 353610
151252 250836
121668 229700
153790 256622
266546 336165
8495 154842
318443 374622
99377 223714
22075 173362
402716 433922
157098 266030
372643 414321
363886 409462
194531 296612
314892 377108
189323 293714
211815 309718
186824 293398
21314 185078
237626 329766
338049 400989
134580 278980
52026 231530
30299 218599
129408 282903
279738 371740
29172 227570
277573 376359
372247 429140
48005 257827
147222 310996
250840 368030
188698 335718
80204 285886
68307 281322
50549 277748
198744 353622
164741 338936
170276 346810
100102 319930
743 278659
300114 410220
38046 297963
58553 308073
11352 292433
69826 317293
35173 310474
128852 349588
140975 355522
417309 463826
110224 343703
41977 318032
53436 327840
213080 388420
110302 351238
96545 348633
221466 396524
245143 406267
227107 400094
157687 376712
150019 375771
44394 346028
129780 378613
38152 349919
41856 353224
374066 456988
294403 433669
379625 459808
85604 376152
250867 424841
114364 388888
1996 358864
324392 449035
161091 409351
99455 394651
342669 455385
338448 454357
197153 420906
19440 378496
168294 414336
175976 417151
379170 466411
253970 438628
109552 407060
280669 447862
244265 441841
294142 452609
217288 437685
36512 408341
248490 447194
237378 446060
259189 453001
332987 466426
131585 434958
76050 427569
212433 454242
257983 461706
315433 470992
154900 456418
227074 464843
59372 448720
325152 474954
4554 444398
121876 456716
269652 476417
68757 466273
363331 484021
294516 481067
176594 476912
358351 484952
10822 470971
215956 480805
107132 481134
93103 481830
48981 481200
169174 484346
205892 485537
275886 487531
202032 490035
114987 492085
351736 492515
206452 497421
385768 494068
399928 493701
209667 502974
235344 505184
409451 495142
416353 494779
287257 502955
114041 514642
126876 514002
138720 513511
156356 512503
45083 520281
40067 522835
9369 534781
318377 506416
39117 533671
141609 523922
123830 530543
330269 515224
250027 528540
19599 572328
81349 562044
339368 518139
82741 569041
159519 555394
21475 583545
84941 572172
3131 589183
45233 587820
175131 559249
111640 574175
259424 543139
101589 580970
141063 574387
120508 581014
155427 574060
219636 560169
188331 569396
9772 617637
403312 513059
364046 524576
9196 625493
100617 602721
98562 604755
65704 616540
304774 545747
118511 603860
184778 583900
49065 626615
47331 627301
138890 603499
365257 529724
366513 533002
181562 599427
236101 580456
6324 665402
211048 590995
8889 665042
144234 621114
14690 672721
185426 606955
135800 626722
442059 507462
225426 592647
194092 607384
141431 629571
412419 520203
247532 587896
97963 650221
64483 670421
22561 688534
122669 646974
89153 662810
25206 692677
63373 680557
307248 571978
198671 623642
69203 688577
130578 659924
190675 631418
176340 639596
137890 659903
78163 692799
73761 696313
124405 672467
462211 502257
11596 735239
128596 679388
130879 681374
116348 690672
19363 746961
284172 601353
121853 693601
35952 742021
136653 688166
149641 682685
215857 645481
148780 689438
106846 717082
204351 658907
73540 741466
273026 622607
77586 748378
336796 584603
46339 771626
226362 659470
59670 771237
107643 742309
68910 768768
242772 653451
192794 690105
74331 770942
221795 673327
141207 730192
118284 750737
360114 580943
188451 705895
179941 713709
7062 841183
176341 717960
235626 674997
383323 566170
356547 586596
285997 639960
317825 616346
136336 752995
82749 798078
254610 670383
1740 867660
65109 819864
16630 860490
86080 810330
167665 745362
319473 623684
312321 629632
23121 873488
120671 793652
79895 839421
102200 820798
316999 637076
215037 726026
25549 891100
131902 801972
221596 723010
213433 735113
349969 612404
110145 835742
355138 611187
334087 630983
214829 745437
324498 642707
141294 817483
32219 921459
168750 792809
145906 820175
108005 864013
16797 955680
88106 896235
234270 747580
134478 852094
278 992665
158033 829889
168806 818894
119744 876391
40187 961136
110991 890765
99733 902926
174145 826214
15384 999798
309063 683422
80852 933600
115724 895450
48652 969475
119905 891660
37165 982529
332232 660950
289676 710935
42694 991483
247896 760649
83599 953398
113358 922886
53627 995165
149868 884731
282343 729671
330284 674050
69420 995424
271123 752960
168056 879230
177573 871823
210958 832242
194224 854294
339866 673538
121881 948234
279980 749730
308566 714231
137875 939986
406116 593585
357725 656947
110488 979465
239622 811721
293915 740931
191230 878239
195777 872846
284786 755793
201041 873315
361979 659404
142211 983833
441635 553971
232663 859177
231546 860970
173503 946539
190129 922546
307479 751902
301356 763112
180162 945509
214933 894358
254437 836862
254631 837312
174653 960741
176633 963405
323007 740462
414034 600546
207089 923169
263431 837325
196897 958070
241250 891999
373597 678726
200600 972896
316738 778552
209757 962197
284591 836658
198077 988520
199017 987317
278764 854437
267341 881856
352971 728369
307291 813649
320287 794294
255808 914097
235290 953574
331870 775386
325915 789438
232373 967674
415252 627385
439427 580982
269152 916997
327317 806044
245909 974642
418172 626962
385764 694789
261910 948846
347566 776064
244539 999424
369243 736295
311468 860955
405520 661791
374673 730037
260189 981139
293773 909195
295200 931987
376443 757477
365731 785408
313800 913807
295728 964232
397980 722840
310886 955403
306641 980492
349230 865447
370850 808365
343042 886922
335996 911886
341568 903879
323361 961222
398635 744670
358866 864652
317071 996712
397712 755492
356797 882095
380738 815951
349975 921946
408055 744463
376289 860650
396642 797357
400135 806000
362837 947892
403889 796308
386258 865207
442194 659314
429872 708051
429918 708408
373731 930716
409160 800923
440009 678270
376068 961759
421136 777401
387812 932449
378331 983882
451162 651052
393449 948924
399869 934152
394961 977524
406203 919034
405246 930843
422548 844716
405176 951688
444086 731715
466352 604586
454049 694165
440827 817750
438127 845153
458567 691912
428210 919878
455020 732653
438901 901478
438621 914891
450389 834230
461256 732379
473325 614049
451462 897968
454092 897374
477370 595746
455200 887182
453537 938269
465670 770084
457177 910357
468936 767567
477718 622313
464814 869951
479141 637201
471697 856594
474858 945179
476349 903626
482055 666790
