504940 990801
504317 751864
504937 874931
506014 847920
505438 765440
505222 700576
507181 854442
508762 844237
512614 993882
511118 891972
506969 643736
516655 965718
508472 646866
518401 938530
510707 707195
513602 788246
517575 892171
513958 790707
515974 843651
525192 983498
522702 922989
523498 928243
521640 874072
527698 975610
517669 770808
530884 981297
528426 916774
525963 863493
513932 666092
533102 970924
508620 578040
531728 944359
513907 658973
522113 785245
516956 700131
522181 777662
516450 677690
525719 807276
536870 956985
525196 786601
540933 989006
536210 922541
536412 913993
514222 629827
528785 803341
528755 784066
532808 826514
527566 757535
515949 628893
543698 920073
526831 737241
519686 661005
520188 655461
549735 907942
538570 808059
543916 852741
520184 635777
555716 928527
561488 975473
541844 797834
531030 710034
563867 960993
535689 725874
547052 807293
513237 563970
545563 793085
519926 610457
521792 623113
570371 951117
575740 980526
536945 718864
561032 874130
568471 915304
583574 989216
533090 674799
566831 863019
585942 960592
583807 934494
573536 874931
515783 560220
596608 993375
574699 862987
553635 752071
560864 787107
599730 971878
561429 781009
595279 948913
601861 977262
587232 897812
541801 678155
567849 803759
517546 560810
590868 890504
526713 598264
558458 740881
554470 722611
592435 885216
603490 933809
522638 576463
506795 507343
583160 830472
597063 880864
583262 819430
591003 850210
586102 824878
553796 694528
545478 661207
607693 903906
519885 557668
627970 981097
605724 890453
584271 798404
538972 626082
609917 886501
555540 684895
592776 808595
614956 886327
635637 955162
633580 940165
597935 817277
634832 938447
541853 621355
608816 844015
574653 729894
641148 950482
617795 872497
622304 886613
642172 952094
528567 575746
655630 994808
589426 775784
638052 935057
575511 728933
636656 920997
551112 645287
606738 823212
593903 779427
541492 613138
555779 655378
592358 763851
615701 830994
564786 677054
580861 724014
673728 997470
661631 959800
596890 767570
627025 853107
676300 987973
674368 981838
602761 773080
583485 717015
614512 803459
627642 836963
667446 944522
586488 720766
557118 639364
667081 939691
589333 724779
614064 791119
686440 985816
529069 560749
572734 676869
598140 744383
671445 933577
554481 625994
637124 840421
541612 591708
694182 987105
585225 703764
642223 850664
669496 920450
577786 682926
575013 675023
658279 885388
699984 987687
596204 724867
687248 950822
585903 697871
657455 875708
626871 797664
577498 675338
679396 926179
563928 640001
654359 859968
611282 752503
587444 694221
700467 965397
655367 855630
716071 992575
689191 929337
657765 855405
578742 666905
543896 586080
682119 904791
653612 836913
643504 812705
573116 651151
609537 733866
640795 804829
557096 614300
650025 816892
697344 918740
719231 966617
696298 909330
603100 707447
559344 612340
572295 640106
532697 555069
598461 693365
652354 807072
577985 649413
726485 956170
742963 989017
746718 994291
637188 765791
604667 698540
710424 913533
648832 787759
615305 718443
588178 663474
606338 699854
644658 776393
677825 842329
716776 918764
749270 978057
612887 706887
698729 873791
761782 996456
648239 772741
672779 818614
627618 731584
672726 817485
720777 905161
731821 923737
670225 806458
633663 737024
677434 819082
774438 989664
729660 905377
761901 963730
543358 564957
653496 764710
619666 701762
765348 961474
577118 624215
639051 733997
685690 816823
740638 914292
645935 745687
586321 638305
643985 739217
635697 724257
747824 919801
751019 921769
731166 886866
794635 996737
538562 553033
697507 826632
792084 988070
760235 932106
578910 620354
637489 719010
702519 828432
647632 734172
675195 779842
551499 572423
570125 603208
584035 626042
805471 991910
603970 658400
726824 859540
619988 681703
737648 872840
790215 957493
785887 949856
693105 797717
764364 911549
780104 936710
633994 699305
605344 652034
641636 708727
741565 865212
730378 847090
643508 710347
663716 739009
519446 516903
637247 697680
814341 968783
639703 701003
707289 804227
740441 852859
660128 728984
706933 799278
750013 864167
620222 668100
668644 738974
699131 783194
821058 962537
604272 639924
817268 950678
575402 597235
808581 935954
717963 803452
800185 922423
628352 672582
837536 973069
599517 629962
852811 991349
830123 958004
773466 875660
852267 985265
841891 968726
791378 896666
578851 598175
662903 715863
792029 893587
712086 782012
826585 938396
862747 988304
855770 978657
856730 974873
838218 940107
834352 934521
714094 773783
634113 664013
711964 766218
858117 956992
675111 716850
771197 842485
709402 761140
784742 857201
645506 676277
863522 958597
800707 876708
701475 747310
887467 983110
751732 807324
780803 844085
593568 606340
826017 899145
738515 788214
844523 920936
891509 976970
868669 946314
853530 926265
818921 882936
900533 982456
847840 917102
748076 793956
866795 939198
789101 842853
738636 779645
668619 693329
814548 869472
743903 781862
650963 669800
632426 647224
851742 910207
915069 985500
834883 888855
914320 983602
913018 981096
850950 904411
669023 687862
862482 915703
741351 772455
673587 692574
798634 839643
701212 724971
778239 814706
829597 874103
667737 683560
870118 918914
882723 931976
788192 822155
795013 829443
829918 868512
928833 982245
913238 961450
907290 954604
924703 974356
901735 947147
847067 882694
849184 884621
694475 708887
937122 983621
660423 669961
923991 968079
768675 792301
951755 999233
755491 777028
930040 973733
926480 965164
840694 868436
831438 857939
697215 707072
766806 782588
869668 894108
615326 614833
724308 733581
905996 931850
822452 837378
966360 992347
957807 982437
924380 946126
893431 912630
930134 951660
806672 818538
713948 718738
659408 660041
937400 958844
821470 832269
844629 854997
941547 955318
834349 839937
847103 850583
978423 987288
966225 974043
748206 745331
791914 789770
957889 960857
964316 967370
750438 745495
902355 900230
994519 992017
815178 809471
724178 716048
817027 809510
591454 580700
960281 950550
995635 985750
918008 905603
995785 981632
984485 970085
961463 947163
654379 642042
928146 910757
979653 961467
881949 864382
651069 637110
923127 901947
823374 804361
899916 878326
904651 881429
767078 747741
803931 782865
733548 714326
826327 803767
898926 871529
978896 945102
772713 746226
691886 669502
970698 929933
811366 780594
930233 891756
831109 798516
995580 952224
534962 521631
815466 783211
742168 713618
878579 838669
926763 882734
992577 942791
903901 860582
761539 729283
810050 773807
950959 899372
995885 939180
932340 879808
791322 751675
917490 863398
780274 739620
922726 865453
741787 703985
929271 867591
995756 925981
839918 788229
622721 596829
670131 638083
923879 859849
746896 704845
839904 785987
779309 732819
814457 762598
831108 775451
932453 862940
857972 798548
914412 846778
996552 915159
927199 853102
610698 583487
980224 898063
931449 854075
675719 637524
821287 760075
925187 847651
805626 746753
770498 717022
814966 753720
582126 558004
998683 896932
840342 764945
787520 720897
927191 833083
736371 678572
950483 847954
919324 822827
992795 880922
742041 681661
966584 858968
930664 826361
658888 613289
885138 789237
995916 875030
657031 610779
986988 864879
766041 693956
959512 841034
879890 779735
723447 659717
910662 802011
996710 867342
929695 815754
967436 844217
855426 758771
765039 689105
881419 775829
534221 515122
825291 732080
881287 773529
907295 792725
856823 754485
620479 578582
903692 787333
958291 826939
881834 768202
946943 813540
772872 687144
791828 700597
882795 762827
753258 669239
994165 838731
790766 692765
655952 598537
862391 740899
572269 539713
725009 644602
657067 597576
896889 761371
737765 651943
821155 708731
552959 525867
984504 819868
889322 754504
840711 720724
756832 663789
869072 739369
830318 712998
858875 731874
743423 653831
834624 711812
939436 780656
918857 766623
708853 627703
883196 741986
896406 750448
735847 644519
982608 806296
983099 805048
970078 795687
712767 626974
802607 684022
848549 712684
897462 743705
780393 668289
946376 772355
820871 692756
818399 690911
899870 740954
756417 650540
905025 742158
673488 597833
966956 777954
777659 659614
962403 770481
902911 732323
997873 789268
803611 672062
669637 591588
906380 732686
701130 609216
803278 669136
990800 778024
634716 568964
954413 754781
798641 663575
974812 763183
715935 613959
999142 776311
852803 692245
832997 680121
933540 732529
559888 523535
672836 586398
852872 686537
597872 544192
997674 763751
851025 683073
978548 748633
964932 740559
786606 642849
935025 721713
703597 597585
813325 654159
769953 631241
968248 734411
874042 685019
937674 717993
832908 661857
913220 702608
919933 705547
799710 642796
963807 724308
965007 724457
699736 590484
695530 588312
999558 740103
745460 612677
991689 735191
696999 588281
847239 662719
632847 556239
912957 692703
917912 692864
917777 692635
681796 578365
901260 684491
963183 714301
783159 626200
971810 716378
956423 706980
973159 714613
690178 578604
885119 668850
568546 521986
598300 535117
982010 706142
949329 691389
955506 691703
737422 595231
682828 571135
810105 627227
712380 583973
968513 694389
739656 594796
965171 692874
739848 594307
838353 636406
940961 679496
997198 703175
950849 681641
929399 671665
759965 600111
830096 628151
930056 668914
731555 584443
884676 642310
900084 646966
978600 676846
969308 672131
853126 627026
648688 547749
982011 671647
951623 658417
861814 623814
931016 649001
966943 659856
533496 502911
987109 665192
746990 578786
974715 657649
950173 646660
977424 653867
846034 608512
692973 556163
821960 599455
771020 581990
633372 535605
939804 637290
557228 509930
895901 621360
656357 542136
584457 518101
723388 562267
726343 562638
885880 612965
893421 614019
935090 623382
949070 627487
920876 618865
758534 569505
830877 590500
997572 639877
962000 627920
744794 563479
966170 627874
817728 583189
772778 568962
932223 614435
949813 617519
877190 597083
981085 624178
776231 565470
984623 620312
715613 547821
644380 529010
980743 616957
787300 566132
839043 578431
935840 602489
830444 575549
805524 568719
967051 607498
636345 524671
760692 554146
854444 576096
854393 575428
825619 568077
701631 538434
747390 547961
842495 568478
802636 558982
569453 506585
960375 592875
887269 576095
940990 587838
985029 596618
987719 596999
798752 555583
800266 553945
971954 587978
833040 559413
981782 589413
734197 538166
919188 574388
862179 563056
650248 519983
957258 577939
993179 584622
881200 562855
891703 563342
739127 535041
767870 539764
793663 544296
988530 576437
941839 568251
780908 540232
774008 536357
909966 557936
848149 547422
644573 514585
758737 532709
922948 558743
749648 530406
812042 539476
938146 558519
877871 548560
856596 544169
824931 538451
921537 551900
955182 556654
619772 508591
894085 546531
912061 546539
817194 533060
918317 546266
981975 554542
551565 498231
912175 544637
694242 516447
920094 542461
852967 533626
991724 545710
824165 526894
814360 525492
851464 526466
937230 531910
880866 526007
770920 515861
825245 520544
904542 524851
998522 531664
714995 508833
808964 515596
909706 521790
835406 514408
892849 518286
762401 508665
837190 512335
998667 521567
976956 518764
742680 505222
994058 518416
750742 504360
800033 505701
920094 510706
983543 512973
637181 496913
668836 497933
877400 505401
976693 506425
766365 499329
948203 503723
868399 500862
542114 492768
775502 497433
977678 500625
893445 498740
755402 496241
956524 499291
758211 495938
734354 494951
721464 494102
880470 495181
928799 495024
867650 494172
702376 492941
667536 492662
624717 491688
962465 490335
834580 490280
989495 485794
920946 485602
891480 485860
939024 484479
860777 485597
636749 488916
997506 479235
713125 485613
948122 478241
669368 486621
892706 476820
533761 490771
593459 487866
682320 483480
606285 486858
655389 484362
819212 476109
863167 472716
986590 464323
767626 476662
933911 463124
835617 469701
953071 461699
825100 469543
810032 469387
782262 471281
743311 474017
844705 465594
815611 467386
712090 474928
708572 475070
804646 465005
929622 453688
674483 476027
755556 468249
899118 454724
730649 470414
758511 467742
952534 448603
931792 450238
996331 443915
631463 479212
800980 462026
963994 444395
985671 441750
792034 461616
859028 454062
587965 482911
905772 448910
776535 462610
774918 462554
879723 450825
784760 460638
671523 473179
969965 439272
935318 442090
830239 453382
815826 454028
729501 463732
877825 443912
803563 453244
979260 430048
993340 426824
836542 446978
773687 455051
804320 450785
783104 453548
748255 457238
875265 437880
918318 430575
894664 433545
984761 419141
787498 448961
699086 462021
523479 488849
954580 421666
857936 435910
857694 435944
952220 420255
993694 413476
933096 422999
653998 466961
884048 428656
826235 436076
615483 472408
943256 414116
729718 451336
745742 446508
656060 462960
826783 428785
845561 424670
685660 455732
820631 428559
851494 421675
829318 423569
789338 431926
637208 461802
934351 394478
947336 390790
871012 407610
963598 385454
853649 409399
998089 372913
969601 377129
674775 449579
989524 371377
989536 370806
542165 482005
990958 366326
619518 461898
814959 410759
970294 368679
950498 373848
893928 387565
794708 413464
806808 407548
982495 356793
875213 384911
660517 446665
764889 416287
988729 351408
980223 349414
911874 369433
898125 371073
867232 379270
954562 351498
686614 434052
814598 393453
918468 360583
839617 382060
800621 394759
955263 344071
853026 375708
856987 374148
926844 350634
972047 335268
866111 370435
683980 431291
802498 391460
982452 328465
769501 401025
803983 387378
883341 359745
967231 328421
736360 409242
935078 337039
969091 323777
905459 343761
961813 321773
782105 385207
845940 359860
923121 330087
864221 352744
731115 403531
711358 410207
776993 383715
997094 296218
840711 358063
792878 376623
981288 299906
961553 307380
891066 332867
749898 390282
826308 357080
928650 314010
989389 288304
849048 346874
993137 286215
813036 360059
747416 387964
928769 310039
564804 465517
661701 423914
950852 297447
918740 310874
808428 356051
887663 319951
874701 324545
788589 362898
974293 277732
827778 343656
660869 419829
977024 273978
971221 274661
537505 476004
922595 296523
694378 402424
997080 258299
699561 398728
915524 295175
866638 317271
892601 301886
959950 268389
675154 407527
763843 363730
757300 366891
770826 359656
696648 396078
704158 391990
875084 304091
745860 367856
842125 317920
729415 375789
992708 239365
705270 387082
878595 292241
994619 230463
970983 242217
971585 240770
963820 243377
663106 404566
746733 358761
719620 373018
652742 409655
610780 432649
728937 367495
963934 237156
970031 233600
930877 254764
864759 291085
986292 220920
621149 425783
878322 280701
994654 214582
556564 461822
656955 404865
691239 385318
670421 396503
801359 321616
919002 253412
612816 428945
860932 286075
709573 372521
795564 322745
916554 252381
689216 383306
960266 223914
735733 355552
832718 298125
940627 233789
834222 295902
996398 197265
727106 358159
841353 289832
710080 366279
982062 199254
815638 300883
732842 350686
924438 232359
588465 438974
941738 219065
921591 231423
737363 345670
959702 206247
722099 353116
867641 259764
683594 376428
900404 236063
708404 357535
655583 391276
906435 224727
884983 237880
975460 174445
978096 172634
699862 359593
715573 348881
973596 174244
666298 381756
872751 240414
793420 294075
839339 261954
995446 151249
880057 230530
939105 189511
812439 277264
952955 179366
770740 304920
888631 221663
991932 148387
709255 347078
584808 434453
752638 315833
969208 162665
873112 230437
701525 351290
796516 283777
989080 145965
982204 149397
770123 300806
949286 171843
904879 201535
921905 187136
783154 287731
863803 228670
977927 144846
732744 323720
997815 128778
882478 213206
809793 265892
971487 144160
803864 268348
557512 451537
824175 251185
774518 288208
847277 233537
987670 128034
932513 169307
919519 177958
801375 266100
967248 139229
919540 175407
789365 274250
726434 321284
883251 200833
812079 255039
909077 180529
630336 394335
730443 316636
972283 129610
976781 125715
935594 156628
833144 235493
874808 201050
930850 156167
945182 144177
610153 407730
772354 279648
976592 116796
984911 110168
707777 329559
734797 308091
673438 356792
744469 300181
781039 270523
956145 130513
817181 241241
640991 381806
961118 125561
933819 146354
657333 367829
794857 255653
820301 234401
952120 124566
929113 141474
907131 158640
959866 114073
697310 331207
681878 342872
983307 89539
981859 87531
974824 93457
930720 129514
812422 226969
993206 71480
637009 375621
785280 245670
578158 426249
836594 199487
869202 170849
985169 69018
952618 97249
708984 310492
710919 308781
937351 109008
574626 428649
988920 60464
667084 346159
940991 101913
665290 347365
907490 130812
952107 88991
815784 209916
994023 48750
944874 91451
913254 118972
859348 166576
739219 276074
851372 170757
708156 302700
814405 203170
899748 122836
573875 426140
581119 419317
877301 142327
975674 42817
586117 413148
691649 312607
695354 308882
818645 191045
755848 250166
935364 75911
800684 205372
762304 242056
979353 31063
663544 336666
975500 34260
842407 161799
942319 64543
926310 80099
978946 25090
742895 256685
974259 27461
770424 227425
775747 221682
943806 54008
957823 39725
881655 114529
891905 104119
689393 305932
715917 278305
966422 25860
645415 348558
878478 111855
902564 86596
885356 103717
603209 390182
671257 320883
745650 244820
899854 86800
599567 393252
893957 90383
964869 17389
963283 18820
940155 39003
910805 67696
932408 43875
760678 222823
944189 28544
784164 196523
950460 20924
730412 251865
962019 6344
603891 385197
768612 209987
859617 112996
948552 17827
802294 173085
774080 202852
962831 1340
723547 256688
824934 145164
724428 253337
684175 296175
941209 15329
902787 56233
844544 118867
697983 279023
747896 224007
901617 53128
661807 317271
822243 140449
843090 114652
767889 196587
732263 236216
801123 159025
839056 115909
764740 198438
837649 114352
937359 730
571123 414581
700689 266657
834797 113247
758912 199198
768100 187027
900934 33720
726574 233207
924336 3887
826626 114108
646585 324147
747180 203608
766327 179965
842709 88904
845299 85551
837500 94146
665805 297606
884143 35882
817966 113627
703188 251534
709763 243509
835300 92077
853562 68552
787397 147376
854091 66208
852817 59129
676353 275722
643947 316073
728576 208191
871871 25438
791555 126674
874065 21741
846018 55599
763752 158626
751747 173800
873730 15843
817569 87130
799369 110466
800623 105549
749946 170843
875297 3611
868705 10968
731622 186997
778977 121411
831140 51252
689677 241293
713893 208648
746258 164811
797881 95081
783786 112000
711157 209050
727135 187027
663599 273466
725923 186212
820202 55890
715812 197442
607791 346837
762389 131765
577332 387962
772817 113522
847590 6918
843019 10049
801762 66656
795973 74275
786713 86533
710642 195287
610569 337321
651511 276537
634450 301163
757381 122343
836395 7271
831852 13851
835848 6838
693057 215084
808105 44392
586867 367756
742458 134296
673384 237174
773590 86673
765352 98886
802445 39879
558520 407505
818844 7726
786499 49735
740079 120774
770891 72191
812281 5775
649239 262012
576606 376215
694094 190607
613026 317900
793590 31507
774949 60311
801471 17966
699801 179523
792239 31727
634576 282731
760015 78402
654484 245885
745430 96895
704866 162076
683476 194396
616570 304356
798049 3129
790822 13381
707292 152161
782307 20630
682249 188774
689486 175470
763748 46548
663907 216175
550162 411241
771498 24242
781434 4706
709654 130197
584022 349141
730997 88312
685266 163535
637004 250244
765344 18154
761919 23802
765364 16520
613493 291769
645643 231515
585918 338909
683995 156089
707681 111174
760886 10622
632274 248754
720463 81506
714192 90009
622788 264079
637652 235227
617564 272855
737097 42129
635854 234995
719195 70202
660648 184197
657977 188507
646091 211689
724102 54922
683363 135477
657101 187373
726278 49222
727489 46764
609764 280314
553469 391422
744654 6944
657482 180808
713483 64291
716050 56112
657066 176080
729370 26063
665895 155194
631359 222114
733373 6331
717481 39180
641206 199957
610746 263907
721357 29086
701262 68847
629938 220592
704555 59125
635429 206123
601906 278528
668454 131816
664634 139875
665840 136867
589394 300177
710115 30924
680387 93671
631684 198508
657887 133662
545273 394435
643860 165021
598913 268989
656221 135180
709867 5559
614319 229067
681608 69307
666420 103069
620534 210038
590967 279971
704256 24
673657 71405
694703 19109
666758 82949
692940 16758
682901 40773
593624 262877
679484 42530
660099 90950
650132 111159
660956 81626
610492 210195
652474 99492
680979 24305
612761 203027
687124 5004
614290 197064
683532 12847
598130 239301
666153 57277
586278 269387
554262 354756
658152 70402
647609 97576
588818 257084
624658 156883
639963 113064
584046 267524
581174 272916
631538 130127
660922 42113
577459 280035
604798 201102
653557 53125
656681 42889
558466 329492
651502 55830
663663 7789
543629 369118
662532 2093
638671 75268
518264 445149
589814 221611
622695 117815
634017 80104
586248 229755
635793 67251
651907 14076
639742 53166
601178 176730
631104 74554
610442 140483
613079 130240
620619 102802
648886 8531
619576 98553
602363 156200
622798 86061
579985 227680
525090 416046
591349 185962
570820 256767
603191 139371
567311 264302
544905 343740
631393 35479
589987 182515
585323 198974
567958 260903
610316 107112
567174 261172
637948 5593
610719 99229
576769 222527
634312 422
602706 111746
622820 23613
627743 2615
619317 13680
551511 292570
587866 140028
541731 331077
568915 214040
560667 246804
617223 2821
555304 265114
593067 99522
609068 17416
573219 171800
598535 54334
601249 33287
578850 136861
549171 276148
591369 74403
534144 345047
600960 24671
571795 159410
582564 104972
587112 78562
537699 320682
589950 46218
588770 51755
548416 258160
558890 203074
594745 10129
570371 134458
548102 244971
580881 57366
574241 88818
548018 237079
576866 72152
563475 146889
561146 149494
574547 57872
567321 99902
574009 55053
557570 155365
580526 11958
525828 350090
562858 111765
533164 300599
568086 76997
562112 110327
551213 177059
555215 150431
553742 148313
506325 470408
557064 112851
540295 227248
536377 254820
534086 261877
546282 166241
557339 71547
561648 19251
553597 82066
534902 232270
527478 284358
554910 40057
542338 142684
554845 30110
555007 23951
543802 110502
506291 462200
550363 31382
547420 53299
518231 340259
519648 314626
541224 65362
538628 88083
532323 149769
519802 289795
532604 95412
530882 92407
533005 60774
530372 82916
530727 77356
508682 402960
511120 362134
508901 398348
511893 333536
519457 131109
520041 92228
519210 111565
517674 109133
519068 65935
512975 218275
507777 352565
515986 81503
511347 213107
510487 240539
510269 233936
515016 49438
510545 216215
514973 17173
507359 306178
511158 114492
503782 442374
506896 42774
506326 20627
504460 294163
505434 89958
504189 227359
503543 269939
503426 172968
501544 222892
499596 13566
501391 316431
498301 68893
499817 199961
496879 30476
498338 171848
497720 187787
495478 64571
494949 93003
492023 75012
496831 286614
492598 154146
490456 100651
491401 174396
497276 353565
492609 250944
486459 120297
498453 386705
483514 68391
483830 118340
483167 120624
486276 198901
483157 149703
481479 123460
479968 102204
479956 119280
478489 100513
488256 255558
490625 295116
463448 16662
464059 40283
468165 100112
494112 391265
472525 170227
476553 223271
471552 182259
466026 137007
475159 224356
476919 248434
462458 115014
451983 55918
466470 196056
457714 136551
465817 207627
456535 138333
486507 368632
481623 338671
477550 310609
472405 281698
481273 347384
441711 90306
432160 39723
441699 108757
454107 187209
454072 188204
461660 237923
453404 195399
438903 114918
419396 1243
451896 212107
441429 155731
415079 15346
494237 443438
432129 110742
472435 332541
439252 169701
417959 77077
415647 66166
419939 89538
461725 293319
442277 200706
450804 245444
401575 14333
465134 316382
469268 339401
397453 23515
432152 179621
436062 201890
403312 61267
466053 333167
476856 379573
483793 410164
496314 463062
494158 454439
408196 105083
391387 39894
447380 266327
430725 201719
484351 417057
413519 138331
460120 322236
398301 84123
441084 250633
434742 226303
431643 216150
413751 151868
400067 107589
419081 187719
394327 103062
434259 246352
394073 103614
379860 56649
475712 395102
389958 121395
456061 339444
431174 259989
458154 347161
423246 236557
373541 79478
411425 203396
461902 362249
422270 238735
358179 39370
425790 255115
362456 62889
384552 133120
372348 97648
402545 191108
401541 192866
359089 68779
395878 182608
384860 151301
444995 325535
383855 150989
451106 343238
383996 153101
370988 118141
327727 3314
428207 283951
355266 83282
463683 382936
388565 177175
442469 325400
487023 447670
345791 61636
341349 49881
336301 38557
395923 200893
325730 14416
434612 309250
358162 105829
413628 258879
367858 141671
406849 243052
383649 184158
379592 174241
312006 1303
365423 140900
381968 183344
317522 21437
323873 38123
339840 81364
321173 39572
304428 3872
303646 4152
443294 346786
337058 93266
425193 305657
418287 289514
306214 23690
375282 188240
342840 111826
385910 215429
299599 15074
429666 320454
381419 208037
453703 377028
385542 220200
395025 245558
308718 49141
323858 84525
399429 256379
366608 182666
492652 468140
284346 3069
328696 102244
417167 300581
303577 50708
480636 442082
345798 144313
297568 39104
378351 219625
309134 70212
281855 11802
283303 18613
293850 43296
385098 240278
370347 209012
273199 2243
383425 237712
285659 38055
357443 189757
317045 106553
409831 298935
289796 53534
326774 130610
286612 51953
337744 158148
354005 192088
307711 99364
411593 308245
377207 240503
408233 302439
479649 445741
489252 464651
349955 192655
449335 388907
288283 81526
257224 25591
285232 79004
314215 134558
274879 61834
288503 88045
276929 67384
402722 305787
315651 147701
377027 261671
311789 142918
325079 167804
386780 280323
311705 145233
249121 40769
403878 315819
242588 35266
227417 9425
292575 129335
347490 224392
483424 458054
252244 65294
244853 55427
287801 128951
408679 333605
392985 308635
214265 16607
327149 202428
231083 47775
294698 153051
283747 135298
211478 18269
291298 150138
317195 192949
261827 107248
193728 424
317481 197037
267134 117602
253485 103455
275913 138650
449987 410003
236876 83015
182806 718
253083 109741
326954 223628
435844 389545
325175 221594
348440 257361
203728 40032
261972 128733
240399 96801
283850 164654
397598 334614
217911 70412
324272 229009
232864 98989
183114 27095
221907 85910
195240 47776
321333 230590
467914 441265
450090 416079
197903 56695
255389 138947
192879 50999
327180 242070
182451 37238
184896 42597
164600 13952
270015 164219
225279 101401
289677 192342
206189 76470
167617 23107
301193 210751
425316 383559
304718 216534
379496 320332
355135 286702
255453 149202
355207 288105
251894 146279
272628 176137
187098 60851
355045 290104
182097 55008
326543 251736
177641 49343
188995 66227
213188 100525
236331 132208
159473 32089
141471 9196
163007 41825
177422 61460
331898 266214
324965 257156
145116 21036
246137 156692
325022 261017
189319 85408
316119 250831
269936 191807
410613 372861
222739 131907
133610 17595
225560 136464
311069 246395
288002 220675
391934 352165
151751 50560
258253 184764
287000 220931
287377 221795
216537 134061
159627 64459
317598 261415
249485 178547
476351 458949
309258 253720
208558 130770
284486 224683
173601 92359
225983 156080
158365 74528
290596 235155
287969 232202
109684 17981
131387 44503
142557 59109
298203 247030
138610 56592
128040 47224
404498 375019
321643 277280
167358 98127
212099 150781
143505 77104
115692 47687
221393 170173
118643 53911
264268 221347
414510 392062
276568 238243
168578 117417
259235 219252
226745 182959
271016 232698
117406 62827
63674 4133
92189 35974
177620 131317
130746 79402
159041 112957
494578 482482
72437 20090
161434 118253
54770 6979
51201 4408
103319 60648
337376 313634
476198 462969
443958 428432
79333 38244
140284 103637
41257 995
144365 110933
67791 30819
344623 324337
126811 94990
298572 277010
62526 34220
83896 59132
247546 229039
129775 107987
58023 34766
253080 235680
26388 3588
203284 185210
37246 17481
85312 67486
151775 135110
308864 296859
462903 451888
374398 364217
11646 5847
80016 74620
1859 858
60095 60396
161626 160361
224690 221740
69164 70952
87373 90081
336501 331583
96721 101327
33945 41713
396943 390064
42670 50546
58120 66634
186076 189848
144482 152106
76050 87287
57354 69924
265194 268538
329300 328801
6126 25792
318534 319638
366182 364124
307963 310047
63955 82717
218352 226852
158299 171398
37372 59242
22483 45682
119943 136567
420924 415694
160458 174373
410553 406440
49116 74322
2336 33274
57596 85122
6307 39697
234227 247590
422312 418506
208748 225138
183553 202384
8027 46093
335857 341968
340913 346571
62522 97434
22764 63134
323775 331957
30911 72175
81154 117302
159557 187233
42451 83456
120183 153040
74799 113553
416352 415566
242618 263126
12263 61871
10805 61737
112314 150602
63501 108499
41782 90478
229492 254283
2257 57589
199976 229466
6452 63345
313682 328509
228153 256934
267888 292416
23391 86674
209168 243607
39760 104689
176842 219960
321296 340381
133757 185336
204330 244034
111174 168174
25361 98743
5786 83135
390617 399602
235970 273534
167857 220451
28193 107856
63393 138543
154348 215581
61318 142279
133474 199387
378905 393944
234119 280596
289238 324112
56535 143989
124946 198464
173788 236875
19041 119544
192941 253673
184524 247568
201091 260882
18340 121276
74089 164189
293142 331657
198076 259956
38233 139502
238839 292404
72176 167041
3657 116697
386898 404651
68441 165796
407719 420400
275676 321772
5833 121800
18141 131583
52135 158701
258332 312558
117501 209786
312502 352571
457008 458249
340611 373399
259578 315344
154289 239307
443858 449026
123222 219137
231870 297918
286764 338227
306751 352448
112515 215995
70846 189749
317033 362374
285396 340456
8186 147989
86524 202758
372328 401151
25681 160660
818 143762
100958 214514
51910 180719
212360 291958
181315 270985
212822 292846
319970 366400
217590 296267
132570 238300
10427 154857
30222 168696
122036 231878
42154 178573
277076 338578
93597 215033
217753 299157
30082 175538
234373 312799
31718 179039
25802 175251
107712 229608
90124 218319
196034 289263
323066 373471
359085 397199
189851 287104
188375 287030
262804 335595
116480 240578
25747 182503
74995 217637
283385 351797
214983 310343
165419 280599
83922 230653
140983 267452
20586 193100
239850 329768
109314 249582
6809 187652
27716 201038
168775 288665
11484 193827
8221 192343
127221 264643
124708 263988
166472 289899
195716 307907
392451 425967
276792 357139
353854 403431
177002 300022
233415 333270
326849 388567
351523 403057
267238 353799
187246 307525
439400 455214
125700 275107
73587 246827
268210 358991
66309 244914
344009 402103
180750 311815
101281 268234
157923 300152
117666 278393
47552 239587
329595 396454
14236 225344
52360 246880
183963 318483
3494 220922
91612 269893
152355 303418
253758 357912
41048 243755
132415 295495
407042 441167
219382 343334
54780 257320
185155 325615
349948 412120
75173 272907
147242 310183
115941 294995
209726 343348
316816 397783
311755 395630
344264 412186
34389 257217
192900 336800
413859 447384
147356 314501
259309 370483
143879 314326
168831 326778
418552 450567
3217 248864
314202 400304
75331 286925
64727 281904
83365 292170
178867 337691
350618 419637
49492 277885
182595 340695
11350 260342
109754 306784
276320 385725
196070 349319
90837 300862
44209 280527
450318 467823
48508 285934
102640 310733
412417 451007
5062 268222
237897 372810
7036 272952
226363 370109
130955 328152
58759 297841
101833 317107
182654 352733
30434 286790
29515 286944
43758 294085
128979 331344
173111 350291
20771 287445
112644 330109
321158 417716
22974 296403
107763 331871
318358 417411
144513 349086
30884 304351
212046 377321
224406 382930
46265 313860
79774 327211
200083 374329
281404 406369
39977 313698
331721 426583
468065 478567
113559 344081
52426 321657
25980 316390
288180 413868
255155 402559
338168 433310
94344 347593
268999 409429
75276 341464
132672 361879
69407 343674
99482 354635
78705 347862
115190 360454
22429 330101
36447 336605
72505 348954
50440 341766
316399 430934
166864 382324
67178 351457
61834 350185
59194 351007
340246 440876
160445 384766
212398 401155
85369 363025
125719 376237
355154 446707
294424 428333
178199 393142
6011 341205
240788 413197
406696 463000
227035 409126
267233 421338
460735 479303
254518 418072
31554 353847
242169 415893
159459 391958
375947 455641
3142 349277
90967 374363
338057 445266
294095 433682
220690 414187
273071 429070
61482 373275
312517 441549
57324 374619
27940 367741
342980 450459
201853 414587
331684 448649
271773 433952
190694 413900
125285 399227
276077 436789
193398 417700
198739 419013
218783 423975
324381 449330
82433 396149
182203 420127
124136 408869
70195 401967
337421 458133
258767 442848
23747 398781
256458 444098
59318 406311
184940 431590
120034 421998
30080 406224
92140 417642
120504 423060
54105 412737
303190 457511
94263 423696
284791 456293
42141 417523
60062 421848
190700 443805
224544 449541
171149 444682
305424 464680
82443 435255
183653 449217
106555 438962
377802 475376
19759 431022
15031 430999
103081 443728
101883 443631
187970 454570
201262 457559
144578 451201
136311 450621
7497 436611
220236 460865
200495 459144
243835 464175
64844 445217
24704 442611
355983 476781
424578 484002
35752 447515
130868 457569
68893 452865
66956 453882
88612 456149
133175 460200
214890 467380
240969 469638
389191 482395
110168 459009
235561 469900
130707 461470
313850 476937
269748 473445
100289 461111
93675 460891
242791 472371
200376 470052
253122 474740
384109 483771
285668 477657
160144 469421
13302 461520
85778 467428
69832 466947
321674 481494
240357 477639
76725 470188
284149 480932
208764 477742
154015 475168
117647 474222
25259 470044
400172 488925
18293 479547
2970 480031
142586 483763
143002 483866
144616 484941
53786 483640
41179 483477
137806 486014
125156 488720
19756 489050
149866 490543
214014 491951
29346 492837
248136 493573
3420 496778
119860 496087
214843 495664
112597 497251
233113 496320
48723 499578
135938 498258
51076 499717
154905 498366
334139 496063
37575 503708
8982 506707
183827 502149
113821 504990
125170 504701
207466 502896
216670 503033
270166 501034
96141 508431
227845 503163
378398 497395
308045 500588
326788 500137
255479 504158
113242 511218
266469 503667
154289 509493
82298 514318
22068 518090
324101 502033
479997 493360
69844 518469
310405 504068
47923 521134
40168 522333
363672 501335
156873 515468
433765 497038
14291 529602
65871 526077
114169 524449
185326 520498
285039 511625
17442 537528
85339 532134
323876 509248
229340 519280
97028 534457
1856 544659
332504 510307
1429 546842
248943 520850
217817 525641
100509 539498
96969 540604
68652 544583
82238 544493
309475 516299
5760 554751
272311 521871
283550 520889
107454 544633
13291 557967
390317 507276
204528 532877
96407 548690
435604 501456
119231 546101
118359 546710
54134 557477
148200 544394
51540 561442
280363 526405
68835 560521
101 572026
47706 566218
20812 571448
276532 530254
190017 546028
119168 559659
72723 568627
186214 549320
45866 575461
100035 565597
95756 568951
316168 527417
166986 556537
98515 571531
243212 543150
121295 567619
154541 561398
99102 573795
213925 550734
238766 546354
322888 529471
39476 588832
188202 558781
218179 552506
226715 551001
268941 542483
46900 590721
179519 562072
6578 600826
414169 512029
68343 590235
227568 554893
269240 545815
188216 564778
21006 604412
93481 588431
187365 566542
10386 610702
104637 588114
248461 553533
331440 533600
48577 605024
77409 599381
423551 512176
84394 598358
250537 556376
183643 574201
230912 562546
200429 573053
78326 606296
51853 615983
92455 604999
32316 622734
115822 601327
208483 576146
18867 630340
27119 628046
336967 539685
164351 589378
377376 528198
148416 594939
189399 583514
15434 635733
105669 610157
189392 587923
231066 575207
189755 590027
167871 598253
197359 589493
227242 580280
199031 589925
117638 622566
27531 654280
35606 651667
474813 501694
432318 516308
2441 664578
241720 582098
118554 625152
154118 613293
3210 666981
66593 646533
337410 551977
286735 572208
66105 654160
172598 615419
334758 554910
115295 638310
153226 624957
8550 681141
34422 673151
86986 655905
135081 637734
42039 675670
7858 689712
87072 658961
68221 667395
351560 553847
235631 601737
79355 669584
52172 681026
76496 671933
110350 658231
148958 642337
138038 647419
321740 569246
221271 612094
33246 692638
119128 657151
409346 532421
46565 688959
221076 614631
99167 667962
140726 649957
26795 701342
52121 692323
58848 691863
347194 562961
31990 707063
314881 578066
284167 592302
61713 694576
244108 612615
72886 693257
393648 543305
66465 700492
420054 531881
174457 651100
8819 732058
276371 602571
399249 542929
65018 710633
82849 703646
333891 577972
188485 651870
170094 663000
422699 533338
14179 743472
270352 612154
138144 682376
100831 702734
354055 570196
95098 707283
183933 660756
59124 727371
150984 679196
176283 666281
24251 748819
192961 658851
399991 547594
234032 637606
31408 750377
38621 746569
40420 747048
236497 639009
356874 573946
296227 608578
39288 754088
267792 626243
16297 772845
166790 686177
272113 625547
82406 735672
58866 749391
419606 540426
427564 536064
129329 710026
19036 776198
385886 561469
41620 765756
119614 719636
11403 786814
198389 674941
194323 677721
6884 790766
161563 698742
107630 732141
69122 756242
300175 615940
57404 765965
3071 799579
417616 544945
20073 791274
297534 619562
172982 697794
183864 693007
205089 681278
40230 786365
196839 686796
217172 674023
11304 805199
801 818220
130511 734464
267603 645670
81890 768638
177843 707293
276062 642341
87246 767347
16568 816097
482191 505996
200545 694239
14291 822481
182055 709104
212410 689549
13067 825622
107130 762565
233918 675961
267994 652754
363294 587632
33682 814381
259434 660569
347644 599833
22492 825318
367157 586412
293039 639095
65371 799356
301767 633396
296255 637466
329366 614792
101073 777480
26749 831962
26611 832611
9291 847526
405369 562427
102408 780814
328320 618063
130236 760901
164815 736468
138556 755881
199115 712469
155675 745352
138377 758120
121773 771425
413016 558631
65259 816460
231548 694340
415851 557411
353314 604664
420748 554226
158400 752658
44969 839573
35222 847134
72786 825908
194857 731222
101975 803412
145567 769848
49964 845263
139177 775996
2381 883140
179028 745742
1062 885600
16008 875426
305841 647489
203819 728648
335043 625572
3357 889318
232905 708447
414306 563462
20651 881445
55079 855401
177436 756565
165743 766536
334277 629437
91427 827411
137026 791207
343709 622482
139898 790662
336878 629735
201687 743048
144922 791174
39630 879973
114378 817410
49384 872723
263261 693728
391999 585508
97228 834104
16115 902561
45449 878162
297631 666139
449179 537788
182425 764833
68390 862202
170328 776749
395549 584232
368728 607279
109714 830370
361932 614162
111408 833532
359250 617965
31088 907753
120909 829224
98407 849444
20617 919694
11639 928199
276664 693183
267237 701609
56197 890019
6 941103
129843 825791
433258 554695
107059 848066
57667 893322
354896 626013
219413 748565
158266 803972
421711 565695
263443 709165
100061 857572
61593 894477
43984 911148
415624 572385
16158 939603
267329 709657
35207 924051
152593 817481
443880 547427
194850 780726
97874 872666
156199 818086
212862 766215
382049 606995
27394 944704
356724 631359
323542 662958
187148 793653
40916 933620
239004 744779
265362 719718
175182 807748
29100 950951
453032 540819
336401 654577
93998 891490
410170 583189
57141 930480
32786 959302
268893 725488
10583 983335
101097 893437
190192 806894
155157 842955
424444 571729
99367 901325
23397 982009
258407 742700
363892 634672
303262 699624
54511 962034
227084 781319
28646 989375
77281 938830
136411 876968
417383 582070
38843 980888
38522 985175
59404 963704
207663 806434
172094 844354
357459 647753
450695 548121
72923 953309
74555 951573
221519 796229
229329 788928
188840 833743
83475 949913
214306 807631
336889 673923
175668 852370
282428 735565
432825 569682
108272 929533
227663 797754
128959 913713
304379 717018
91266 958738
257717 771045
98515 952040
295395 729102
362051 653391
255070 775925
61723 998402
258317 774819
73752 989265
121980 934883
305132 724009
157518 899795
119661 948451
448732 556967
284065 754062
147286 918547
234116 815475
284336 756350
330512 701179
138068 935119
378149 643900
90544 994655
146990 926645
261430 787118
195598 869074
323102 713093
127050 954613
192884 874556
168335 906669
135423 947705
229834 832128
174655 901536
164464 914644
262327 793633
430851 583338
131668 961147
150905 937154
272976 785493
185043 897607
373661 658029
413042 607567
172454 917286
336740 706230
272915 788947
192459 895233
149404 954982
169692 930296
133978 977495
150564 958226
131623 984725
283588 783404
420139 602436
250867 827646
130853 989837
380275 656400
375799 662901
378855 659142
332277 722030
213121 882433
191799 913137
280341 793437
144935 976690
263788 816111
374117 666875
188142 919309
238217 854194
201669 904748
365252 681048
228803 871535
160676 966907
342501 715232
251155 844673
174145 954902
287721 797514
338134 726815
242740 863147
358466 699036
170249 968434
287359 802467
159279 986874
158804 990018
462532 551825
191321 952673
272725 833690
342182 730951
361041 703580
315446 773002
200756 944980
175696 983710
187255 967895
210959 932769
310440 783202
466557 547637
173676 995968
234134 903611
298506 807070
186147 981062
198524 965466
316710 782184
354368 723868
195129 972242
261631 870319
217730 939395
210771 951859
389305 671569
227885 927119
359096 723866
210938 963594
409744 643740
255843 895921
297498 828396
230405 949125
301268 831536
468557 550392
207683 993268
409584 651177
400537 666852
305613 828957
359480 738095
273248 887588
278267 879289
374281 716130
240870 949343
212339 999362
346101 766030
237249 958444
292720 864531
315179 830485
268295 915629
377286 721990
393833 692113
356331 762894
229056 999925
241016 978434
302686 866738
304346 865912
397348 691032
277427 921060
415934 657934
376513 733155
435885 620443
489718 517831
398652 693346
370468 748302
332036 822691
268915 946019
259738 965110
325532 839015
256134 975931
326157 839657
421507 653148
303049 887197
366061 766136
420246 659525
411150 678252
348485 808150
417510 667378
400786 704495
376370 756101
351758 810771
393512 726947
279557 978189
412324 689833
330017 870696
279583 981321
290692 957499
357437 811535
402839 712117
330705 871708
423232 668086
390338 742895
375171 778275
347998 839214
420466 677815
277889 999261
302303 950479
345944 851213
432705 654088
405134 720983
354633 839052
350375 849090
434210 653729
386829 765313
349130 862492
302981 982121
427113 678528
347445 875290
336534 902547
350877 872430
381575 795882
329909 925101
359568 853514
437411 657728
322330 949444
406514 737593
341731 905102
362415 853037
325037 948941
328114 945102
374548 826552
431406 678843
320452 979156
448454 639499
331011 955985
334864 946426
450447 635275
321357 992497
352143 908772
486668 537961
338049 956868
447038 651713
494803 516081
432242 698470
424451 721707
356077 932439
409164 773538
377441 875003
433435 704480
412973 768014
346799 973904
360836 933627
359041 942100
462201 621275
365265 927131
468486 601595
361566 957667
403165 822833
461859 629197
364545 957682
370056 941744
360258 974967
355453 991865
475859 585381
357430 996979
394351 869265
375980 937801
372203 951639
427243 761654
371283 971848
482897 566182
447791 695528
365343 998526
373533 970230
381308 943239
367839 993251
410806 834958
447401 701496
391404 911793
480816 576298
381238 951440
369060 998859
416313 821038
389000 925101
405828 861440
451955 687734
404306 874867
406580 877299
379793 987064
433812 770696
470727 622571
439346 749666
387487 959367
446731 723407
393628 945886
391128 956742
385910 978865
405027 902074
469379 634442
407096 901212
426468 819124
457956 685024
424663 829053
397837 945428
447568 733020
442206 757300
491051 544961
460260 684184
446089 747657
422317 859626
396697 977745
439156 787575
428933 836863
460585 689997
415708 905275
442793 778431
453027 735163
475473 626676
452283 750595
417440 930199
468074 675934
418121 939396
441787 815901
474644 642899
428798 889787
421445 938977
473884 653353
492955 550075
437360 872401
483242 607828
482433 614215
459101 752974
430340 939145
440895 899715
456391 798887
443504 883473
429546 975571
428933 982631
446570 867352
438051 926618
436338 940333
485388 611685
473843 689694
447977 865332
462692 785572
471777 727605
446395 926901
452268 882091
445307 938558
468318 765742
458314 853190
445370 957770
446690 961371
449959 938612
458116 871779
456159 892675
464177 833050
488596 627114
475359 753181
478821 727270
455074 965979
479808 747430
478908 758255
477182 778145
471955 842770
465053 937118
464986 939674
490457 643070
461356 996819
474234 859926
481949 791058
473644 908180
472803 929926
477960 879567
472329 974167
495845 612367
474182 999015
486278 796265
483155 888759
492572 710323
481275 948120
482022 948860
489785 789205
488942 837711
482926 984174
496684 654483
491145 844473
499868 593965
489938 911142
494373 797560
502440 518762
491549 897548
499048 646571
497281 737936
495967 821522
494065 999297
496563 881795
498373 781602
496663 951637
500870 713609
500619 958333
