497176 974553
499802 821915
498436 646877
502998 890034
498449 580936
507187 998600
501206 699088
501425 706774
504336 749296
505303 705609
520621 990729
507206 692589
512400 754448
510899 712268
509077 664522
529275 938809
533187 943401
526057 843411
536237 885907
536281 881107
536695 878545
532059 827597
537984 879568
541807 906849
552666 987601
538045 828920
549343 906738
502970 546116
510700 602995
547990 881103
536992 796273
539886 810642
565194 987927
554463 899377
549904 866031
550754 867153
538236 768864
545920 773950
537110 707919
581185 915646
516262 592616
568766 827872
598861 961107
560908 773874
545138 705393
547092 711107
596687 917012
570273 792736
586845 850028
623304 987330
587442 845153
629838 999759
601082 891045
550542 697510
570070 753940
635194 970489
634313 955178
596577 830296
550477 677571
608965 868567
647923 987823
637249 950049
536937 627705
646963 969679
609394 850682
639396 936100
608400 840757
624378 886714
515071 554866
546532 647944
583167 752913
653781 954794
524214 578738
643566 903826
661652 950936
638339 878251
593198 757671
536476 606295
613082 806444
678847 959329
687500 980116
672353 936647
683156 958171
574490 690342
622061 805585
632657 830604
683389 953400
696124 982228
688994 957655
640747 839059
682575 936058
612171 769270
639711 832199
706422 985424
660026 871869
635489 815857
673062 900725
716823 998594
521415 556430
630345 800385
710049 979008
655055 851787
559341 639459
539217 594584
579608 683543
579467 678480
640265 808711
686985 905938
735273 999731
710578 939641
650468 814986
705799 907938
619775 739573
564923 630103
676941 839871
654200 797079
599920 694322
738160 948393
764679 995435
659895 800642
748283 960651
585407 662517
670569 813727
650699 775779
575516 641551
726388 909999
727986 908712
696490 850751
780322 993461
720061 886724
577933 640835
639227 745106
730736 896837
630890 724462
749278 916116
729707 882804
772291 948345
771043 945422
547703 581508
781106 948745
810745 992137
561415 602163
746979 891635
618683 690044
802518 970511
807713 975835
783916 938785
677632 775556
751430 886586
688443 790870
800628 950041
677098 763653
813425 960712
790877 926560
837122 992514
680620 765123
649113 719790
562457 595285
780721 903935
823166 953609
848407 980305
558315 585072
743956 837649
847564 976973
815738 932656
638486 692652
591395 628835
778474 879888
639695 690825
757178 840623
693510 754050
837462 938950
788322 875683
785962 872248
734690 805563
866389 972697
756888 832016
877136 982111
576941 602555
791516 872598
714791 774992
554480 573174
867020 955042
835167 911201
752991 810890
775710 837582
674684 715763
872758 954253
721278 769695
874239 948361
854034 919932
872681 940607
783208 835067
899362 966835
690019 718590
845135 891717
861570 907675
591612 606182
764670 796933
887499 931064
948790 995181
603043 617125
871151 908325
628616 644535
851935 885467
694224 711978
731624 750167
954225 981517
880108 899725
744400 758144
591764 599423
771809 783915
974366 990173
807541 819183
842012 853183
936053 948097
768674 775789
863319 870910
831726 836509
683098 687308
945891 948651
874427 874042
773651 773150
621882 624120
922414 916795
900042 893369
928717 915676
665508 662435
962358 943970
949147 929364
718339 709357
999655 973060
715384 704315
990476 959144
589055 586178
990572 953910
630515 623976
872899 844316
999007 950168
690117 673910
822356 791753
949718 904745
688402 670389
974817 920371
966349 912516
967936 911938
666690 649175
995041 932814
904515 851969
971399 907336
869352 819987
859110 804843
992522 914949
754970 716225
971066 894552
970341 893529
926517 856896
887197 821546
965480 884229
971411 884874
796191 741459
802733 746495
705845 668583
683697 650755
734249 690622
975205 877522
982156 882690
772949 716919
860326 784261
605796 583338
784788 716196
744863 685114
982357 857701
726682 670137
616338 588680
948787 830293
646854 610424
632909 599612
825513 737226
555705 543705
805284 722122
771769 696871
679020 628226
862314 754579
609238 579292
647967 605728
740201 669226
705840 641519
919438 781940
940068 789928
974379 811913
735971 656654
760526 672414
954030 795678
956431 794235
584558 556665
988366 809420
623608 579523
638180 588256
795545 684443
742652 648685
752981 654853
758693 657971
652657 593676
981602 786896
955993 771350
787391 671958
942393 761337
816202 687125
809463 679603
745876 642887
685476 607756
712953 619827
999780 776240
982415 766079
966729 756412
644958 581706
806549 667317
925614 728583
874682 701477
851129 687498
934574 731136
868281 691880
885476 699629
901120 706152
869309 689339
907118 705786
942261 720413
884729 691634
869885 676616
790636 636959
781362 632639
980606 717347
856299 660761
782627 624163
892504 670461
991395 711806
828408 640988
665341 571738
934387 683352
802233 626466
870925 654376
751070 605206
715256 588943
907588 662045
687924 576189
838863 634884
579699 533954
634529 555265
941262 674389
834059 628063
775289 605637
990628 685399
884730 645341
891771 645587
879694 639862
824924 616134
616984 543537
974288 667264
770969 596561
925427 649537
753680 589600
841933 618024
684513 564872
706559 571859
644807 550871
931189 645376
927984 641792
793070 597488
960693 649120
978321 654217
821030 603892
692766 562895
806136 596800
865876 612720
651671 547335
907962 619864
865359 606225
632957 540254
973153 634424
939051 624011
531290 510710
999986 624918
997098 621446
867482 589229
958592 609823
658337 538715
804943 566598
874174 581099
722592 548120
714744 545560
848130 571459
816615 564453
972781 594937
967822 593729
830219 565356
886298 575572
618176 524513
827122 559068
840478 558948
925804 570846
765102 543893
690331 531515
834050 551667
829331 549865
653644 523873
884761 554104
960618 558177
981437 560129
794732 535641
961085 553437
579764 510746
857859 540196
654615 517652
820174 532877
958313 542497
896180 534725
950192 534940
873512 525700
856792 520783
997346 527500
907806 522894
938689 522795
597735 506439
721072 511194
869063 514459
761166 509129
996683 511688
864807 508329
891625 508260
715423 504602
924763 507162
740380 504492
625342 502915
605607 502739
921238 504416
954208 502948
975123 502284
994235 498250
828609 498289
812063 498183
890503 496873
607386 500401
730084 498634
836206 495268
930009 493174
572705 498872
838854 488155
933372 484036
885930 484461
725045 490846
892713 482124
963094 477273
856626 482194
885091 480109
564876 497783
883643 478394
858660 478998
924458 470568
749689 482449
681502 487541
779833 479607
699500 485829
931052 461948
602703 491938
875454 465812
964460 455343
977818 449539
953552 450313
666808 482389
977247 445891
971333 446003
912686 451985
864026 456398
893864 451655
519851 498901
789267 458781
868262 446473
836041 450630
955284 429101
779481 456273
966382 423990
849131 442661
943985 424690
899600 432158
899404 430181
893998 429998
546038 492740
918737 423588
860370 434203
980661 408350
953836 411493
956085 410959
962634 405975
939732 409813
885724 419722
814112 434273
638384 471613
969205 397350
641112 469368
931644 403156
847981 419644
766940 437329
934807 396221
547832 489499
727540 444415
679819 451759
679729 451590
825297 410171
769289 424056
996240 358700
947015 370283
658687 454473
928268 375190
963427 359621
781048 414989
728916 430493
725504 430636
889696 376055
999541 333066
820323 391516
839744 382571
631079 454308
661009 443363
926145 344962
818920 383826
865769 366438
748319 409231
786509 394865
844091 373404
611955 458237
790891 387726
883005 349730
974234 313368
911275 337665
755316 399439
980749 309112
968996 310447
844737 360477
868691 349870
909719 330333
978984 300172
955687 308894
825231 362691
875410 341089
730317 402682
640984 439939
901344 327365
632975 443125
680683 422279
615831 448421
542081 481428
808876 357934
752487 382085
681074 414374
880851 318796
939589 290244
894220 311415
914231 301143
679075 413437
754226 373690
722943 387453
853816 318337
888834 300286
963439 261014
666949 414090
812352 337117
933842 268853
903576 283876
770152 353253
754125 358477
848397 305568
857238 299581
869714 290380
979644 227763
838860 306952
645708 416325
854455 295736
938631 246496
876929 280900
893976 270707
783609 334525
947177 236438
649738 411234
921334 244356
599617 439517
694914 381557
916908 242504
737457 351001
885952 257321
698296 375130
837416 286166
838073 282628
909505 235674
898820 235881
953412 195275
849142 264931
917066 218926
840087 269838
867876 248234
979472 169519
906751 214432
607730 423693
997827 143725
818392 266387
916316 191244
961052 157159
896180 200768
824186 254780
917536 181492
915802 182797
986785 128488
837284 241350
783474 282411
830478 246324
946381 154799
743555 311416
784967 276321
913801 175200
630557 397013
849986 223573
701162 340347
805954 249555
798059 254915
855015 203874
932986 138353
862035 197187
924430 141373
751315 287009
616891 400278
611010 405155
616067 400704
923611 134860
828599 216441
969418 92658
970859 90537
846718 197651
839188 200309
862667 178896
984588 64187
594002 414595
788117 238592
625425 385278
713798 303778
748166 271265
916313 116088
972061 64594
884783 144179
732518 283956
683106 328680
855904 167560
884440 140844
705691 307089
844195 174050
697027 312311
969948 51962
604750 399264
760876 249302
684827 321967
870069 143705
892548 121431
778849 230699
626998 376623
840445 170616
981403 34246
868668 141429
831860 175071
891688 115139
716662 285299
862411 141430
670122 330707
847434 154605
917221 82929
831281 168594
658535 339966
954138 41853
938223 56300
784619 211066
897757 94698
759901 234343
769299 223602
758340 234409
938429 48056
750818 240275
802476 186479
591692 404006
662448 330720
821477 165316
778495 208665
914056 62078
871864 103924
810192 167163
926545 42467
900101 69639
931481 35833
766555 209984
840507 126367
810043 155921
946246 2024
559679 431933
922835 16867
901365 41204
553698 436889
624584 354729
909545 20380
867276 69559
905300 24498
781674 168339
820190 121238
921440 116
901204 15348
742021 200951
651189 309658
583292 394236
668902 283549
679883 268847
854159 46510
767899 155066
866421 28609
723698 211497
770231 148748
723694 208863
877572 9176
850632 39554
762809 154337
798902 106635
784610 124749
631172 324339
779437 127277
665482 278337
848517 33600
751781 160081
636850 314013
700731 226475
733426 177860
766886 126903
749319 149409
719078 191594
556011 418985
771597 110964
786322 89262
754300 131226
702141 202268
588828 367001
806598 40787
743535 133248
758574 108323
825169 975
732697 140553
647994 267461
627222 299447
610638 323862
671898 226436
650621 259344
675212 219294
752293 96532
667217 231356
792550 31221
692785 187122
717669 146859
759814 78147
660548 237816
738619 110804
741171 100289
607444 316637
762118 55401
721575 121886
607517 311295
688027 171346
768009 25222
707525 131350
688669 163540
628467 268701
571584 369244
767680 18296
595707 325009
663393 200733
601671 311610
538716 425279
578462 351988
566368 373806
702878 120771
693286 138017
757059 9994
661232 189945
699633 114384
732560 43606
632350 237835
560893 376189
701567 98194
677839 144546
727903 39146
680328 133522
733698 14445
634405 215775
678851 121044
699569 77505
718026 38615
731404 7243
669479 130907
694782 74720
693000 78127
712736 33878
694576 71535
649891 168809
581011 314120
681786 82168
698726 38526
642014 168790
656314 135333
574908 317204
543249 392148
637090 158806
682995 45745
624605 188391
572252 312345
683397 18252
642684 122509
686528 1165
582727 274941
659497 68068
566068 312305
631409 127984
653627 64685
620164 150500
554705 336601
660675 31957
633918 102250
567201 295185
648481 46336
647604 47557
641144 65058
639892 53106
625188 88082
603355 129187
585336 181830
625851 33743
524327 400278
607832 82630
622139 17393
594452 118723
613303 36351
606219 62302
589518 124108
567951 194162
510855 442153
604001 20785
580907 120057
594760 48411
593366 40287
589802 38407
565546 155719
587762 23262
571892 102581
527983 331259
556910 137760
512945 403276
547958 178800
547623 161228
556459 98735
535847 232163
545851 161439
540541 196734
567013 4603
551183 82356
546214 113867
530537 224078
551436 37836
540801 119465
535673 161194
522112 266354
540340 51146
536014 89344
535868 74742
525301 165441
519554 206993
505658 388656
520573 189039
516689 231321
502266 426093
506457 354340
522899 28625
516636 122523
516763 25883
506069 194399
505781 162448
508250 45637
504971 94098
505052 11842
498620 380477
500459 211787
497735 368153
497416 185258
496651 51918
495430 22437
494962 223592
493943 121415
493377 177462
490594 241965
494872 419106
487082 137045
490513 267026
481825 45141
487046 219570
482474 116215
476991 64136
481167 177817
475482 74286
486424 296134
477742 145274
470115 47918
484820 307770
467362 48547
457453 73494
454363 57035
444419 21979
473587 290464
472504 284408
440811 16931
468245 259998
439037 21067
461934 216264
440501 56418
464396 247804
462113 240319
433717 33932
456686 208440
437140 112214
433811 104167
465700 311250
414785 9025
472794 356107
429145 106909
422312 72257
431800 130772
470654 352612
410856 18931
408418 7202
407165 4259
472052 363528
433818 153274
404659 31939
412393 73804
407982 56900
397302 9584
398242 19809
419780 127227
430070 182429
414752 116956
474714 399573
465720 369007
404488 124661
404940 129684
388855 83495
402446 150969
374409 49384
361600 3415
368339 33432
366388 31057
402182 163879
364025 37110
374207 78298
457720 368124
396187 162804
369424 75594
364676 74172
383093 150252
341603 36903
396682 204483
438473 334276
414860 269621
390317 207633
363271 142498
375883 177597
479995 456583
412613 279677
382874 202455
433673 338751
340187 99446
302244 4354
356824 146692
390427 235554
370416 189237
382397 222766
426976 331392
322391 86415
372766 206902
325626 97605
382295 232758
410849 299978
348247 159941
398715 276556
388050 253128
340313 146093
414993 321084
355664 190917
372406 229884
319893 117454
331589 147996
297850 90208
283928 63012
262349 19664
256486 8308
400412 306087
275870 55383
423850 357019
297062 110718
267332 53346
348249 212090
354703 233811
296697 128960
347152 223567
243228 34061
229254 9192
451719 418727
446045 408888
389447 307380
391091 312793
209477 6972
221982 35217
232838 54914
352487 259379
321908 208415
397790 336370
223093 51562
194810 24240
285427 171519
333277 246780
345741 266252
480513 476080
216271 69948
249820 128170
253404 135298
353056 286762
236004 112194
280872 179327
342923 273623
398822 356477
235709 119758
264391 161791
253685 146804
171565 31429
202923 78169
357441 302234
146724 4574
181654 54213
392197 353505
338441 277572
343077 285543
157117 27556
204341 95712
368009 322864
358441 310722
138112 7440
340362 286105
291304 219641
150036 30342
402362 373147
268221 192001
238239 152280
234491 150338
222570 134497
233634 149883
134679 18196
274360 209272
245267 177832
201830 126325
132858 40008
243566 186848
174491 102754
320042 283560
254477 204047
216816 158169
398309 382546
225175 174385
410424 397567
269174 231356
192331 140619
121311 57234
161019 104782
110799 45630
232594 196049
214945 182107
172504 137211
391352 383423
167795 133662
106842 66259
53111 7965
305600 291425
111006 79167
83103 49996
123055 94626
296957 285360
59041 33676
116558 95333
159674 141547
163794 146610
164059 147735
83680 62750
120712 102924
366762 365077
115815 102329
24307 7523
278209 273149
167705 157865
319670 317934
178193 171373
81192 72562
253648 251042
314873 314784
126764 122509
75382 75801
158910 164359
315308 321684
125741 136771
105849 118120
42007 59735
78502 100061
91930 114593
318835 333260
348069 362392
61600 95719
178319 205255
61845 98715
325629 343385
447291 455820
194673 223668
150098 185480
372550 389359
196338 230670
21211 79227
39966 96436
190971 231301
44411 102809
195316 235949
49436 109785
77212 138238
247466 287537
27235 100823
321530 352090
229705 275141
74111 144586
186983 240506
380330 404712
47538 128542
50435 135444
297629 338218
187502 248634
256530 307260
466741 477423
77811 165637
120236 200139
206155 269044
85903 173131
8413 115402
115037 200005
29918 138063
296608 347701
202060 278246
282949 339631
8069 132862
143097 234825
254590 320230
300349 354655
264376 328866
186723 273214
81314 196810
182018 273636
92500 208927
104675 218061
410344 439092
440242 460710
160497 259805
230796 311663
35628 173731
115660 231974
366074 409295
177773 276978
259377 334914
233624 317811
264666 339644
47597 193536
88956 222521
350081 401258
400560 435860
47032 194686
266102 346333
343863 399185
136172 262156
327449 389231
243828 335151
206252 310608
154545 278314
384155 428108
297178 374018
234115 335045
23197 201901
62206 227384
96407 249111
132811 275016
97604 254550
31320 217436
27366 217088
185714 314551
188825 318825
280726 373473
12109 214800
191346 322458
161653 305608
76224 256578
48294 241107
203918 331751
418358 456922
382825 436797
259215 367640
296651 389849
186432 333230
99255 287956
297368 397504
21996 253849
143784 318482
266968 382407
192906 344627
352585 430206
50587 281907
161669 336658
84477 298727
214139 362664
306281 408255
154633 335769
166648 345764
266788 393901
394711 454445
27770 284927
154739 344154
112046 324753
5361 276391
1523 276943
156041 352344
212500 378334
88551 325287
337041 432640
294174 418087
265426 409280
205445 387543
443107 480781
105359 352716
112031 355482
49133 331906
414529 470828
219728 399213
334397 442034
122456 367947
218131 402318
392083 464843
385755 462780
134935 376067
128269 375089
85804 361810
125786 378514
107174 372889
41546 352763
208234 407550
419692 476780
204972 408294
372273 461985
207385 410858
55307 368660
16398 359907
217668 419751
37203 368298
3832 363293
180743 416705
9039 372518
69010 388694
258244 440138
23893 379698
349210 464058
73065 400283
402787 480337
212854 438236
184519 431964
339372 466629
102803 415561
134508 422850
152044 427600
47753 405675
376803 476085
232876 446339
102455 419253
234319 447085
236836 448468
47648 409948
375093 477683
34941 410936
103054 426455
104909 429600
360368 477880
122495 438878
287279 468305
50402 432279
6228 428367
103544 448925
42207 441536
267937 471617
329212 480299
306734 477954
114547 456782
292702 478203
291046 480939
112743 467502
177374 473478
315454 486993
159434 475989
218802 481158
155269 482434
126542 481348
381435 495541
249450 489428
268581 490863
82438 482756
131932 486532
289169 494641
263119 494116
35360 491096
104100 492737
116811 494346
112616 495250
54272 494396
190253 496709
60031 495155
13571 494615
63520 497362
251324 499457
410642 502458
195197 504274
310480 503345
172953 506942
98624 511700
188115 515528
91057 520297
210936 515181
18705 526634
406617 506722
12037 529742
317887 513008
96992 527414
52338 530740
346054 512552
368832 510974
164475 527791
148992 529293
445668 505887
3858 541198
142596 530973
54237 538553
67861 537708
245722 525302
20442 549753
146576 537216
205126 531909
66673 546858
238194 529154
409229 511150
77906 546982
493 558786
209801 535474
181196 538968
31341 557114
141916 544143
356932 519588
126364 550138
11418 565497
144662 551567
48266 565436
115657 559217
49942 571061
90692 565052
55063 571003
201592 549510
198677 551732
464697 507591
383454 522616
185115 559617
250846 547473
384272 522798
316649 535469
176039 563116
30362 591612
382992 524146
345966 532509
76399 589392
284166 549411
96111 592224
145091 582112
222989 564655
46917 610905
203123 576392
166167 585813
373842 533457
122605 598310
238955 569379
63674 617250
182602 586347
180126 587995
91587 612389
487875 504349
56055 626687
107483 613330
94639 617114
276183 566657
221296 586259
53984 637879
33086 644754
161324 605787
113879 620650
368995 542481
1061 659605
106948 626739
138026 622450
374769 543046
293831 570906
300287 572876
369645 548179
84962 652480
195605 612065
257009 589634
170774 621487
36624 670742
81669 657527
359392 553524
71175 663208
213306 612580
26802 687728
95017 661835
319443 573419
207191 618763
162206 637633
47112 684999
29426 692979
142276 647118
446239 523202
152492 649117
170551 642064
438714 526964
91939 677538
36812 703570
78655 685693
80883 685054
155241 652358
19044 714518
128962 666596
11397 724504
268604 606743
356105 566957
205612 636563
27073 720012
57763 707485
174410 652970
186212 648547
206487 640311
288042 601781
126625 679794
37821 726188
255401 619925
187032 653813
162680 667328
205713 647072
307547 596989
153321 674975
247318 628590
287837 609837
34171 741146
402039 551268
432472 535877
38395 743786
160481 679961
360309 574819
363427 573582
58924 737189
59105 738353
51653 745315
232067 647439
315095 601964
53005 750479
50367 753690
249920 641948
164838 690564
194678 674192
90400 736456
372633 574146
15773 785279
91175 745754
195075 687008
99437 748378
231486 670346
105824 752373
24437 805456
121837 743043
10384 815459
196150 695865
268233 650620
50334 792967
105157 758923
26291 814828
8131 827050
98416 767306
59515 793364
223674 684351
335567 610193
20404 824071
130513 751006
143325 743318
130464 756078
59748 805719
66640 802211
42907 821360
367359 593602
134826 758133
291446 649864
277293 661616
84728 804595
175115 739341
281637 663187
209786 717901
107845 795843
76394 820104
195524 729997
191609 734040
345480 617171
199616 732403
413431 566741
415381 565241
161744 766654
65823 856044
202686 743976
349744 623262
195732 751532
3981 912243
95374 836338
34212 887572
199283 752349
21564 901923
175754 773879
59886 872636
55390 887822
199839 764607
37139 910116
237408 732855
218565 750426
175198 793184
152776 813721
74248 888668
4097 954223
12827 946244
238821 739652
21420 940097
75253 896699
292064 693849
226498 756081
54500 919099
64290 910703
209139 774310
218245 767418
216699 769923
320608 671045
369936 623781
310935 680664
218349 769941
390824 604948
147027 841653
187460 802498
14119 973735
464564 533678
160159 831942
103258 888012
163257 829890
224404 770178
290183 705724
138269 857957
185446 813164
280325 718422
124413 874216
99922 902624
464441 534897
173054 830395
265623 739566
41907 971187
64036 952211
122052 893058
66600 955217
103961 917609
62562 962934
50297 977542
475828 524561
349905 659422
325839 686744
231145 790480
314281 700730
317479 697876
80532 956801
116711 919471
348589 667077
331364 687669
292312 732056
371386 643379
411078 598701
83023 973182
169101 876146
87733 969166
223855 814855
194197 853061
112532 949686
118896 942997
324081 705379
337935 690027
78334 999342
125522 944272
107344 968798
198337 863865
278985 766462
139409 935787
186523 879973
361269 667842
120061 964274
351711 681677
417706 600904
188733 886729
340019 699370
189688 888908
192776 888482
125297 975303
335691 708045
217571 866153
140199 967244
207854 879120
205984 881948
225688 857523
179498 919954
176545 925291
331669 720559
129009 990740
284258 785521
163937 946403
190288 919792
188231 923363
162669 959186
172880 946598
307055 764403
405118 629617
272052 814640
178157 946869
198489 920800
223122 892104
173225 964736
376410 677895
215615 913408
392825 654415
195374 948485
291250 808897
318144 770009
196226 953008
229260 907351
275365 846248
225868 925802
275124 849915
273380 854696
187812 993055
203099 968916
293862 825274
205218 972458
357133 727611
241214 915587
266810 883328
255307 914867
256327 915720
313080 819418
260406 912348
394022 681132
215132 995457
353776 755247
267902 908439
226711 981996
285137 882138
272161 910581
340631 794000
255408 953828
248620 968770
243664 979468
242902 985851
426600 636513
414709 659651
337916 806822
273408 939266
281215 928013
292714 905574
280665 933822
344400 808824
389660 719568
255501 992104
336148 828785
372485 755660
355918 795374
314340 883292
329413 855448
419776 665059
281765 956767
422125 661205
268449 991409
278845 972912
276882 988995
320905 896601
281815 995920
356335 829058
394197 741184
291765 989519
306541 954859
475280 554807
300255 980494
362111 830196
359430 841183
426081 678052
326500 930790
403594 738707
354070 871231
391138 777187
354789 872776
377344 814474
312533 993395
328395 952557
373110 838183
405938 749616
441397 655463
362265 885412
348850 925233
357396 901216
364792 880556
389786 809823
342046 953166
371741 900374
389101 847620
379615 882163
352372 974470
409062 792151
378336 897893
371957 925294
449225 664973
388708 882403
367483 966505
473644 590703
389805 911963
414001 838818
405671 873851
435109 762866
426538 808437
395324 949800
446969 722858
407502 904637
397642 950616
414070 877422
405044 922452
428667 818269
418862 866063
416585 891323
440437 787729
446887 756557
445462 775762
410409 961791
472796 632385
424002 899171
466041 672459
410488 991341
426788 913351
439162 867249
475134 645410
492441 534901
456573 820775
445418 918048
453765 854559
462437 788191
464946 771567
466284 762980
453444 882203
446498 984353
465220 809653
485129 622913
469415 811252
480423 701798
460172 959710
480321 751936
470650 958891
482689 754805
475553 894439
492286 602444
489165 725333
493775 610596
493173 799849
494996 676588
496145 644167
494642 903456
