495849 783126
496166 863526
496196 729102
497127 896173
497570 881478
495822 625505
498118 923471
498146 927173
497267 762693
496086 623398
500808 978935
500032 885313
500992 900844
498702 680524
505340 940064
500272 710749
501766 767733
497563 594404
497010 567945
507581 883903
504761 783475
498292 592373
505956 765185
495792 524049
503233 692418
516061 954445
515947 936725
512674 856879
514578 891702
516671 913467
506324 712795
516393 881477
519393 930929
522578 975309
516689 845883
516682 834872
527699 991245
513415 743053
534159 989976
532682 967463
512866 721280
524236 848774
522444 824441
528479 880535
531547 908409
521595 796537
507637 641525
526020 821152
530842 861836
535277 897245
504004 592429
543575 962617
540337 929171
548223 989884
544887 956930
542768 922103
544232 932889
534774 841116
507374 608293
536681 824459
545049 886367
559897 997458
554741 958008
529559 765297
500698 547605
524868 725853
563617 994804
536849 799750
526764 722115
500382 542042
512913 621747
552955 878364
562998 933867
557712 896335
520857 664315
556545 880474
571238 969985
550369 837960
566835 935516
558895 882424
573104 959271
560696 877670
558041 858456
522261 645040
554365 806455
557169 820498
579819 935134
526065 662270
524795 649443
588884 959089
537354 708123
586125 930415
565390 833423
571762 861033
526264 650122
573667 865809
558706 792688
559785 797411
529005 654609
601559 962324
604590 966438
504546 544682
581729 856752
604844 946453
565621 787653
606821 950241
532411 653653
576796 827367
503021 536697
557916 750878
537786 671333
588569 848677
602422 893694
560931 743418
599253 875702
557444 722525
631979 980428
587205 821414
637958 990796
603251 869056
571924 759757
559238 717685
614613 899624
621845 921317
618099 903889
623714 921736
630913 933528
606139 852178
599111 829057
526229 602347
626864 914959
635590 938357
655328 996459
523580 592581
588582 787916
648800 966493
583829 769957
627670 900192
653910 976790
605425 832619
546016 654628
614288 854387
613103 850127
600031 808647
570727 718387
642058 911901
535578 616035
666354 972853
566991 701318
640952 901659
554609 667098
677291 993077
635380 880520
603668 795476
668253 967728
572712 711927
499090 515951
669359 962468
652657 916780
603484 787483
653830 916692
664113 941003
609400 799274
654693 915414
542851 626465
635749 861239
679071 967371
633071 851259
577649 711441
624751 827242
681635 967916
573055 696435
530478 590730
644646 863637
616044 794985
683019 954107
686588 957611
617971 794724
599506 749902
583151 711342
701681 983142
704291 988236
693577 960765
610121 767765
631953 814124
661495 880311
635507 821100
692475 948216
569955 672698
626133 798028
616467 775383
712366 988387
640581 825785
688411 931061
687056 919004
567330 660663
589857 708510
544427 610958
695827 932858
536275 592487
708627 954601
694740 923329
651388 830467
707355 944481
729202 985857
668222 860700
667188 844567
574684 662095
600965 713300
725496 957265
743288 987411
625653 757648
736447 965128
703894 901707
741474 969978
642323 781136
723993 931262
616722 731653
582291 666863
630467 756032
616439 728123
574984 651906
681995 846128
624372 740646
663326 811006
685250 850159
589459 676042
743718 954583
756897 977473
617461 724814
678845 834143
700061 871802
709123 887458
679898 835270
771188 997769
597364 686476
701568 870765
567617 633489
637134 753259
730866 914391
551863 603558
705946 870118
777511 990793
723057 894633
780524 992526
775960 979392
620756 717036
550761 598544
754818 938732
744024 920584
582774 650965
759843 942292
590341 662021
720186 874327
600996 678586
708275 850717
587186 653368
772199 950619
688297 815210
782570 966196
768446 937701
631340 719797
689897 811334
757452 916615
600695 669987
657491 757585
672472 779534
625790 707305
740010 881597
769963 926601
733171 868109
752462 893991
704231 820278
772278 920722
798073 958695
786581 941165
721822 843741
562614 605294
638404 717367
690992 793918
643782 723863
545872 579914
732632 853721
637802 713929
555593 593534
783124 924269
763120 894611
777759 915033
630530 701430
721489 833008
807458 954193
635199 705990
642409 716015
579999 626489
711867 814562
610516 669785
707556 807989
702539 800192
708578 807307
644157 714415
791472 920002
655486 729584
581908 626218
529907 553420
631123 690308
598335 645496
637688 698881
788013 901591
835371 965532
747784 846827
707122 790435
576345 614561
794701 907075
771472 875246
785683 892902
813126 928923
725416 811388
864039 994439
794272 899159
740360 827956
860737 984760
869214 995778
746193 832824
857769 978259
560363 590369
872098 995546
799502 901043
698606 768810
781909 875141
844505 954897
790710 883086
632478 680614
803386 897448
624127 668849
854943 961088
802526 894288
864625 971271
799715 888045
849840 950734
592714 627715
847453 945791
807358 895656
820946 912298
790806 873863
859937 959680
647275 693830
587340 619547
845458 939045
822358 907631
840994 927980
883710 979955
839017 924761
885805 980653
600785 633675
819957 899683
788150 860823
894618 988960
795055 866773
862655 948019
730267 788187
574555 600446
679222 725457
564485 588244
708591 760173
754161 812642
624894 658826
621238 654128
593896 621202
819818 885589
830468 897648
858514 929271
866691 936866
779791 835087
882099 952694
659747 695526
916993 992395
855902 921855
908289 981830
802632 859345
889768 959563
879673 945894
906686 976687
911262 980079
698068 736212
701729 739481
799809 850409
721429 760308
910284 973027
726322 765061
579837 599978
704128 738733
835685 884315
914710 971797
539655 554684
510077 521819
856341 903141
762692 799919
651497 676836
907245 956701
945014 997345
735260 766315
629522 651014
735642 765024
826354 862692
828597 863959
752494 781593
901949 941762
601028 618779
898732 936409
631529 650901
834648 867012
828876 860487
886422 920729
841177 868413
934090 965525
864701 892673
712369 732785
651743 668756
967075 995297
773190 793872
859717 883495
517748 528657
696712 711594
961118 981028
792353 808171
759122 774217
916299 934024
767114 781983
925945 943250
913054 928623
839969 854377
715055 727487
569029 579507
714962 725854
787596 798109
847994 857937
799942 809625
714115 723632
769477 778740
760019 768854
768268 776417
809467 816813
976803 980415
987389 990675
832201 836891
888341 892036
959985 960627
931115 931861
964349 964246
882494 880944
762005 764055
892914 890918
778739 780122
806685 805796
610141 616014
945547 936352
789555 785159
808903 803542
965122 951219
918650 906436
956468 942066
794931 789077
874684 863089
753732 748828
998634 979022
677674 676510
793208 783988
769225 761412
931716 908084
990784 962225
707398 700810
981458 951976
902857 878842
858480 837878
656845 653295
960993 931329
993186 960656
922503 895539
758641 745667
681659 675329
760063 746395
839528 818614
802597 784839
997727 961442
627498 625319
891217 863856
940060 907912
842104 818899
656724 650378
927700 890218
744012 726453
807292 781691
668293 658597
836602 806806
588477 587456
901068 861318
738918 718663
655567 645217
978846 926942
963436 913259
947985 898744
825107 791504
848639 810855
767568 740313
796007 764268
894899 848859
934727 881640
686648 669151
961809 904010
922092 869926
688440 670028
818412 780762
725002 700851
948311 890653
752711 724301
756444 726820
853173 808543
995211 928810
769201 736749
878901 829289
722353 696714
871445 820114
875391 821416
797068 755474
976173 903753
951470 882835
789608 748495
596980 588933
773692 732651
900331 834177
818701 766716
926620 853062
758125 716333
877401 811874
976020 890530
842671 783253
732979 694403
739297 698696
749873 705724
915463 836021
988032 892286
848584 782272
916915 835818
772830 722636
725918 683867
931824 841387
885756 805329
800698 739885
914599 825843
859564 782530
931333 836347
971751 864059
656541 626570
798486 732496
696255 655511
904665 807916
965768 852807
936939 831376
773754 710359
873788 783559
983385 860563
976620 854489
628093 601545
955272 835590
880874 781575
961465 839000
567024 556523
825360 740074
946049 825309
798774 720549
621388 594384
642832 609136
859754 761444
675116 631603
841331 746856
826171 736063
957399 827132
709500 654346
573503 559536
661483 620255
761126 688763
972586 834197
866706 760861
947598 815669
819331 726288
867945 758860
839660 739458
790979 702787
732886 663766
900501 775385
652722 609359
755594 676978
986658 828198
898935 765164
953151 800059
934897 787208
713274 644504
866235 741053
928171 778962
953374 794543
829300 715599
826527 713549
998283 820929
667408 612859
870632 738794
880227 744664
892034 751163
605138 573161
811901 699028
969252 794554
709675 634632
844367 715129
722116 641600
834800 708773
956712 781355
887500 739788
939421 770115
793917 680897
891527 737332
947543 770020
982568 788478
969387 779144
855935 712569
870384 719197
936905 755988
736415 641627
690308 615441
943487 757499
869625 714801
929158 747230
976827 772231
875635 715670
830647 690501
863505 708498
998514 782684
826541 687528
985866 775115
940870 749928
588206 556192
641526 584359
979950 765844
966723 757583
876736 709179
950978 748757
757288 644625
898567 718901
691567 607103
669484 595645
938418 735015
957862 742938
908137 716233
859674 691370
774031 647526
744938 631616
740161 629024
712384 614798
751212 634363
820562 668546
891855 703720
831569 672753
988763 750956
888863 701161
978868 745063
984915 747988
568903 541639
721148 616322
834147 671659
990192 745639
534859 524498
893941 695402
587388 548821
904999 698404
861840 676959
706059 603784
816627 655275
640805 573206
776235 635615
914332 699141
817392 653923
884276 684219
615307 560373
979015 726888
582308 544977
751603 621570
908243 691853
918854 696617
715196 603838
956398 711690
948234 707097
844524 656930
917283 688022
936687 694787
679545 584341
933750 692648
880153 669200
704916 594532
627686 560669
970552 703937
807897 634293
601455 548768
959532 694627
899665 669607
711607 593119
590453 543575
549703 527001
579990 539097
958943 690007
850154 645575
783021 617100
610833 550021
932126 673055
685869 577903
868118 643667
860337 640502
550951 525725
960746 675120
778139 607414
777694 607134
862304 637483
922954 659003
722514 586824
774014 603849
872403 638188
932646 658865
972517 669249
628290 549893
927593 650237
861574 626698
857436 624220
921086 644705
723360 579214
942886 649308
640108 551820
792285 600645
918916 640339
806950 604033
652004 553982
944511 644512
943569 643496
975333 648928
935244 636568
905509 627636
577644 529772
671540 556628
809351 596642
983544 647309
555775 522553
762140 581513
952871 635025
961785 637412
758113 579286
950983 633308
681217 557294
794832 588486
935213 625531
998255 642481
924246 621265
888093 610960
933115 621694
928571 616606
719492 562701
741240 568166
965947 624038
912179 609947
811550 584610
704953 557398
802330 581541
977000 624266
867671 595495
941578 613070
880878 597779
708488 555938
869137 593638
785267 573712
805004 578357
973144 617874
738593 562305
627154 535517
791507 572595
690872 549376
808907 575205
868765 587885
998606 615707
595812 527159
558051 518676
881334 586963
836754 577217
658802 538599
754907 556734
995113 603963
954048 592923
688349 541484
889155 578468
820567 563944
949375 586517
636883 530339
990859 592179
963291 586505
743269 548190
627159 528052
920510 578680
856469 566342
829235 558752
998066 585484
700037 537263
706218 537117
748488 543148
920176 568357
930319 569229
784855 546226
631100 524062
980777 571477
763780 540976
570648 515177
928854 561909
891976 554631
988986 566581
961185 562256
990164 565661
630317 521610
764520 537876
982712 560482
956472 557051
739187 532322
846793 542895
952853 554100
947120 552978
898430 547071
872624 543770
737548 529884
968034 551152
872354 541597
868557 539478
746488 528205
977863 548543
962671 545457
941680 543529
862542 536411
752847 525646
873712 534473
974714 541429
781069 526438
589117 511951
864809 531540
964726 538353
984965 538757
633084 514475
989775 538566
645808 514789
643192 514430
893989 529372
843727 524531
950093 529576
788196 520823
682180 514496
995888 528721
862971 522225
927587 525088
778137 518012
822134 519144
940807 524157
789120 517358
913850 522162
761792 515784
935136 521589
750487 513664
911123 518392
949496 518083
882196 515624
791889 512723
902995 512725
578761 506651
883388 512025
769888 508350
810195 508185
901256 507652
973524 508090
972692 507601
742545 505191
969150 504257
777248 504156
680808 504130
679371 503749
996307 500592
865314 500317
850311 500174
870093 499580
574737 503887
839486 499663
904547 496506
909698 495948
868258 495728
950836 492446
728700 498241
918713 491967
706860 498329
971944 488310
788516 491962
786404 489849
796220 489247
913648 482533
920377 481588
863951 484353
963412 477120
934660 478683
797856 486719
936672 477429
981754 473486
935641 475824
937004 475416
830346 481560
965537 470755
821498 480719
825527 479651
978082 466598
870811 475035
886792 473278
996135 463479
958910 465949
847717 475070
745142 483324
899428 468599
957681 462563
530019 501814
772968 478168
503887 504252
964110 457738
915940 462446
612580 492981
934744 458976
807647 470061
935018 454604
989739 447805
980164 448736
719736 478941
899208 457913
885836 458641
911955 455264
850305 461576
998931 442154
894832 454806
979827 442993
812909 460972
750107 468510
847513 454349
642215 483752
981234 434066
702322 474730
915103 443006
747118 467765
808572 457826
973130 432461
878586 446225
819733 455168
571884 493095
862890 447117
987468 424028
813320 451675
802961 453358
705576 468475
994311 417702
792434 452587
933681 426392
958949 420753
599981 485961
555519 494077
881919 433549
818127 445335
643371 477564
558481 493246
854137 436721
949292 417475
997317 403248
617663 480244
979423 403953
975484 404163
987341 399222
838202 431163
976220 398497
753917 446473
948567 402185
584078 484672
984735 390045
579521 484946
931196 400380
991244 385538
794112 431813
970284 388606
774294 436352
863972 414195
977517 385791
958248 388879
982375 382193
734495 444504
872300 408222
888099 403840
930309 392698
909923 396056
893727 400090
570111 485172
980605 375635
843848 411769
564593 485784
942911 379974
614210 471747
949399 376262
596612 475752
718784 439965
929153 378281
977688 362254
998001 355951
934856 373097
576295 480590
966412 362828
844488 399617
956935 365658
743327 429624
684451 447322
861658 392155
877679 387143
900220 379163
814246 405369
660699 453019
750897 422708
985721 346824
961646 354164
729693 429120
919134 367140
698488 438350
988627 340820
933509 358077
828373 393252
763203 414987
893581 371018
828575 392582
903812 366032
959851 346662
961914 344843
745665 418941
971870 340041
533446 491771
993457 331939
973758 338723
576468 476683
730915 421996
871971 372187
882623 368035
621750 459841
617541 461069
841914 379876
716035 425264
846667 377445
632609 455095
822968 384748
912603 350843
796466 393098
747618 410361
686440 432536
762671 401750
959591 325133
826124 376439
927725 335651
893518 347056
897501 342704
874921 350923
940055 322340
796093 381417
897585 338574
599222 461984
960297 310885
655656 437976
885578 341422
650252 439234
846943 355731
793433 377518
960397 305094
822547 362213
937281 311788
796196 372509
751244 391560
799717 368558
684715 419587
860994 339485
677306 422451
667999 426512
878158 330758
785139 372501
886889 325609
983552 281163
733988 395535
944621 298200
882902 324438
700113 409345
837116 344887
779320 371822
983215 274058
868705 327969
758428 379877
818163 350245
937856 291983
703669 403488
775853 367831
900320 306952
825101 343589
711749 399052
927510 291445
830560 339092
870551 318403
917855 292642
621533 441471
989344 256378
684429 409399
858838 320848
821699 339033
842351 327803
695853 401880
699140 399160
982734 248857
865106 310337
999250 238986
925026 277626
874547 304306
957877 259980
823403 330541
901406 288878
765973 360823
748237 368606
949860 258695
545198 477749
825835 322754
935018 262481
766114 355263
643281 422950
786371 342895
813351 323552
870911 290178
963592 236965
997639 216796
962346 235480
719151 375154
832250 307588
679540 396329
558867 467269
604134 440325
807547 319221
704614 379955
785540 331248
933908 239163
927588 242407
890146 264485
774986 334569
861805 280311
878361 269949
971447 212554
670401 397274
814551 307601
922879 240231
968476 209434
999568 189269
769145 333276
954589 215169
657551 402163
915230 237441
930558 225848
972324 197784
933524 221826
724894 356110
851813 271055
834585 280895
611793 427622
980608 179081
963429 190114
707583 361976
713490 357708
829149 278986
698034 367704
897815 232391
993684 166775
897575 231911
926053 210550
951362 192702
836799 269147
901362 224447
696875 365651
703115 361334
931036 201324
662470 387850
942144 191852
823121 274389
793173 294656
934271 193718
884278 228443
902795 214277
847683 252745
729758 336645
797468 287370
937479 186036
956777 169602
872751 229337
777647 298484
777316 298036
960211 162909
794123 285033
679646 368961
761032 308897
819533 265084
668137 376750
859541 234323
739356 323153
796014 280318
831625 253167
912054 190449
961160 152046
869114 221230
918238 183486
863829 224799
854987 230991
951114 155577
642404 391828
843638 236677
787257 279728
600269 423650
776958 286662
691385 351952
939540 157523
793433 271147
936652 158781
733701 317578
990603 115653
850305 225540
897876 187146
705310 338774
688480 350660
884818 193833
919921 165799
872054 202631
828836 236842
672225 362435
592983 425964
756236 293867
606494 414477
818432 241495
951281 132896
880673 190489
992936 98234
936027 143481
759686 287106
971786 110555
583061 432103
808439 244024
905019 163527
740604 300102
877903 185487
935315 135273
961072 112489
883620 176347
813886 234205
897803 161582
610449 406228
994174 77269
808009 235404
859583 190679
832661 213630
637141 382335
667739 355487
852346 193346
789685 246519
913845 137036
818157 220939
881937 161851
858872 179076
972510 76320
861573 174802
967424 78636
736822 286656
896307 142272
933633 105849
859931 172780
836474 192874
928181 108758
812780 214136
708865 309136
942558 94685
950802 87016
808422 216728
619380 390401
672762 339702
670391 341688
719961 295446
900255 125992
817030 203189
710440 302972
742690 271775
949333 75219
941316 82287
990246 35562
768461 245011
794106 220299
759573 252129
677739 330055
959731 59081
982910 36299
701160 306486
774700 235581
748502 260800
928038 87330
988760 28317
907339 106569
735448 271871
990183 23607
828299 180944
753580 252789
993152 17156
806374 199694
640550 362250
880598 124721
844828 159952
778858 223915
884600 118385
998702 4908
908862 93679
776912 224728
655749 345164
877105 124061
958689 42421
889471 110048
860438 135111
970521 23167
850288 144425
957978 33077
667880 328152
749048 244656
592895 404638
773138 219267
693611 300718
643103 352529
958290 25995
682847 309882
756864 230638
884504 96539
857760 123358
780075 204898
808252 175117
837474 144307
930444 43378
888823 87440
681381 306577
887975 85532
924774 45080
587623 405919
794950 182156
530870 466270
872215 95905
806912 166673
915775 48084
695663 287004
646897 339817
586983 404809
919804 41519
748548 227908
858820 107273
850760 114678
670750 312079
786526 184571
832137 133258
622241 364327
888921 68754
580606 410218
738432 234913
883128 73878
697671 279364
858111 98237
882558 70701
914184 34872
913464 35640
700509 272823
899746 45885
585934 401884
928330 12976
789898 170125
933760 4756
838494 111607
802572 151000
755054 200282
805186 139814
666359 302743
545776 445016
677570 289004
718775 240031
759099 192257
679634 286344
899577 25605
762723 187615
887759 38519
908231 8236
747745 201117
591981 388153
880021 40096
867911 49911
894981 15721
602936 372983
742083 200159
552464 433893
859937 52506
862332 49037
778518 150761
882317 20237
668960 286080
855304 49509
727100 209930
860350 37686
882631 9165
682518 264876
775067 143727
864404 28196
805109 102401
832908 66282
652219 300529
692817 247072
739637 185538
861382 21160
659093 288254
753281 162574
537271 448645
644425 305150
796081 101376
804295 90108
761889 145954
789877 107487
526585 462467
793344 99428
706207 217753
511403 482749
773299 124459
782150 110066
837037 33332
720621 192504
823710 49608
856452 2936
778512 110807
720019 191381
732690 173689
581280 384523
801734 76074
745321 150773
798172 71891
782073 94186
784452 90287
590923 367368
583313 377770
786866 82644
631195 307605
721494 174038
826454 19984
608886 337714
503305 492815
710849 183930
782579 75177
708999 184919
688895 214670
643584 281281
724735 157564
817892 16588
777848 76434
782717 67733
800582 40357
620345 314418
602828 340480
761028 98458
677166 225452
780550 64040
733372 136197
674491 226021
817785 1532
527352 454517
699073 183474
646604 265646
736495 122747
525055 457239
765259 70146
793335 24244
703021 168556
561355 397525
759599 74161
667045 224740
744274 96780
745645 92658
766536 57077
643700 259640
525682 454118
621789 293938
525262 454582
699688 161131
672094 206996
705703 146743
779791 19994
635668 264867
700538 154040
759230 49931
624966 280990
650889 236185
743478 76325
763662 33755
739113 75191
773008 13749
562202 386041
719156 107027
770562 15503
721691 102106
693696 151052
761789 21525
745032 47898
767676 5557
588209 333624
592150 325079
612565 285688
691958 136114
689761 138250
556322 389323
527272 443983
700489 113692
732461 52339
537603 423512
561706 375972
732240 44394
664924 174143
618402 264216
722523 60812
738163 26334
700561 96705
627584 240739
658094 174889
628924 232736
653237 182906
654739 178221
684560 111672
664335 152575
714473 47576
615867 252502
724396 25314
568304 349868
670582 127632
550428 385851
677867 109909
563720 356074
617678 238637
627335 213227
546419 391576
690050 69872
593829 284072
637665 184449
588058 294926
716589 4325
686438 63460
544697 389408
691393 47549
607998 240831
633181 181362
542708 392401
634288 175459
681749 58605
650744 132714
524251 434083
701730 2784
662993 96432
670758 76898
687206 33966
599224 249124
662044 94095
583271 287862
593973 257428
674576 49464
669734 52343
669485 46035
679524 19264
678455 7815
605772 204661
667507 35267
531451 404051
611616 181424
615587 169758
614075 173661
663933 34159
621914 151081
535222 392616
635682 110561
575273 278520
552951 341320
648552 70997
528488 410110
584773 243007
647167 60233
577889 260183
544489 358081
613681 149881
642389 63845
639789 65230
589169 218982
583621 235054
533358 387726
653755 16859
555297 317161
603576 164488
641922 42663
646413 27601
579846 233246
649058 10248
587503 205028
641100 28493
618079 100965
610739 119483
636459 32618
632571 34506
612897 98288
568092 250203
565199 258740
581404 199713
614445 76680
629708 18161
624192 32980
599408 121033
529051 379509
606424 87832
531772 363634
553427 278250
583879 159269
582073 166024
572862 200607
619364 13402
622628 20
569612 209604
598751 85736
562887 227238
608099 40089
573421 181602
556074 248894
579589 149359
598941 61883
538244 316300
602236 35971
559688 215762
590193 78328
570452 161164
572197 153193
544961 276787
585926 86620
578358 112740
576793 119704
547668 256198
540250 290462
583614 78316
594984 17318
589683 30736
589439 23842
559930 170953
541080 263635
578700 64501
576173 76050
577027 65711
532933 298810
522404 351964
581116 24034
538671 260067
582682 11379
578806 22250
556096 152667
536767 262210
578689 16046
572938 45615
572953 45452
574319 34271
558908 125613
560895 108825
537086 248935
553288 149104
568202 47088
562908 72145
512461 390234
566510 34472
557735 91608
554814 92845
562736 23715
549298 115722
511433 387085
553744 77994
524705 286147
523242 295669
559257 25613
540971 156211
518578 323103
547396 94660
549855 73317
553755 34216
531172 197705
535652 156602
551859 10136
529819 188807
525352 225837
521975 248228
522028 245581
534245 126365
522106 230254
531963 120481
511658 316445
514008 285554
536996 14659
515998 258388
532694 54231
514600 269109
535751 6886
511712 297183
505473 369302
525606 95038
511369 284165
495309 500564
515524 209354
509226 297813
527655 28736
504298 364475
517818 133170
510265 253862
524836 3673
511570 200821
517159 87759
519090 32359
505537 282013
508075 219423
511368 135617
506959 234988
505117 5178
497258 374555
500787 168760
501417 117265
500675 150682
498930 193621
498719 202205
499079 148986
495924 158877
494879 446062
491847 46921
491767 127873
493026 310738
489916 57419
489476 77783
490703 203261
491014 227116
493465 438747
488612 226395
491869 370720
483953 86155
481947 33350
484901 179170
479144 7550
485771 222219
478680 47975
480771 117127
483591 230083
490237 393482
476216 75818
478562 159728
473979 94137
476525 167759
470238 57871
470656 114528
463233 7995
466334 79332
482200 316564
467461 111091
472633 202446
464998 106164
465599 116166
471692 204065
467730 158038
456744 24211
455338 60719
472159 249343
486034 405356
482728 369781
452339 35562
462798 168446
452006 68045
449357 44492
477516 329241
476510 321592
456594 126013
477206 330245
473817 297769
468434 251427
457999 166209
451651 112409
448699 87693
461301 221434
435428 18559
453997 179614
460881 238381
468555 307475
457819 230575
444789 135242
438886 92220
451486 188383
440979 113751
462272 268890
433133 60470
443453 139769
437663 118485
437806 124733
431283 86635
429188 75477
442295 164014
484464 440029
470480 353825
421040 50651
421167 51539
458783 288615
445613 211719
463186 317457
456888 280374
448295 237416
447568 233798
409012 21009
411008 34958
449528 251304
432303 159809
415083 67593
415944 73161
444103 227773
419202 97043
418480 96166
486823 461851
451081 273002
453529 286026
433692 181534
439062 211010
469876 373983
408262 58550
437237 212155
394203 10301
398444 34034
440776 242150
436149 222565
419044 142174
461860 349437
422041 164311
436578 232943
461807 351668
451469 304674
400622 70561
397456 72619
387546 31749
379077 10622
421533 194679
430867 236228
378510 17050
387001 53816
380690 30591
422372 209245
433065 258206
393561 105392
430485 251488
438977 285969
406159 159330
376622 45688
408394 172520
451072 339702
374648 55596
394933 137351
426547 254343
433022 278138
410261 196525
364303 34625
375395 79372
468611 411409
372453 69735
392907 143228
384405 126188
365140 64369
431273 290460
411812 226331
386077 140972
365343 74604
466254 411078
371808 102573
418204 254804
441751 332429
418812 259918
347511 38777
386626 163188
361742 88538
435850 320402
439934 333933
417867 267842
389190 181098
368892 123819
381632 165274
384949 175253
392673 201334
385622 184390
444697 359979
349867 89716
333010 53387
336884 65936
315306 9468
482973 472035
334294 62527
479722 463185
476073 453520
331147 60990
453237 393255
383924 207794
412398 285551
308527 13288
363707 159221
350133 125167
312505 26471
345633 114095
387946 225257
375712 198658
305354 20375
378277 209999
338125 108728
302068 21411
388707 241794
345043 134370
389888 250499
324048 94712
308711 58281
426080 340660
293086 24267
346550 153321
430211 352635
295470 39899
286573 28176
303917 68237
301918 65744
410682 316883
416123 330166
372165 233373
316545 111310
303229 85147
270433 17066
369258 232739
291601 64920
296348 76499
377133 250842
268775 17947
329475 150099
275304 34919
279234 44753
288634 65719
306904 105253
396056 294959
301094 94410
325053 145272
313943 126030
301474 100931
386775 280201
278482 55302
279892 59378
272304 44755
396239 301293
289533 83610
435517 383959
341292 193584
325405 162081
251701 13601
331552 176456
304936 123680
377778 271061
273752 64009
263278 43715
297142 111259
288058 93316
372645 262236
262461 45000
357959 235658
328479 178438
316140 156424
311515 149703
278517 86626
478034 472537
317506 167052
248748 37688
281444 101770
291915 121743
450119 420530
325636 187330
286822 114708
367808 267699
448956 420198
274345 98492
479527 476699
358752 254626
221390 2695
250565 56785
280883 115035
310563 170235
289847 136196
221686 20365
224423 26597
288716 140652
410628 356232
311332 183609
243680 67106
275734 125315
202856 2914
342890 245868
351776 261468
353225 264172
439547 410985
215668 30935
318590 205827
309111 191621
336946 239103
211551 29011
313922 204708
259047 113801
229580 65433
330376 237547
224521 67923
293357 181254
243738 102070
362751 293504
197223 31474
266887 143316
321684 231392
186348 18712
246463 114324
384392 332847
278109 171860
230814 99371
177962 18551
255948 138615
374497 320920
256297 140632
171788 12399
297840 204996
295333 201292
426793 401695
251943 136501
259601 151836
170520 18703
309703 229350
181593 39799
264803 163924
372630 324521
366859 316054
316674 242772
163993 20090
268122 172927
333053 268502
251991 150399
234267 124589
184837 52630
371781 327262
220450 108956
184785 58746
263388 171908
208323 93427
337355 279998
452555 444553
148404 10373
196581 81781
211927 105752
300639 231680
250038 161269
141032 9079
196980 88022
359988 316915
140063 11641
157109 35493
191315 85704
219277 127005
278948 209388
408451 387330
176439 72359
274380 207546
201002 109052
170977 68913
127679 10913
295577 238151
382279 354282
413612 396250
157262 53182
277259 213797
361696 327141
166862 71653
262914 199487
266523 204643
217326 140108
346661 310852
224636 151121
181945 95267
308123 262194
152750 62863
123915 27286
242246 182965
208871 140644
400083 384457
316215 277863
166740 88446
436552 431172
152753 72096
171008 96165
253006 200082
114539 25768
127782 43866
345363 317531
250196 200770
164744 95364
144680 70686
263268 218071
363405 342148
247610 199304
238297 190549
105975 29053
364229 345324
150660 87518
330318 305670
176224 119007
156548 95472
170687 112708
210072 163283
208803 162496
86267 15978
193899 145078
121807 59142
88079 20169
242612 204483
467923 472919
137569 80536
185395 138266
435853 435105
294863 268229
215654 176199
175311 129718
119685 64422
190121 149252
255268 227578
310372 293163
454024 458181
122685 80915
395332 391898
183568 151967
164879 132691
94537 53444
97677 59389
384087 380985
81680 47103
187206 165321
38212 3243
252028 239080
147838 125660
112402 87468
190893 173531
168115 149175
223771 210472
105888 83689
28737 901
391179 393006
186529 171957
102151 81516
369123 369534
109090 90511
296231 291594
184608 171702
162269 147841
205289 194401
50604 29668
143640 129255
41955 21044
150086 138052
20713 1153
168683 158705
277023 274084
199191 192377
117309 106974
72098 60337
261521 261678
109025 106515
112890 111090
111857 110344
113423 113093
28373 26447
397174 404931
51968 52888
211542 216578
259207 265215
430173 439333
31081 34576
172301 178060
151620 157333
48357 53906
43914 49713
40852 47840
220827 231421
76845 88572
152605 164461
70559 83412
323463 335516
265983 278992
367125 378999
231916 246118
167847 184585
429736 441329
165100 183188
102296 122809
97375 120955
115462 138865
294956 312364
100733 125467
280638 299082
128573 153029
43784 72149
68403 96798
174832 199051
85738 114102
253711 275014
54692 91657
10174 50416
121899 158867
188448 220877
104962 143525
314607 337990
210224 241723
6212 53280
29640 75832
167628 205856
217256 252391
187076 226031
187437 226396
207967 245005
454426 468389
109776 156969
72213 123035
199536 239066
138923 185388
185649 227506
80235 135753
49038 110767
186999 233436
54701 118504
393435 416123
99106 158141
47745 113331
307498 340987
20431 92463
288956 326089
111565 174280
95717 160781
51241 123531
363497 392357
141145 202401
353205 384318
215320 267154
62655 138148
87539 159388
226576 278006
122071 191234
82776 159327
103376 177999
301983 344541
159259 226395
256722 307872
395994 424519
119396 199329
178384 247711
27634 125949
25934 125279
166637 239695
282543 333543
196912 264442
102894 189961
60617 156094
310063 356659
131093 214291
256692 315208
58615 159795
306041 356112
218530 287189
52372 157208
246472 309951
224194 293889
24531 138327
32185 145466
107223 203802
174908 256967
46563 158333
167368 252678
157302 245347
436223 459966
270894 332861
133785 228327
429710 455162
379052 416986
441725 464910
312124 367306
223948 301205
134409 234960
153380 249981
197115 282769
180568 272515
23204 156583
68002 189780
260194 331808
243844 319740
262655 333806
106721 219024
188234 279880
824 144496
215796 301692
351701 401458
259725 334918
183079 279900
125038 238883
172534 273925
109787 230047
31606 174957
173646 276306
193688 290936
46293 186412
105243 228813
194560 292639
67815 203131
256171 337397
23361 175042
116911 241149
67106 208723
96376 229044
322173 385719
189092 294325
279366 358315
299440 372449
185204 295161
326023 390714
192461 300447
55973 209565
152615 275282
160290 280622
393600 437238
136047 266733
30453 197475
171991 291476
329590 395894
75174 229896
314467 386952
81052 236704
412749 452240
213701 325280
221621 331336
1377 191544
125842 271250
50201 223960
16185 204524
245529 348927
11678 202757
141448 291043
54408 239342
323626 401780
286960 380408
425518 463519
104706 273514
205242 334032
203888 334200
393465 445947
170882 316634
217014 343547
164877 314465
132878 295998
54217 250603
75539 263121
302294 394269
109867 283549
197535 334053
24508 235454
212005 342966
47818 249139
278073 381280
214193 344805
108878 285866
223050 350926
101947 282258
108772 286365
2004 226759
35518 247931
30192 245638
186329 333187
63139 265357
9705 236481
385434 444682
235539 364918
17294 247340
230190 363245
1381 244851
37627 265245
350189 429582
191388 346857
92632 295643
405490 459146
297653 403960
169169 338642
124349 316011
261618 386477
117518 313519
247557 380312
10129 261624
770 257916
124105 319683
60592 287978
229876 373032
145763 331818
153576 335965
138652 329037
151450 337255
395915 457211
270568 396883
129256 329393
150467 339977
88245 310739
18644 278258
84633 310307
44983 292438
122590 329916
82086 312770
208474 371706
136461 340369
32429 293191
76177 315350
53526 305610
52996 307030
197980 372709
27895 296942
178160 364698
177018 366852
292846 417752
200398 378634
211095 383730
100975 336768
1176 294140
71405 324694
174174 369076
355714 446088
159532 363279
58232 320454
38315 312761
11595 303379
310291 428360
73547 330074
31308 316175
24074 314079
133713 359565
380897 459261
340217 443153
15039 314384
94777 346309
345315 445935
474867 497231
154502 372014
4359 315064
94522 352773
133053 368816
11796 323573
164985 381727
37494 334363
20800 328984
240162 410791
249046 415268
149437 379447
232776 412123
63201 352253
180034 393755
286777 431869
272977 427766
38403 346323
53991 352716
196079 402765
224638 413077
336241 451549
42648 353840
56286 359141
171197 398440
93614 372950
136102 387222
188893 405159
218767 415106
302927 442895
249103 425947
6800 349909
13864 353024
170445 404402
148653 397797
198767 414334
89365 383199
36820 368840
164449 407663
410900 480423
53194 375940
93317 388242
155595 407554
42746 375987
238194 432856
63502 383863
87821 391175
76839 392067
98629 400845
213345 433879
193804 429127
87395 402754
131006 413940
261237 446583
27640 388713
334786 465377
243031 443073
195625 433778
65678 403345
192551 433454
103568 412504
260781 449888
298581 459274
106195 415102
37093 399701
170155 431779
68768 409593
200238 439896
197643 439524
270266 455620
69987 412071
278699 458304
165977 435939
249472 454269
322367 470040
68619 418797
32429 411914
228617 451695
250063 456997
17710 412359
349976 477160
58726 421769
110841 433735
194519 449807
367767 482740
95754 436200
46742 428611
54855 430623
450075 497600
122592 443406
240636 464098
126827 446279
28592 431183
141493 449314
169799 454764
189217 458302
28849 434203
113060 447418
154674 453793
146673 453688
48349 439367
36115 438804
106360 450481
25965 441221
209972 466524
253659 472813
128241 456763
191580 465420
96425 453567
73940 451347
38769 448002
153481 464205
69329 454387
191704 470154
27887 451641
4310 449262
166035 468607
34570 454583
81382 460676
59982 459962
258834 480884
1518 455803
19997 458834
150001 472675
471653 502951
76489 466825
91285 470024
146813 476163
485212 504339
113088 474215
370294 495442
221963 484100
220724 484126
25866 469863
41971 473366
61644 475464
266861 490124
89394 478616
155290 483991
177775 485689
91403 483316
221920 490999
103991 485449
72538 484895
316185 497929
148471 492714
373192 500845
310171 499038
116910 492853
94521 494149
114519 494740
107357 495240
225147 499021
70077 496077
348848 502533
85886 499612
185876 501734
123369 501965
53867 501375
47010 501849
439547 504983
96875 504945
266705 505125
16266 505320
358253 505412
159731 508224
430927 505912
358841 507449
28965 515982
174372 514235
197740 514171
31412 519983
122759 517364
91638 518548
173897 516343
277164 512765
160427 516927
47175 521009
246838 514389
376536 509979
233779 515864
258255 516220
88368 524174
85172 524655
330182 513439
219632 519552
11412 530794
115823 525737
65052 528798
231513 519797
367139 512365
191397 522396
462762 507067
360043 513841
253797 522666
36943 538468
264695 521928
261823 522155
13734 541414
78098 537065
327927 518375
189091 529392
107591 537402
327203 519171
27284 545412
217661 530093
205877 531652
210896 531697
108223 543232
352283 519540
58210 549971
14986 555205
157531 540543
102167 546453
321293 523507
5094 557084
129703 548126
122880 549688
34626 560396
222369 538136
66900 558592
183312 544224
263471 534219
28398 564498
45089 562990
381420 519764
18142 569216
73089 561837
248885 538747
185563 548838
159889 554277
57971 573964
55277 574488
167927 556988
122820 566177
223361 549872
236077 547816
104953 569542
145169 563936
273946 542837
32126 586293
192577 558459
1120 593978
154366 566714
47655 586036
128839 573603
7811 598169
98093 581533
361790 530831
8141 599315
58706 590114
315080 540498
45178 593659
337628 536137
390799 525726
119373 579895
38332 596066
232754 558040
207622 563724
29605 600052
57244 595234
210763 566117
187118 571839
69680 597578
41432 604982
177023 575231
186427 573518
168066 579081
352108 537797
206938 571080
102976 595446
249242 561834
171835 581685
4130 622961
136058 591628
1323 626861
144645 591621
274081 560358
153251 591308
267324 562589
227924 572887
1178 630596
245984 569108
343019 544454
448417 517480
215093 579462
166964 592392
33237 628750
309370 554860
211496 582893
28140 633286
203217 585331
149406 600510
220413 581355
163012 597370
37504 635235
292089 563612
279213 567456
335384 551542
356370 545781
211999 588570
68070 631485
33713 642161
61665 636556
249001 579739
109431 622251
79851 632128
333577 555243
400958 534408
109864 627120
86264 634640
64661 642740
66926 642062
244611 585594
10585 661059
155783 614857
14024 660928
34446 654550
20189 659256
219995 595151
34444 656692
34405 658154
378141 545365
8451 672935
158509 625489
125957 637749
119362 640200
49414 666397
95333 649781
26413 675285
288950 580654
116623 647063
84737 659521
92861 658601
374227 551372
332556 567720
147441 639436
118090 650856
127225 649251
336078 567929
221785 614024
305193 581333
99286 668605
174468 640211
155910 648331
169317 644853
20905 709515
242375 615281
236042 618805
122945 669952
66517 695330
145109 660531
223144 625943
64227 697602
4256 725104
35909 712710
30832 718463
34510 717123
173567 653496
221453 631941
328616 582332
153382 664287
2413 735179
226974 630446
62460 708469
23580 727077
25509 726845
274582 609290
256055 618199
45510 718081
378999 560435
159682 665992
146707 672756
114942 688836
83556 704148
38454 726007
97246 698691
165116 666127
55934 719577
58271 722304
36455 734771
94283 706221
394893 555677
395155 555755
99956 706864
16344 749810
381888 563471
54807 734257
125744 697513
2927 762502
135744 693223
199282 660853
210602 656554
39520 747751
147511 690329
172214 679157
71447 735198
38971 753507
233770 648808
110588 717121
24798 765059
327485 598355
448 780618
18962 770450
158587 695030
20813 773470
362608 580162
265774 635715
339753 593869
146882 704343
68984 750085
216610 665595
258154 641957
100771 733398
177867 688919
192299 680789
260781 641378
180567 688503
45922 767278
246694 651043
252883 649334
329259 604280
101937 740298
118008 731002
76115 756824
14092 795721
257159 649912
11127 800108
245872 658137
133727 727259
81856 759228
27368 793505
189754 694064
108434 744424
24979 797952
192672 693600
269810 645702
94061 755843
168011 711248
245568 663100
151196 723892
468289 522129
64499 779899
116151 746959
224698 677777
98255 758583
280277 642866
399384 566912
49505 793354
64572 783799
382423 578130
34989 804886
138497 737928
141873 736178
76314 780208
354598 597755
114616 758054
194338 705175
247904 669706
73686 789081
118105 759246
395919 572120
264245 661847
272478 656996
262038 664356
45824 812381
77514 790885
272513 657643
279399 653463
89984 784557
5998 843159
202786 707579
86484 788529
188242 717971
326145 622654
354504 603102
333437 618438
265465 667364
296192 646008
238937 686885
195594 718617
27158 839411
63574 813585
39510 831072
106214 783626
250174 681059
387532 582677
120167 776031
54606 823984
239525 690749
199679 720633
65738 818510
146169 760993
159702 752826
60003 826926
26715 853053
59456 829163
68968 823026
156436 757786
203557 722707
113570 790280
257890 682476
195812 728913
82607 813729
12411 867252
116497 793730
12833 874108
159136 762899
391426 584614
6365 881321
158827 764742
49788 849415
149762 774256
130097 790273
451717 539019
130170 791288
30838 869681
286134 671308
135653 791949
72300 842618
64959 850589
81058 837896
318584 647872
118725 811235
144703 790367
293674 669510
198680 747638
406474 577674
192971 753674
237739 716987
323232 647376
254967 704220
68875 859418
351078 625107
75699 855049
324066 648682
207420 746769
145123 799837
242152 718297
96197 844574
113867 832604
27653 907325
96441 850386
193304 766492
30671 907647
8014 928096
40639 900079
246619 721124
29120 915144
307382 671149
89168 864400
129259 832586
25767 925626
197082 772218
155686 809547
156602 808956
81534 876801
35211 920727
201209 771476
16320 939378
290257 691446
121013 845767
89334 875795
403543 588897
315289 669969
36501 925736
72514 893107
142244 830555
54669 912276
128252 845153
123959 849179
60154 909625
303882 683025
27767 942505
12367 957133
357322 634325
246474 738376
253642 732157
197604 785130
261185 726469
320911 670002
462392 536000
29745 946895
403939 591757
164218 820050
103475 878433
3704 974655
413627 583011
79776 902822
62511 919714
343530 650613
40700 941616
370970 624647
60642 923879
184048 807019
19496 967617
331414 664946
327091 669318
18984 974577
98549 897050
44552 950768
266404 731330
25058 971396
260551 738146
22905 975007
247488 751835
48547 950843
9533 990062
71486 928221
107963 893871
302182 698867
3613 999154
79582 922975
219724 782121
117865 884661
79643 923402
178717 824240
75823 928694
363239 638310
198426 805104
29881 976141
185909 820553
90158 919117
135192 873642
231197 775695
58185 961287
46057 974972
59521 961453
261913 750343
346315 662035
328361 681066
232875 782145
69562 955912
38185 989673
185269 835038
341759 669315
121122 906166
42298 991058
283902 732503
232332 788403
290244 726153
278353 740225
77057 960396
95846 940849
311399 705672
217894 808087
178821 851352
177895 852512
382308 628624
287079 734106
486118 514935
55762 993255
270741 754725
95245 950405
279189 747226
143281 899970
145183 897925
154907 887384
116218 930993
320443 701538
103317 948789
275504 754205
220671 817205
250204 786984
231564 808838
373185 645747
136953 918819
132013 924926
198632 848543
114313 946372
276433 758683
170692 881494
155803 899376
126856 933451
277815 758039
361829 660639
436898 572977
74900 995963
133279 930497
316478 715316
403339 613135
212510 838146
124118 943987
113556 959322
129828 940018
335563 695410
103018 973266
259613 786716
120794 953970
93828 992174
205068 859839
144712 933743
203029 863036
342009 694299
121963 968454
154528 928978
103158 995067
476992 527645
227325 841651
137174 956945
189977 893527
234296 837486
149443 945785
161547 930669
244780 825236
168325 924212
231956 842657
271621 793584
323627 726660
227787 850732
285901 775733
136877 971735
202065 890247
250645 826737
166286 938213
185046 916289
401334 629401
172796 933987
269638 806981
314471 747852
134441 990063
326380 732412
347010 705070
160827 957312
339704 717593
312942 754335
280474 799292
318512 747888
216761 888287
401674 633705
213053 894617
333943 728256
271977 817177
365675 686523
351992 705906
234306 874028
312198 764547
352896 707382
229522 884026
230597 885634
340083 728617
187898 948880
195725 937923
271237 829318
417281 618561
233432 889028
182550 964520
241929 877903
301127 791736
209759 927368
296748 802274
226909 907920
253116 872153
471465 540847
475980 534137
392100 663394
269793 853072
301468 804133
182300 990147
256889 874842
261857 867885
196860 969091
205421 956999
277355 845404
298472 812880
335662 754709
237000 910232
304227 807381
209993 956785
343904 745819
394556 667411
314138 797790
320171 788560
410440 643163
213567 965327
419648 628417
463481 556782
337665 763612
290685 843669
315670 803442
404787 655500
439527 597830
242406 927985
361729 729036
212642 980394
301155 832349
204182 997515
278870 871429
324037 794916
305167 827407
288126 856444
357892 741070
215258 986678
282543 875088
270414 896900
310767 829487
243001 949299
308979 835394
351979 764764
236390 974668
258459 936840
245862 960051
273294 912355
252633 953640
357949 763621
237579 991249
386272 710823
265410 941011
315949 848029
253897 967114
288688 901223
375700 734416
272336 934802
261595 955904
344740 796913
266844 950400
307146 872105
242590 999108
319985 849672
425981 641532
461893 570969
287895 917347
364379 765508
310590 872778
376004 742397
287740 920476
275379 949639
290938 918927
356829 786277
353557 793351
269562 965564
307423 889131
277940 949776
345274 812934
298423 910928
271854 966968
272691 967448
433414 633933
269015 978812
428216 647045
459744 580220
264236 999568
279793 969588
319245 885033
360469 795996
335254 852558
328821 866586
310479 907158
399648 713643
375922 766080
302602 927500
375894 766890
372439 775218
407747 697538
288574 963433
359197 807222
451868 601547
437770 633123
457980 588336
289103 970165
305436 935204
376687 774277
278269 999643
371837 786501
354150 828113
293485 967472
378973 775159
409667 703906
382723 767998
285819 996209
331169 894744
423203 676683
324172 917621
432220 658093
345208 871289
325790 921510
308311 965838
319889 938003
328309 919862
445083 629812
348319 874255
307113 978809
348086 878168
312993 967732
386689 786890
312631 979596
362948 850797
459821 598130
353372 880134
355968 874665
337280 929328
325154 964387
322564 975701
332809 947981
385101 805235
335156 943660
445378 641381
356137 888981
348075 917760
384575 818378
356830 902282
414141 738937
329207 986393
473862 566439
363703 886322
371712 874547
349717 941883
404446 777541
336828 981054
450461 639133
376225 862772
334567 992449
354125 936598
459826 612956
339465 986461
423781 730787
409937 776939
365875 919235
482387 545586
414939 763492
369523 924877
349074 994114
347700 998798
401473 819154
359845 966808
371274 927958
400581 827823
422037 755668
392854 861501
363933 964040
359998 979559
475217 574614
410255 803046
437298 709432
373632 935229
371200 947982
373642 939405
363373 978254
367159 966283
441878 700531
393780 880660
379614 934505
454866 655061
405346 845838
367464 991388
374168 975547
391754 908111
435174 738714
404367 861451
386735 932206
384883 939582
396187 903469
403626 875907
455703 665323
398493 905489
471183 607532
395604 936466
447853 711828
424891 812832
385325 992778
459376 667867
406697 908884
440528 755298
410546 893997
410706 895815
433151 793153
407786 912364
464152 649189
413747 885008
391055 992455
407614 926258
403230 951625
433619 806159
464326 656481
455062 703172
441464 771920
424711 859527
410904 929887
439669 795249
433217 829477
465432 660693
418435 915224
404115 995766
408691 973533
406513 986351
410354 965629
438513 816745
406836 991589
446712 773519
440355 809385
450023 766318
414839 986983
435596 863153
463428 695515
474875 627457
451353 784853
456757 755698
427958 949500
452872 793771
468036 692312
426373 983799
447025 848689
452832 817736
440387 925376
437268 950496
442025 923367
447221 889860
443327 939238
484523 593137
479711 640067
465436 791865
463369 812787
460279 862721
479291 670545
462380 868367
478231 696221
466386 836166
459032 975376
474559 778413
460694 982305
462342 960407
471364 849737
468561 918014
465316 969950
490510 575559
469315 982788
492982 543019
477735 899577
485462 860602
488032 774402
486799 838855
489875 724893
491597 658688
484414 997658
484560 997401
491311 708746
489153 869429
490011 825613
488381 941528
488295 962330
492065 802274
491035 907635
490309 992865
491817 866079
494567 586332
