536768 950457
543196 920604
566819 976235
577510 959036
580250 962467
574344 881867
587421 951553
585790 932302
583009 850422
557012 640569
651573 985613
619713 759832
693284 950280
614088 722821
643262 729946
653227 746329
775192 911674
784033 922285
788467 913190
839948 951627
799633 892411
855894 946229
829079 905837
916870 969670
912181 942898
871885 895700
779845 769678
934479 903405
769354 743629
641056 627863
830013 786744
790709 752778
947303 877451
842943 774949
888004 746690
939494 770612
854401 714272
970023 717816
680967 595168
761048 620489
994847 693250
901926 639750
912352 642564
709228 583777
809722 588575
965182 598834
879448 585642
908502 586240
919191 586278
575290 539553
866504 535162
768024 529230
874577 523560
964396 519480
685086 529693
622595 530481
791399 508549
865773 488024
830713 475176
704838 495210
802866 432579
807027 422149
867246 389726
908014 350365
713330 444634
980414 292378
956667 290547
702834 427578
786609 372486
938117 247573
709648 393352
955651 176146
851412 261414
940755 178192
997473 119115
708338 375907
912306 176747
887536 193116
733190 340693
892023 171494
892605 163235
964971 69936
837231 195242
630002 421950
728862 284368
877276 43720
893930 15265
673711 324853
759335 178879
714314 218141
739922 155442
633222 324144
749334 57215
729813 92749
687589 158843
693363 62710
552165 477091
684191 48464
658185 26434
658523 1694
574729 360645
561693 403737
630672 69776
592061 207534
593475 81305
599572 8853
524003 343229
502693 143943
418258 195083
367993 52139
410685 193798
370031 125916
487697 441652
468485 404593
403002 307664
460027 409653
357464 246074
293429 152799
364718 300486
354340 311802
79065 46208
139247 115158
85459 70260
103516 104827
177391 179623
6413 59577
94376 149380
445815 462123
107175 197671
118996 220525
282298 350636
14219 199794
119684 270637
259685 378044
57731 296381
239413 388676
196628 387055
190291 430293
319527 471688
76842 413886
24493 403300
87325 440640
328868 502665
102279 480573
150058 487493
50491 475670
57207 477752
258110 503542
110883 506086
226261 518063
446863 535398
353140 543339
19765 555644
296466 563898
297128 576443
191721 603395
217276 636078
286914 625592
308735 622393
65758 731044
136440 714825
305433 643300
73095 806309
50692 827170
156145 765714
57248 852457
238828 735207
479840 573806
212344 759907
122008 838512
42916 910866
201312 790691
248554 761638
116483 873914
475379 583914
259310 759185
5944 992400
430341 626936
14661 992839
250146 823955
126910 967392
310051 784957
414137 720952
310028 905753
333231 873043
423899 726371
430844 738450
412289 775640
368438 913745
461099 781848
413673 995061
476307 869236
507506 724110
482451 992338
523854 637995
511571 856832
513071 979944
519526 916599
522908 935266
529541 762052
