501381 701808
502077 902928
501910 824009
502470 996458
501909 748471
502562 897988
503570 835967
505800 851096
504249 734537
501961 572874
502002 567771
508915 933109
504392 673145
501763 538201
509826 825732
513100 909449
512324 876947
516332 969268
506621 674835
507282 687872
518938 999964
509419 737786
521309 967165
521650 959381
523395 980707
519608 877665
524760 936036
519834 842542
513454 722490
514408 728335
512339 691925
518258 780064
531851 993056
528458 923493
531935 971060
525353 860165
531819 944304
516883 732231
513404 679565
509611 626797
523874 810254
532268 917517
515428 695626
510565 631491
531055 890815
502839 530340
516789 685646
544052 989796
521901 737769
540439 942072
526588 784481
544586 957988
542137 923598
532522 824690
544740 942432
520759 698474
551527 990474
527226 756162
547673 944139
545069 909363
552074 970094
517416 653916
530069 766801
550704 939413
557860 990663
536540 796046
514781 619037
539328 817420
559064 969198
553678 924969
562127 991966
528764 725820
552852 912028
514931 614555
543421 832974
552525 894814
545992 844000
545591 836762
549742 866760
557013 908877
559100 919268
552473 865440
557315 895587
565294 947019
554547 871275
571504 981465
549020 829292
558883 888138
540911 767472
563619 907736
577706 995809
549641 808309
572750 945652
524209 644573
579324 968103
582702 984164
542959 750075
567489 890711
586195 989957
535942 704664
541472 731918
537357 708857
546815 760974
572737 904276
590369 992369
553923 794173
567809 866853
573733 888605
582519 933707
547243 749070
583744 938446
520126 605081
591447 962481
579114 890202
584744 912735
582950 895703
596460 959053
567911 821787
581663 880212
542417 697750
593926 934106
553272 747200
564636 799213
594124 927276
608627 990846
578712 856239
533084 648089
552420 731034
597573 925479
604211 953202
604877 952433
613135 983603
616336 994831
534904 650369
608851 961125
561191 756364
554679 728849
608208 940964
571816 793356
600293 905998
602312 912114
538157 655492
586638 841853
569679 773101
621332 964843
617480 948828
600404 881437
583602 815878
631849 991909
610640 912869
612004 917062
578535 789014
620801 937218
605032 876486
557699 707788
634897 979136
617213 911756
581901 787373
565658 730228
636031 973001
513720 550623
598030 836931
530562 607041
585446 791212
641233 978546
567865 731326
634103 950114
508154 530907
584747 784140
625048 916677
609677 863737
637147 953425
629698 918248
589260 787835
572203 733411
586840 778902
655395 995535
657634 996984
621118 882633
625937 894063
572772 728761
597543 804177
630044 899650
642092 924526
640609 920048
585855 755937
588413 762873
648355 937428
662342 976972
545823 637081
562143 682723
657023 952757
623596 855710
593497 769933
639356 899271
656418 946875
560095 672898
607985 807136
678196 999921
642244 898481
675444 984531
623291 841578
673767 974758
666210 954063
614321 810819
653935 916192
661052 934989
647476 893032
581373 718828
550565 637260
576265 703738
660323 920976
603379 773051
653713 902475
662328 923511
614385 796441
684278 972522
679409 960116
647301 878145
675447 948730
694218 996080
661499 913140
663745 917473
688993 979364
685504 961806
623568 809052
652348 878690
664030 899832
673289 921441
655587 877662
625692 805393
546293 615388
695543 972223
661770 890925
693032 965472
689781 956003
702394 981060
559521 644434
682059 929198
627478 801863
708051 989146
688545 941876
643241 834218
683432 925227
674224 902974
596243 723183
576478 677526
701089 955783
616179 764381
639975 812790
639740 811481
696414 934055
620036 765545
575284 668099
644306 815827
716133 970559
677496 885457
707857 949834
721971 979642
696259 924115
675043 877831
557166 626336
655114 834228
675110 873086
679414 881549
709256 943771
655152 829967
693149 905973
640083 795299
647516 807305
689144 892407
714924 943058
687957 886861
663262 836002
712227 934685
636737 781343
672115 843995
726521 950693
589614 680916
606846 713335
732320 957472
578331 657637
716740 926969
638114 773861
609703 717459
710381 909711
617033 729133
720537 927065
653837 799319
749396 980857
742708 967935
699396 884597
678995 845371
694412 874608
627443 745830
721451 923092
517115 537395
676476 834954
670803 824348
755820 982571
736998 946707
546359 591462
718073 906862
684907 845025
557492 610558
645535 771576
629926 742736
763854 987174
586318 662134
662380 800106
721857 907716
698717 865615
680393 832372
647872 772731
755571 965696
753483 957798
713099 885489
740168 933269
614010 708236
694060 847452
701979 860210
725190 900972
713976 880864
746663 938052
782817 999447
718440 886795
724068 896398
679237 816946
738008 918492
738286 918305
659729 781371
774438 977149
643804 751342
562981 612821
584414 649187
659491 775682
771787 964465
770867 960037
778684 970774
560629 606501
743179 909705
712444 856347
738073 898386
800103 998770
801957 998854
770368 945896
651157 750253
788767 971673
800490 989605
712899 848124
731791 877639
704828 834243
672111 779881
689824 807281
780622 950827
774035 939092
789353 962601
723566 858378
757042 909409
629721 708880
790393 959763
710615 833700
771509 925298
749135 890677
659127 750466
814573 989271
653183 740058
589444 642003
643943 724617
655641 742411
797335 957989
695463 799485
787762 937961
626983 695684
714196 826133
777647 919661
782737 925669
750104 876319
784530 924599
740418 858925
765224 895236
708019 810727
795591 939058
694556 790284
746051 865186
593022 641036
814487 963257
678113 764228
711426 812500
708517 807632
739096 851726
520928 535887
645623 715550
822773 970828
692875 783460
723788 827094
670438 748948
635704 699032
738488 845152
739586 845476
655330 724749
838728 983364
760217 872107
798376 923319
826109 961225
786897 903638
624856 678413
756942 860507
773595 883451
793057 905521
764441 865703
671718 739417
713320 795641
638553 693740
699874 776934
803820 917948
851850 981877
706567 784713
775783 878159
865923 997520
714095 793366
749548 840886
730975 815105
772013 869616
865125 993668
790822 893783
726483 807755
585401 618793
743800 827875
629572 676603
806518 908517
688264 752673
850389 964826
853384 968110
730767 807594
595543 630719
856646 970473
689945 752873
661738 714153
880602 995425
587666 618507
672143 726579
778822 862704
701608 763114
702952 764787
785511 869207
791248 874400
830008 923375
842867 938852
876484 981079
619085 655765
703629 761989
727887 791901
535564 550446
773593 847894
886537 988194
816542 900373
670711 717971
820948 904165
674018 721618
817189 898150
699155 750818
680483 726739
858336 939334
828663 903239
905917 995572
695646 741314
759341 817828
796481 862391
863929 943285
757046 812502
601735 627230
910001 994718
690617 732858
915508 999112
792170 851665
824661 889928
827108 892523
809311 871485
788842 847275
645450 677623
728291 774566
800024 858747
873002 944396
750014 799096
799422 856015
795627 850624
834483 894763
796045 849927
915803 986259
806003 859374
534939 546235
740414 782201
705455 740846
817764 867068
799444 844819
926563 987630
809376 854190
886473 939932
738178 773366
840086 887354
830106 875895
872315 923189
901893 955444
684223 711234
845927 890297
821065 862561
828256 868022
746607 777581
765729 798611
901537 947236
699650 725177
839903 878781
792247 825648
781498 813875
711505 737005
829359 865194
754708 783723
814739 849089
644520 663087
853958 889891
771239 799350
775793 803939
923119 962521
933053 972768
746031 770788
947287 986679
660954 678194
779541 804321
943189 978221
941247 974291
938155 970333
955476 988345
701703 719482
918705 948926
891619 919937
580536 590686
875504 900391
913738 940454
968213 997310
804060 824889
634520 646813
900587 923288
796314 814265
848475 867290
951947 974423
822320 839471
908401 928489
863560 881729
881956 900496
881117 899116
832851 849259
958959 977903
884392 899590
692416 701913
770987 781131
851767 861809
918050 928800
897469 906690
923834 932894
670278 676982
980347 987362
828062 834652
897038 903463
978659 983705
811630 816390
866976 870957
917094 920519
910747 914071
633661 638706
881243 883893
742162 745830
913362 914888
665746 669903
958333 958830
826575 828622
636070 640073
916433 915400
787217 788190
708551 710243
735659 736435
788899 788353
708364 709262
763335 762407
933360 927163
956757 949581
840651 836740
821481 817588
650590 651751
550140 554600
884787 876835
805324 799908
901232 892015
949874 938623
767512 762521
946129 932121
843484 833928
736319 730665
787199 778492
802505 792917
621286 620711
729084 722543
912030 895053
792946 781474
864686 848804
934649 913221
963530 939638
798244 784891
931066 909025
862819 844315
660163 655369
749935 738933
745321 734518
931334 906130
710481 700848
916583 887846
823315 801483
903421 874566
988383 952125
887854 860316
681092 671511
951693 917512
883306 854395
908019 876063
787676 765182
841963 813787
851111 821456
865341 832799
673804 661418
973073 928488
943432 901998
930646 889355
863768 829297
804815 776370
950491 904634
843427 809232
804229 773309
992923 938956
930011 883249
886544 843607
966928 913445
945453 893059
600660 593360
993151 932893
832340 793329
986598 925351
689852 669743
703554 681499
740729 712716
693019 671109
766274 732996
612519 602034
736847 707799
994940 927378
669823 650451
704045 679241
946928 885172
969292 902634
955573 890865
845733 798058
834886 787394
749194 714881
875192 820220
751113 716017
965513 894227
737442 704134
981443 907066
959198 887748
709892 680530
944160 874272
877725 818996
885288 823405
965068 888355
890494 826249
906523 838362
857694 798068
984693 901341
923218 850791
993834 906352
934777 857551
824847 767794
973718 887154
706131 671973
890843 820386
968086 879873
801697 746738
919443 838952
647169 622985
549622 545565
663644 635789
943660 857351
999609 900814
835303 770955
580905 570085
906275 825001
813797 751400
663172 633095
943548 850761
975824 872718
976684 869724
927220 831839
850368 773040
621752 598704
800915 733452
962348 854413
978029 865967
921798 822855
825943 749064
975104 859814
923081 820889
894899 799735
947489 838798
705719 659135
596908 578270
777413 711862
632890 604646
850808 763236
981689 857181
919142 809184
869565 772954
826189 741341
852221 758527
858507 761532
884351 779891
611601 585560
733875 671652
779815 703629
935637 812849
756081 686471
986498 848395
879530 771501
958334 825902
848283 748804
936441 809897
665079 620848
899358 782554
869189 759186
663151 618062
875349 762905
894281 774160
787967 701896
597036 571974
936776 798731
804962 709354
646708 603784
705449 642732
671074 619712
885880 761726
729910 658055
733441 657759
946693 794274
630746 590390
985150 815687
840531 722747
621750 583521
852572 728259
987415 811545
726293 647927
610280 575284
996631 815413
889971 747655
927618 770699
765155 670128
884094 742160
697819 627802
970075 793392
866174 729160
926454 764248
923742 762409
945274 774673
657214 600648
894709 742291
801663 685708
843824 710312
944636 769394
893410 739095
897174 740347
986289 786558
919345 747913
853272 709381
838093 700662
651763 593177
947670 762061
915033 743334
608376 568155
889882 727844
770700 659230
579414 551241
879910 719077
946336 754056
980169 769433
906956 728980
956341 755753
772446 655032
932014 738384
869878 704869
876711 707671
858114 697709
891367 715022
918857 729489
669132 596479
951205 742324
807590 667209
953503 742779
971264 751266
931025 728699
798408 659344
861556 690992
737157 627452
779722 649104
892486 705890
618838 566419
831362 672037
648791 580808
990332 751166
685560 598784
793902 651582
908281 706497
708116 608069
989015 744201
982047 740588
943768 721903
969074 733467
650049 578866
550987 531052
849997 674263
828729 663894
936926 714139
984658 736238
615875 560972
804820 649452
827396 659999
561085 535042
830082 660080
762784 627934
960877 719022
973564 724241
943519 709897
835698 660081
791504 639810
717163 605654
823151 653897
915056 694767
885344 680921
924144 698424
987075 726451
723007 607193
710601 601453
920062 695076
997914 729924
878333 675204
938400 701723
891961 680024
920826 691356
800836 638612
715217 600812
734687 609048
587729 544856
920500 689247
829999 649539
794526 633711
757406 617463
891253 673893
900572 677632
872693 664800
868839 663118
645141 567653
992622 711243
828646 641813
843701 647450
696546 586923
886706 664320
853665 650819
988935 704198
784233 620930
858192 650386
637543 561814
887592 661821
803396 627830
828413 637589
926285 676225
807849 628183
903463 665476
949879 683611
833487 637742
962466 687981
912740 667353
957011 684193
657020 567292
947513 678477
843974 638490
878220 651360
846144 638575
850635 638902
672737 571658
915406 662853
855086 639251
729288 591945
819956 624783
744076 596655
887752 649479
854915 637320
949305 670448
799022 615523
886975 647031
926807 661261
766201 602634
770276 602049
909979 650508
902416 647804
963488 668171
755109 595277
758262 596063
881338 638352
826302 619235
837888 623200
866179 632794
949779 660541
550820 524067
998128 676569
810938 612428
704033 575556
998510 672093
948906 655446
818070 610658
909071 639965
634235 549462
838294 613867
839536 613128
884323 626208
957011 648465
889927 627139
807210 600389
677102 560160
773649 588777
919199 632007
777791 589322
965534 644480
726434 573313
726273 572374
925433 629259
862532 610900
586211 531437
731727 572144
731923 571423
742920 574473
711324 565344
582573 529658
797994 588985
997278 643174
869915 607275
875166 608247
772071 580336
821508 592873
818104 591934
931473 620418
834719 594215
789989 582061
537235 516399
766010 575098
708579 560113
787863 579881
980760 628636
760375 572652
631378 539769
555757 520772
970242 622788
730723 563424
583090 527109
609916 533590
561620 521766
968040 619483
566551 522658
761982 569070
655040 543261
770055 570116
657516 543435
642010 539659
926391 605210
825435 580623
952042 608673
912117 598319
809684 574073
560032 519784
946640 602445
873183 586251
778680 565017
931097 595460
941760 597006
613938 529940
983808 604054
863143 579739
829429 572907
738341 554426
982290 602491
811367 567993
908704 586053
624441 530643
938015 590188
944220 588288
568300 519151
915862 581448
854973 569644
753612 550671
850240 567183
989939 588725
986231 587649
952983 581481
945392 580099
644216 530164
819920 557529
774424 550043
912405 570974
857243 562090
848078 560274
617830 524587
863084 561216
828425 555061
939943 570874
792536 549183
950230 571677
654479 529042
978557 574937
900404 563059
993391 574999
859253 556300
733978 538763
663568 528808
761962 541743
929070 563336
998029 570376
781428 541325
845843 549034
713922 532792
820359 545069
678930 527902
742697 535271
959896 560225
719037 532114
745032 535077
843769 546368
783391 537766
751000 533587
984341 558009
899649 548456
858620 541972
865997 542651
934482 547918
973543 548793
614218 517026
795166 532724
872361 538471
953411 544974
861772 535715
932841 541267
856920 534596
952075 541436
950257 540677
991612 542003
995191 541729
615058 514816
857935 530364
813030 527356
793407 525951
647378 516482
717464 520723
749983 522744
987644 537168
961954 533597
764289 521736
924235 530608
991682 532326
697567 516362
714762 516398
841980 521797
661035 512956
701388 514357
870444 520268
693714 513888
515340 507571
832303 516953
820293 515676
988525 519969
818858 514631
867814 514654
943100 515859
996859 514585
862385 512177
754114 509175
759701 509110
520815 507154
762310 508004
838791 507381
883906 507398
888502 507177
970209 506244
850225 506409
860160 506247
998320 505763
649662 506521
986673 504957
778842 505764
771433 504898
534392 506611
838772 501241
968287 498998
976052 498274
988567 497302
931712 498440
723602 502387
951048 495694
768802 499461
749386 499935
902517 495488
672964 502003
934014 491532
984394 489202
973537 488358
619319 502177
823386 492084
624966 500749
662221 498803
971551 482777
808725 488962
854293 485003
983116 476801
909352 481257
907363 480882
743273 491189
826539 485154
932722 477920
983574 474208
657887 495645
965261 470768
575626 501173
831712 480571
741938 487207
974179 466485
969762 466172
609025 497598
870764 473949
900324 470297
768313 481388
843587 473966
996207 456196
983790 457220
866970 468983
569281 499954
869761 468537
950451 460012
862594 469038
933997 459899
861236 467469
926954 459689
797328 474082
742641 479640
925728 457293
946062 454054
847101 465526
958217 451671
927671 454720
910999 455619
802550 468890
633405 490150
664967 485789
930459 451158
913307 451668
724919 476665
851181 458694
553949 499724
840099 460032
677746 482370
821221 461827
919823 446950
764554 468842
649201 485562
748314 470397
989886 434583
625707 488458
924091 443102
926386 441599
736590 470725
661005 482310
935658 439439
854911 451982
868145 448615
642799 484313
814242 456271
883934 444538
866029 446519
845728 449603
618260 487103
896666 438923
680405 475759
916209 433319
914560 431796
845174 442773
807307 449438
964679 418574
755548 458338
861474 438003
962242 417668
779100 452700
919189 424926
891532 430259
794857 448787
537973 499640
900151 426801
815454 443374
978846 409182
869860 431047
984120 406987
663885 473048
771309 450538
977568 406436
891439 423621
928967 414814
713286 461179
928884 411036
949930 405798
807461 437926
961442 402843
648691 473260
878300 420374
806566 436167
951317 401707
927190 406378
915400 406173
973932 391598
683873 462343
800708 432724
904272 406071
852073 418587
891029 406631
954990 388909
625937 474030
954130 385602
685790 457513
692326 455621
592622 482400
886740 400353
999778 368043
960997 378497
875882 402016
825029 415548
630740 470394
862942 404355
909134 391233
830901 411480
878967 396712
982233 366541
782380 423288
797107 418281
657959 459772
945945 372915
942672 371976
914170 380293
682049 451289
850357 399384
956957 366197
928004 375087
968972 360440
864848 391812
881878 384541
783028 415030
976109 351980
913190 372466
820339 402413
705361 439491
825435 397785
947437 354171
641604 458582
943234 354437
687392 442553
853818 384339
748969 420343
797149 402633
916087 360528
746579 420255
995207 332068
897661 366097
626258 462496
741748 420985
689570 439256
996854 328312
803685 397012
744011 417662
724282 423956
992699 323566
824230 386379
891033 361037
998366 320425
860754 370011
803562 391766
908351 351691
743001 414646
755106 409790
958988 331556
985322 321124
752267 410102
868141 365372
700732 429735
834043 377679
766277 401870
641610 450826
969304 319466
973735 317309
932108 333424
648178 447389
763310 399508
691927 428722
888845 347503
879130 350497
764941 397073
647566 444196
693378 423412
991489 293690
955419 309333
918034 323891
844976 355163
518086 499445
932930 313648
904550 326182
847046 351773
961625 298463
985794 285665
838800 352451
866914 338115
795980 370451
849558 345306
940724 302964
974871 285424
803771 365308
889504 324354
995838 272580
571387 473653
981083 276788
954567 288505
741151 391077
897945 313805
857511 333240
768707 375954
884794 318129
872611 323608
992028 263721
882061 315424
982330 264057
881245 314449
904993 301172
857432 324832
866044 319832
994247 252751
707441 400214
597717 456852
946363 275638
749458 377774
998619 247518
964128 264881
676270 414890
965414 261962
844084 325647
860018 316829
680414 411370
996029 242813
973426 254248
983713 248308
895105 295348
902230 289107
907799 285707
899243 289923
983285 241703
919395 275100
721537 384277
915675 272407
706081 390795
824486 322760
784145 344794
835093 315295
940771 250323
752616 359797
765985 351580
550120 478173
708883 384615
999654 212220
761872 352172
600304 448046
971933 227122
891435 273960
948358 239834
951682 236226
521787 494548
756892 353065
790617 331501
935481 243518
919910 251695
785891 332798
903323 258282
767803 341553
891605 260835
859975 279730
924463 238112
715036 370550
883067 262689
573046 460967
806839 311041
922575 236835
743838 351291
626320 426536
769738 334360
845305 284740
929615 229987
989598 189511
968746 202887
668913 397537
986759 189071
816352 298224
922531 225769
880038 253324
802464 303329
909854 230169
751309 336653
659182 399328
693833 375538
747355 338480
866611 254771
989407 169202
850947 264382
714868 358588
737585 342805
789463 306579
891666 235478
796769 301422
788067 307313
835246 273905
809591 291640
869574 249628
735333 342842
763527 321518
925910 205354
818400 281626
993527 157142
957879 177166
873935 236519
851554 252134
933227 191886
712678 352655
952524 176827
828760 266849
621871 418360
561149 462856
809224 280443
884550 224992
943077 180692
808705 279722
691210 366361
715955 347755
856920 242818
806582 279680
747549 322831
951811 169936
893870 212983
576977 449632
845118 246836
705641 351600
873666 223650
887756 211073
711398 345444
828382 253711
785835 285349
930340 171233
964151 143313
961472 145072
863136 221207
695727 352405
928118 167755
951747 148799
948671 150228
943571 154113
999359 108025
856502 222132
703784 344409
906014 182010
859180 219394
790488 274156
982876 118825
845272 229217
900675 183502
851002 222606
740138 312619
985823 112538
746709 306649
970213 124051
653039 382542
890612 187736
780855 277466
810456 252810
994655 99894
842466 225387
690112 350654
882385 191064
799238 259552
933565 148038
761184 289503
972404 112214
915745 158152
705035 335077
883931 184250
845510 216515
939463 137185
793301 260323
811765 244598
779756 271244
833637 225648
929806 142056
982911 96592
719415 320618
735081 306748
677766 355689
830637 224746
983650 93625
919779 148159
898436 165080
965921 106149
748793 292545
767551 276239
974153 96432
951036 115949
934622 129795
820380 229107
939707 124740
718157 317806
719574 316335
784098 259306
611251 410395
684978 345626
706110 326461
719236 314862
716950 315812
850064 197062
748595 287138
525784 484992
812903 228463
698143 330776
888223 159944
813972 225176
981081 74582
653769 368927
606442 411410
954289 95096
951889 96537
840252 197092
696277 328494
955681 86923
700134 322940
829024 203470
955022 86514
596734 418293
965975 75803
844975 187964
896235 139538
893333 141720
820396 209369
847535 183909
650903 367212
909844 125267
960317 77252
579603 433341
715785 305081
978643 57798
969255 65911
862690 165607
892539 136853
686185 331599
953802 77920
730727 288922
979959 51485
841862 182066
894391 131949
924004 102282
906196 118523
916654 106689
960500 64431
751830 265262
951545 72691
802658 216082
923016 99303
986721 34643
944858 74919
993348 25470
888154 128099
632791 377340
994228 21099
870839 142336
899204 114269
944109 69942
997827 16477
931891 81495
968386 45428
541293 467253
555419 453198
694787 315170
754796 255134
903829 106031
958083 50956
606382 401792
925550 81968
724974 282575
750154 257036
944614 61852
872961 133697
579778 427916
612873 394470
970669 28737
838351 162414
991922 1591
781399 218318
902337 93477
957375 36746
880712 115603
741636 258722
957559 35713
836896 159419
863311 131763
857663 137256
829405 165887
862949 130296
985234 2293
916447 73676
796157 198160
927412 59837
662429 337562
925698 60866
772686 221093
918030 67091
706322 290420
825679 163722
978296 2124
654796 343761
933605 47721
939540 40764
881789 102041
949180 29787
929791 49940
594769 407083
777874 211612
916883 62310
742898 248057
893656 86123
748258 241288
718094 273704
825383 158376
570806 431893
583632 418004
894132 83196
659650 335240
934433 36732
550571 453173
619179 378032
844588 129071
939835 23902
915866 48653
951333 7801
643177 349166
778257 198370
885944 77112
839057 129283
927143 30381
867379 95903
800452 170540
715966 264963
881397 77962
731108 246024
707193 272897
567943 431011
898206 55742
808237 157697
819375 140621
616997 373488
890046 58416
895755 50935
924578 17086
831686 124073
926300 11102
905282 34989
918395 18770
808611 144752
517652 487400
906548 27140
750129 211425
743140 219041
694779 273819
798152 149184
649003 328414
643287 335203
504048 503349
884493 41234
875506 51786
645462 330865
739943 215437
713023 246686
599660 385384
894039 21454
718616 237950
856180 66800
595466 389811
741881 208048
710811 246528
789810 142378
831732 88985
842603 75044
788709 142854
582283 404133
850253 63439
597635 384112
667268 295174
816138 103794
851793 57548
640253 327520
836049 74772
724210 219047
577284 408207
741867 193835
835283 70850
706539 238573
793988 124137
527923 471741
769805 154432
842574 54070
813542 92333
782920 131119
692937 250556
845576 46443
735737 192894
849307 40367
770963 141239
762895 152136
854968 27000
620286 345156
746267 173671
848036 34601
736502 184015
634976 322574
831025 50048
692469 241205
677073 261891
600259 368840
635924 319080
803085 86092
777557 121473
783945 109560
852618 12164
773852 122981
799566 86061
686438 245520
815059 63544
688803 241228
754142 146253
744663 159758
845599 15688
713369 203970
769135 122801
780006 103125
584173 386600
700779 217729
766492 122075
843621 9907
789517 88073
769563 116488
617741 336889
571667 403843
736323 162305
724413 176782
618088 333541
623089 325906
765715 113924
778060 94242
663233 264560
736491 155061
766414 109697
674203 247175
834000 7242
713589 185939
744697 138941
744368 137910
767549 102488
590187 371253
831342 2784
756001 116661
735177 147323
623014 319185
813573 25558
800859 43678
621292 320691
732327 147868
774648 81588
687000 217171
782846 67684
756980 105393
612405 331987
697805 197416
786318 56588
646035 277741
618156 320734
644932 278139
725280 149810
689628 206096
740197 125107
554865 420913
808437 15437
789490 44201
810298 7205
605902 337307
730112 134877
807522 8852
636506 285346
731870 128778
772228 56506
696534 182129
764946 66890
768430 60752
755801 80039
646222 262894
688127 190606
770774 50812
655242 245392
579003 373725
769900 45208
633414 278836
663548 226890
651326 247752
645541 257318
571849 383913
720071 124967
777155 21253
633013 273906
661644 222177
666925 211568
756239 52386
596586 336505
731344 95956
725046 106168
707439 136695
634020 267772
631599 271887
737799 80042
768080 24810
652830 231430
713073 118655
772373 8277
762866 24953
708596 123148
625457 276860
623422 279075
747846 43068
690253 148759
614861 291367
672095 182920
746593 41394
673304 180168
712530 105333
741950 44537
756311 16890
688283 147308
721443 82082
649510 219414
638144 240772
630189 256066
723044 75536
693921 131809
649962 215906
734504 50635
756947 5964
686409 142689
729975 55129
752381 9586
717339 76893
747620 16381
711684 86070
530457 447756
515187 478236
629191 246127
589957 325808
602929 298960
703207 93901
612394 277570
548115 409643
572000 360161
667482 160908
703969 84777
736330 17367
693902 104113
587675 324078
675412 137853
728448 22832
622624 247639
710723 57218
729321 16081
713144 49145
692999 92221
641038 202016
535057 432469
659461 159144
706257 55424
708975 46870
712278 34669
571044 349907
723045 5857
599041 284254
636688 197812
687823 79343
595337 290697
632855 204379
717196 9222
653932 154686
695377 56332
680900 88004
688429 70134
651941 153578
676610 89278
693143 45187
601431 265522
688293 55018
640757 167584
605973 251933
583476 306507
644795 157405
524434 449908
592817 282986
681643 64327
668288 96651
632026 184743
672298 84525
676043 74880
678864 64421
625719 191476
625788 189405
635788 163592
678498 54372
697616 4317
597938 259032
615960 212755
640747 148155
589771 278804
633313 164334
566937 335994
682341 34684
624354 182243
640372 136394
656455 91368
572784 314351
664110 68373
675434 25689
675608 21314
679512 9661
596030 238600
648309 87295
615781 177502
606090 204687
566095 319679
653326 67346
666594 18553
644398 81445
632404 115664
575738 280973
552117 352127
583023 257906
663404 1683
597696 205865
663256 1632
621188 131790
553918 341719
605199 174363
570538 284189
542343 373768
503814 497915
636236 67041
584127 233286
635130 62529
646039 19769
547467 350389
604846 153424
632528 58949
645085 10592
576124 242681
557801 305253
633871 33502
569822 258249
620118 71708
615501 87903
633752 19261
625876 43186
541416 356811
627992 33147
604960 117666
590676 168416
630216 17215
629131 18721
616693 61169
591178 155743
615435 58181
546956 326408
618465 37885
582314 177045
609757 65346
578122 189728
567715 231727
577967 187843
535031 364567
522837 414635
615709 21196
617563 1243
586776 134495
575593 180736
580963 155022
568985 201976
596372 76896
521415 414492
551143 277161
581789 133241
591224 86668
594084 68833
532974 353438
588203 80952
555111 241878
594389 40265
585241 80902
528061 367468
584600 72369
552738 237363
570310 145205
525709 376230
552704 226580
511186 451654
592951 181
542958 274303
564231 150561
586438 21072
561266 163547
583977 29760
568540 113139
543617 256320
586833 1849
568359 109687
557770 170549
571338 89350
535377 302598
528447 334226
548747 200884
542452 240490
553884 166247
579244 1508
545042 221994
570268 47439
520590 376938
530476 311147
525603 342503
555965 135844
528591 315164
547443 173536
568915 18620
561150 72728
546550 175749
549384 141712
563636 31760
562560 38498
552182 116149
538017 220461
534979 230934
540959 161839
535167 208111
547842 93041
551915 49173
551778 50289
546688 94511
537923 163009
551874 31862
526824 265225
532873 202775
550475 19628
518229 331407
543701 67090
546222 35782
543020 58618
529607 189429
523494 256856
540005 36354
523575 234311
539253 9567
503794 470353
538443 15643
527850 149407
522398 218707
520892 229485
518310 262516
513322 332148
522636 199234
517941 260807
512594 333008
519538 227111
532001 11185
519514 202100
520301 146309
518325 179943
525619 39254
523675 73956
518130 179128
513599 253437
524608 22447
522252 57960
515604 179610
514399 203904
516391 127717
514054 173070
516752 91865
512808 188574
511743 203827
509765 228084
507099 306036
513936 13004
505481 317959
510698 47565
508482 85643
507081 122174
505869 141086
506171 67276
502688 238579
502745 99664
501065 487219
502032 193568
501636 186097
501514 169458
501285 80581
500223 31497
500812 411454
500352 200358
499720 138879
499073 172712
499873 321699
498132 189405
497217 144053
495984 37277
492864 98320
495537 241981
496751 305447
492665 151490
489306 15367
489760 50748
495093 276102
496616 359683
491480 192844
494951 310047
491367 223261
495925 361327
492528 263926
488664 164385
485593 88287
490749 237062
483052 50589
494876 356463
484785 121172
484705 119773
492764 343747
482476 147033
484001 187642
486363 233080
481613 152602
477590 84129
480261 135046
479396 137523
482914 197956
482182 212292
478416 180458
482355 244609
482639 250042
465208 31905
484038 287169
466896 97395
464383 68910
471464 159378
462756 59895
478991 254604
458676 29386
471391 175903
471342 177281
453225 12296
460593 88676
468904 194531
459515 105473
461772 128574
462061 136300
452391 46141
455769 81664
460314 125369
463716 169643
487665 386702
490696 415770
452269 78012
463907 182989
443080 2130
459707 158172
461208 174154
474000 283991
455396 134878
467963 237568
462396 195809
473011 281438
474246 294998
494641 457076
452486 127449
448462 99861
443501 68191
441384 53470
450894 128220
454142 156556
439997 53246
446920 108379
450296 135081
465209 245154
438653 57328
460616 219845
450587 153014
433912 36864
429238 9289
438875 76334
450755 161786
460657 232810
437024 73165
427754 13530
428195 21574
435150 76877
425776 32262
429064 58824
437691 113551
434541 101828
433141 94326
423087 45350
434642 115056
486339 421043
451712 222468
454236 237603
417731 31656
441164 182976
445529 210050
417059 60326
424351 106571
407586 26855
442374 206970
402740 4656
404704 18616
446011 228881
437465 187723
433856 169652
402977 15882
425253 129689
412712 71546
422981 123840
396383 8899
455853 294707
409603 77954
431707 182827
476860 394951
409407 81634
444413 244843
426606 163275
406555 71994
432077 196750
445224 256107
390272 8923
467368 357204
433532 220966
460740 337158
403552 96483
415639 155861
481874 428553
415227 157647
442102 267875
437765 251711
420256 188470
446859 294352
393246 84961
411953 161314
430803 242219
400768 129145
369170 11381
436339 268965
406136 158576
380835 66564
367813 23494
425465 235539
415336 200982
369271 38694
463667 375692
358808 6809
367520 38235
414055 202335
396040 139832
363545 30470
367838 45748
407979 186797
365686 44405
396998 152917
410753 201551
371913 76815
356021 27791
405440 192056
364415 58963
362928 64114
351337 31409
350395 28984
356346 48156
411150 225237
445789 334865
441318 321116
356878 59885
426715 279720
403929 215081
391933 182669
429579 295262
387095 170053
367804 113449
342141 38761
414123 251487
365777 110794
447698 352104
403554 224017
466582 407228
399476 213879
342926 54965
350823 78915
387376 183276
371227 137942
395801 209040
417983 272550
367960 133243
403752 237222
443288 347237
363249 129097
316903 5431
380093 180701
493704 487461
391581 214413
428416 313712
325059 39345
347753 104810
313832 17623
340947 89115
309772 8386
378432 188495
421364 301164
473839 437066
354163 128908
341485 96359
377558 194171
359325 148745
398579 248733
348554 125965
347512 124522
316563 49728
356570 150942
318920 59903
394714 250880
351494 147712
333147 103683
395579 254370
380613 221814
294616 19794
305664 50455
420567 319089
311456 65062
350438 158233
320660 92061
377812 224707
359586 184804
301497 60852
350157 171072
407659 299588
299378 59280
351119 175054
371172 219603
287185 33756
314322 94616
314988 98729
279774 27100
369745 222529
339094 157404
370765 225824
338079 155385
294748 63319
271664 14299
414821 322468
371719 230280
425045 345948
344452 175127
438673 375129
317606 121186
357739 205726
346089 182599
416515 330534
359542 212549
261219 9257
373478 243571
296993 85889
289443 70535
384924 267641
449208 400307
490416 485331
384760 268314
344217 185435
442350 388070
424261 351826
341760 185468
275760 52696
288609 79850
250270 2917
283425 71750
332864 170696
252996 10975
387351 281932
339495 187466
283655 84275
299430 115282
258880 42809
304856 131025
263362 53780
284713 94595
397395 310438
444414 400128
303286 133676
285856 101872
334370 193695
351953 226968
409529 335218
378026 276038
310222 148674
391636 303513
243060 29140
288196 113204
298336 132519
292143 121549
252416 51492
254164 56068
261867 72046
235450 24001
456217 425631
283202 112722
362610 257265
453989 422283
444464 405239
347764 231388
371102 273635
379995 290156
282955 116392
288930 128001
271323 96988
257137 71679
275987 105965
412165 348839
446292 409844
272966 101840
342423 226508
248795 61141
307878 167829
420287 365548
340906 226950
386016 306227
333954 216294
428830 381999
314536 185130
218808 22782
398046 331136
219107 28952
317752 198269
276221 129060
274275 129931
372640 293682
204006 16373
263077 114429
313661 199008
266768 123255
292309 165906
467824 453483
193199 9904
310339 199568
408102 358459
254733 114363
225065 68743
302655 192267
306132 197839
307069 199772
210366 47332
277232 153625
266001 136041
234745 87061
205503 41586
389740 331886
201761 38469
221530 73203
241091 104432
293875 186926
379868 320128
254262 126556
242510 108680
365647 299280
401165 354005
202385 49455
255525 133957
263098 147489
368656 307639
173171 14563
279366 174789
209876 74838
227956 102455
245028 128981
185690 47126
446497 427712
292663 204390
363281 307186
156793 7852
315582 239645
308941 230119
334591 268694
221563 107303
313055 239858
279019 192362
144351 3053
267668 177823
208885 95583
267869 179679
309319 238256
139628 1445
140014 3207
255371 164731
383069 343197
276903 197015
253306 165068
156119 30960
234556 139793
177910 62800
315714 252344
156371 33886
274671 197055
297596 228637
391277 356980
178929 67920
369274 329653
194804 95760
201875 106685
254511 178203
126347 8891
133718 19700
171387 71173
290546 229229
352015 310775
362643 324962
201451 113373
120898 7514
342018 298320
150285 46748
284268 223573
322219 274504
179648 89929
462549 457204
348134 309262
144825 46480
107373 2035
466153 462401
313765 267064
222054 150124
177340 93315
141519 48337
233854 166837
286086 234894
232045 166751
252861 194362
215557 147355
222176 155832
352053 319957
228721 166793
224394 162119
104238 14617
259298 207082
491431 495216
185198 116366
109778 23244
272441 224471
186786 118586
94022 4023
226453 168656
95159 7284
199616 136630
428595 418131
143077 69220
261350 215564
125121 49954
142811 73101
219752 166457
241721 193666
388476 371167
160974 97157
413742 402466
300466 266688
133099 66099
185555 130511
363918 343546
211052 162645
161612 104110
310683 281558
220327 177048
96423 32248
142432 87876
267988 236592
213648 173636
181903 137581
121949 69452
159580 112950
73619 15849
141811 96212
275915 250021
89898 37648
61097 5918
201859 166788
138088 95638
143678 102121
198837 164856
132227 89465
227032 197145
92975 45768
344770 331349
80411 35674
99380 57125
198487 168335
201331 171768
111207 73178
193202 165115
271551 252539
320987 307939
357170 348520
348517 339079
60423 22310
272494 255797
278360 262345
79045 45948
447316 448629
195064 174635
342330 335130
82905 54791
236694 221942
139939 118635
123911 101480
238372 224822
328776 322335
42165 15535
91267 69511
156366 140346
115127 97664
239793 230403
154107 140335
323667 320244
338534 336773
78228 65526
213367 206775
162593 154473
414153 416805
197579 192288
250279 247244
14032 2877
18996 8155
263483 261454
318599 318731
132037 126966
287134 286782
160243 156311
11254 3588
255001 254750
58601 54150
163866 162041
123261 120715
252794 253579
349210 352168
37570 34255
205994 208375
109540 111726
174706 178129
12601 15308
40311 43322
311135 315977
31047 34247
264608 269570
129168 134590
313100 320043
123908 132388
135553 144459
47167 57249
321640 329403
414304 421230
141510 151439
108495 119276
54622 70220
144187 157949
194771 208196
44970 63379
359423 369860
335352 346826
386639 396670
128006 147318
82768 104017
154127 172935
121481 142023
149895 170974
59898 87599
404513 415383
358998 372198
253832 275184
103698 134870
4797 43556
97294 130664
215515 241478
163321 193083
110474 144665
195826 223901
324235 343276
305453 327414
67313 108708
133331 170221
34850 80394
375905 392603
158472 193653
6090 54646
187532 220724
112500 152239
46124 91788
305569 329159
161653 198390
225881 257402
181576 217575
90863 135664
346426 367280
81983 129019
91064 137611
144403 185715
346759 368314
36721 89419
130919 174680
88806 137898
289568 318198
191303 230820
207553 245624
349990 372572
157537 204073
191058 233866
80887 138929
295549 327135
308203 338554
53275 117294
138805 192226
226653 268652
104363 162394
17803 88287
295971 330008
161418 214469
151487 206005
209929 257326
267420 307666
230771 276848
101645 166901
81980 150426
261109 303149
144800 204774
183634 237797
282946 322085
34911 114023
202738 256423
169709 229754
157462 220829
478561 488450
86157 163162
295533 336920
45820 130540
49317 134208
37051 124090
93716 171008
187846 248742
28913 117853
220986 276246
71838 156424
365335 396239
147520 218550
202539 263536
186382 251913
74211 161368
166656 237204
266662 318065
196766 262055
22173 122084
31880 130576
159232 233994
22442 126278
258002 313748
126480 209455
127752 210943
272274 326046
170083 245514
337207 377856
91907 184821
208427 277332
369680 404289
147939 230896
156669 238362
308105 357191
300908 352004
17940 133227
106260 202059
244398 309638
271134 331041
167365 251918
85 124704
32354 149727
74704 182252
208111 284174
115174 213745
153099 242647
117754 217016
424391 449206
214739 291056
24313 147806
51520 169928
22866 149267
46311 166845
113209 217162
39922 163529
9750 141150
322753 374907
21905 153443
263380 333147
27352 160570
168063 263946
45042 174355
44252 174420
88275 206539
131320 241269
126369 237830
69388 196988
426716 453889
188975 286182
226294 312905
2456 154794
228372 314828
316113 376886
242399 325554
58613 196606
45850 188094
303832 369030
16548 173094
290510 362249
151365 266577
159267 272182
107533 237246
153804 269285
473558 488362
129754 254803
88274 228525
149869 270915
238841 332360
359741 413125
218368 319770
235517 331407
28902 196650
23584 194354
53930 215020
44449 209016
56708 217686
437590 465917
338746 402162
261026 352036
117484 261541
227266 332030
64756 228628
168514 295491
150518 284544
8305 194377
134103 274742
107391 258073
63510 231386
255854 353676
37103 217809
5711 199479
464110 484188
381292 433493
92537 256185
306635 387983
157020 297409
76132 248153
10934 209969
29794 221959
245817 353501
51386 238498
18030 221604
226929 345574
394447 444479
256769 363875
155933 305520
192403 327077
46171 242437
281516 379455
236897 354557
330190 408443
105362 279405
145565 302898
133175 297882
67318 261332
120801 292440
46775 251881
236512 359166
33937 246520
115808 292200
405962 454152
35676 253443
393268 448381
150000 316374
35025 255263
30442 253810
298730 399155
149624 319998
128019 308588
109185 299161
349951 427416
18627 253055
259403 380348
296983 400508
354505 430618
358479 432996
195827 348513
125458 312273
196176 349808
208319 356377
293020 400066
113518 309341
76579 290696
189612 348517
159226 334231
225321 367994
2313 257859
263277 388472
11369 262801
224210 369838
194701 355240
394330 454273
54994 286817
425999 470084
246062 382733
151425 337578
356910 437854
214386 369688
25954 280272
134608 333827
268513 397364
131244 333318
4435 274726
59809 300942
82555 312116
365932 444190
304255 415512
196461 365545
332478 428813
12009 280885
341657 433906
186530 363223
169387 355538
9925 282793
201656 370473
197267 368495
56914 304958
161855 352786
314824 422553
266998 400994
11463 285525
398796 460965
98549 326958
12341 289045
54668 308211
209688 377317
81446 320695
237748 390131
32721 299393
235661 389599
212431 379508
239820 391708
158122 356068
238607 391970
155000 355385
348698 440365
128714 344614
117508 340291
100825 333462
69604 320437
134844 349431
209686 382471
64110 321202
101105 338468
61322 322200
39477 313768
282371 416530
118626 348939
203088 386282
17601 311205
263297 410862
180199 378184
208858 389784
389296 462247
92986 343638
172015 376381
144100 365479
10363 313176
170248 376851
88339 344948
389613 463764
126824 362530
324721 439490
234190 404918
326505 440507
135592 367755
379063 461077
159705 378518
103407 357622
33064 332342
299064 432307
18415 329789
92351 358441
118910 370155
10722 332443
280649 428611
32181 340171
288408 432289
172971 391728
187631 398309
131589 378983
48413 350465
351931 455563
129619 379450
38298 348202
100244 370398
181750 398573
199568 405611
313615 443999
224597 414183
312293 443710
103575 373801
125152 382226
190153 404954
165350 396977
8206 345869
197833 408990
246608 424941
35373 356948
259251 429187
125008 389098
322088 451607
26790 360273
392467 473751
143691 399320
54058 372360
315663 451252
149155 401259
66269 376727
98581 387016
71835 380109
38103 370670
97486 388211
58701 378018
142219 403604
237395 431296
7976 365490
98066 392376
147852 407811
30585 374857
369444 470634
47713 381937
24096 375478
109332 400511
67219 389304
322357 459002
52107 387137
104400 401932
275180 447567
249919 442682
310112 458245
177530 424341
391560 479320
252340 444474
35883 390079
324934 462816
196501 431162
335304 466111
78811 402909
10612 387898
83455 407458
422791 488425
249443 447380
226271 441989
154824 425341
296838 459168
72562 406635
314117 463329
184504 433593
73383 407995
323015 465861
63765 407903
141076 426317
99780 421679
120142 426348
227474 449117
189824 441574
202713 444325
5701 403321
75121 418908
91634 422637
367564 479553
108741 426498
497326 506314
409249 488305
24952 410727
185432 444608
84720 425741
129364 435330
6980 412788
61766 424493
236317 457852
119215 436760
334101 476951
345659 479051
89611 436620
69924 433449
452800 499159
75857 438226
262287 468445
234959 464037
162296 452797
133918 448825
55135 436398
299925 475228
211530 461505
406577 492348
80967 441691
172624 456150
101084 445783
93216 444941
26559 436308
304818 478579
60288 443075
46085 442338
8362 437029
262777 473257
323170 482127
182930 463191
269336 475124
310130 480938
28763 442561
428093 497241
210026 468220
294126 479611
64852 449325
37289 446914
228460 472607
230172 473221
281809 479888
345035 487973
15062 447767
227028 474755
113799 461462
81514 458426
430815 498968
322772 486835
55909 457220
201084 473539
366672 492255
107644 463778
129950 468920
226325 479801
198406 478134
224703 480692
408544 498439
356527 493688
35351 465152
57361 468588
45353 468272
132562 476335
153843 478437
329393 493163
232577 485612
176186 481271
117560 476735
402939 499753
18860 471580
63449 476121
20000 473914
59207 476957
223373 488912
84684 480007
183709 486966
410965 501651
297854 494918
239111 491452
308709 495686
184426 488580
5161 480007
189470 490073
120304 486597
110261 487329
272728 496042
133845 491042
364732 502668
93808 494015
263554 499727
252740 499422
178114 497646
432091 505101
8452 494720
203132 499837
163293 499054
195913 499886
276232 501962
77589 499197
263429 502910
323338 504366
359788 505284
322950 504824
120353 502392
13133 502332
263379 505584
461168 507083
233816 507642
306520 508636
123654 510735
113595 511173
12240 513954
323510 510512
202509 513229
145452 514439
204251 513814
310029 511679
272644 513395
84825 519086
150323 517491
125486 520328
72216 522758
85617 522291
270981 515907
41774 526394
132193 523069
358794 513317
192518 520719
119866 526273
433586 510474
164422 524461
221227 521973
146927 526679
25964 533706
164548 526418
71209 532468
174598 527004
205977 525936
187683 527140
133804 530948
417828 512503
9216 540382
200965 527569
306401 521189
65532 539021
340109 519181
357721 518030
39003 542738
1227 546049
183633 533506
46701 546228
240963 529647
257393 528809
305288 524823
82200 546356
124638 542530
437069 513143
21776 555020
56777 551916
213875 537180
143838 545390
183970 541482
15416 559848
210754 538856
48791 556880
13885 561699
18010 562081
151363 546945
244784 536728
408078 517911
359049 524608
58344 567343
251612 541557
129495 558850
466957 511888
154921 556756
110550 563178
2666 579042
36495 574822
283612 539633
35401 576849
12095 581131
100285 568902
76649 572588
39191 578672
418145 519911
375261 526580
276289 542067
310125 537255
360134 529537
28586 584279
118361 570080
326200 536130
169754 562172
155747 565131
69149 580250
197707 560116
285721 544919
115551 574929
83969 581041
145051 570885
42533 589780
102473 578978
265974 550355
236035 555947
45010 591440
78358 586075
423019 521667
87748 585118
345148 536653
98277 583883
8652 601224
106297 582554
74825 589646
77003 589226
37134 597303
34023 598066
112873 582886
185960 568858
229920 560597
325067 541990
263737 555274
22361 606098
99052 590260
19299 608222
92688 593467
46202 605194
262762 558525
333972 543443
142300 585813
313800 548215
102575 595517
232171 566760
1489 618576
12939 617898
2612 623164
67668 608183
45885 613710
387439 533763
185398 581538
298836 556463
201994 580366
219328 576303
152187 593009
110187 603452
44586 623385
129258 601956
137299 600360
347788 546523
35171 627264
23198 630360
91927 612753
251686 572550
71898 620229
52482 628471
21531 637865
282502 567023
259013 573587
185060 594056
366429 544362
295082 564187
180942 596367
278749 569583
144472 608305
201305 592372
203706 591870
77985 627777
251547 578291
181204 599091
130477 615591
33544 644891
111069 622368
58891 637881
355671 550290
185243 601408
1527 656375
58777 639536
308517 565614
184897 603233
61295 641755
302527 567861
2947 660439
152568 614913
4330 663723
191222 605770
74804 646399
107258 636061
11115 667580
232815 595197
274249 582342
64633 652620
152738 626099
59466 659507
388648 545923
31318 670324
42949 667356
143555 633308
295070 580592
134243 638038
108372 647873
344586 563421
445 687987
20532 681611
30237 679688
32487 679435
110933 651094
24355 683898
301301 581464
103104 656118
316350 576737
160091 636567
49045 679417
208018 618870
7349 695474
75587 670437
26767 689460
20130 692472
92365 665170
443683 529247
161540 639647
20889 694948
16743 696720
355945 564406
89610 670306
19587 699809
33519 694863
400072 548048
308138 585887
167827 643762
44267 696338
43561 696841
210511 627695
396228 550715
432313 536067
16651 711642
67011 690551
150723 655747
246949 615406
220591 627066
106826 675815
228601 623941
128376 667643
295964 595845
166200 652146
42659 706397
210438 634347
60339 700500
97369 684417
79967 692182
10379 723180
434675 536358
104494 683567
35130 716449
158369 661077
160068 660341
214519 636025
27510 722495
3738 733932
194586 648840
152812 669332
189111 652921
479926 516922
118668 686298
93242 698300
213754 641979
440246 535600
116989 688028
233202 634253
182889 658175
183810 658037
3822 744645
104917 696666
62304 717197
182862 659985
16677 741250
93111 705201
65015 721370
224983 642959
264148 623843
199530 656066
124565 693438
205702 654247
384730 565126
162132 676920
73651 722331
247219 636111
41655 741131
96372 714046
155826 684269
201367 661658
242218 640833
50344 740826
120732 704459
58374 737252
113927 708826
83837 724997
43618 746071
131364 700234
468736 523927
109135 712472
298751 613757
9892 770605
404979 558894
353982 586590
135944 704796
380234 572888
311596 611972
16163 776074
14735 777050
253455 644681
44286 762291
196859 677645
68370 751069
11779 783197
250591 648557
119549 723332
156616 702380
56856 760072
246218 652651
4938 790909
173808 694296
11384 788086
56855 764946
958 797515
208840 677961
224490 669553
84624 752124
178930 696627
32934 782859
350300 595923
33196 783011
141404 720393
247869 657751
246427 658788
324385 612426
78265 760070
78707 759909
117945 736658
115567 739189
302798 626463
94835 752083
50527 779198
181248 700328
191747 694424
282881 640401
279715 642796
282102 641699
48651 785443
359200 594553
180082 705216
21373 803890
312310 624109
301496 632423
342693 606636
89751 769103
232710 678046
190049 706436
206900 695738
227524 682672
212048 692651
282668 647299
31945 808536
114803 756063
30607 811461
266304 658981
359090 598940
129812 747849
305182 635306
46470 804852
259567 665297
35214 813642
227241 687330
252144 671492
308851 634302
80148 785850
124978 757768
485622 517324
111506 767287
183485 719253
104049 772455
332080 620059
132477 754343
402813 573234
312835 634017
194345 714586
17865 835055
6539 843095
356455 605402
334128 621542
38854 825857
198147 717798
252902 679961
138328 761436
181222 731499
193659 722999
309529 642375
128475 772602
347652 616545
401680 578081
56829 827193
66244 820484
131735 773762
457950 538174
253911 688259
39227 846910
283233 667877
189872 738023
135295 778957
159843 760978
68479 830126
241093 702578
51222 846128
164393 761982
334678 633062
354400 618139
191100 742210
134726 785496
47190 852366
32026 865210
184479 749212
190615 744823
45505 856441
97612 816813
199459 738666
170418 761032
131351 791051
2255 890878
241126 707231
140562 784952
39577 862898
335417 634859
5267 889846
350982 623180
123260 799627
181141 756739
426256 565603
404664 582658
287783 675147
6655 897988
48803 865525
26095 883702
181373 761899
192776 755367
33129 885183
153135 788366
66492 858565
120844 815230
304259 666865
125572 813534
246198 715196
171481 776310
456810 543355
138292 805935
466313 535723
14428 911854
128223 817445
3373 921980
108645 834431
70756 866533
326767 652759
160261 792724
372480 614999
107734 838048
228201 736843
226879 738100
57564 881587
28277 907204
46061 892237
43078 895376
323046 658327
39613 901164
451903 548998
21013 917224
165047 794670
104825 846566
93249 856792
107622 844714
3025 934915
225631 744508
261951 713487
197661 770153
144508 816262
65092 885898
139327 821719
126460 833075
252527 723492
452868 549321
251759 726748
77558 880854
408651 588628
1588 950677
407839 589869
110153 855157
34355 924057
100831 865026
97702 868612
98531 868763
129309 842725
326463 665326
372270 623828
10241 952555
130368 845503
11918 954257
117524 857875
276666 712747
130399 847189
176063 806078
413672 587619
249583 739141
100304 877942
155550 827372
88202 890495
133979 848838
38466 940144
21023 956956
371288 628764
267968 725777
20991 958916
130923 856119
234014 759004
293465 704293
139220 851567
41116 945577
76427 912766
270488 727567
31312 956434
151994 841642
130499 862797
246170 752630
43472 948989
51268 942087
339930 663381
16067 978200
85795 911043
244862 756391
149335 849662
64115 933170
333154 670842
103749 894912
76748 921398
193357 809169
106082 895562
48401 955975
265555 741127
71940 934334
131060 875779
145767 861273
14948 993303
148300 862785
294808 715206
391809 617337
17809 996477
45961 968089
118999 895005
90230 925481
335677 675567
49220 968252
354558 656822
188798 827197
46864 972762
69020 950109
52240 967589
70710 948647
250469 764457
53706 966696
126857 893034
159336 860251
159030 860754
44549 979600
456163 553474
81559 942084
177538 843165
323212 691951
176707 844404
40247 986857
208469 812100
300039 718229
136201 891460
228195 794554
314129 704619
339339 678045
188124 840530
384705 631345
145498 887823
73120 967084
200473 830457
147750 887283
197672 834234
255531 771941
217986 814001
175433 860461
302384 723754
57241 991479
96433 949282
355038 666741
398854 619317
91933 956904
354070 668836
169527 872653
228409 810187
92885 961452
72359 986766
87601 969848
462202 550584
417303 601299
74729 987442
208927 836691
116815 941808
232200 811374
275037 763702
344239 686076
286069 752921
275886 764727
291660 748437
165501 895223
156831 910860
110623 969458
213652 848182
181244 887157
265348 787324
224695 836026
104158 981748
167411 906315
460539 555756
232774 830620
117487 972619
157275 924782
131766 958415
243349 822291
426865 597808
416958 610135
198835 878028
412075 616252
125241 969076
383343 651869
137556 954430
134823 958488
372074 667788
361663 682184
293429 768663
156950 943687
240290 838822
219637 866478
197929 894862
122171 992886
253384 824679
437129 589047
171958 930076
318635 741859
137541 975099
197560 897841
292281 776399
279148 794275
355969 695184
379241 665145
254794 829296
125829 999896
139105 984411
235521 857351
313281 755058
284571 793659
186807 923647
152046 971444
338774 722955
252094 838368
315014 754755
381469 666481
181626 933529
329471 736595
228405 873031
343924 718001
336224 730157
313196 761587
357057 702323
161804 968484
481177 534020
256004 841034
224443 885045
141720 998797
201729 918615
339760 728985
217809 900262
436273 596928
320900 757524
158145 984488
235423 877236
276606 819926
160787 981539
254041 852352
184174 951048
248607 861267
226783 891982
342967 729033
160041 986129
371565 689394
163943 985701
284157 815277
379844 679856
247043 869290
158868 997810
275154 831298
249616 868593
310625 781548
308296 785254
235015 892931
222889 910586
266812 847667
219660 916800
308640 788995
292081 813271
198146 951763
225072 913376
323070 769094
262361 858699
256825 868082
338017 748702
248365 881893
270048 852829
390643 673764
417647 633093
293431 821966
413160 640416
185531 986167
197116 972610
274621 853982
349087 740554
295594 823032
255245 886680
215564 948178
343762 750782
190376 991388
289500 838052
255097 893707
411456 647934
254982 894451
328106 779587
217290 957675
213305 966294
230578 939383
236688 931336
434911 613500
262316 892488
250682 914718
204316 991032
279966 868622
281749 867412
341413 772654
290137 859907
262699 907107
382688 705857
266885 900503
360497 743595
250471 930800
272408 893758
265684 906515
224367 977725
472051 556513
341754 782682
288037 875915
218371 997385
291712 870506
237813 964224
389803 700691
257848 932246
462242 575308
400948 683291
340625 789810
265199 923302
391538 700724
287116 888402
359327 759678
250083 959596
345587 787952
268233 929649
291516 888989
231662 998760
260722 946578
404963 683112
256907 956431
408802 677534
385049 721725
263658 946636
325891 833961
261903 953597
415959 666239
277018 927518
277631 926558
483862 539409
241590 999994
346559 800605
353917 787372
404974 690364
460365 584843
254464 981785
380768 739772
295088 907015
348325 804046
286237 927176
274300 951416
435364 635954
360160 787405
292510 922191
420472 667463
428898 651795
399452 711802
467586 574441
415920 679126
424008 664148
376743 761371
287359 946149
412441 689466
362296 792912
348136 823302
301391 921014
380990 756620
478612 553700
286961 954639
380000 762016
354730 819542
276225 987858
340769 855161
284154 978923
306282 935268
306883 934653
318849 911073
372191 794017
342413 860934
301554 952185
358404 825534
289106 982848
320275 915463
285904 996212
302891 958098
445955 632448
350767 851115
377900 790548
297535 976052
355721 844067
355419 844919
312453 949391
327954 914061
295077 996460
329546 916372
349603 869199
338620 901716
316258 956834
473773 573755
392098 777420
377786 812999
461209 606493
339282 914772
384197 801562
383595 803270
355050 876293
462405 606674
369840 845765
325261 963820
351347 896583
413247 736284
360060 877453
325393 969977
318023 992666
326582 974838
402755 771041
358862 891303
342650 939234
355296 907509
430356 703193
441930 672674
330711 986196
365914 889653
342963 956577
377251 864775
361751 909690
406678 780822
381111 856288
449931 656764
403190 794177
345392 965731
338465 988224
395119 820840
360823 926877
345936 977627
347520 972956
382842 867756
348960 974261
467318 610877
373425 901988
401958 814031
400572 820861
354035 966432
417529 769039
444930 683164
352487 986940
429324 740022
418612 776897
390208 873385
382589 902140
405330 827260
436036 726293
449381 681881
462131 639378
392525 877956
379413 923749
443757 709146
396847 877222
404434 850744
371959 967437
427519 770978
465308 635239
374004 964162
421250 797626
415942 817563
460099 657150
406852 855474
404830 864499
430061 773283
438505 744459
387903 937771
469754 626036
450362 707245
417279 838424
394575 929376
402307 899006
406455 882645
430933 787420
432487 781691
388404 958631
418356 839014
465244 651246
453232 701213
456937 691935
474111 621617
391041 980217
396965 956042
394870 965675
404623 927638
442402 763396
410845 901566
415979 879934
482791 587632
412802 901751
463536 674859
451883 727561
443887 764357
447773 749204
462937 680658
396809 989673
402619 963656
415431 906646
409792 933641
489951 558893
402235 973108
405720 958047
427817 865265
457667 719668
488095 570726
480887 607526
411478 964816
410855 970541
433162 856940
433319 866874
440468 829712
412773 981043
423869 922891
425720 913795
469423 682110
450399 791885
442132 840920
439298 857388
416372 988582
479825 627536
426644 936500
434282 895286
426510 948796
420953 995624
455572 785034
459686 768453
454716 800277
469831 707903
467778 731348
449214 868058
445675 894263
477372 674058
456109 836770
436167 991346
456006 844908
449098 901198
471251 742968
441382 985135
470987 754648
463118 826386
448820 947310
460272 854068
486593 630406
447726 963839
457595 879384
458692 878797
469626 786542
447506 997826
478318 715107
483714 667448
477647 726066
477796 726980
459149 906362
484634 665219
450512 996621
469454 814402
484327 671584
471320 801342
470330 812583
474826 768171
462027 899814
461366 946570
461288 951764
471774 848777
462407 963595
469666 885690
475011 824969
497004 555920
494725 586566
497373 553539
463725 993751
480113 787187
476858 841379
492355 627723
476863 845291
477148 843299
473801 895646
478448 840362
474652 903166
470520 968567
486538 727680
471525 980738
491583 659361
490880 672968
476850 915160
480486 864649
484435 796659
473666 989708
480503 896053
484142 831423
491251 696841
479554 950872
486079 820013
482659 942257
494775 667476
498434 573518
489060 832931
488398 857324
498173 597564
485961 995124
493206 769813
493079 781612
491153 849081
488052 964964
498095 614955
490949 904757
496781 685612
492085 900837
492116 913324
495653 784261
494852 832679
496723 744400
493621 973862
495653 931285
496466 889233
499922 608918
498203 773859
497318 879257
498854 906615
499226 884893
499889 743823
499604 981754
500188 827804
500463 793255
500283 898047
