502065 621938
502675 738950
502838 754959
503732 880514
504516 990026
503615 832043
502365 598631
503055 674264
504844 891262
506173 961033
506780 979633
505681 869126
508799 946313
508229 809008
508144 796635
506573 720842
508060 787445
504432 615240
516121 984215
508653 724753
505937 633247
505670 624530
515469 925047
511763 808581
503093 540935
510633 762780
516082 912706
521128 991367
511441 741528
511632 740582
510468 703420
513019 750228
520300 905148
510516 682545
515577 786251
521971 899091
514835 756134
526171 964533
505470 568578
528322 958209
520224 815185
508820 618291
524889 889320
530005 950427
527256 900800
507565 586291
521765 791204
507758 585760
517161 719819
530136 900676
510995 627354
537407 987939
531181 896834
509675 605261
532819 914702
533170 902668
538787 968330
507330 566308
542065 977124
534989 883411
544955 995892
523530 746959
535873 880093
542377 944896
545221 974760
531098 806959
535352 844856
539586 885057
519250 674468
544491 920650
533342 803324
531784 785039
547272 923317
527386 730323
556623 995979
551381 928151
525790 705868
554894 952075
551371 918340
537792 800692
551643 917197
546440 870198
529424 719327
557092 940794
555464 918884
562673 969278
523763 666351
558728 928869
552327 877902
560102 934490
551969 871716
539097 759441
551551 845369
537270 743774
563028 920852
574051 992775
550233 825589
542331 766708
574893 983016
525110 647556
562189 882984
570609 934086
581095 996727
529049 667576
544753 759620
557187 828806
547581 771040
546527 762959
553425 798086
520496 605942
587111 992531
588790 998613
528285 647725
559142 820980
576381 916329
570982 884053
587982 979051
587348 971162
536903 691535
554288 784218
560756 818785
569495 863165
558199 801698
554929 783882
524355 616882
593510 980636
578806 902892
570650 858761
587970 932003
580643 894689
590486 943512
583329 902573
589420 932030
565289 812131
553218 747806
599712 970488
567701 811454
584665 889728
580841 871246
552779 730352
565889 785787
613201 998184
599702 936126
598648 930331
527590 611172
558535 745239
557317 734878
596115 900796
538782 654167
611640 962843
596576 895414
609874 946441
596496 885615
595467 881253
521119 574949
616656 957048
584258 826600
565781 751651
618736 961684
606239 911572
597334 869616
602980 883902
610581 912061
550165 679316
553776 692868
625767 959104
605134 879067
581807 789451
558703 702874
608000 877738
600151 848260
559982 704320
526469 583631
616151 894555
561883 704352
593209 811016
536701 615934
623416 911619
583927 775216
637110 950584
644508 975318
582364 764699
618343 880085
647826 967643
520493 556730
624540 890567
589761 777251
626510 891702
531619 591091
571358 716634
583949 753657
607474 825912
529802 582811
517099 543328
666560 998829
638364 910455
636205 902619
643962 923600
540277 611796
605258 803767
655802 951831
662863 971894
645218 914771
603618 792644
650014 923300
613067 812026
581245 720545
624622 841838
571095 690975
585930 731570
671299 968459
651955 909205
668000 951596
585070 723236
594526 748688
678728 975397
521176 548927
674998 961342
666298 932175
682222 969527
615181 793130
639769 856916
637838 851551
602802 760079
686271 976899
620830 806367
690321 984317
552965 628812
590708 726148
530021 569215
549854 619529
579639 693355
653597 878463
601292 746118
575796 681295
686696 957462
635000 828210
693632 970574
656280 878260
587310 706771
645516 848464
673531 916757
694288 966112
681558 932099
688495 943908
670232 899678
643876 835179
688534 938863
626881 791705
692166 944288
705586 975489
598451 723596
585740 687985
656073 847157
678326 896387
690853 924018
607125 732180
727206 999913
720151 983221
655299 836936
642463 808000
606584 727266
703113 938906
650201 822091
717480 967846
680592 886100
621239 754498
677203 873553
686109 892616
673816 865908
674402 866151
705855 932642
653716 819184
639844 788574
645994 800312
691037 893606
684561 879644
644613 795394
616148 735237
730181 973020
648208 801652
684960 876940
706180 920817
689737 886464
721172 950605
575315 648337
509735 512793
747586 996051
670127 837291
639977 774350
621847 737692
598045 689659
742300 977858
748937 990440
699046 890637
690228 872108
677040 843767
748253 984260
724341 936899
720236 928482
719691 926844
612581 712253
590336 668803
722503 923370
569570 627270
641186 764351
607792 700123
658043 795786
641170 763134
646614 773068
649588 778208
700313 874163
567699 621201
752000 968385
762169 987274
685600 842862
697320 862805
719260 901418
683745 832883
612997 702030
574274 630215
638455 744316
719484 890917
762711 967941
680975 819387
675020 807563
726865 900507
701566 854651
554429 590222
741166 919936
736895 911953
614331 695326
537947 560259
777427 982066
595827 662065
757072 944705
568981 613973
713844 867287
780092 979996
724612 883116
679311 802673
689186 818300
577781 626741
757861 934884
702739 839633
644511 740001
656630 760077
707224 846045
726466 878741
654284 755553
646914 742882
774049 958595
718815 863029
713095 853163
774310 954982
797329 993694
720339 863896
683081 800138
744122 902129
605477 669747
595088 651901
777012 954545
779163 957816
722502 863153
784175 965313
649283 740862
790990 975208
792690 977134
800836 987501
768680 934629
738701 884435
787401 961941
763859 919606
717015 843661
782540 948775
746784 890561
793016 962995
725480 854429
712813 834134
788136 954527
730007 861230
616394 678995
655969 741953
513916 515659
646488 725662
767049 915760
764805 911827
717626 836911
639445 713355
689104 791113
814884 988798
799302 964284
696254 802202
698016 804143
730391 853430
726732 847429
642992 715194
715765 827078
711768 818804
749458 876648
749257 875334
643652 713517
738089 854931
795899 941638
666102 744011
821447 978071
645797 710864
829765 980511
626413 680238
836800 984572
847574 999317
684474 761996
682857 759616
761779 873230
696921 778759
640414 696766
837613 980710
751625 856407
849639 996917
642742 698178
660921 723790
738451 834507
731308 823627
671605 738325
678818 748586
668671 734002
852169 994377
794133 911111
845876 981651
823593 950133
846925 981440
772707 876185
652922 707493
543514 554386
755445 848824
820293 938743
652397 704918
850770 978846
533491 540174
790201 894855
732874 814708
747790 833412
699439 765690
564326 581414
654684 703478
816180 921997
652362 700203
834695 946520
809610 912587
687766 747642
593830 620659
822559 929062
826566 933660
750220 830747
845825 958836
774805 862185
691685 750520
653576 699031
751619 829466
849650 960105
700143 760232
537621 543918
582169 602899
612929 643114
796983 885687
642897 682365
811942 903202
727094 791896
716674 778003
869519 978034
875346 983593
586936 607037
793678 873640
834385 926091
724474 783623
857625 954579
817523 901010
718022 772478
895128 998256
865250 957118
706335 754889
735246 791404
853871 940778
815444 892174
535833 539279
726024 778561
826384 904252
768126 830626
703758 749039
595380 612421
762618 819617
777949 838263
844830 921028
783875 845002
773605 832013
860725 938554
763032 818183
765673 818725
780113 834955
802623 858540
900764 976068
729761 770423
848541 912307
830486 890014
807448 862204
757673 802154
817383 872276
616768 632736
782975 829536
854608 914135
706676 738872
752981 793537
818908 870713
818823 870108
881773 943823
918728 986679
677135 702365
922633 989657
918255 984155
917431 981437
700515 727003
839923 888745
870941 924233
920195 980967
783494 821795
895575 950413
856756 905258
766106 800470
885853 937144
927413 984785
688920 710839
742605 771472
809809 848117
878324 925504
900683 950745
657220 673371
760077 790247
873383 918986
628456 640312
773234 804468
580751 585932
829447 867170
799177 832790
770504 799714
705503 725503
814305 846526
749042 771763
644942 655683
833542 863397
829979 859152
674194 686771
741259 760303
695763 710054
827948 855423
874295 906413
824294 851358
850393 879884
750137 769501
856494 884850
889715 921150
860502 888584
903129 934587
809794 831891
659234 667650
946475 980121
852422 877739
842318 866693
894635 923419
752653 768991
902405 928622
636291 641168
872784 895634
813572 831795
762564 776662
770501 785183
849385 869727
828097 844600
752335 763615
611504 613214
794791 808196
593586 593875
860512 877468
764315 774322
829357 843097
954178 975090
730861 738716
753178 762256
922164 940194
940162 958807
697006 702203
902230 918292
857829 871357
660033 662815
546744 543570
860102 872017
695162 698314
884871 895972
972780 987542
903610 914680
953015 965503
563019 559953
962494 974064
982846 994008
890709 898560
872863 879337
641861 640581
854608 859287
918410 924302
908394 912606
952104 957006
897286 899972
890256 892476
979976 983821
860956 860886
961910 963144
690458 687280
896399 894567
846051 843142
976702 974309
786232 782086
738231 733802
983938 979787
837001 832354
670465 665123
866949 861496
864952 858904
675760 669427
898599 889610
994926 984706
901299 890104
605899 598886
763284 753810
900503 888868
688852 679263
833751 820318
934630 917000
668657 658076
923996 905378
894030 876320
994990 973475
857891 838706
946149 923371
882056 861622
957131 931944
845182 824519
950612 924370
692114 677202
720486 703645
967905 937227
751019 731306
994472 958770
872512 843612
866448 837307
849401 820767
782023 757671
830274 800493
860130 827364
941816 902516
876239 841905
713674 691830
840727 808580
943241 901373
971442 926851
892378 854280
948911 905123
870061 833011
890177 850919
652720 633881
852397 815136
902563 859512
821970 786147
794106 760205
902215 857699
927515 880055
670478 648031
588184 573855
922938 873481
962183 908464
991184 932269
782539 745664
889720 840631
898958 847961
818607 775618
732237 698951
982368 917561
954639 891282
997322 928362
766417 726903
921079 861613
603585 584479
903479 844238
787947 743970
888026 830453
786628 742187
986773 914566
839016 786273
997224 921562
980749 905172
873614 813568
605971 585048
868517 808529
840814 784709
810129 758362
922049 853492
827614 773038
876875 814811
947711 874257
913134 844945
626305 601431
915682 845766
957639 880541
875660 810945
747228 700620
621997 596116
758812 709021
836865 772388
642101 611336
949370 863043
971980 877944
796117 734600
948772 857963
765717 709392
920168 833153
630152 599232
703356 657871
945755 851483
963350 865360
860931 783369
744180 689939
818367 748403
857423 777571
993839 885084
785673 720509
734178 678833
755878 695788
577154 555344
683266 638514
620478 589248
828662 752103
958190 851315
926556 825628
623770 590654
942003 835215
818310 739459
936045 829806
627552 592470
937062 828864
783579 711163
780799 708147
715495 658362
985864 863191
734493 672620
825408 740843
829696 744023
828257 742706
580515 555532
912887 805477
849899 757519
804678 723007
889333 784411
846359 752389
744380 676318
710912 651365
674135 624047
885385 780211
703626 645546
834991 740802
732413 665047
933619 812050
953014 824704
956730 826860
701180 641020
752814 678197
754951 679657
856241 752269
926670 801215
559687 537648
940995 809981
968257 829363
699229 637231
893830 775253
882574 766159
958006 819062
880060 763847
915547 787910
901657 777940
573921 547019
895702 773450
651278 601362
766004 681601
890325 768504
803172 707106
852877 740910
876597 757339
644116 595353
981518 829730
957695 812228
933294 795069
833837 724805
944760 800435
586750 554506
805200 704149
892753 763941
913689 778194
998017 835611
904938 771787
634677 587067
836619 724718
806726 704235
966378 813018
827699 717765
849092 732213
886934 757646
815369 708209
840710 723676
913289 771896
778931 680975
823552 710437
819465 707473
683287 616630
997043 822733
913299 767229
794315 688177
743516 654525
903566 759329
680917 613420
672003 607434
574479 543662
896629 752579
970483 799072
933505 774314
979199 801355
811745 693356
938510 773357
885297 738716
961581 786277
751908 652596
667580 599710
743309 645939
889666 735038
879610 725782
863642 715830
856521 711083
977305 784028
597257 553759
637170 577717
952394 765218
783033 664092
721013 626205
763082 650652
863936 709240
705339 615740
874183 710558
942248 749282
857723 700566
629541 569545
746831 636856
915421 733253
622984 565003
705041 611431
722439 620709
978346 764844
984813 768465
894321 716789
878564 707828
768470 645675
985919 766184
806556 666103
954769 748216
661256 584801
961193 750265
967925 753193
826870 674019
805023 661491
909952 718632
943232 735892
965699 747457
930551 728340
959068 742982
862844 690305
950386 737310
671544 587094
934813 727427
864635 688728
870205 691228
814469 661701
970310 743572
838431 673400
638742 568263
690909 595583
816839 661508
969241 740812
642050 569281
763763 632554
841081 672269
891189 698229
729123 614063
818913 660055
629783 562280
925788 715048
762231 629755
858793 679143
888636 693905
878330 687361
932999 714697
648292 570375
689399 590995
990025 742584
843970 668870
995910 743849
958098 724712
718326 604512
961824 725872
965503 725762
690939 589489
751591 619119
883119 683660
712980 599535
778668 630728
721373 602131
801846 640766
951681 712784
974838 723270
849136 662854
878584 676661
936241 703194
595641 540899
752599 615189
808922 641577
909901 687687
579649 532702
826514 647412
942827 701276
831735 649593
660644 569798
596738 539958
958072 706335
721312 597268
907701 682762
830215 647012
963592 708054
914470 685408
936704 694755
954508 702203
648270 562629
620646 549888
893756 671669
910957 678497
879461 664443
712513 590046
949595 695022
950593 695031
975360 705821
954827 696465
971143 702865
949956 691566
926842 680899
804102 627266
698558 581013
716074 588078
753137 603649
816302 630475
848439 641833
717159 586392
616217 543475
548502 515438
774463 608433
690196 573509
946173 678391
761054 602135
905247 661051
794642 615282
733250 589547
909003 659952
824932 624701
922652 663336
802127 615414
973455 682779
913468 658405
856495 635615
980174 684141
775474 603164
783182 605616
545029 512951
684473 566787
914789 655251
836038 624306
937593 662632
983456 680027
830816 620828
827593 619148
865409 632990
931958 658000
913202 650879
983617 676557
729681 580786
984889 674501
843824 622430
881257 635800
648024 549920
776982 597294
938569 656517
688267 564558
758779 590092
900146 640526
832328 615100
864166 624837
603290 532048
909061 639123
970083 659568
774885 591052
600900 529558
974866 655394
916850 634339
989624 657796
602055 529234
963626 647470
963114 647211
655654 546474
847866 608662
893388 623317
654784 545629
753842 577566
878147 615885
877345 614909
706664 560899
541300 508580
801333 589352
973994 641878
945028 632631
840437 600037
823362 594794
996384 647627
727993 565229
838273 598202
767422 576686
718025 561576
978038 638214
868606 605020
924024 620727
725936 562206
893039 611157
885188 608654
705160 555757
759876 569764
980018 632235
947257 622843
927957 616417
886363 604515
823447 586606
817153 584697
842231 591370
874327 599276
847004 591184
868515 597026
962539 622597
989811 629457
859150 593329
628159 530199
849429 588849
804606 575523
641334 532580
997709 625221
817172 577140
707703 548017
630942 528610
825905 577385
941221 606227
990302 618335
907964 597234
903799 595975
697976 544531
869456 585319
966231 607702
962875 605907
642032 528911
650669 530780
751697 554255
783203 561247
835117 572780
788998 561824
903653 587181
878080 580359
809364 564799
919562 589314
839368 569871
931186 588874
883806 578522
660613 530107
605438 518236
862466 572952
632571 523827
917667 584112
923156 584951
978262 596105
809793 560457
960254 590917
961879 590439
900473 577430
927816 582705
871597 568663
918034 577648
976680 587560
931393 578043
649182 524061
842235 560259
934962 577366
954155 580887
895006 568891
953128 579398
844430 559007
906212 570319
980410 582087
802167 549663
650588 522612
820858 552387
657508 523563
792047 547025
936071 572263
890494 563529
843978 552368
817122 547830
725085 532146
555441 504489
656196 519828
913558 559192
534347 500992
883396 552805
969185 564503
878822 549732
809457 538960
967400 560760
801185 537641
923977 554449
978100 561884
914714 552270
983740 558850
960234 554837
963540 554021
878056 541073
733502 523099
850882 536263
821051 531158
728143 520673
771124 524941
593314 505904
684236 515412
946795 543105
974688 542714
881510 531984
961775 538308
771755 519943
830420 524964
824981 524420
885649 529538
893619 530083
944088 533332
980175 534581
972802 532772
650200 507624
928027 528323
631984 505789
954906 527862
941825 524992
749898 512106
909785 521740
584919 501289
941366 522139
908068 520035
910150 519697
973334 523179
928970 519395
971834 521157
704230 506727
666492 504694
869984 515210
776200 510317
929785 516951
770899 508777
855022 511190
812325 509145
912014 513069
836255 509110
746544 504492
787294 505882
762547 505008
906479 509473
817599 506363
922748 509310
760540 504065
563884 498025
975465 510126
808353 504944
573547 498045
992489 508214
868329 501699
933336 502599
907667 501591
933810 501771
963286 501752
690771 497439
890052 498576
779895 497823
802616 497737
801998 497598
976576 497350
956291 496716
541712 496127
974605 496080
942692 496076
792711 496031
972502 495564
839610 494595
911817 494079
941044 493443
761973 493128
942513 490773
962947 490076
996793 489596
742231 492596
850242 490915
630167 494157
919938 489276
741939 491218
986554 485008
685252 491782
784149 488344
923396 484288
977979 482593
964591 480854
631741 491568
994990 475269
819119 482553
970959 475667
933000 477040
896432 478396
671850 488416
890656 477754
641372 489464
992225 471502
701762 486057
984784 469981
957894 471088
637059 488281
570448 492111
982322 466551
677521 484388
629496 487450
959291 462831
891315 467438
906468 465292
902465 464912
997193 457526
835925 469834
659032 483427
883273 465048
799258 470987
786391 471846
704954 477445
771856 470895
860605 461706
629255 483591
756335 470903
566659 489582
940711 451558
851862 459581
604128 485406
857010 458650
911215 451590
835538 459760
907208 451143
889143 451414
553860 490086
832300 457295
743811 467562
938127 443230
957883 439358
606984 482839
962550 437588
768710 461756
862916 448002
840397 449098
716260 465764
825291 449954
968018 428945
994993 424742
946320 431587
998074 423154
824886 447940
849674 444089
978874 424307
942338 428996
805153 448729
676967 468216
807989 447168
913173 429991
663856 470026
784889 450478
987570 417057
728933 458597
951794 421811
701883 462970
956301 419852
815069 443418
918213 425718
963729 417821
721561 458440
992880 410827
875183 429982
849966 433554
970290 409075
856810 429805
848067 431212
812676 435856
935124 410743
855235 424249
842295 426528
877304 418873
748655 445235
980627 397394
910579 411581
635448 468138
739496 446014
642580 466359
696057 454896
830796 425947
904057 409746
873813 415761
980500 392678
797037 431583
889365 410494
992528 386262
922858 401239
777443 433974
750389 439620
802936 427675
886685 407920
808611 425695
921254 398641
664467 458091
835964 417031
539845 487042
710709 446337
965009 385409
973181 382572
891412 401621
581734 476516
958015 384411
952802 385268
902695 396702
849178 409874
913315 393887
904757 395113
742400 435729
988280 373554
821903 415378
973248 376629
863158 404228
909436 392239
584531 474875
793766 420917
770531 426470
955587 378541
688614 447627
774664 425250
933039 383469
912026 386923
976250 366227
839959 403320
920077 380965
691250 443897
778222 419222
989815 360330
948551 371344
879069 390558
551711 482084
916361 379656
999582 356269
688763 443347
682692 445054
931170 371959
851824 394792
950374 366164
602483 466885
832693 399070
881345 384713
847217 394469
979897 355077
936782 367642
706149 435306
795436 408705
998871 347996
646977 452674
932939 367044
914308 372573
850788 389244
927290 365766
996991 343863
925227 365841
773712 411844
636710 454114
573943 473592
883488 375678
646900 450265
893209 372305
747199 418190
986000 342152
877500 375846
950787 351429
597779 465129
930205 357899
663703 443843
855549 379986
994649 334200
672021 439666
978856 337825
718048 423838
879762 369437
820152 388442
575932 470787
797300 393932
654036 442990
935232 344483
663848 438326
841395 374704
816234 383685
903666 352173
878229 360715
718455 417891
996090 315972
735377 410636
968819 324597
985717 317616
865346 361032
817489 375896
642320 442157
592953 460954
877231 351025
685231 424936
829010 368057
879697 347810
525768 486601
979181 307719
748071 398886
835215 363986
915299 331043
926251 326665
694379 419170
657855 433631
872500 347435
870962 347666
849640 356018
753083 394834
785237 381250
991324 297513
630110 443796
937068 318579
801556 373179
836887 358528
917727 325042
951740 310596
636137 440665
755001 391238
896337 332333
862487 345568
827422 360032
804271 369135
772718 382201
673209 423149
653838 430784
630795 440313
728858 397871
713644 404120
837030 350271
891631 325964
854380 341190
786892 370050
598313 453216
965368 288262
566585 466983
972301 284456
955143 292086
982673 278465
727533 393665
717240 397748
879729 323576
770082 373551
874514 325450
753841 379283
971504 277122
652322 425409
769852 369227
661814 420328
905967 304539
751767 376304
956520 276730
683840 408017
737870 381647
913584 294516
858632 320836
860138 319438
583652 455523
819571 338336
817038 338400
994744 249244
723980 384638
995198 247557
674207 408981
593803 448878
835937 324336
998067 239757
764571 359680
824094 328682
906102 286080
872731 301865
791889 343807
694120 394358
898249 286190
748162 365518
736097 371804
718262 381014
979159 242340
892714 288062
762523 356951
781312 346533
861366 303536
902208 281117
880566 291595
801825 333516
929314 263715
956053 248641
802163 332013
656454 410278
824040 317086
953898 244858
917196 264868
848366 302296
923478 259504
972767 231843
810320 322274
976984 225686
581014 450941
760939 348530
675568 396955
621385 427835
960529 233082
732772 363233
879598 278073
837340 302395
748829 353075
845142 297101
850190 293759
862204 286379
644121 412546
568169 456859
815641 309100
816988 307610
855197 284734
778421 330000
728390 359972
888004 263351
869126 273997
855652 280880
969799 211315
770376 332486
904370 250173
733339 354613
771216 330734
740093 349809
767044 332285
968169 207346
954077 215381
581900 445952
772179 326933
838254 285518
829939 290407
776752 323562
747464 341789
840244 283160
975078 198343
870646 264022
709822 365022
832551 287546
828039 290033
948292 214061
915663 233901
817130 293734
617925 421374
903737 237289
912936 227995
704496 363816
527907 478934
996642 171746
970262 187757
955443 197219
986874 175246
844520 269313
918456 219739
615589 420398
934700 207488
868633 251369
826766 279202
735859 339365
892633 234028
804876 290958
827280 275691
789704 300344
792111 298098
957630 184422
703738 356854
959199 179901
892362 225768
783273 301057
588021 436071
706461 353272
971337 168096
819707 273299
936970 190090
875892 232875
815661 275205
997458 147302
875169 232798
851972 248233
656969 385927
930652 190744
804322 279729
959763 168530
855178 242100
684154 364716
738708 325225
596430 427068
939246 176974
712056 342448
755524 310331
829643 255910
665041 376368
885020 214754
892000 208892
638730 395197
826664 254142
830144 251450
720392 332703
850711 235127
826808 252390
728762 325254
624995 403155
828049 249315
800916 269809
721254 329974
992144 124348
952883 152999
799009 269955
587012 431101
933281 167048
975591 134419
890232 199440
781197 282191
847211 231006
622378 403459
582368 434140
668466 367721
882245 202774
849541 227384
568662 444297
732410 316480
720794 325117
785591 274456
683646 353969
989684 113592
814916 250199
920304 167364
644430 383754
861535 212451
757114 294660
907982 175566
779118 277063
791114 266609
562167 448092
964831 127928
954055 136123
578984 434475
750115 298099
749446 298189
690849 344644
664022 366072
932034 151149
816829 243166
742457 300894
958915 125016
639747 383562
971097 112339
745521 295815
784952 262285
986039 94173
846161 208989
754167 285170
666213 357486
652409 369020
948841 119119
660324 361954
953498 112452
771988 266487
775723 262451
852550 196025
910166 146132
714994 313224
570017 437200
949174 109914
791626 245832
966507 93549
756771 275093
812068 227086
831058 210378
639724 375947
775152 257752
739530 288671
630170 383796
930240 121410
818379 219121
885874 159236
854297 185606
915568 130447
788736 241246
995881 57125
817478 215471
816444 215893
883059 156198
823999 208743
816718 215040
745666 277649
919647 121745
669020 345600
739426 282258
680317 335356
816612 212726
915112 123797
661413 351776
911011 125644
993429 50693
978233 62162
878475 152777
899514 133051
613063 394329
932704 101478
806191 217044
992606 45360
732414 284196
800426 220950
696328 316467
865300 160320
916254 111361
965592 64481
924972 100036
846021 172656
689379 319187
798851 215935
846132 170779
703663 304648
835292 179753
800470 211975
769446 240386
937597 78301
948341 67771
780602 228541
837417 173998
548659 450972
851946 159894
894721 118664
692604 312642
817433 192306
891795 120277
982351 31827
962282 51142
863029 145645
660928 341552
978252 33447
986116 25788
891829 116074
609779 390534
900045 107148
857998 147912
652660 348460
979852 28324
980309 27329
966977 40087
660331 340160
953906 51031
533720 464372
727282 272903
706776 293120
785563 213796
782554 216630
953869 45380
902243 96100
911927 84515
821175 174645
890028 104533
920738 73173
769039 225807
991054 1050
678464 316466
922332 67276
963915 24345
576052 420064
976317 10987
953944 33839
720692 272092
665260 328678
906197 80843
935537 49652
875109 111544
982236 32
968575 13863
602892 391514
608453 385678
664497 327738
623821 369731
944093 36688
831568 153401
850733 133367
818490 166771
757712 229242
759557 227107
929522 49726
714330 273737
803025 180975
570135 424340
963522 11848
882301 95686
660759 328353
677050 310868
744055 238404
941426 27261
722277 260511
931051 36547
956010 8664
906816 61252
868394 102245
783397 192374
736503 240762
601339 387518
835212 131916
828085 138941
630328 355208
895594 64748
899052 58553
934146 18733
729021 244967
893624 61479
861174 97022
876405 79265
947295 292
744128 225219
900712 49775
759933 205800
843974 108522
834961 118175
895541 49450
767549 193674
665051 309016
574272 412354
851215 90007
767924 186115
740680 217375
838246 103484
745971 210169
904752 23796
701890 261284
921905 3204
626839 348082
800471 142223
915965 5317
702934 257249
859687 69494
737792 214649
897543 23746
746708 203407
799998 138825
902351 15099
875138 45664
650348 316601
863747 58217
754815 189612
841209 84640
710518 242397
888407 25785
894504 17728
557707 427783
827390 98592
851734 68432
711218 239641
869520 45161
751386 189602
696818 256108
806861 120234
574205 406720
871660 39812
540045 448682
739941 201771
800200 127296
740864 198995
582604 395374
731699 208773
800967 121932
888459 12171
736835 201743
678167 274985
678458 274028
584619 391845
891409 6248
724028 215948
823190 90937
731145 206732
761949 167816
680096 270406
876142 21908
666831 284994
672787 277352
692897 251306
719493 216187
876517 12094
819971 84251
832216 67620
879021 4572
741949 182680
762274 155964
760134 158601
628817 329699
740059 183133
644643 307977
647651 303182
519287 472750
572675 401994
563399 414011
702860 227505
824670 64419
698374 233139
799769 96440
675502 262533
685946 248126
858278 16078
824062 61364
762299 144232
559923 417377
790409 105280
661732 278894
712083 209106
781585 113524
830216 46436
809680 73796
800257 82061
808886 69468
739865 165264
758720 137942
717991 193974
837120 27386
798406 81412
615321 335832
759245 132794
629784 314838
831000 29518
754928 137151
772945 110714
602757 351873
769943 113347
770206 111391
585244 376114
769741 111115
690967 223790
747921 141871
826300 27177
797524 68601
713357 190117
797891 67560
772306 104395
777417 96924
655720 273035
821483 32797
772102 102711
813586 42119
788733 77818
828626 19491
674018 243937
737853 150352
823024 25608
696236 210290
664281 257109
825334 19923
818184 29568
717662 176928
581721 377595
785121 75792
763066 107342
816542 27527
815202 29006
719467 170515
748371 126199
827834 3778
788525 61656
676574 231084
639291 286087
788387 58401
636541 289978
823073 3746
592425 356795
801527 35567
773276 76898
674224 229213
564988 397803
773246 73967
601730 340432
719601 157083
719029 157507
620557 309840
811097 11009
669986 231915
811366 8638
753909 97895
720579 149671
795942 30079
709878 165947
666531 234426
693577 191287
705963 170316
610265 322582
806068 8573
626526 295937
805481 7635
715287 151316
788341 32739
725252 134384
761566 75069
566834 390293
514430 475299
738189 111143
779354 43568
628811 288183
771955 52434
630568 283584
535897 439477
762492 65063
679241 201672
669655 217058
762555 59684
698783 166136
762982 58324
748856 81755
669297 213520
750733 75725
663782 221796
730442 107796
755508 64183
722906 117734
720684 121057
731815 100959
655762 231100
650490 239187
616647 297321
713788 128549
593232 337129
544288 422056
640914 254187
740267 79975
538943 430804
572369 372075
766762 31050
735476 84731
701717 143722
605366 313264
620120 286936
635808 258504
776440 9289
777627 4679
768463 20742
704356 134341
642924 243927
640618 247151
721021 102934
680387 174885
563247 384616
763796 20830
756151 32737
721996 94153
708248 117271
764431 13586
670303 185352
725893 78129
672241 177753
656399 205626
673626 171949
700661 120926
729133 66947
735928 53962
702816 115872
737296 50193
710172 101468
635908 241594
741612 39039
719883 80117
719626 80227
752280 15947
693364 128001
573596 357806
645150 220301
651511 207086
729672 56025
708216 97382
613165 280296
682655 143856
712112 82040
590623 320977
742195 17349
614119 270377
688194 121496
677096 143242
739631 16442
576346 345368
718867 57808
739847 11180
677467 136998
739350 8627
583455 327940
700664 84516
588008 317409
740068 2870
724823 29175
620618 246433
713912 48832
734690 4160
729503 13718
579435 330014
670789 133849
592538 301007
686298 99788
647002 181532
655190 163110
709567 41567
679094 106397
693779 67870
675494 108080
595674 285829
639335 186849
555858 374010
696548 55176
681932 87508
716975 7340
611819 245840
576980 323743
635433 189682
619389 225012
590486 291312
661186 124153
657304 131693
664019 115788
654594 134313
567839 338920
630162 188956
682342 63566
651051 137203
678164 69722
679903 64399
590628 280417
700970 11726
647883 139599
620856 204981
686689 42524
555873 362052
685882 40820
620798 197802
571311 321348
694644 10178
670023 70914
605070 234383
665743 75600
635537 152901
594749 257269
644414 128952
579947 294443
576204 304042
673568 53131
654036 102406
673271 47538
653917 93364
591037 256081
569588 312049
536247 402117
563196 327082
648298 93189
610362 197019
676766 11957
622862 157291
617771 169639
571306 299903
586271 257635
655270 60271
606185 198564
671675 11508
591682 239312
619929 158741
583143 263177
613908 173232
576730 280079
640207 95637
661511 33638
617758 157909
585846 250510
666236 15508
636600 98618
557062 331036
658364 29101
661028 19999
595537 215205
641125 78298
539227 382979
589111 229718
635587 83049
605849 172049
543828 364631
658602 6791
556964 323191
621022 120709
648702 31870
567017 289556
646621 35215
567885 284744
555481 324239
609908 150538
653227 10713
565047 292678
576114 254983
594639 194894
530031 403961
640338 43855
554943 321752
574601 256790
558708 308895
606677 150576
641768 30895
625373 74380
571545 254939
638703 19892
566153 270169
628017 52434
532814 386520
625342 55728
630011 38600
615605 88573
604686 126892
635471 7750
592798 162214
553942 304068
618167 65844
627297 29819
572884 228886
627859 21471
529648 390422
577990 205224
601937 113801
587129 154608
600735 99944
566292 234342
533661 365457
572834 202528
583522 156194
604766 66338
614506 25561
590233 125546
526739 390867
609603 43102
616897 11255
567889 210072
584945 136321
570621 196112
586878 123281
609778 19908
582816 136589
557974 242931
564143 214870
555579 248224
574205 162000
607316 8550
607596 6699
552121 260290
558682 228802
530959 356930
525806 378945
588275 74703
589237 67833
596547 27819
575976 125866
548036 262527
527800 364346
590724 46752
590161 44733
523379 384502
598171 569
596376 8657
551673 237001
528375 355371
593455 11618
546292 259220
570532 126663
507025 467064
523174 380300
583115 57173
587845 27659
583038 45657
554735 201944
571888 104849
581934 48216
568225 118712
541920 262316
581595 24866
531271 320681
557275 159732
580373 19795
579084 21950
539904 261588
527943 329617
539244 256570
575897 20276
567294 65521
573135 14472
550710 165484
516584 391696
556976 106072
560331 80749
521212 357148
530479 287935
522599 341281
547391 157821
533121 247861
563285 5897
544721 152551
535339 227067
538671 199786
510859 421410
538056 200656
547618 117547
559985 11386
546726 120053
541907 151185
530459 246576
525511 287050
544849 111088
524922 287193
523709 294379
554869 6949
518975 331343
545485 74241
522668 291984
526622 253008
508172 432117
539745 109999
544040 55020
511430 393635
536821 126501
520434 298395
545693 18507
521817 271771
531958 143584
541539 28012
535037 96391
522409 216940
530445 92363
506961 420492
516372 287225
512789 337388
531731 53261
523888 166151
528445 77185
515721 275120
523873 126094
522297 146355
514020 282096
517635 214875
524219 66544
517426 190487
518828 148861
523234 51759
520992 88935
514155 214365
509162 323834
521705 18762
511334 263928
517981 94050
515434 156286
519433 54240
508925 303106
511024 223624
512774 161553
508458 287176
512409 149592
514066 90506
515294 39056
510719 174716
507610 252368
512272 47045
512082 40962
509293 157817
508688 25718
503910 308008
505574 112889
505395 101964
504354 64682
503657 92186
502721 128587
501596 274646
501516 354941
499671 172810
496196 8440
496227 25588
496687 89417
496315 127480
494588 60927
494279 67508
493121 2060
492728 1730
496954 246835
493221 62487
496159 230533
491629 68533
493834 168548
489659 9293
490350 82002
496834 327084
491998 173828
489871 131283
487697 65741
494322 281368
486738 60188
491315 208669
485788 64308
490024 180859
489879 244806
485925 166858
493949 337115
489120 243924
476637 2574
477389 36346
488600 252157
488182 248973
494898 378570
486903 240455
478089 94340
474775 52563
476944 101799
483393 206417
476811 107021
476934 110557
487129 271140
476985 113846
470450 19286
476858 122607
481258 189144
484957 254831
469574 37731
487390 297398
471583 77568
467789 28994
499635 469590
476635 161839
493151 384770
474396 154632
463495 29429
468666 93565
467021 90469
469390 124273
485766 315056
491308 379309
465804 91729
487518 342197
468732 149545
482565 309955
479677 282416
472306 211507
493015 415282
458144 88675
460084 106914
467365 180386
453909 63080
483017 329252
464123 159822
486105 357461
449257 37209
450534 48419
483941 341876
452322 73006
444468 9176
445828 26415
444502 19129
442393 5060
442711 15603
462589 183160
460949 172808
450335 92174
484417 361119
453589 120452
455996 139436
471818 264210
449997 94731
446428 85550
445678 82168
440883 51361
439583 44721
455343 164662
481140 351430
468466 265462
437272 62144
443754 106207
472327 300361
465250 255242
458697 211845
481655 365544
443366 118120
447050 143732
466571 272112
467931 282418
435930 83585
427294 32393
436949 99632
489515 424003
426081 47945
421089 28145
422493 47031
413970 2151
440469 154236
488714 424324
423753 71390
458677 262109
413536 18354
451119 222991
426265 96221
464170 297726
486045 413894
438756 168036
412144 29533
434044 146869
436356 159995
443160 206423
411348 49540
461831 299365
431514 152454
465241 326303
423292 132554
399163 21651
459586 303216
466466 335734
407620 70403
473002 366720
448751 257822
441248 224930
403399 58822
430997 182481
433497 198127
460166 315982
469293 357970
404306 80631
401758 70142
436175 218030
416795 136976
456090 303581
475063 384590
495376 470362
427148 193305
428675 199545
441627 254138
423952 183163
395048 69475
386073 33659
392390 67934
442105 265256
379431 23941
418009 174057
477760 404919
393999 86747
438806 258358
378758 34527
378767 38686
369610 12213
470626 383191
377448 47338
417705 194191
382587 70598
389398 95833
408941 166534
470112 384376
364576 11019
410720 177047
443131 291840
426567 234374
421611 217565
425476 231138
365731 24461
404585 160310
361642 16834
456960 343223
360848 14477
442515 296294
364276 32771
387989 114855
397917 148377
366460 42905
431170 260777
361531 31311
356406 14520
365925 48435
351642 2980
383023 106914
409655 195316
416351 219396
373570 82322
403406 181578
417175 228925
358433 43183
418887 236503
467124 388213
373433 98217
351750 38374
419182 244575
452857 351495
417121 247969
417734 252596
374303 131136
327366 3370
348785 64328
406515 227981
366617 116489
381696 159047
405220 225741
413724 249965
347036 63908
407960 235647
330689 21342
402043 219645
324372 4121
471114 411639
355014 97255
382647 173107
340854 60386
415399 262870
366993 132892
409574 247787
442163 337392
435636 320620
399331 225063
318775 12820
399792 227796
344327 81958
337051 63159
479381 437650
332683 54258
350570 101539
415604 272098
388134 201276
384196 192392
318372 22697
392793 217572
385727 201222
441656 344594
338085 83891
315744 27675
316510 33294
334737 81868
329897 71969
302433 5505
385602 211013
355929 142316
304005 18500
426579 315232
397178 244721
490188 468684
436520 340403
308300 36073
382131 212987
339678 113200
304536 33613
399314 256504
381415 214709
425976 319894
333195 103906
424944 317832
444356 363210
378269 210132
332819 105227
316428 68169
328494 99421
331285 106106
365153 183884
332735 112468
289054 15311
393488 254230
338379 131403
330931 115218
416900 307700
306620 63082
380491 228364
366443 199660
380664 231069
422091 322192
418812 316944
401718 280061
310139 84987
380226 236065
416921 314831
377741 231392
332564 135723
440277 365968
371658 222517
365259 209980
300767 75343
336262 150379
280530 34186
357131 194820
389763 263176
440016 368051
265076 7686
317309 115690
327680 138718
329908 143538
265980 13209
407387 303312
311159 107177
279320 44746
334951 158067
404610 299690
339463 168795
386918 264711
380914 252959
301205 95040
385940 267046
272238 42470
361169 219144
297133 93884
441304 377760
332939 165350
263036 29176
304978 111271
375752 250807
251781 10288
290770 86175
325726 154638
421025 340145
247760 6151
281910 73692
401928 305647
411101 323423
364500 235226
298724 110166
269296 54752
380426 268546
290235 99268
367194 244473
333277 181524
255281 41491
280255 90752
273967 79411
473141 444208
250310 41718
337870 200809
454101 410515
353584 229845
247789 42437
312234 157829
274960 92650
296488 132436
390831 300098
378579 278886
299569 139518
422768 358351
279943 109510
306055 155537
414958 345224
259774 75427
363781 256731
293317 134871
248976 59526
232100 33677
329229 201191
281266 119815
303416 157886
402431 327455
269477 102802
409915 340818
249210 70191
380678 292419
346596 235718
309628 174028
407564 338950
225412 35936
363101 266399
377247 290607
254820 91186
341090 232883
352393 251419
261105 103132
413202 351932
220408 38698
298411 166618
205403 16544
308025 182837
438525 394904
323605 211500
415818 359043
262221 114009
230875 65266
345086 247341
306745 186684
289043 161210
327892 222570
260291 117631
280941 151971
206075 35616
402919 343346
202243 33078
422439 373878
301166 187242
426031 379985
373836 299997
190068 18953
440934 403646
263265 133658
372029 299938
216333 69387
291250 183113
182164 22095
204185 56400
302066 201598
340946 259090
361317 289358
167718 5072
256735 136481
234604 104822
357894 285642
168422 10369
170648 13755
207718 69435
286169 183415
250608 131918
210935 74497
175157 23911
226547 99679
205174 69139
171276 20805
310528 221203
189624 48721
351905 281756
204171 73700
376113 318085
240919 127849
214600 93879
294212 205500
258948 156440
326093 251327
278956 185974
326876 253794
261135 163121
233946 126156
252853 152479
194852 74034
330004 260510
173034 45425
377909 326701
245049 144997
167957 39612
232491 128111
279635 193558
226156 121834
266640 179420
234459 136071
366156 313639
281916 200577
262569 174701
242225 148370
235696 139887
422594 390542
323759 259141
145083 21263
343059 285099
230917 136278
416193 383091
226920 134021
208953 112193
284338 212587
150363 37785
175563 70820
170580 64810
415900 384606
122175 2671
198943 103055
182960 83454
241664 159630
127880 12514
353553 304601
199795 105899
327370 271926
210993 122700
123254 11091
113808 123
123414 12608
150663 47523
138515 32270
127270 18028
128042 19073
115806 4782
153759 53332
163373 68401
190882 103866
330155 280908
172088 82797
322506 271570
203392 122459
165261 75462
307012 253133
249700 181974
313941 263894
188142 109109
126594 34717
369674 334163
263844 204282
236099 170361
341666 300038
133299 44982
117201 26095
125053 36686
135758 50759
406619 380766
117033 30361
170262 94829
130757 47253
101012 15348
203620 138596
364371 331718
123328 43700
118974 39968
136516 62053
246852 193234
103078 23920
484087 475437
155783 88503
313923 274960
79974 966
163409 100904
194704 137606
392963 369432
130991 64059
405072 383713
156861 95802
299483 261555
303704 266522
231125 182476
169349 111221
152096 92897
331744 300187
130310 68169
110979 46189
143487 83955
103835 38805
79235 11673
114259 52243
245512 202860
158263 104164
99746 37652
165212 112625
296674 262835
203133 156360
141756 88214
224744 183281
217200 176695
317644 289532
80840 23928
151081 103623
373694 353204
226356 189613
93198 41367
96420 45504
211883 174744
413125 397968
332606 308864
126880 81010
387090 369494
253708 222119
107215 62866
110271 67385
72223 26712
321673 299599
226298 195988
71667 27518
122292 82737
52859 9105
318194 297153
85875 47256
125539 90201
170783 139780
302474 281736
99408 63649
370427 355284
217052 192878
62455 29292
231682 209507
401844 390312
100586 70825
39713 7219
104855 77280
121140 94474
280243 262470
232395 213010
470218 463160
415171 405466
238741 221099
225247 207938
75627 52471
255383 239785
50003 28083
229356 214002
139990 121431
69095 48997
102097 83740
152800 137099
360938 351509
74252 57067
20141 2343
125735 110644
188553 176105
39130 23560
135373 123253
70262 57419
119983 108125
101853 89731
81111 69012
129080 118686
331210 323601
80508 70278
87145 77397
14763 4546
231886 224268
32102 22938
70736 63540
366631 360677
71593 64689
47450 40674
131720 125946
98688 93086
410307 404826
55458 50795
178634 173742
246808 241830
4981 3529
89469 89354
20135 22146
353746 350956
144157 146070
124794 127976
85364 90745
112047 118753
146076 151806
116234 122964
194432 199218
288721 290410
170887 176594
286381 288451
59502 69570
124076 132364
63488 74178
52167 63301
18139 31355
133806 142972
269121 272999
312208 314491
317448 319551
293837 297554
157757 167615
19799 36342
31573 47819
141224 153231
171237 181840
55083 72179
153545 166944
131806 147508
245702 254956
26272 48344
92968 111247
235413 245528
179708 194933
40619 64933
104989 126740
70040 94462
87491 110966
124872 146671
170615 189110
153359 176003
19210 53366
457025 455272
73431 104731
47267 82479
175466 199872
6978 46990
70065 104572
6534 47719
25374 64864
386185 392171
19104 62246
19188 62722
69580 108323
72264 111189
152940 183959
156724 188334
110482 147667
381393 389561
302139 319713
184540 216484
141417 178776
181362 214550
264526 287689
121695 162904
159765 197059
122656 165897
234675 264647
331190 348599
75513 127438
398715 407092
75103 127707
138205 182865
172480 212436
292752 317372
345357 362904
320026 342404
299918 326604
22198 93221
420931 428335
231118 269185
177782 224509
159670 210232
210502 252905
68237 136884
42452 117665
223195 266785
44628 121836
60516 135044
311314 341204
102565 172104
148926 210648
168851 227957
136610 202229
183884 240943
23549 112458
93559 169772
143424 209770
223765 275048
20652 114572
86601 167012
244641 292987
79600 164065
261162 307228
59506 150553
42365 137295
53902 147011
68648 158590
133139 210574
248700 300419
243246 296344
465 109885
277233 324131
297834 340127
400020 418856
127892 212978
221120 284255
18696 131583
261075 314615
161883 240450
199141 268903
440908 450578
329240 367348
150779 234341
277554 329530
254711 312951
133262 223132
208129 278714
20325 140695
252570 312247
89962 192778
88787 192390
151712 238816
130479 223840
107282 207034
92951 196633
23793 146577
108660 210293
7295 136918
238762 306314
274162 331879
211828 287468
69793 186089
81347 196055
141554 239551
200598 282312
96984 209115
14007 150603
29960 162521
66046 188234
291834 347895
364765 399868
94610 210608
70429 193752
236540 310482
324851 372368
99411 216559
4008 152925
59951 191647
155391 257885
343275 387393
241194 318082
150209 256029
89232 214818
5341 158270
316824 370473
427270 445707
71406 205115
19871 171276
118435 238313
415355 438198
269073 340024
288874 353568
209850 301287
160866 269148
42768 190582
279501 348460
95820 227673
220245 310560
96261 228825
219480 310273
207800 302959
23213 182944
8735 173709
26556 185541
141070 260440
139147 259386
373286 412405
165313 276764
395801 427196
95832 231840
120247 250125
319545 379140
151899 271507
217641 313789
46886 204454
46757 204743
345762 396294
56922 214653
18403 191761
233227 327404
191222 301621
59247 219439
194329 304607
33059 204489
174215 292562
166147 288275
327386 388679
152934 282029
12174 196101
166456 292913
269111 355234
191040 308275
123403 267762
41346 221273
481194 483938
461593 472292
278960 364008
72750 241855
258848 352313
201986 319279
404595 439245
28169 220704
351659 408977
198275 320306
190478 316166
327215 395353
223065 335248
55093 238503
145474 291879
297973 379943
301575 382472
146829 295028
135326 291361
41863 239336
268537 366024
13642 224076
85625 265610
218855 339617
14590 227903
92231 273124
189931 326375
50221 250357
7688 228200
93183 275671
185410 326364
308838 392816
95180 278829
101592 282605
36578 248893
179021 324720
345830 413736
112349 291532
112031 291729
24461 247350
149986 313270
163942 321453
252176 367814
412176 450147
221234 352041
164945 323465
121004 301452
50849 265715
107316 295733
50321 269931
265891 378115
298708 395008
378981 435620
215109 354978
188938 343092
159206 329538
182628 341539
120139 311976
79739 292489
133180 319092
307095 403097
181421 344258
199466 355152
59765 290278
116219 317430
232801 371879
87013 306089
64839 296169
339166 421757
305150 407176
14111 275897
149484 337337
279443 396166
68919 301666
104000 317751
48127 293217
249411 383609
168381 348743
24469 285630
368339 437383
60700 301813
441972 470112
142385 339642
97110 320911
40361 296552
132552 337491
251074 389334
456680 477066
197117 367108
50617 305320
226744 379888
324 284429
206179 372286
52064 308573
124595 340198
149124 350373
145239 348870
18732 297452
247541 393289
102398 334691
225959 384737
313247 420234
86888 329637
150365 355435
895 296436
141532 352578
47840 315651
202743 378269
152556 358492
194121 375958
24624 310617
330533 429897
71060 329654
211814 385664
396058 456287
82998 338501
56196 328468
287646 415942
210612 387282
107119 348580
128959 356886
42684 327324
269468 411243
52122 332692
99409 350248
189060 383019
380047 452476
265623 411668
25975 327701
12134 323354
93413 352784
112682 359747
30800 331210
294243 424009
58670 342350
171433 381716
79180 350120
134771 369415
18345 329546
36805 336794
114440 366260
85613 356671
207248 398126
186079 394726
94677 365554
380705 457753
130608 379500
283389 427727
330129 442755
207928 404971
22495 349673
111558 377341
374813 457749
26708 352437
117212 380673
174746 399821
354939 452942
178757 401293
476805 488848
234454 418375
417239 472334
93758 382096
75586 377905
88953 382494
239130 424231
484357 491397
46984 372698
76880 381280
329617 449623
147585 400416
395516 467524
195996 414464
33515 375825
51175 380656
191447 417469
12827 372198
268152 437253
341402 455991
282499 441768
259161 436173
308528 448776
207084 424033
385248 467652
144736 408870
264220 438340
6596 376017
116108 402674
3669 376111
230736 430888
143192 410343
103629 400875
434712 480129
264508 440851
23631 385742
148224 415077
57005 394371
49873 392883
232022 434785
116657 409253
101252 405829
85236 403409
77630 402692
103121 408423
270710 445476
75778 403114
211852 432850
22748 391824
11106 390204
178185 426393
186580 428909
419245 478554
207162 434036
45514 400586
352474 465233
207450 436661
57864 407300
32012 402968
144105 426135
113577 420486
130605 424109
216841 440959
91155 417254
54781 411492
46708 410417
369667 471597
339237 466278
232722 446939
184529 439183
57651 416577
136743 431163
67851 419095
242524 450138
178567 439621
277186 457140
303923 462009
11727 411963
413676 481124
298454 462123
40182 419415
91957 428191
55692 423612
184771 444730
178742 445435
266980 459722
44856 426416
124049 439970
168175 446615
242759 457914
325114 470214
182999 450399
79512 435820
46607 431532
101220 439313
310384 469414
287686 466502
3863 427317
210764 456104
362194 476984
259844 463196
107074 442695
61212 436850
364685 477702
69903 438225
208025 457689
159182 451643
351706 476834
111592 445960
375375 480001
246210 463702
66588 441098
25976 436090
416146 485427
212256 460739
55204 441625
116306 449310
409118 484921
271810 468390
243587 465228
95934 448086
135161 452798
122588 452470
286502 471364
276056 471258
79102 449708
83441 450334
220428 465618
334498 478068
33533 446465
138862 458362
191771 463902
417422 487627
120075 458604
296291 476061
104668 457747
53468 453441
113355 459487
421042 488717
333008 480794
55406 456505
49270 457002
151322 466087
308091 480403
75378 461776
148598 467912
152217 468611
394642 487881
17242 458909
118040 468253
228827 476505
241321 477740
72788 466215
318883 484350
64304 468408
94328 470537
300210 483723
193370 477162
157938 475336
14811 466738
156291 475764
388640 489464
3394 467372
375457 489112
36698 470544
54668 472226
171449 478648
60136 472804
344324 487885
97958 475579
79579 476363
255210 484600
110329 478769
82977 478008
71511 480527
27456 479329
163439 484325
64142 481163
29582 480199
403782 492846
318643 490536
36591 482201
200783 487339
113635 484807
123318 486023
337439 491796
260154 491991
52487 489434
288937 493329
53543 490675
70182 493338
230633 494568
465948 495926
27032 493568
116659 494468
247754 496896
292307 496995
114625 498531
27642 499229
30423 500312
417547 496886
28643 500552
135704 499771
82294 500558
147722 500024
294245 498985
126194 501343
78580 505251
249204 501666
126363 504406
246831 502275
305830 500881
428440 497939
128836 505464
210478 504084
309676 501678
75249 508625
25526 510640
426143 498433
224324 505805
7084 514425
339203 502432
386790 500619
110691 513398
25685 517248
295208 505437
182356 511312
39820 518309
158693 513056
30447 520107
64826 518409
375056 502742
29929 521717
264121 509569
475160 497724
90383 521945
197119 516100
296812 509690
295087 509843
76851 524808
284363 510794
223129 515526
109859 524049
14541 531378
10770 531946
12414 533171
476692 498025
167036 521951
287767 513779
56598 532877
227660 519166
132033 528358
198 540064
182379 524757
180180 525500
256008 519063
146726 529722
319937 513696
420432 504046
225321 523152
25042 543580
312491 515060
120377 534716
231303 523827
78985 540122
103793 537596
441026 502600
382267 509177
40495 546939
31158 548637
154879 535103
9968 551905
312854 517570
105145 541224
171696 533672
199381 530660
226659 527804
155216 536274
91737 544433
343915 514765
118914 541530
213156 530540
108128 544727
276287 524918
176567 537880
296462 522680
152580 542130
68569 553374
234722 531636
2275 563240
61207 555775
115720 549366
229529 533767
134783 547469
147253 546022
84664 556381
77784 558110
171486 544574
107224 555906
119015 555008
25526 569576
26884 569384
79152 562303
107117 558949
481611 499312
72536 564655
119817 558939
384136 515469
116316 560462
262735 536232
174914 552290
19820 579867
53632 576286
53146 576762
287216 534759
82875 572057
326800 527942
352914 523528
279344 537161
122519 567163
130454 565680
38879 585402
73403 579078
2245 593029
3722 593164
46607 585520
68846 581538
130901 569348
59539 583526
80688 580905
85531 580772
250892 547213
15860 595146
440765 508839
56989 589659
140384 572173
59626 590253
12955 600317
27782 598132
266943 546796
71224 590143
336051 532558
25916 601454
38526 599434
331858 534365
178007 570567
56383 600296
226949 560704
56036 601186
337716 535080
22887 610270
43352 605779
192009 570266
179727 573689
24488 611273
469021 504009
14918 614566
157653 579922
28549 611418
104538 594475
170986 578904
96388 597741
179778 577226
196514 573952
35687 616868
56408 611666
122225 596674
261789 560046
138663 592867
156736 588873
50122 617629
139791 593879
83491 610461
91834 608943
180180 584723
232928 570645
146294 595093
167350 591128
42363 627881
172898 590952
409140 522910
19807 635847
68907 622296
257294 567633
240487 573080
314107 551393
183374 590770
240272 574424
86089 621120
400200 526668
2977 646341
228248 580241
54864 634641
291281 561426
178853 597816
157715 604586
392100 531203
169379 602670
333412 550833
107077 624667
255303 577710
307802 561397
134642 619804
88030 635587
78614 639853
336853 552355
414799 525885
222842 592135
229106 591197
19373 664845
354515 547681
121305 630905
39611 660393
6027 673293
126746 631618
11407 673469
292768 571851
363391 546278
173922 615088
229036 595614
144031 629429
199866 609034
97785 647720
18144 678131
132568 636060
355248 551754
37217 672663
240670 596446
13271 684438
137297 636696
233692 599577
157689 629244
3683 688984
234271 599687
54307 670505
141491 636527
79568 661288
32103 680240
75338 663812
297200 576917
58473 672304
218919 608845
4914 695088
381834 544898
14683 695784
135246 648860
372242 550604
76810 675686
240520 606526
19861 700534
25498 699369
18466 703807
133743 654684
19400 705651
838 715041
133818 657254
114473 666034
181472 636799
21924 706996
114538 667939
144734 654781
168584 644823
43551 700979
111339 670919
295452 589357
148967 656238
114399 671988
35212 708726
140303 661719
192681 639323
301684 588933
395686 545338
96758 685484
30948 716311
48287 708831
323549 579817
267806 606745
94208 690140
32088 720071
117379 680868
199145 641812
359212 564877
304745 591256
120334 680526
93583 694773
274727 607069
302656 593710
83173 702493
311212 590265
263392 614464
86569 703436
37354 729166
59213 718337
49367 723384
12905 743507
260659 618256
269734 614524
13056 745630
2027 752151
255147 623568
142009 684324
200765 653684
14887 751457
283095 611241
91435 714485
280991 613847
21666 753631
142739 689553
217086 650564
33383 750615
345964 580901
312453 599593
189710 666811
165016 681202
37766 751659
54235 743014
460843 518644
54369 743334
10320 768181
154989 688077
102925 718054
142381 696278
269490 625564
66014 739453
77274 733335
94121 724044
176809 678700
176876 679823
155852 691938
265637 630762
28309 766745
357534 578815
146270 701242
415050 546352
124715 715272
282259 623960
34239 769300
16817 782363
267168 634683
111809 726589
180100 686308
2697 791674
145663 707325
84066 744809
278126 629487
418670 545701
83765 746158
9277 791743
213348 669662
30746 780731
52174 768333
247007 651258
347217 590219
171926 697295
408334 553178
261489 643262
346077 591464
11620 797748
456533 523962
64205 766540
256674 647805
348894 590762
292618 625678
171515 700897
264185 643428
3389 805484
87834 753786
72139 764212
106346 742884
107451 743018
385253 569501
38014 788792
101165 750072
230410 668724
255602 652936
39636 790691
425061 544959
290312 631600
68344 775697
301216 625468
13947 811056
171793 709465
443126 533970
3096 819051
339690 602045
235355 671115
165670 717717
6953 824026
246661 665518
343866 600949
293029 635300
209959 690735
2721 829089
125956 747273
248277 665589
203564 695568
277598 646217
180032 711896
206685 694059
97129 768011
122905 750690
204088 697123
93748 773372
70458 789362
44484 807199
77292 785211
81322 782694
15556 829609
20818 826874
223173 689021
152115 738381
207565 700018
73418 793899
140985 747039
37145 821966
133696 755136
91606 784828
126459 760560
95202 783051
112657 770927
15497 843069
258599 669813
180182 726311
72506 804718
43632 825989
195068 717111
186390 723984
10855 851075
117221 774188
89546 794407
267611 666442
303866 640200
450932 533093
47699 830080
47808 833285
143983 762261
155310 755001
89701 806177
92262 804349
20140 859080
463916 524631
109305 793386
315012 637639
267032 675046
138576 775514
168892 752278
252593 687994
461772 527007
100569 807057
59319 840462
150913 769352
98764 810693
50516 848583
174483 751918
252409 691031
3254 886013
45022 856487
219757 718935
328391 633236
953 894338
327062 635002
156859 771060
100870 816999
25852 878445
61286 851188
430303 553670
68545 846590
239287 708477
278871 677069
34356 877430
43163 870425
143528 789110
256079 697522
174374 766558
239986 712378
4299 907332
166993 773089
31666 885574
89951 837312
261866 696106
82483 848211
96720 837831
161945 782792
229456 726180
253228 706295
201582 750630
23623 903889
433101 554648
476406 517686
137432 808623
165148 785165
190125 763951
347096 630054
370511 609912
245934 718378
175731 780590
300125 672421
36212 903912
170893 786530
183569 775674
331281 646133
100094 851292
423756 565023
11500 930351
49179 897419
226874 740504
63769 887483
70598 881941
32312 918812
65923 889412
64171 891786
100066 859419
100423 862202
307263 674152
361376 624998
27221 934526
343100 643886
51409 916523
79043 890801
14710 951417
380129 609769
360340 628492
182364 795410
79154 892492
205419 774770
130336 845954
78242 895642
106203 869755
20557 951138
79574 896156
261676 723842
135726 843563
141625 838146
365548 625485
402983 590091
397611 596240
45434 935356
93259 890135
24209 957020
170459 816283
50716 934140
51759 933512
406395 588776
91503 895237
61609 926664
25527 962049
9581 977790
16727 970939
258614 734122
98261 891496
162522 831971
87292 906955
418490 578710
170487 825791
93271 903069
20850 976170
359881 638079
417474 580400
101639 897431
111935 887845
130475 869658
122018 880482
275568 725362
230345 771426
355358 645341
116631 889019
107543 899587
111981 895939
45285 965320
103248 905871
80270 929590
99862 909651
64560 946151
169117 839277
82917 929126
163440 846231
57193 956372
385505 616733
466559 532579
205294 805113
276072 731621
272048 736183
134572 879973
419547 582230
127333 889223
361964 643076
35086 988014
144278 873105
67549 954078
194868 820050
380727 623861
36842 988633
115388 905500
96436 925952
32291 994493
30939 996332
191378 825915
152551 868410
92486 933139
225515 791090
296116 715853
287892 725085
100131 927049
79548 949833
104504 923141
352802 656444
137607 888625
44771 990522
341973 669087
165218 860817
96713 935251
356083 654035
38661 998971
161557 865898
234570 786863
493678 504765
184830 841487
44940 996281
100776 935453
108790 927003
112601 923082
99688 937968
215469 810969
315946 700912
152463 881920
209911 819473
141578 895440
190787 841370
62925 985777
362553 651448
185186 849708
131419 909865
234056 795754
258342 769055
156047 883892
95941 952829
216221 817957
308190 714670
330190 690494
99581 953126
445557 560157
155567 892135
154518 893417
324465 698944
250618 783533
161344 885811
172173 874140
101289 956792
348987 671783
85363 975553
468918 533812
346113 675598
264695 769705
231479 808089
336674 686879
176925 873117
266216 769855
259744 777626
91179 975784
144236 913885
315503 713859
117064 946189
372859 646860
125690 936375
434578 574677
372139 647938
140324 919913
317533 712265
102651 965109
223233 823665
270967 768057
474073 528622
349616 675714
197878 855020
178750 879136
255337 788325
276862 763027
143766 922457
324487 707551
333227 697119
390341 628972
156416 908559
88533 990026
238674 810665
103391 977162
184493 879742
151638 919715
315370 723494
257584 794756
394636 627174
164793 909257
322362 716746
227745 833999
159158 920312
108531 983083
138667 946338
116873 974157
148915 934736
128645 963027
205528 867809
386658 640455
190056 887721
340309 699055
250241 813928
179889 903754
149679 942323
318752 728509
300220 752103
345693 694697
312290 737909
458570 551101
238457 832483
326844 719762
194353 890399
476804 527998
277849 784113
138479 965346
385995 645677
247088 827972
244962 832484
358729 683417
140388 970590
419693 603766
243561 836512
129373 987481
250656 827774
246025 835600
197133 902402
209699 885841
363880 680484
243529 841599
328168 728992
263872 815336
176929 934314
325941 733308
268868 810537
207450 894680
250351 836992
308282 758536
251235 836775
141669 987987
393082 644433
344203 711742
221944 879475
209929 896174
341515 718377
277654 807194
281284 802890
205183 908881
223370 883757
214337 900012
189800 934531
240540 865333
232853 877587
279234 812051
180115 953031
218166 899144
372782 679829
375534 676057
335870 732691
163826 979831
151035 998420
249258 858156
260437 844390
182381 959089
222716 900854
190730 947622
329660 745928
321332 758223
360946 700675
178568 966930
231116 891014
224511 901875
180198 967082
221379 907148
329494 750014
293460 803702
251823 866321
452575 569103
210176 930160
240508 890564
261901 858871
433116 600410
196194 962443
306892 793630
300610 803620
417380 625216
209589 944512
376693 688014
271020 851574
377810 687187
222428 927702
203607 957188
263931 864327
403934 649271
395941 661881
366183 708802
268311 864275
267480 867775
190140 991561
355669 728536
256107 889987
194743 988977
350614 739164
213328 966432
274841 867089
311307 807496
286524 849669
456009 571202
415730 638303
226098 955186
267952 885881
230756 948564
313233 811653
241547 932376
338008 770806
272067 883936
439936 600551
252366 918450
271914 885360
270616 887772
454788 575585
276823 878365
311008 820528
398595 672745
460233 568003
427209 626182
299949 849560
305489 840314
216130 997227
384876 701350
233912 973436
429849 624104
262487 923888
362400 745568
230379 983725
243684 961728
245302 965553
457990 576171
492048 513686
283565 897129
476571 542249
436892 616861
352305 774836
351371 777066
270644 929472
245603 977484
295361 884730
350484 781349
356733 771039
298919 882454
281576 916560
473492 549920
251810 974553
378486 732902
241222 997177
358847 771459
351478 786566
450560 595694
439091 618110
346606 798699
397314 700144
427599 642078
378601 739519
468734 561210
274859 945254
250106 994667
289546 916631
273944 948319
406447 686206
334313 830298
280073 939232
259066 982435
285936 931968
348063 806601
296640 911987
299389 906415
424200 653507
291531 925671
276957 955858
357579 791244
358074 791174
400526 704127
346478 817255
387103 733423
288163 940643
278543 961959
402519 704029
412603 682914
282174 957447
296770 929877
362191 793442
359622 799158
320170 886193
312974 903030
403432 708588
402336 712050
352353 820961
409840 695926
338244 852413
344166 842159
331999 869548
397092 727629
369614 789302
429078 658408
318265 906888
338430 863478
429105 659527
346095 846800
301058 949974
355104 828857
484787 534357
380023 772730
312239 927412
303251 948028
328751 890618
353056 836086
439862 637531
352507 838078
327573 895388
384456 770119
373986 795228
349220 854070
419468 689080
378954 784283
339177 877878
413155 704311
321133 923174
347274 865318
337463 889231
379702 788132
316506 942604
421349 690410
400414 741385
329002 914662
317127 945900
378901 797279
333933 907903
352073 864269
420639 695586
337289 901055
379501 799092
337791 903669
337559 904658
320368 947581
312088 970874
404139 740509
468773 578877
323668 948204
337943 914097
316679 971145
385776 796587
345353 902276
411303 731059
354208 880321
420552 708728
332740 940840
368638 847911
344956 912701
345629 911232
314876 995167
411754 738076
320528 984030
368016 857023
371454 847840
368658 856327
372978 844664
382271 821431
456218 620361
490535 526561
339765 942129
403513 767284
376851 844576
383602 827604
401735 777093
416935 735381
458440 618719
344506 942648
425466 713539
491984 523643
430426 699899
329929 991696
378285 852628
356840 919589
435077 691714
353733 932559
487141 538855
352602 941479
442206 673920
375428 877754
360944 921696
340340 986148
374981 881092
440399 682471
363551 917955
388596 853767
378070 889303
422131 750697
347173 993909
404908 807991
354599 975782
368051 943269
406945 813664
424040 756751
416272 783627
360672 971013
366561 951217
464876 620150
380534 906427
362324 972973
396949 856939
368610 955654
489630 537566
393400 871707
444127 695924
427238 755956
422075 774078
369027 960439
458376 649173
432794 743118
390506 897595
383510 923740
403673 852090
404524 849951
456747 659679
392233 897294
408802 836949
393330 897822
373905 971496
450740 687224
432554 756785
446520 705464
376653 974358
397012 896470
398381 894746
394457 917271
444610 723830
449358 706024
410549 864011
443169 734753
438075 755661
441437 743331
407292 883823
423448 819668
389184 961715
395709 938531
390124 972630
423168 832853
458327 681963
396622 947635
426740 819516
421425 850423
424790 835978
397018 959866
400502 945884
468718 643007
442437 763303
476749 609158
400929 955409
495730 522978
442767 767671
433350 812950
456745 704824
422607 873719
406992 956488
441881 787049
446361 774392
426530 879359
413775 945927
455073 735407
432397 855912
478912 614508
430842 866024
442512 806991
419822 928006
406514 999453
424266 906856
436510 842781
423633 914236
439519 830520
426618 901564
421711 930721
411920 987918
451420 773778
435659 863131
439473 845488
430722 901010
442867 835668
431696 900315
467922 695437
440258 860480
466240 712820
472287 676272
456256 775563
431234 934388
432378 927967
451676 811856
435537 919938
440189 893706
442352 890214
473247 685083
440832 908138
470153 709772
429772 985185
429580 987121
462602 765971
432153 989048
479643 654752
437721 972207
466691 756813
460712 804105
437472 985739
466361 767695
445822 943138
494442 553618
440274 996815
478844 683251
453030 900030
456938 872603
469972 764304
445049 985016
486315 629495
466925 813554
452117 952471
469802 789428
458305 896506
467947 808350
481786 694895
474307 775522
474066 789298
474121 793765
471405 826087
476497 772931
484119 691582
489215 637184
469689 881592
486899 677855
477936 798458
473623 876098
475051 857731
469466 944652
485663 724880
471456 949456
482753 784979
474523 917546
488868 714387
478203 897333
481718 846955
486990 774126
483931 845438
478904 960388
483704 897544
483959 898031
496739 611615
485858 873895
484837 912402
491966 740605
496137 647853
485574 953306
489903 840911
492246 775375
486197 978034
490743 838690
487187 967920
497713 628658
488855 978829
490374 937961
492923 844411
495872 779074
494280 878942
493542 970338
495752 965175
497977 795143
499783 801183
499676 943958
500208 952284
501603 809321
