503238 775713
504130 944660
503555 685707
505414 920924
507022 934846
507050 827478
509158 968065
507364 757804
504500 596280
508384 809493
504064 568901
508611 744981
505192 601508
516141 973136
519476 965700
511446 708897
510744 688727
519497 880968
512560 721275
527065 994242
518104 806550
523396 874519
509143 614683
526058 904371
515006 708358
521987 817352
516959 733619
512959 659590
522064 793594
538691 981313
505509 537838
524643 762968
521485 722479
526314 778185
513524 627845
528038 793322
545323 967523
519832 689017
541740 909668
548775 980860
541897 907988
512999 607267
530632 780425
546110 930421
541297 882631
521649 689413
534057 811001
532890 787118
540698 853962
549170 914647
521713 669475
558388 985678
533597 768711
559697 969722
562734 988962
538411 786175
543292 816155
546029 831178
548549 836918
540983 780052
562026 913205
522450 638754
528427 677741
557095 867262
539368 747616
567448 926928
566053 912450
554880 838964
551583 816751
550615 807444
573003 926885
564233 873215
573199 921039
576738 937702
537689 693970
568393 858354
569140 859088
525264 623748
568677 837233
561462 796734
546073 715320
589428 926558
593351 937851
572935 837404
582192 877050
585084 877821
573812 821181
573809 819789
576610 828292
523576 595089
572498 807485
595056 905519
523168 592603
601629 926819
582026 841271
592213 881151
606748 937938
606731 933704
578517 811225
558257 727686
548834 688361
621554 973454
517484 562468
582072 806291
628071 976567
608257 893341
532606 613510
596503 845628
533119 612425
638555 987156
542660 646222
576514 765600
610391 883356
584021 790121
576429 763132
538654 630332
602100 850015
592043 811395
646954 999722
626727 929546
623771 916650
634846 948157
552400 670373
572469 735419
614274 872249
646635 976479
522499 568770
613409 862340
603533 830099
638119 941778
637395 936988
649701 975231
589605 780675
653735 984584
638786 935690
547736 646906
620528 875782
537981 615353
549689 649229
617274 854221
604549 813243
621604 864287
636956 910445
588517 763315
595430 781121
631682 888391
515675 542738
660097 970326
602187 797295
652147 941616
622733 848621
571982 701411
622341 843230
518226 548224
590775 751877
643954 899434
532071 586101
565022 676399
544564 619771
647150 896731
588588 736215
662947 936913
665495 941441
673197 959273
634871 856476
624576 828635
666536 935451
552173 634385
653237 892675
671087 937598
667988 928464
587265 719072
585538 713304
543376 606293
639212 846306
663813 905290
595977 733188
584965 706137
693013 969317
648476 858798
570325 668099
684627 942936
669880 904394
619897 784230
662241 883683
695892 963559
654384 864571
682249 927818
609497 754370
669705 892853
526237 558377
571218 661460
683848 916915
647275 832769
623219 777020
612125 751607
685400 916509
697778 944193
517009 536658
593608 708939
607237 737605
676110 886916
647477 823665
685780 906371
662461 854548
602371 722700
693262 914571
659078 840943
687246 901206
595524 703836
579508 668887
668043 858449
575575 659802
721201 969316
732622 993236
578103 664389
691281 902332
646237 806901
725441 973514
699375 918407
676053 866744
738055 996203
682620 879198
691520 897150
657601 825735
613759 734251
695320 902783
733837 981016
624104 754502
654422 816740
731927 975914
687693 884898
729863 970321
674814 857200
642292 787626
604726 711341
671535 844085
713418 927284
656246 812162
598303 695876
650357 799640
561996 621074
601626 698601
755268 999247
584895 665343
705614 901377
650898 794144
751172 988775
624008 740668
657851 804328
669511 825946
757796 995062
621595 732760
579335 651269
704191 890418
759752 996270
619656 728043
575146 640285
705677 882550
536380 567051
650030 777749
709557 887879
703503 875854
725804 916694
637275 752814
720248 902881
697441 861013
715773 892738
686532 838289
677523 821405
761408 972745
604243 686652
776337 995225
615979 706782
710652 873256
745798 932241
784658 997905
708914 863794
776517 980015
624773 714583
761249 946810
601721 672759
528735 548695
766429 950699
540074 567131
674113 791006
777290 961339
740377 899688
711435 851285
578503 630253
695698 823503
714116 853541
545004 574287
698381 825551
638118 722527
692637 806305
710406 832014
784097 946690
711967 832774
670141 765669
788976 950853
529833 546823
815414 989297
754836 894591
818482 992595
565106 600934
757424 896000
777222 926020
787104 940855
765652 907616
619180 682444
698206 802129
548038 573500
724154 840189
661008 744288
823689 986881
687006 780789
680351 770620
795586 941725
823226 982075
802782 951582
701650 800508
728703 840752
756583 882111
804186 952859
807792 957057
828959 988119
705414 803648
688659 775697
762690 882194
808013 945374
753003 865859
813084 952081
814404 953869
830118 975815
627201 683076
614808 664922
804967 933324
688514 766642
706737 791907
774929 887177
761131 867107
579837 612653
656063 719434
709407 792964
853631 992841
857729 997015
741949 836222
696132 772551
731847 821454
746938 841950
840000 969917
690985 764233
806021 918447
865413 998923
759100 853088
700907 773787
835279 955524
834640 954614
696481 765822
700669 770130
859123 980373
849286 966642
819029 925747
527436 537435
831201 940224
846752 959677
870862 990981
762358 847368
876370 996598
811587 910122
786446 876691
808107 902390
839521 942910
577034 601214
835500 936819
785091 871002
790682 877761
817099 911119
721305 785866
846983 947223
762462 838392
800519 885380
635390 674107
865502 968092
581930 605493
701046 757063
705354 762362
684350 735281
633978 671267
866712 965285
851071 943838
873574 972204
803545 882497
526883 534953
690055 739525
874417 969623
678864 723208
817050 893649
827493 906042
901227 996595
762642 825039
728430 782575
664716 703153
819648 891820
724551 775065
742300 796389
811976 879756
708708 753546
862711 937603
666572 700214
865773 937242
797471 854921
889816 964561
752131 800309
875966 945834
700302 737410
789045 840511
773856 821437
817636 872583
839874 897647
864222 925588
685311 716974
928843 999433
734758 774018
720636 757397
928578 997988
796786 843206
919238 981467
817311 862577
739719 774144
760435 797147
557530 566187
720639 749333
896470 945813
737877 767612
913885 964225
792667 827674
871577 914563
614750 628829
602842 615190
773339 800172
738699 761684
852802 884309
948694 988075
930690 968530
649275 663276
769288 792636
818377 845624
818574 845552
842245 870683
712516 730787
950320 986947
845142 873446
793005 816329
652784 664346
858229 881988
961314 991045
827429 848202
920303 945802
892837 915976
651213 660288
711261 723141
584653 590437
585948 591772
684169 694151
973342 994832
756439 767819
936718 954805
853462 868202
720243 730042
591017 595754
850095 862901
905205 917888
832018 841762
851345 861227
913578 923182
715305 721157
966306 975409
743418 748706
874681 880621
912760 918946
793587 798350
789143 792874
805971 809806
978579 982263
949257 952712
853116 856156
881547 884292
764648 765841
848662 849443
869649 870155
892042 892178
533938 535683
562193 563752
946996 946062
840802 840363
971923 968175
875126 872500
972183 967058
928591 922725
701041 698651
755132 751170
737736 733855
758208 752602
824179 815399
838742 829163
704933 699692
825671 815868
560105 559887
518930 520156
832111 819245
929424 910890
993273 971132
854578 839160
668023 661727
965047 943687
911693 891869
949603 927656
899762 880200
859716 842232
907309 885184
642118 635709
995067 966222
750159 736497
886923 864599
596579 592461
872321 848840
632204 624821
828641 806710
935385 905442
971283 935617
770063 749240
958089 919207
847112 817429
813518 785923
775836 751735
857702 824183
830346 799537
957009 912901
964352 918107
886095 847885
827989 794770
910815 866796
731298 707293
803108 770906
750484 722370
771949 741009
876606 831672
681703 660365
982835 922261
758089 724835
707681 680362
918747 860863
950847 887630
798861 756940
662636 640857
557387 551215
989955 919575
516602 516407
748651 712318
869495 813026
894348 831912
828331 775458
628033 608755
844236 787210
667407 640583
714176 678449
983136 898225
787114 737340
968727 885575
963033 880290
698560 664403
832061 773121
950540 869643
690425 657199
759282 712780
975766 887160
681668 649326
685777 651825
870385 800162
968954 879270
988409 894586
876265 804170
960131 871385
822706 760479
957786 867857
717982 676287
723079 679123
960948 866337
648469 619699
839279 768363
729619 682097
930528 838355
563920 552376
742471 690171
721945 673586
741011 687144
747591 691364
713573 665125
914199 817456
617586 591973
809439 737653
662913 625942
610171 585989
992130 874556
760776 699423
742925 685609
997384 874883
992012 870698
790642 719571
938584 828746
996784 871947
919426 814332
571029 555431
980488 859096
994774 867406
929495 817597
690563 642129
905641 796429
764853 692304
757041 686207
722720 661078
888340 777903
885102 775005
911679 793206
817234 726060
976911 837070
914179 791026
756847 681329
759726 682611
774499 692374
842086 738575
914857 787507
888345 768523
757038 678620
871135 756443
954775 813323
847454 739710
607361 575638
655771 607736
966187 816292
741135 664679
567762 548119
709946 642693
771576 683663
878065 753823
823238 715682
915363 776147
834819 721986
996904 827475
978119 812938
856475 733438
857911 733517
755434 667294
872601 741413
843004 721961
990307 814327
911223 763462
674866 612724
967248 794827
959861 787410
675170 611284
862825 727100
997383 809003
680742 613838
599025 563622
670431 607107
865656 725787
605752 567262
974765 791040
898483 744058
900670 744237
782285 672927
855815 716606
783735 673192
716003 632508
770187 664898
832093 701664
968857 782945
815370 691299
883636 731352
918129 751687
975022 785062
721028 634271
997028 798077
977648 786334
913013 746753
605791 565444
697532 619237
515152 511952
926430 751838
829589 694619
999288 792817
702253 620326
931575 752945
854897 708384
960844 769412
906251 736597
700016 618058
855981 707666
995747 786912
913573 739870
912220 737641
775268 658313
862771 707209
975010 769663
685192 606484
907877 730330
752918 643511
868281 706647
617493 567897
670072 596480
832677 684356
998239 772026
947318 742070
704554 611964
747691 634497
743641 630900
821376 670880
842117 680109
599295 554469
793814 653162
924142 719378
961736 738412
723061 616688
920317 716086
941404 724523
806622 656918
865379 685524
690653 597774
680117 591972
971276 734281
865617 680812
651928 576952
876704 683539
906315 695982
829842 659460
876377 681375
817276 652107
920312 699883
816147 650980
806495 646329
955963 715080
580446 540399
768769 626725
966890 717210
970476 717690
706847 597430
883578 676681
920001 692979
991875 724125
978041 716513
875939 670749
602401 549015
746252 612902
578469 538310
860742 663336
877777 670638
883983 671761
676294 580761
605873 549855
956552 702822
968554 705986
858689 657347
825854 642781
933506 688553
918396 681997
798087 630620
773214 619206
951770 694118
954218 694490
871620 658689
708624 590212
986355 701000
923082 674428
784145 618244
645351 561421
954786 683474
936684 675576
883759 654197
929311 671237
967557 685799
750574 600987
852739 640350
741238 597077
717330 586824
864868 639773
950420 671601
794123 612950
662857 563921
830285 625069
903405 651650
775139 603360
862273 634869
992557 680729
647657 556406
928999 656071
880708 637439
946250 660164
705682 575259
917714 648444
712862 577118
879842 634097
719922 578918
633516 549119
799769 604866
936361 650899
838265 617750
873859 629063
696680 569604
764280 591559
743767 584691
985818 664816
916613 641284
938058 647842
759804 588210
566726 525443
734788 579615
841296 613621
905296 631705
871939 621179
879465 623055
752463 583055
761721 585338
981129 652686
658831 552350
853151 611074
701173 564679
825857 601549
826043 601182
779245 585138
917051 625105
929744 628766
569146 524020
581938 527680
953663 635069
916579 623636
784685 585680
965489 636582
829307 597781
758513 576542
744169 572351
859763 603451
880595 609053
833528 595407
987983 637623
763089 575677
933278 620955
902494 612294
877101 604879
909703 613468
918849 613382
905135 609158
910070 609970
893207 603295
794071 576800
619311 533559
902883 602441
728903 558328
898361 597927
774564 568216
796105 572782
880439 590856
656139 539718
989230 614685
708651 548484
847125 577422
965256 601929
931646 593232
726483 550731
992415 604671
930708 591500
805633 565988
807288 565372
685362 539836
810441 563450
925773 585199
910909 580719
662237 534144
814945 562137
827586 563862
923221 580874
964582 587660
761431 551170
903145 576389
649226 530911
822170 561082
736826 545927
999801 591303
854855 565695
944065 580467
535753 510396
856637 564682
913975 571139
931616 573972
980088 576689
803577 549499
922317 565087
999729 575617
619663 521262
940142 566039
740303 537942
934419 564831
786030 543970
681646 529259
896621 558380
968675 566655
986433 568293
971353 565061
836538 546393
885587 552378
806851 542238
842017 544288
557261 511044
836829 542104
976288 557077
991435 557230
759372 532190
746969 529566
950612 549287
820855 535027
695248 522735
847150 536879
962114 547579
693236 521527
795991 529923
825921 531916
904991 538057
656013 517390
763413 525809
727978 522782
967229 540827
943452 538963
743771 522835
965474 539347
968830 537014
846369 528247
865118 528985
886630 530026
868931 528161
924951 531241
805688 522519
894332 526727
975114 530477
963714 529721
979999 530091
875002 524158
781422 519031
842897 522111
959776 526338
832617 518183
862988 518571
713514 512727
786369 515106
746187 513397
838205 515814
869930 516664
822790 514845
929182 517073
862374 514873
777273 512403
750969 510990
935194 514936
925500 514314
732891 509835
815557 511163
667429 508130
762917 510012
714848 508523
819822 507912
813324 506991
980286 506413
747659 503946
854730 502679
787913 501359
559667 503841
935054 495198
847719 496935
719143 499621
800533 497164
835100 495757
743107 496229
945662 488704
981013 486275
840021 491602
715298 496384
994110 484406
583511 501096
903491 484705
577599 501004
561915 501630
739354 492028
812145 488009
923278 481598
779972 489268
668127 495459
922319 480980
849764 484087
708169 492279
773940 488234
624169 497361
976475 475549
756765 489098
883800 480215
834559 483154
928220 476505
693594 491582
549422 501473
901402 476262
993341 469545
940967 471813
741367 486013
805301 478744
922706 467083
970184 461635
930240 465189
872327 470321
690991 487116
970198 460689
717687 483883
597196 495589
754351 480103
805112 475037
940070 461652
943294 461062
828828 471691
842253 469981
828568 471090
827648 469661
781180 474300
849376 466690
946731 455700
829019 466379
635842 488508
623517 489571
684009 481757
943085 447375
789406 466417
810426 463187
906511 449890
997356 435466
976931 438105
867081 452908
948992 440790
813611 460174
948302 439303
883239 448820
554141 497091
909250 443628
992845 430035
806455 458352
924672 439642
938649 436754
997868 427333
861852 448388
982204 428375
861542 447424
834024 451626
887440 443046
648719 481014
811442 453345
914545 436141
867569 443459
911009 436026
857987 444572
852406 445295
813524 451214
838891 446741
786718 455262
818503 446992
961607 419248
745304 459382
799514 446966
719988 462286
768103 452533
747046 456348
893484 426034
779156 448430
862077 431315
998442 403182
662669 471854
876860 426832
902581 420543
926681 415216
719832 458710
625311 478605
876714 421998
773126 444798
697252 461148
691818 462137
547607 494571
781924 440249
934642 402016
647553 470341
981667 387219
735958 447459
890273 409252
767972 439301
991304 383910
835242 422238
845022 419540
976050 386200
740824 445146
660449 465007
744014 443808
981558 383370
689531 457396
847851 416578
768554 436039
871402 409393
993580 377736
761715 437494
841719 416569
848028 414098
812280 422084
820211 419152
798666 424612
750857 436844
773741 430488
773607 430001
717845 445129
847242 406323
879814 396550
821602 411642
938793 377234
957737 371583
920418 381297
794986 418146
895689 388199
948364 371031
760462 426739
953624 367534
942903 370325
986312 356860
720698 437660
985571 354801
693064 445679
790975 414758
712905 438191
894301 379581
785819 413154
943471 361809
922772 366972
913345 369608
937612 361268
996195 341618
940729 357628
853389 386228
807936 401295
841306 389738
831372 392379
653087 453314
801184 401531
712517 429833
988915 330705
985049 331909
888456 366291
898480 359241
944894 339967
994890 321242
822133 385383
566501 480964
812763 388418
734696 417583
903680 353195
916012 348066
981133 323086
587094 472699
872075 363400
823577 381212
931804 337545
640355 450384
923043 337483
962616 317742
831434 370091
988264 303409
648658 444118
788073 384670
632259 450233
867462 349609
925747 324668
955808 311679
886579 340896
851299 355057
945361 314468
832326 361675
745209 399232
781267 383522
684861 423904
972895 295831
822945 361563
660344 433440
944123 304719
828725 356956
736938 397967
976350 288410
656755 434433
555445 480725
921726 312720
956267 296293
947404 298304
998769 271383
955064 288410
850916 337085
892533 316905
532347 490351
943800 288040
949290 284422
860546 328142
964169 276587
915587 299254
999077 257336
854223 329076
918376 295456
746643 381075
934866 284865
947413 276784
916792 292287
762980 370965
832272 334893
953427 271872
944278 275298
683655 410352
926266 282650
830856 332393
959350 262927
846660 321864
635693 433907
899949 291710
997504 237998
950675 260283
727880 381745
881320 293839
961484 247497
980372 236875
912437 274372
792410 341791
925056 266239
896007 280226
850397 305839
928936 260870
730173 373887
695216 393557
786686 340239
805722 328209
737214 368073
877047 285754
611597 440578
657658 412619
846359 299920
760123 350896
870300 284813
631017 427902
865815 286958
900162 266209
856781 291911
988078 211579
979742 214607
827307 306804
976245 215015
864441 281764
875019 274940
972404 214153
995118 200007
895007 260791
782185 330337
971871 211762
996160 195243
996640 193333
986807 199309
939086 228188
890697 258536
907372 247223
654697 407651
893829 253642
829677 293887
818711 300875
874542 264141
848763 280380
668515 396208
903955 240897
943339 214726
946542 212032
930066 222242
833980 285634
558843 467666
723677 358362
796506 309595
972786 190705
837460 281132
881983 249537
875735 252178
615477 428398
677564 385297
908242 227106
925605 214719
771741 319719
812750 290696
789552 306334
759197 326461
851420 261313
964230 182200
706716 361262
952618 187311
782625 306977
929829 202077
870131 244128
801832 292077
983136 161094
676187 379430
813267 279042
903737 213007
781531 301950
814624 277603
764894 313816
928276 193194
834494 261516
927278 193111
638422 404425
989834 143732
903550 206043
989667 140468
743673 322666
817402 265828
853515 237964
889688 209217
817783 263900
838561 243926
799675 274080
722987 333138
684501 363020
803248 270079
856087 228660
980111 131084
909647 185889
927121 165405
646812 389285
863908 214794
619062 410465
976249 120051
639194 393876
843135 227761
771363 284942
830762 236300
911359 169953
958721 130592
869943 202792
746242 304513
856044 214078
737146 311542
707292 336049
715504 328864
765019 287728
958338 126422
831385 229096
875765 191499
735647 308771
774454 275902
979375 103023
949259 125615
908770 154235
731269 307062
996083 77073
761934 279399
718456 317197
866822 188032
708855 325184
826621 222170
906100 152691
926222 135021
798258 246631
934155 127011
673575 355184
724084 310354
851147 198276
741851 292924
927929 127450
892543 158093
574286 441197
780360 257355
906222 144555
819293 222046
632032 389283
866066 178086
820348 217480
842295 197087
919856 126566
605321 411602
715524 310955
687367 336443
616160 401234
708366 316957
692561 331080
929417 112057
898654 138917
793114 235445
894522 141103
862757 170422
614814 400760
938326 99787
826236 203760
893001 141312
759180 265441
872996 158893
861591 167803
893781 137207
803877 221584
975540 59922
840301 186684
871713 156619
957559 73663
741625 278127
693903 323306
775147 245322
826957 195634
911561 114909
985557 40675
799227 219221
839731 179833
997022 25748
787809 228515
997086 24750
867126 150386
959803 58450
931000 85439
776261 236955
934288 80817
955792 59655
830490 182434
625909 383184
884117 126353
879265 130428
622928 385272
799587 208846
785921 222360
916950 91212
955729 51213
977966 25054
816585 187866
657741 347589
663205 341697
740773 262342
680062 323517
725907 276591
908295 89316
928629 68298
907378 89145
738211 261899
678583 322415
739075 259431
659370 341431
672623 327157
775069 219068
870511 118695
822546 166325
903632 79797
769798 221580
926041 55235
757808 230548
654758 340750
716423 273524
645552 349578
543902 460030
936823 30834
793024 187835
815431 163145
591459 407201
810107 166352
893220 74701
826562 148049
952868 5453
874864 91907
897354 65522
756147 222452
595021 402022
850351 110299
781414 186262
593638 400800
528469 475447
843496 113473
845338 111010
846860 108851
933851 7663
784675 178128
868836 78988
752904 213774
867891 79646
912075 26606
867971 76821
747629 217760
811783 142522
781383 177106
711400 258901
745669 218256
783329 172880
897494 34638
821797 124781
596326 393258
754130 204535
815817 130522
751523 207309
578390 413990
675888 296721
915784 7727
803408 142796
660576 314604
736034 221696
742559 212459
634589 343140
704622 256723
870126 51525
890226 26673
647422 326124
712571 245216
793165 144743
814860 117610
594763 390453
749804 195837
886695 21006
778755 156824
873656 36491
710480 241936
881585 24013
618794 357089
697059 257073
878308 24728
842391 70583
890800 7636
692806 260894
608604 368244
802497 115796
741451 193743
603953 372772
808618 105024
721783 218185
687237 263322
764959 161262
747067 184238
662801 290730
640190 320718
779215 131823
741457 182020
654319 298778
809155 86194
661871 287316
846319 33967
690422 247397
678328 263173
755116 157281
741292 175581
755756 155225
764011 142408
855576 15249
778582 121892
745429 167250
778436 120613
820164 61512
730215 185363
827300 47423
633451 319878
593578 376321
547874 440427
664838 272868
623920 329698
736336 165789
591096 376471
772976 110008
662826 269883
714330 193390
828366 23929
785505 86229
638533 303523
837457 7862
785796 82759
623076 325415
612106 341707
828363 18627
813502 39758
811996 39988
589050 374224
638857 297997
644753 288913
813743 31430
658293 267971
744888 135187
742437 137852
793112 58137
707344 186533
595258 360961
801823 37102
823741 241
799484 36162
566734 403585
697636 195761
682119 219925
799228 31680
726491 146173
608071 335885
742845 118430
785852 47934
658283 253610
726428 143171
799362 24687
810864 5967
707094 169698
629747 294381
700429 172866
690639 189278
638410 276925
718570 140352
721554 133511
580968 371638
544646 433546
730754 112708
612169 315492
658260 232797
581404 367058
748262 73929
603448 326180
739586 82829
748710 65058
509604 492650
659757 222372
634709 263705
754067 43155
581632 359734
640443 251186
552305 413485
568539 383427
761472 25263
692910 149958
745710 50950
597010 328358
620102 284943
594053 332820
604707 312452
748651 40102
631008 262333
681124 167025
708202 113872
723274 84068
755263 19772
755606 15813
593135 328903
722545 74914
573522 366509
710182 97786
689161 136954
714369 83472
659065 192801
539991 430406
601848 305932
676274 156352
721051 64429
622498 262919
687249 131455
624948 256740
682173 135813
709491 79215
584538 335227
702091 89963
637716 223448
684877 121696
543797 418600
737083 10198
605698 287442
633523 228465
708658 68479
733095 15723
575084 351087
600820 294004
709611 59839
567493 365276
702432 71970
684104 111484
669833 140409
723049 22796
699909 72021
612651 262753
702274 62849
635600 206321
666963 133040
629972 216228
603638 275347
682593 95440
645162 178390
592742 298364
562416 367903
570837 347206
705320 33968
677187 97527
705968 24862
685641 71133
582692 315370
678936 82649
699520 33073
709499 7691
691208 49454
698811 31016
618412 223561
583459 307925
688692 49386
632622 184247
678698 69507
687404 45921
641557 157743
652478 125521
678094 59063
569452 335163
569795 334208
667247 84703
536325 419225
687710 31255
655446 113147
651086 123798
545976 393622
689501 23229
570520 329639
560785 354262
685486 26005
635399 156865
636928 152566
568764 331464
663319 82283
670486 63374
577332 305277
635762 147940
536640 413795
651537 101200
547844 382333
630345 156878
573768 310793
651667 96120
674695 32777
629859 153879
641275 119957
668038 45458
652395 88066
661894 59877
650205 89606
550112 370836
628991 142123
601208 221186
633224 127994
668390 23608
610892 188442
630402 130823
576687 288051
645657 82520
631118 124584
550005 364609
657585 43859
586959 252963
618143 155564
576440 281525
624707 133872
666145 7407
558345 334955
542031 384478
654349 36624
644989 64027
547443 366153
600778 198235
651642 36232
612660 154038
569147 291289
592352 216021
584746 238627
620915 112493
609459 149336
543217 370081
651125 9378
646089 22722
605498 157279
580072 239690
569028 275572
640586 18250
628374 61157
558814 305457
553030 323250
604963 135237
547042 343857
573768 246084
636891 13542
634733 17132
637966 3882
599367 146221
540755 363195
636646 2805
546516 340796
588223 182537
622405 50591
589256 176301
581268 205261
619028 60129
614344 77173
621838 46764
572186 235022
626259 20554
569920 241480
566090 256516
579748 198459
525852 412748
622779 23814
578213 195143
575470 203535
564035 250518
546907 320784
517971 441235
552137 292542
554119 282820
523617 413707
595168 92341
584849 135821
590462 108790
584765 134192
608307 15944
579354 146376
600834 44610
601080 36645
563667 212027
551964 266250
593175 64622
605403 3431
585992 98279
537223 335406
592984 54365
543482 300698
591157 60469
598040 23216
553402 240711
513976 446262
542763 287084
577663 96013
575049 109543
569156 132799
590809 7212
568700 129068
572711 102773
540542 287004
552841 214138
563663 143420
571527 92277
565450 126570
525857 364886
572704 77902
562787 135037
573099 70251
551677 201737
565524 100700
569665 73793
538569 269869
571395 51838
523651 364118
547060 199310
549485 179777
511745 442701
572972 10488
559475 97295
571672 3210
547777 174594
549902 158740
529743 304414
541257 215572
527267 317940
532481 275169
545795 158439
551734 106414
558689 39063
549359 115814
536875 218827
534153 237953
527115 295327
532477 247867
521195 341573
527763 283045
546459 113333
525160 302201
516441 379670
532788 223871
538632 166369
543285 114026
528131 238103
520394 315034
519979 318834
538480 115093
531666 188512
547634 5188
539997 89110
531926 172702
516045 352989
532676 156710
533506 144521
534421 114100
540734 19439
522390 253454
522448 244617
537509 44541
527361 167040
526639 176934
513729 331670
531418 47761
528006 95424
533252 4080
527974 88775
506477 443853
523783 106197
528464 12378
518554 184773
523841 68236
519120 156981
508830 367797
516827 157487
521651 9908
518551 90068
508282 342200
518133 42426
513240 171223
513314 149840
512708 80628
509937 150948
506874 246932
504000 376341
504306 25021
503505 188518
502816 124498
502094 88877
499362 80902
500505 228059
499383 203862
496247 38009
498990 239362
497625 242431
492826 91783
490540 4292
491951 96771
492107 174591
487368 42533
486141 39550
485406 24253
488692 137751
498683 401489
482864 41867
487974 190792
486741 176881
479743 43605
484177 143196
477611 28302
481901 118720
476987 44416
491719 323737
476880 83415
493590 358548
481237 173695
470334 10653
483859 218824
475043 124221
490757 341577
478894 184730
468823 50969
468861 54109
468837 77839
476000 170794
477722 204909
470189 120782
463351 40614
481481 258101
480713 253445
465083 78073
463228 67760
460303 39883
462370 62478
487254 336594
459176 39904
482436 289816
454213 23170
460331 83806
476651 248499
465390 141918
494756 428172
460970 108955
449550 11981
452970 60013
454880 89840
449285 43103
461211 159382
443826 48396
443433 47346
463968 210291
460224 185342
436935 32685
442267 90302
430330 17791
448040 140232
437291 68934
470300 288976
437339 82505
480499 361027
427355 27799
471576 308763
440358 121060
444171 147921
434041 101304
462273 267964
432604 98296
477513 362695
447451 194546
412976 2995
480580 383462
446862 204465
466230 308520
407865 2135
422269 79642
444251 199009
437104 163841
405270 4592
410939 35075
457988 281113
434642 169190
469442 340511
472795 359828
421246 112943
415497 107514
390991 3341
405317 69274
423985 161662
441335 237213
395409 38281
416060 134967
501281 498144
460864 329769
494567 470550
463404 342118
433804 220301
420418 167387
461861 337942
408171 128598
441142 260079
476109 400443
464879 357833
384940 53024
428137 218698
374814 14763
373621 11915
385883 63203
368103 699
439008 270342
378170 54318
387454 91579
393514 119964
462571 362989
476625 412493
400590 146286
358804 811
403010 160674
477866 418825
357759 8602
472548 401882
407796 183964
364554 40046
359994 29074
408249 192692
401501 171613
441699 304445
360092 37385
370380 73823
414096 218362
469676 397733
378235 105728
419912 239492
350711 23964
422990 255026
407289 216260
371380 108537
353721 56795
339910 15989
403387 210715
342790 32770
479676 436778
457480 371781
347943 51420
339689 30086
404268 218383
375769 138548
333943 19370
455527 368984
392283 190841
335450 30377
405293 230079
395783 203890
405908 233531
434905 315625
366448 127024
339933 56204
339889 60471
485526 457840
426119 297356
469982 415958
355801 112800
409202 259696
338589 89751
315485 34144
390123 222882
397022 240305
318281 43751
461403 402557
443010 358355
329928 82450
366330 173201
364409 168814
331522 90053
375664 197220
328769 84385
323205 74091
329531 94669
319938 72001
365758 183907
366044 185099
459091 402632
424708 322519
420426 312562
366318 186670
351543 155280
369796 197656
373903 207997
299140 36964
402665 274764
403924 280516
335427 130758
310720 86812
460094 411990
297464 59668
328826 129916
275601 15602
376039 235637
460082 415146
281549 41376
399915 289478
360697 208303
303235 89391
296001 77198
327465 146582
376600 247017
373191 240223
354313 202682
422717 342151
417038 330850
261315 17121
310116 115821
390776 279180
397567 294435
447900 395624
288692 80722
371507 245660
315285 139824
371218 248846
345790 200949
402336 312039
264121 47960
393907 299104
293373 111820
300366 126558
368340 253626
237156 8729
433107 374676
352001 224216
345406 212099
478906 460326
253015 47022
272145 85183
287717 117888
367074 262057
366060 260735
289965 126542
298957 143043
386921 300451
259234 77403
272984 102358
415232 351733
322356 189833
233795 36854
453142 418481
220628 16848
289791 138462
368559 273897
303814 164864
466405 442944
241811 62045
289655 145214
270234 113531
229588 45796
254778 88128
286435 143499
439284 398803
302745 174892
336314 230528
334941 228891
272879 128079
341340 240280
321735 208713
438815 400218
368553 286886
377988 302241
260103 111558
378831 304324
221449 50072
449825 419303
332908 231883
248397 96504
360895 277170
223725 58199
210745 38518
417208 368115
241626 88709
220400 57465
199350 24693
322102 220948
281295 160233
287779 170472
320846 222218
229939 81972
184946 15795
182214 13859
308621 208429
450070 424393
298637 194112
297076 193478
407281 360694
200447 55372
179140 24194
329832 249874
240262 118445
194190 52196
450282 427864
455698 435817
341661 269330
319718 237921
254661 144224
246216 133601
293325 202162
276481 178189
161600 12681
153110 726
165785 19448
171254 28573
316251 237046
456964 439311
190940 60638
278348 187374
198676 76642
211724 95924
283424 196717
201081 81284
165491 32445
184864 60144
256300 161097
159734 26504
181875 59466
317503 247826
311722 240534
397238 358975
415862 384776
241374 144538
207634 99036
281919 201552
332608 271242
246029 152495
264354 177633
280975 201115
170409 51469
285088 208412
282915 209333
199600 98939
242591 158535
253170 174464
473827 466486
255880 179900
275019 207715
261698 190672
191487 99881
148191 43745
361257 321239
352062 309364
213400 130564
402913 375622
371606 335545
325015 276918
197847 114965
135613 36583
261964 198237
165274 77307
205122 128607
370331 337580
253742 191000
188642 109560
308043 260309
197633 121829
211251 140534
179533 102283
231120 166545
145431 60039
148232 64012
203062 132932
96745 1835
140895 60141
286787 239798
278736 230600
397314 375724
125256 43694
326078 290314
132606 56208
89746 4781
289454 246686
115069 36984
237544 185223
139807 69659
84317 6046
414691 399851
273069 232192
351597 325912
326183 297137
276899 239954
176086 122444
125267 63873
110243 46570
71607 5515
159403 107337
274871 241698
292629 262236
272514 239042
177137 130512
311069 285382
320646 296609
240633 205798
454985 450296
298005 271660
135129 86565
333549 312726
70292 15087
254374 223638
324483 303889
112163 65531
394464 383057
164887 125591
240814 211074
116412 76757
288456 267382
264575 241518
99135 60424
167540 136479
222636 197017
153192 121101
328494 314446
73253 36659
59147 23058
191968 168000
180732 156158
234325 214192
66062 32152
200394 178409
45285 12112
64017 33017
381992 375077
485922 486636
119373 96058
252646 239286
78580 54948
40113 14377
211264 197324
35047 11590
31390 8216
251570 240212
138872 122479
121946 104908
264638 254927
84872 66726
438213 437085
392333 389054
375660 371804
45587 26796
261483 253319
67946 52673
194756 185965
75586 63578
127147 117547
109317 99579
239528 234240
134966 126926
15869 6082
165448 161115
88875 83814
328910 328239
321343 321068
16230 12841
311508 311643
225151 224964
316623 317146
348181 349007
5332 4769
39623 40890
137088 139050
240535 242538
150865 153006
211263 214964
178243 182858
285859 290333
59359 68183
103652 112479
32919 43074
128943 138687
329063 334619
163398 173683
39107 52709
345711 351707
198131 208488
171053 182198
327465 334534
567 18487
223222 234333
44782 62544
18909 38005
236821 248233
316181 324780
489741 492140
32413 51773
240448 252512
151649 167303
71150 90129
405361 411171
84675 104017
349087 357442
212930 227632
192583 208320
308512 319115
46466 72043
212839 230268
334824 346267
190881 210771
264452 280180
110934 135672
248861 266937
261984 280158
39763 78594
290306 309551
268454 289792
95447 132285
28485 71499
84287 122881
49876 92534
293227 314220
74242 117928
4113 57175
46876 96397
115268 158542
194091 229094
164469 203561
50248 103882
27156 85552
302999 329476
239971 274505
211389 249978
36647 97849
365846 385340
221546 260651
226994 265650
251373 288976
348185 372980
154608 210125
150105 206886
308591 341235
107776 173821
75327 147025
48518 125000
125290 189210
292203 328971
379434 401787
84282 155964
366310 391175
96279 166720
183373 240307
204556 258590
208263 262010
173474 234362
78121 156271
22907 111184
104966 178824
56380 142324
298694 339147
84500 166198
208538 266690
215857 272624
247077 298087
210822 268857
129868 203799
210460 269432
200654 261672
287993 332883
151845 224109
22524 121015
276026 325293
200256 266081
44874 143627
482083 488407
133930 214267
99338 187182
213614 277346
228283 288904
34023 137070
94914 184987
301667 347357
164437 241690
189100 262084
21740 132667
12153 125770
249983 309731
361806 395995
118128 211380
472766 482091
161159 247731
248043 313797
44554 163375
294012 349354
48596 166851
103575 208458
176589 262945
251417 318600
142086 238295
6742 139754
265553 330189
478284 486702
233898 307219
287338 346706
102054 211004
261165 327921
110082 218320
46768 173178
129707 234516
242309 316071
357517 399811
215111 297883
96773 213501
175876 270303
436489 457290
179700 274315
185710 278794
27070 165982
77340 202266
99395 219325
216733 302767
121154 235543
149283 258580
26764 173346
64084 199869
232227 316917
62373 202242
44155 192325
105223 236387
102995 235658
47673 199510
305495 372633
131674 257580
12337 178196
222508 319398
370098 417041
110637 245576
36824 198749
397071 435334
252594 340651
101718 242343
20590 189696
151963 275795
351876 406877
143212 271667
368174 417517
384743 428351
100197 245021
137672 271046
34808 206930
36919 208312
102259 249926
219674 325730
82193 239561
88604 243818
101070 251676
184140 304397
112630 260361
29356 208720
350093 409422
12416 202972
158531 292941
67085 237037
104083 260498
117822 269217
302587 382549
148144 288523
92800 255268
11627 206566
481617 491883
31216 218978
168017 304649
133483 284011
101994 266511
26469 223213
349665 414467
424093 458560
96393 266467
125857 284109
436929 466207
151115 299166
199889 329231
138870 296075
175424 318467
184364 323939
311179 396531
48725 248529
64242 257289
41701 246109
152677 308543
249847 363112
454300 477623
66190 260737
110077 289147
275872 380188
127536 298995
35831 249882
191875 335435
159603 318329
59811 265399
46862 259720
3398 236470
11549 242554
28862 251882
296885 395009
54786 266326
69494 275505
111544 298572
257519 376161
407430 454898
349345 424696
45817 267062
316460 407945
177223 336872
188431 344794
42311 270591
94518 297467
198006 350282
208358 355866
287124 396275
274729 390326
64931 285720
226958 366812
327714 417248
83827 295705
89892 299558
154521 332212
41798 276659
403213 455761
137282 325743
347204 428621
283795 397719
77276 297762
118511 318116
25748 273319
300301 407683
44072 288101
118335 323395
163705 345246
293598 406517
9411 274726
301241 410863
291641 407477
23627 286362
350377 435380
75992 310949
173832 356973
69329 311386
250016 392289
266841 399964
114089 333977
321436 425429
153608 352108
113421 335151
27192 297927
22692 296526
249938 397425
339485 435765
413639 467543
110267 343222
91366 336058
354981 444676
32842 315137
213747 388972
149961 363621
185979 378354
78841 335751
165600 370356
112874 349582
148630 364399
62085 330106
7904 308646
329240 436291
256991 407962
333937 438525
102528 347927
320983 433621
56262 330333
71452 336521
179278 379480
24477 320777
115996 358275
241565 407250
260840 414498
79585 348247
213152 398336
451492 485937
375119 458206
34858 334184
139674 372493
95034 357072
48173 340244
136253 372619
110672 365818
39900 342240
97341 363552
64384 359001
351400 455252
48019 356415
72611 364954
71337 366033
240320 420589
233763 419053
327351 449052
13556 350568
269288 431558
38153 360577
20139 360623
47526 369418
448196 488678
377087 467844
336248 456769
108030 391162
20684 368030
421179 481688
98128 390621
51270 377569
184957 415574
154216 407003
327968 456387
154849 411513
251143 437876
310 372546
413730 481964
35400 386248
10623 380298
5173 380183
65090 395716
359 381304
381923 475130
247267 443179
112854 411052
462277 495390
325062 463893
276963 452869
133768 422406
68745 408055
163096 430451
441562 491534
145233 427523
133879 425977
34020 405482
161179 432426
220573 445096
147589 430144
262433 455424
371750 478239
158182 435275
277649 459512
171144 438730
63895 418414
189276 443270
4751 407239
263257 457900
449090 494526
150074 439257
432879 491867
363247 479086
181893 446067
9227 416548
50516 430316
372040 484325
240419 464864
279763 470923
74803 439827
233920 464068
80314 441057
210727 461228
139783 451238
315008 477119
219494 464386
199321 463222
232590 467924
31423 442142
243552 470369
12882 440254
99085 452250
19530 442323
268416 474500
163282 461694
140885 459677
150816 461231
79817 452657
116978 458264
131970 461733
195308 469200
279017 479330
102318 459549
6703 450496
143343 465702
39041 456679
214089 476052
92327 464937
276965 483375
52694 462277
305288 486875
193286 477044
388492 494616
98556 469063
182304 476931
192096 477803
234267 481742
105425 475140
137081 477984
64987 473458
174729 482045
32618 473162
395802 497824
345668 494640
316099 493393
315916 493573
138738 486142
33418 483941
170852 490616
101477 488942
103411 489046
116026 489605
330301 498558
85108 489850
111958 491511
147641 493732
117843 493026
251708 497640
214731 497101
120093 495267
309898 500228
87539 499541
76039 500499
198853 503361
116518 503758
102593 504459
234977 505413
220654 505969
189272 507285
365767 505967
286683 508031
23552 513446
193122 510639
27861 514824
231302 510848
372358 507784
162629 512708
57948 515792
227901 513303
121938 517667
178873 515813
69506 520516
201146 516147
270494 513581
157265 518414
109652 520659
63071 524302
333692 512389
248396 516522
389413 510262
153268 521741
133198 523639
105606 525082
192663 520853
319718 514526
151877 523934
457115 507305
72547 530141
249446 519899
87497 530185
235698 521958
82215 532829
149486 529053
262893 521422
141164 530166
215972 525709
261829 523023
43557 540315
120252 534581
15968 542867
246993 525473
183725 530592
327 545482
462229 508139
114578 537684
87891 539947
57334 543192
224129 529430
302913 522550
24397 549433
110564 541801
41562 548755
24342 550961
265041 527967
66228 549919
140350 546037
69319 554846
95864 551797
127392 550211
22084 563548
127395 550759
137396 550891
198928 543893
452199 511506
249669 538495
292854 533487
98562 560194
61109 565345
27082 571005
119592 558193
202396 547047
40154 570095
15512 574017
133085 557407
27970 573369
306040 533414
145301 557616
31808 574654
164228 555015
114438 562646
193200 550931
200441 550667
382920 523039
4852 583449
195700 553345
359934 527574
156434 561548
302325 538099
104635 572779
28378 586336
81675 577761
235098 551626
131062 570606
148106 568321
44416 587261
73159 583259
86557 583168
233982 556838
374704 529877
157253 573906
259605 553889
55447 595772
66390 594989
113338 585363
160830 576439
35512 603024
366961 533667
8256 611127
244508 560431
299095 550487
222244 568020
305934 549742
58662 608891
155823 586997
213406 573638
344507 543018
13457 625729
116883 602891
219454 577168
24235 629246
207060 582061
147977 597878
44010 627486
217879 581242
85607 616941
24084 635798
163937 598571
73274 623978
50399 630739
93112 619189
188083 594108
173148 598465
132619 610077
28351 640246
342343 550739
259843 574641
21220 643309
103292 620499
307382 561949
331599 555013
7192 650516
394234 536726
375381 542330
87819 627366
2651 653647
177227 602218
39663 645832
387442 540034
49724 644275
111228 627608
43960 649736
76349 640062
216479 596883
37615 657908
129878 627728
24331 662654
211795 601312
405366 537114
94651 641035
30653 663589
196022 609028
222935 600599
307181 571845
86186 648498
206586 607093
300761 575513
257527 590727
293613 578876
218099 605635
220142 605505
105569 648266
202097 613504
81480 657766
183717 620701
221078 607448
92281 655287
281911 587072
243634 601331
87755 660639
143951 641271
98754 658483
312603 577253
28117 686149
277932 591115
70077 672683
208459 619881
205550 621198
183077 631470
174720 635614
248137 606538
323218 576783
287100 592333
131045 656186
276049 598493
401192 546915
127452 660494
259401 605875
82707 679407
98205 673229
70678 685076
276529 599388
117611 666211
48042 695676
80993 681992
14093 710801
23630 707643
134535 661295
315923 584744
201017 634103
465889 521331
375678 562191
161854 659411
314734 590457
171961 657659
235773 628399
26581 725520
210639 640667
140782 673896
286310 607429
74359 710614
22698 736301
245541 629181
111389 694441
213122 645595
22745 740654
229729 639384
54620 726160
112602 698561
93344 708935
182318 665320
128168 692625
310470 601360
248367 633233
254187 630526
375414 569834
115642 702900
51171 736139
73063 725027
137350 692406
314646 602054
253427 634476
102948 713008
24565 755659
103528 715682
228902 650266
172528 680261
17772 767139
198380 669660
65831 744350
289063 622167
56623 750023
84552 734870
188869 678146
450683 533681
164960 692468
302818 616261
70852 746163
203419 672754
45876 761375
132114 713757
210413 669710
305526 616162
48950 761259
277432 633362
4004 790032
52159 763112
250219 649822
32059 775843
136027 716020
2875 793366
373198 579790
21 795994
21299 784842
363926 585762
100187 740711
45127 773000
200340 682100
9596 794210
115168 734111
78580 758023
261410 649769
160224 711177
449971 536886
87395 757453
124833 734865
487319 514245
1703 810602
78194 764287
263013 651381
86573 759659
50600 782181
17582 802442
82265 764390
67246 774204
199021 692997
315499 621480
124590 742025
46768 793452
10192 817474
10121 819027
6147 821868
230793 678795
3689 824908
20779 814250
318924 623035
5758 824927
464278 529660
218502 688175
42338 804048
398679 572569
54989 798031
1332 833901
16178 824516
35227 812852
102704 768613
69799 791961
139071 746286
66321 794666
58755 800480
148359 741246
160815 733631
163004 733148
318767 628546
138033 751615
92822 782324
190840 716116
102315 777201
254394 675356
65763 806421
171735 733410
186450 723571
126504 765358
71247 803776
55290 815258
158592 744411
68926 807335
250489 681519
450284 541681
208460 711508
159323 746680
142857 758890
11134 852624
14220 852017
112074 784437
179483 736265
97673 795635
109940 787129
370027 600278
237445 696638
60830 826596
103761 796551
255408 686137
149029 764499
43832 841780
302737 651973
40831 845319
238310 700449
114176 792428
204115 726636
44664 846830
117132 792944
5696 876326
165331 757652
22498 866078
24127 864962
116214 796470
91380 815369
193113 738888
83826 821824
62441 838784
59625 840983
111088 803669
94406 816859
382413 596967
17353 877823
137203 785991
195042 742541
469027 531100
85695 829724
86804 829326
144828 784279
234925 714599
252639 701906
367662 611823
112710 814173
442733 552878
74294 849376
118102 815052
165751 777096
419792 572403
14945 903662
133619 806674
79447 851298
373808 610555
335284 642500
57087 873718
201593 755489
7061 917653
35818 893740
232936 730555
388951 600625
365364 620902
11851 920001
32023 903698
245758 723034
411925 581986
63094 880341
347732 637329
45712 895503
108122 842331
7522 929248
78919 868542
373367 616258
63289 883678
194237 771424
297033 684002
196210 772166
266777 710808
70711 883157
332673 653999
36870 913840
117111 843565
101209 857615
12158 935882
370998 620765
110665 852939
48359 908280
214457 761441
158700 811465
414382 584769
217581 764056
376455 620136
380680 616396
26477 940256
182131 798336
283354 705935
172871 807897
73328 902454
424599 577252
50872 923958
169679 813879
166380 819677
117636 867248
140305 846405
311518 685126
277375 718657
39043 946668
448756 556397
136794 855443
39246 948990
31373 956671
37156 952385
150016 843919
78646 913063
84909 909376
335801 667032
71055 924418
95894 900306
392195 612349
72973 923327
85297 911895
134166 864260
259599 742292
71117 927287
95725 903741
58204 941925
266839 737018
32729 968343
331350 673931
196111 808375
41465 961506
21569 981410
414221 592784
260244 745678
36231 968958
63682 942202
162386 846238
429929 578043
54928 955347
392212 616259
135601 875439
448681 559492
119481 893212
383862 625550
353766 656162
254302 757307
287184 724273
80743 934644
271084 741162
392119 618039
69149 949826
160276 856472
90650 928595
85128 934509
46845 973993
118709 900272
269744 744890
204263 813774
134615 887786
89275 938150
162872 862199
100993 927355
252080 769533
226405 797628
80158 954002
130552 900513
49296 987082
379721 636189
209079 819101
309304 711963
70381 967811
225552 802111
190592 840428
370514 647388
162149 872099
222896 806641
87131 954673
169476 866970
290373 735640
286388 740656
202312 833662
71312 977157
115936 929552
141665 901516
172465 868496
192117 847244
68066 984289
228760 808502
248306 787491
262110 772703
91209 964975
191932 853921
323089 706831
177568 870952
306535 725852
285996 750648
153307 901334
247101 795176
99499 963118
189828 860999
261870 779033
151937 904282
216874 832168
87748 983075
164250 894975
408921 613074
101458 968410
402954 620194
414092 607699
242458 807988
206476 851095
347544 686597
414508 609052
142421 930563
150385 921203
302522 742378
263076 789278
239219 818008
362087 672476
163654 909126
260987 794412
272141 782899
325847 718266
191368 881141
133376 951647
114321 976329
186963 889789
310179 740661
101167 998949
441959 579736
290790 765937
285964 772639
199633 879279
305458 748770
122996 976598
236803 835720
284824 776177
209365 870263
314231 739972
312036 742808
182562 905601
241326 834325
197562 893961
360773 686063
447153 576165
143440 969555
246167 837753
397536 642957
174976 935179
266259 816752
271315 811033
217079 882849
280426 799456
378683 670159
335264 728084
236466 860550
266487 821426
212424 893875
149423 979544
228087 874234
324138 745372
150122 980362
205109 906618
444387 583696
207939 902823
281822 805576
244246 858077
424245 612218
146509 998748
154877 989569
226236 890502
436176 598397
215178 908966
234785 881811
208625 920982
244078 875614
293751 805768
161793 997087
255839 861433
253182 868200
224948 911201
294552 811172
388707 672908
269233 853029
196907 961169
177976 990482
440860 598123
272396 852528
352225 732160
199119 965447
323984 777082
252142 887191
249032 891948
301970 811489
200712 966119
468378 557598
234732 917518
220304 940157
198734 982284
204329 974780
208899 968080
377099 703726
244746 913851
209689 970516
371993 713368
268052 879324
408758 655441
311549 811536
202069 987802
303682 826391
325628 791065
204602 991979
281913 867383
325870 795391
271244 885368
229574 955635
266988 894548
303486 835313
298600 845036
347791 764638
226790 968168
355993 751414
383649 705139
398319 680856
209646 999079
311681 830489
329590 800204
381822 711195
320362 817195
217505 995556
381088 716655
224902 990398
395196 693020
384511 713358
251040 950525
419434 653338
226712 997422
249497 956847
245517 964553
245054 965395
346850 783854
251198 956648
288174 893349
243090 977037
393268 704392
447300 606044
303945 869956
277192 920556
249522 975868
454794 594275
336458 821037
372788 756497
393078 717453
348831 805034
297508 905106
430896 645272
259119 981147
429438 648384
398228 709461
397642 711064
261061 980653
271262 962389
380193 747331
346087 817113
288956 933212
300043 912011
326219 860938
307758 899862
267656 985484
482897 545907
304282 915790
422261 671777
337244 849006
398373 722018
405303 708605
273406 984394
396284 728139
385155 754899
276377 986907
448591 620923
368103 794612
389201 750703
309245 924428
277003 995390
438570 644441
472453 570892
288242 972262
328442 887389
292749 968628
284780 986601
297296 960393
322575 908188
494044 524511
460542 600085
325618 904915
324497 908189
315533 931130
432544 666132
390322 764323
291329 992932
465464 591406
420087 697319
367675 825278
330911 914992
301944 986405
318844 947724
343263 891593
393837 769998
350932 874973
392136 778697
347629 891685
370032 841051
371663 837333
458835 616704
393919 781802
341624 920978
428081 699712
317488 988847
354233 898946
381641 827431
336654 948120
339669 940325
333338 957478
366102 883455
345506 942410
483744 558235
425845 720738
331403 993040
350325 939526
428557 717378
363091 905344
364289 905366
370004 889007
412693 766481
405608 787062
359822 921085
415185 763602
336939 994911
374460 885403
348580 969687
355240 950931
457458 644060
431511 726954
425125 750523
441388 699412
348465 995243
365759 946371
361689 959860
392258 866489
363595 961097
416887 786725
361114 977547
411051 811857
417267 794466
383116 911012
398392 865116
362132 997205
370214 971429
470828 617622
366557 989919
366689 989569
432896 754786
365135 999794
453670 687671
480823 586779
390090 927974
442984 730087
404523 876316
464107 651747
451034 705565
383933 968487
433059 777021
436705 763174
406082 885885
412824 863420
458997 680570
389777 957986
394251 950345
427698 813400
474370 622715
398810 935728
422735 837234
407689 901609
466508 657718
421074 854043
427543 828308
417548 874588
397846 961934
468533 654315
425214 845302
395477 981920
414570 899143
405490 945956
439524 796741
426156 860395
454998 728115
401917 983714
404499 971538
438536 818704
420383 908026
416363 929705
446403 782963
462640 705505
457756 730502
414493 948186
451544 766649
411931 969806
411113 974019
466695 689895
452199 768449
440568 831473
465957 699919
436682 856695
419628 957802
416870 974356
443037 844695
434906 895316
436575 887235
436018 903841
445326 853626
468638 713458
449621 835069
429150 967677
448653 847502
491409 577679
454939 818621
463804 761571
476949 675729
480901 649747
445524 885031
454710 824598
454321 828537
450732 858537
442217 916762
470450 731879
435067 988697
467555 757188
445976 922145
492690 579869
474772 717724
476983 701428
461473 822351
476849 709638
442662 989773
458699 861753
452336 917948
458465 868042
449058 946921
458058 877303
447443 966968
460087 861795
457045 894970
455092 922659
467632 852928
460320 945915
467172 876124
462536 930433
478724 762994
461465 958731
469791 867619
458569 991836
462323 956553
481748 743306
481159 775068
474261 889410
492887 646682
478720 864884
475597 914818
478332 879025
481737 843322
473349 996405
479170 900856
479093 908849
475426 985316
478571 959689
490107 770701
483486 977235
485613 965678
490415 842737
491329 818951
492930 784450
489890 955283
491989 935393
501450 569203
500084 683427
498325 815637
496681 942337
497644 876215
500086 728072
497194 964291
498132 889847
499147 821176
501908 676739
501581 970176
501909 859041
502126 877067
