501821 971908
501639 854922
501985 857987
503023 983428
500141 538819
503688 992291
503435 918870
501993 704182
506124 939442
507433 953675
502824 652783
511595 993368
510375 932431
506380 762531
514887 977513
507156 714898
509250 774085
517258 998526
513455 875400
515154 908735
519041 980952
501601 539903
518315 932720
517473 889491
507473 662910
515771 834567
506832 644370
506272 632109
518145 871682
519713 902773
521209 930877
522936 956383
515043 790605
513465 759871
526080 987900
517431 819945
520298 862134
524526 922970
510305 672588
527764 915383
537364 997830
536027 978869
527659 865346
526599 833409
537588 960846
528830 845407
510580 624970
529391 848194
538786 953032
542885 993992
514477 661212
543679 986620
517283 690751
527895 808099
523994 762203
544479 961603
509707 597269
519815 691413
515746 649509
549505 971773
517652 665887
523187 717310
552554 991917
539689 861529
545451 910911
545942 913284
526879 738151
550085 942093
543235 873034
527586 736595
529808 748598
553746 945505
547716 892232
508191 565329
537719 805939
535114 784377
559948 976453
551248 902961
547392 858879
551100 885603
558409 934700
521829 658177
559231 932129
550974 869432
551130 866846
562061 944067
523704 667106
509221 562620
567715 970274
566497 960558
519941 632298
570198 971554
565761 928083
577009 999641
530861 696273
568800 940719
544382 782304
572623 962581
545134 785906
566877 911776
574679 954822
555818 838893
555363 829479
542276 750267
573722 922480
534080 692319
522011 619620
532164 675074
562766 840217
536509 693502
558971 811878
582464 936724
533420 673632
542570 721408
565634 842702
578596 904718
549524 745113
573358 862697
588576 935196
556131 772955
565869 806662
599774 963863
584406 891559
543380 697465
592053 921323
601719 960558
601312 954634
595800 928972
575338 836219
556863 751807
562648 775711
572031 815907
584193 869175
597539 922435
568107 793556
561501 758894
610733 965363
572987 801400
610662 954060
566398 763368
620295 979540
621325 982232
584485 833179
620906 976233
571081 776982
531266 619469
559074 727643
513418 549244
619177 960108
622080 968081
611162 925628
617576 949441
545852 671147
552462 696169
525473 592770
626548 968921
617757 934396
533412 619314
590761 825881
630258 967952
545472 661228
616763 912971
634267 969355
603635 861245
622782 922510
588418 799245
629324 937650
616727 894652
567708 723739
612505 872538
540018 630390
638723 952816
574095 738544
583295 767115
529037 590763
575898 735104
621133 876375
626915 894184
654352 978940
603377 817567
591871 780810
640226 927974
610126 834235
622307 871130
638785 917763
617208 840715
661558 958194
594001 765177
565860 684531
614638 823359
607433 801397
630775 867305
593967 762967
651792 925957
609554 806112
665138 955942
660588 942596
576035 707413
640252 885163
575318 705327
551793 639099
614227 806649
619128 817476
622304 822122
543265 611732
643076 876695
614192 798976
672374 952428
663765 928060
524655 561594
604603 770370
661565 915860
685119 975220
643283 863159
586847 718852
626863 820491
612461 782593
627439 817690
670501 925834
635423 836866
678596 943159
681007 948234
629381 817752
661181 895341
558562 640985
610183 766987
684544 948067
661573 889859
702159 987746
559502 640426
633755 818928
684446 937965
683670 935573
694361 956532
605955 746553
695972 955842
657468 865302
620572 777136
699545 957437
613469 757469
613078 754687
664913 868665
555686 622322
587247 691718
660153 852341
622757 768371
717072 976816
671830 876193
689784 915745
526746 555734
619742 760526
698731 929157
604650 724108
639849 800141
676638 878912
697063 921978
623301 762756
694005 914023
714816 958587
681526 883804
670697 859891
604309 717002
612908 735010
686112 885718
641268 791080
619911 746367
740755 996898
740424 994907
541981 583696
691074 887240
629117 759673
571049 641193
644085 789061
511270 519624
704100 910397
693328 887271
651273 801978
730065 959648
658887 815735
659363 814962
727237 950161
728341 948522
663272 819699
680625 853091
738562 967231
659276 810638
672032 835388
755642 999330
602779 698141
689961 867659
745118 974725
723325 929345
634717 757093
662448 810291
746850 972839
721650 923461
575972 641383
737703 948220
672601 823609
671788 821305
750778 970484
587040 660545
569928 628021
677586 829278
592160 667911
728812 921369
580119 644618
595196 672331
739909 938634
689399 844697
676049 817268
770224 986319
754370 957086
684278 829280
684339 828747
757960 961119
590309 658911
590955 659566
579607 638560
570615 621969
717485 878709
740786 918833
739355 913310
638408 736726
708102 856436
784778 988774
756704 939135
675118 798244
583096 639189
672727 791789
579962 632849
669571 784398
689891 818833
671464 785019
610016 680986
692201 818323
704112 837044
595007 654462
723265 866185
729817 876326
692737 814456
743531 892220
738345 880191
763210 919368
795074 968779
753701 902167
644384 726948
694110 802573
764641 912076
778689 932866
665530 754753
627647 695513
707445 819718
787793 943122
781745 931220
706234 813974
548583 570883
735574 856338
565503 596642
626882 690290
810792 967778
783667 924922
577419 612764
730461 842077
755542 878478
833683 993924
583975 621338
676453 757592
799604 939075
564385 591114
838776 991096
833228 982378
707700 798689
623309 674916
841546 988564
558094 580016
664385 732159
812886 944676
582042 614138
664213 731352
587023 621014
712395 799833
606225 648142
821804 955478
746173 846784
816024 945255
813431 941241
683683 757090
810189 936156
720141 807372
835211 967793
610623 651856
838673 971062
698061 772438
686303 755496
757608 854500
695238 767212
800220 906397
565436 585908
599660 632131
823190 935675
660351 714147
540892 552063
782112 877536
546896 559976
787941 885035
816662 923743
814430 920717
854365 974270
836315 948696
809194 903690
806793 898753
710422 772222
679283 730617
859596 965683
735631 802739
750035 821420
684479 736096
779310 857623
721759 782414
590053 612593
626028 658336
824543 912577
790130 867499
658789 698963
715838 770489
891544 992113
784357 855407
640448 673845
756110 819438
658104 695743
854758 943365
831256 913333
898569 993834
726309 778491
800218 869357
836381 914099
656135 689687
882719 969763
764859 823974
785588 849413
789647 854195
839676 915716
738672 790941
667362 702168
846860 922124
731355 780282
681311 717387
861624 935918
706578 745885
688660 724193
763440 814066
582507 596044
901203 979871
742769 787066
651942 678000
593393 607731
626711 647354
893957 964718
720552 757677
923738 996384
887154 951927
839438 894433
658062 680656
855290 908196
639213 656989
724505 754300
757644 791664
619659 633644
884870 937279
610818 623442
761750 795256
711699 737867
677144 698344
761308 793233
925195 978011
913110 964219
882086 927528
835804 874280
733254 758891
856168 897059
763306 792488
885003 928745
866184 907342
672044 689558
903863 948782
614255 624545
611450 621398
931408 978015
677607 694739
673925 690281
900596 940515
898474 938028
934882 976326
751880 773938
721955 739977
670716 683500
910868 945978
761074 779804
619088 625660
763872 782297
723977 738582
681226 692100
930045 960350
907124 934405
922310 950242
815479 834951
802006 820306
817794 836992
852991 874475
804539 820198
703909 713076
950638 974639
673811 680096
754023 764704
893770 911969
633258 636682
923815 940850
953436 970584
944497 960994
868986 882040
852998 865296
784543 793667
960261 976630
738915 745233
968109 982641
801851 809481
914706 926068
740227 744932
917793 927431
738694 742363
751573 755140
968661 976823
895932 901387
780943 783772
795190 798074
812995 816124
862256 866018
851029 854505
904298 908300
717350 717174
842444 843617
825990 826794
984327 985978
897722 898215
915987 916290
956503 954054
913550 910662
872190 869130
661171 657689
777068 772781
871113 865820
884457 877860
590493 585701
920582 910314
839766 829984
789065 780075
897889 886412
958475 944481
922058 904385
779456 766592
950861 929709
913326 893305
948093 926165
924782 901806
903891 881759
743739 728420
747276 730980
872892 849474
503553 499966
559653 552907
855066 831189
849708 825848
877566 851676
862939 837092
697370 680768
755833 735168
947718 912972
943815 905942
957500 917059
807567 778632
932858 893031
940083 898421
928448 887747
918339 877462
702940 681096
682445 662422
758868 731073
996652 946404
969541 921042
869856 830344
660748 641315
853060 813719
786743 754037
772644 739975
991458 935219
883634 836553
665902 643611
844388 801719
861000 816295
881005 833578
885846 837323
792742 754029
566746 554927
698841 670199
899767 845392
959586 894561
870011 816493
665129 639136
927302 865072
810731 763317
784046 740201
976067 904031
966601 895878
730418 693137
595934 578135
771531 726661
744030 702975
843483 786693
936868 865291
969366 892662
576518 560956
720834 681969
961098 883228
570272 555252
791056 738972
847371 785305
699459 662222
999704 911183
891670 820120
838007 775341
851414 786267
921763 843949
700496 660416
868908 797248
848779 780555
671638 636162
708056 664126
887943 806965
884994 803333
571183 553295
985177 883019
589710 567925
794357 730361
900741 814406
765390 706721
992910 885108
962466 861103
845995 768915
916069 823392
809995 739755
901048 810230
741733 684851
660691 621656
705542 656149
941503 839082
806826 734507
796619 726240
767287 703360
978904 866654
941396 837255
865644 778448
767505 702205
630133 596567
928014 823406
838016 753679
907587 805973
867775 775395
775697 704632
851339 760462
844897 754924
948187 831525
818222 733562
850052 756861
908861 799793
929045 814357
886458 782741
889789 783580
999184 863254
666765 618063
695692 638566
983221 845937
650089 605021
853376 750292
946003 815723
981693 840376
972821 832524
897785 779008
804543 712731
784752 698430
848325 743442
966343 825004
661097 609681
801686 706257
653192 602323
983010 829786
943197 800449
798929 701201
952672 806201
890824 763196
831189 721228
810527 707088
742930 660388
941646 793442
654332 600098
697821 629200
895881 760532
533312 518773
762468 671471
848076 728485
970517 809460
954762 797986
998451 825759
758083 666493
748745 659862
986397 815688
924418 774854
775533 677023
894705 754918
974608 807173
778774 678829
905203 760330
601232 562263
739662 651909
769624 671116
948063 785489
759206 663233
812335 696456
947086 780562
872813 733355
968574 793294
562472 536111
742534 649992
999917 806569
912925 752336
860918 719630
838948 705960
969353 786164
786429 671864
610297 563952
856948 714472
962410 778517
993782 797207
956935 772549
972968 781876
761294 653609
681125 605218
849067 704516
741445 640199
779659 662788
727048 631423
957356 766441
885356 723491
992816 786312
849842 702078
884597 722453
950959 757793
818484 680638
990495 779331
623119 567472
567748 535483
902214 727522
949631 754531
778047 655869
701001 611406
780241 656371
890577 718503
723393 623381
857168 698835
823731 679353
805913 669273
828567 681804
881880 711045
745696 634463
853819 695120
813048 671868
720427 619495
555740 527617
985524 766931
902018 718975
938388 737996
958043 747080
915013 722493
527938 511734
886816 705871
623944 563511
910649 717720
940473 733536
862586 691308
957590 742029
806506 660616
608697 554660
705077 606116
692234 599044
595419 547260
862959 688340
887813 701079
918181 716571
837138 672733
896551 703779
610728 554367
934071 722980
769111 635735
866862 686070
956183 731580
593227 544265
899979 701258
924563 711935
697217 596435
980134 738897
930361 713659
771072 633180
871253 683297
910234 702357
805738 649712
783030 637932
977618 734900
929596 710587
903463 697285
769250 630329
664676 577337
817943 652371
893152 688879
884303 683807
826503 655379
905331 693015
782659 632488
918471 696692
675459 580442
687717 585877
988008 728481
877910 675252
833385 653554
998318 730734
806352 638908
570351 528966
825287 646109
803095 635786
875969 669248
645042 562811
990299 719259
576758 531337
995931 720943
609348 545985
681468 578167
879571 667171
753019 610270
604177 543230
820355 640106
683414 578384
899603 674005
874042 661981
632913 555231
791735 625055
939791 689280
832287 640472
898783 668345
972804 697239
785548 617610
588369 533971
853692 645717
707733 584044
804609 624743
824273 632453
767359 608384
650156 558862
637639 553620
950045 682606
988187 697251
882948 653689
971226 689496
988681 696553
901800 660895
860216 643778
822384 627558
833789 630311
957202 677517
996300 691974
997045 692017
942537 669756
994382 688927
820626 621217
856196 634207
778871 604009
831165 624159
851756 631676
791307 608371
951884 669422
894771 647398
684565 566508
740150 586323
942550 661079
816334 614061
784985 599969
888943 637512
998789 676548
811941 608860
933527 652575
972628 665646
710921 571875
865074 624374
994012 669363
662145 553160
962471 655691
728598 574846
814559 604227
878343 625971
788672 593736
725819 572339
956187 648866
855570 615020
960021 647512
893165 624352
840572 605165
993827 652976
699735 559629
960331 641392
614933 532647
980733 646787
972038 642742
975648 643738
974821 641508
712621 561197
672516 548428
661909 544570
656954 543020
941775 625554
824392 590710
959555 629722
947802 626228
790201 579943
926716 618988
818794 587958
681133 547359
750086 566686
950626 619605
838828 587872
947946 617245
853256 591055
640685 534088
941426 612468
920849 606962
913382 604274
951381 611386
584549 517886
930306 605101
841039 582245
978180 615236
593659 519522
707202 547306
621530 525636
925742 598382
937748 601162
999354 615858
662956 535438
649767 531877
842723 577265
928879 596879
694415 541996
913671 593026
861332 580528
747571 553776
939785 596516
732958 549335
716258 544723
711786 543466
798982 562552
824176 568028
908947 586205
541296 505435
751233 550198
850942 571334
913442 584601
876046 576205
846615 569623
766830 552437
983366 597815
860432 571393
924667 583611
930879 583274
979709 592424
879610 571811
850231 564966
787332 551896
904915 574551
632921 522125
616859 518985
714643 537469
734542 540549
752212 543032
901211 570358
996171 587541
738348 539601
905941 569557
838402 557294
848579 558236
749530 540677
977368 580361
728539 536245
911149 567219
765623 541931
630197 518752
911312 566566
951178 573093
715425 532406
983145 576670
532229 501849
933358 567202
837848 551428
819788 548441
693765 527926
879728 557964
908915 562227
928127 565110
706029 528489
965054 568324
638402 517868
983743 569515
762288 534093
666574 520279
970776 563293
909992 554450
903648 553274
800192 538326
974568 562155
525253 499990
594130 509155
961441 558286
670474 518589
891495 547228
974421 557759
608055 510439
842515 540557
927810 551143
713711 521965
758825 526991
769890 528005
605915 508454
964822 548767
767321 526538
864919 536922
972965 548206
866411 536077
958985 545788
931580 542714
710967 518491
653710 512469
875218 535472
898947 537933
879526 535770
739025 520052
858910 531801
808865 526195
979994 541595
896183 532586
897179 532372
887520 531195
922698 534269
559709 501679
959663 534532
881470 526776
769202 515749
995829 531415
924635 526361
877247 522903
550650 499821
933551 524682
852349 518714
943106 523804
990026 526034
758240 511956
741647 509406
943478 519535
918585 518203
747980 508531
973210 518851
854770 511235
634599 501964
999420 516669
524961 497470
990377 515744
896487 511652
556522 498447
744489 504664
803570 506279
808148 506392
952637 511005
825346 506077
913345 508192
770428 504058
881294 506650
873989 504568
686474 500477
787960 502430
882421 503802
839060 502317
706305 499414
981966 501669
783714 499162
953938 498773
902320 498480
822337 496903
892376 496546
904296 496411
597036 496416
538854 496409
872086 495070
743510 495069
616073 495356
815009 492463
978398 490340
840646 489732
870306 488671
718078 491800
911335 486493
951923 485318
979409 483764
653055 492054
948685 483118
954317 482693
627785 492527
628168 492312
793000 486666
957394 480906
905943 482401
928814 478930
783184 484807
980212 476509
940842 477262
925933 477572
953492 475462
937367 475044
962067 473113
741838 484193
901268 475928
953087 470348
833362 476793
984726 467369
671347 485980
700481 484107
737548 481818
655220 486876
928271 468622
953094 465985
879304 469732
963644 463565
554631 492560
557982 492264
652390 485353
984914 460475
723759 479728
817068 472659
896804 465869
959990 460687
835619 469982
786728 473721
937048 460331
876092 465025
943169 458866
716622 477722
891605 462062
887196 462379
722954 476613
755549 473259
677734 480192
760687 472073
954783 453858
637696 483496
925849 455552
722892 473618
972629 447949
798577 464892
840445 458354
909901 449944
767656 465642
805389 461234
746616 468004
930088 446470
962595 442583
902179 448572
780721 462802
955367 441578
996330 434302
982357 435484
945564 439287
794561 458583
885107 446887
653627 476560
663835 475222
940606 438991
834303 452195
836628 451648
995816 429574
843028 448973
812889 453020
787380 456467
851992 446798
597830 482619
995069 425665
959243 430297
764249 458191
926185 434470
985090 425029
860079 443383
905400 436552
960572 426256
864646 437913
714481 461996
826558 443080
820928 443309
921040 425819
986286 413358
677570 465820
846568 435217
995709 408134
964644 413433
631859 472727
909744 422250
974539 409516
817409 436903
642335 469672
966752 408215
858052 428595
896864 420898
971934 403962
784395 440694
800986 437030
753993 446266
774748 441908
902550 414239
756215 444113
549098 486420
723524 450433
948408 403652
895404 411906
604903 473764
742837 443821
781218 435093
889311 410592
832479 421827
828394 421507
765362 435473
669106 457274
629078 466430
990254 382408
873578 408816
795864 426012
617674 467818
829810 414896
851868 409117
835070 412963
921005 391480
992414 373460
683148 450005
567860 479226
908292 391216
577100 476568
901642 391427
903917 389384
635009 460650
795522 417744
722924 436885
885818 393315
930593 381145
709318 440190
664892 452119
624095 462956
805913 412934
591739 471307
849088 400481
838324 403397
899563 386522
882790 389994
607362 466272
774695 419241
921268 376086
909015 378301
938599 369043
955079 362955
871382 386496
671402 445630
952403 362008
899894 377334
851351 391668
763209 417265
832153 396120
898912 374422
891529 375686
947989 356241
954632 354100
811176 398967
722107 426555
920660 363482
890160 370437
874839 375243
719055 424875
836568 386279
873037 373243
841461 382577
808510 392134
885055 365775
721506 420830
784537 399187
957119 339425
955111 339878
677677 435243
920346 349544
631901 450236
901647 355468
975861 327739
949740 336534
988449 322205
766653 401108
680640 431248
980224 322753
824727 378894
646670 443243
659139 438700
910504 347508
919905 343914
927901 340837
630084 449083
531671 484867
622695 451573
750175 404178
888840 351461
832524 371923
796853 384609
851565 361457
757684 397182
989584 307826
934341 328454
935140 327392
951676 320757
698943 418975
867159 353137
668557 430635
972678 311925
970189 312331
665820 431275
924527 329257
926249 327372
845571 359341
864932 351075
850450 356238
878131 344471
654262 434198
916811 328157
793787 377197
725356 404908
913448 327745
890200 334696
846019 352144
998492 288134
777139 379866
854788 344626
941778 305611
716431 402570
844746 346041
881477 329967
841872 347107
816541 358144
875553 331507
917935 311938
984220 281176
917035 310374
894335 320346
873925 328006
799672 361150
765964 376170
880600 323918
975398 280882
989738 274109
767963 374681
998927 269674
732454 390689
842341 340319
951457 289857
775713 369956
834672 342064
672961 416492
984183 272441
974928 275933
950335 287299
803248 355598
868162 325197
931965 295267
953117 283163
903895 306035
767886 367847
876473 314882
826996 338705
800644 351057
961496 273142
695297 401616
891583 305838
997736 253606
875916 312427
661008 417550
870360 314964
737925 379483
790686 352914
950088 274024
738901 377791
790915 351176
926214 283034
793421 349093
913023 288852
897256 296673
967108 260353
999010 240751
945295 268103
741181 372432
945511 266955
735379 375178
722201 381877
640462 423420
976387 248381
928473 273131
985144 243365
931349 270657
661741 411752
956629 255435
710565 385203
880769 293734
802769 335044
867950 300179
781933 345830
910532 276710
777369 347161
855810 303428
663554 407665
815266 323646
618135 431620
731998 368982
860661 297264
609909 435627
867239 293216
522009 484178
924588 260316
778276 340855
889548 276927
987155 219203
897508 269725
989929 214423
578150 451208
885258 272734
561443 460683
980811 216460
978888 217162
597481 439364
725759 363060
875167 274078
700781 377298
851428 287332
997102 200119
934092 237511
877867 270851
867514 274306
791273 319673
947712 224231
914021 244323
728457 356789
909015 245188
776247 325620
962297 210278
917469 237406
969408 205127
979852 198159
835130 287930
746404 342592
941935 220194
710890 364227
866600 265276
996135 182411
990451 184489
925203 224075
727124 350482
886930 247563
635197 409415
776051 318125
667959 387805
966267 194840
845722 271797
988203 178819
746903 335720
840148 274912
966019 192808
888210 242031
536551 472384
949473 200879
920007 220158
661995 389787
856968 261072
738320 338941
906175 227515
817795 285006
897361 231863
841481 268932
882368 241573
711596 354983
900718 228244
870486 248012
709043 355418
537119 471303
910271 218886
682059 372808
855827 254039
940350 196247
797114 292578
729259 337985
572317 446073
712322 348472
658222 386133
955646 177681
859374 244492
861680 240801
709118 348294
928088 192329
515996 485002
886317 220801
884812 221703
963224 164846
635966 398899
730340 330533
840154 251351
908063 201660
789524 287156
883634 218523
693715 356067
790268 286060
995686 137148
919222 191986
989502 140936
724285 332947
525170 477998
950933 165376
615543 411078
942001 167946
864013 225526
889017 206267
935584 169010
846401 235783
793757 275327
707437 339675
662942 373210
892421 198909
710201 336987
827541 247676
877495 209624
884044 204028
796740 270237
923227 172611
885745 201153
952739 148693
777322 282433
924415 168560
723591 323625
981075 121107
955192 140817
552712 455147
910369 175115
751087 299383
852985 218964
896402 184824
958111 135712
978064 117517
933748 150167
602024 414934
843977 221103
683368 349272
703445 333126
757430 289771
872718 197227
874962 194742
774878 273780
921205 154712
684131 346716
940393 138096
833050 225300
849534 211401
822467 232530
809192 242624
901137 165698
776028 268253
535261 467136
640899 379268
766147 275020
934102 135300
702399 327198
732900 301387
992669 81267
850672 200902
851498 199766
904952 154060
962506 104017
929410 131420
625790 389240
890184 163754
658430 360864
976939 87562
938711 119906
965520 96028
844537 199758
846203 197873
705252 319080
601584 408155
901639 146539
632764 380498
821799 214906
925326 124100
806769 227482
909599 136658
678329 339484
852294 186160
903286 140841
920564 125446
591615 415107
960189 87261
979047 69660
724711 295363
918683 121341
787535 238484
832760 195860
736351 282572
546657 454130
588805 415976
813256 212771
853407 176416
529469 469665
901558 131839
765995 254180
818586 205453
939713 93571
620125 386026
931778 99292
725391 288413
667517 341343
947699 81901
931068 97174
975964 53018
750884 262229
785936 229055
740416 270621
821322 194329
875758 142930
984359 40656
706652 301753
772825 238696
913561 105646
901206 117154
674911 330673
718738 289137
700896 305969
888176 127278
903485 110789
918008 96798
932543 82902
786638 221884
773749 233306
778014 229167
901749 110066
926104 86610
965211 48170
841519 166860
771011 234549
816364 190728
841388 166130
825793 181103
927393 82579
668403 333195
760196 243321
981028 28385
918754 88337
755920 246970
717726 284146
933805 73273
701556 299597
867646 137190
990833 15556
795762 205859
880981 122145
885346 117811
764203 236732
961537 41924
878776 122612
721903 277376
938348 63172
984718 15957
604554 392573
965757 31738
707833 288963
856658 139278
966810 27898
903869 90732
737389 257608
882417 111620
835581 158342
940356 51029
966165 22241
977047 11136
964309 22818
950728 36341
601710 392183
981790 1285
686886 304271
782823 205474
946632 34328
901968 80340
924433 56075
609484 382752
781337 203626
895615 84589
927426 50284
967679 7915
639164 350932
926244 50862
865721 112501
759490 223011
693273 292738
833340 145078
765893 215728
830237 146473
782129 195809
675533 309207
932140 35617
926206 41441
825220 149041
832888 139978
579817 410649
847082 122569
726613 251860
657962 325800
711171 267765
872843 91857
944322 12347
651921 330323
648946 333095
724856 248462
741402 230218
908251 44631
724770 247510
904167 48338
640829 339246
859799 94791
833095 122623
923438 20455
636491 342921
915309 26428
875341 70713
641672 335649
853444 94476
812045 141136
607301 373546
826845 121786
905288 31638
828460 118932
803768 146885
783800 169471
875526 63538
855048 83723
890918 40837
791539 156352
923253 2643
858802 77559
913150 14121
793075 154260
703544 258325
866887 63371
672913 291976
641707 328700
898076 24907
775009 170337
854485 75858
842389 89878
774321 170099
882889 40421
579963 400977
820422 114154
650928 315260
864921 55064
822136 106100
771069 167303
540356 447200
774933 161090
854412 63887
777977 156989
643814 320601
794444 134082
863427 48625
695640 254605
671193 284463
885157 19169
827822 90002
895219 3453
681082 269924
745904 188720
708639 234818
736079 200124
705833 238056
594770 377196
789798 131854
853497 48389
797747 118905
782589 137420
781563 137637
643902 312603
734557 196587
637058 320996
802869 108263
726657 205163
676580 269429
882488 1952
866321 20275
792682 115886
572059 402483
856917 30746
868800 15195
798579 106776
615609 345243
780995 128775
687921 250054
758063 158027
788281 116471
608487 352933
844889 40240
751563 163114
661211 282665
709522 218295
750423 163552
726802 194494
740532 176000
814704 74300
629833 321917
783293 115621
792025 103069
832694 45414
803563 81441
825470 51059
834576 37678
709362 209146
753369 148642
572935 396180
668824 264331
822609 52882
812662 66501
709720 207647
840759 26830
846792 16307
768195 123614
827410 41327
725964 181596
721949 186405
811634 58524
817959 49454
660818 270053
680397 242365
832151 28337
745112 149907
802025 68069
811928 53669
632170 306532
644319 288719
749042 137296
703746 202483
794978 68448
806307 48867
788272 74036
746242 134510
833820 5119
737341 146826
811168 36352
832758 3245
748504 127438
815598 26327
810962 28757
727693 149692
766529 90233
675822 227912
822750 2221
818802 6264
802986 29969
791193 45868
756572 98096
732198 135354
775945 66183
642041 274784
801509 25204
744720 111156
704237 174377
601880 335536
781815 49971
702460 175373
768970 67332
788400 36346
579229 369666
703951 170281
630730 286239
766529 68040
766485 66070
549049 417018
772721 55527
731579 117408
688715 186068
684020 192001
734591 108063
660127 230260
733634 106645
765603 52568
685862 184984
731281 108688
530339 445325
606051 318137
770266 41804
695539 167255
632053 273867
638602 261759
564762 386415
718539 123609
702504 150331
765179 43262
784623 9515
702801 148751
698726 155504
670099 204384
783875 8854
686937 175131
745378 73916
738249 85979
742314 78081
633720 264645
757928 46700
654237 226138
726549 98448
739863 74811
756893 43755
674660 185510
651940 224506
724559 94325
661767 206608
689325 157198
617806 284745
773282 3425
548975 407834
609850 296830
687615 154550
583387 343688
693132 141297
766876 3700
558090 388783
648019 222193
691362 141771
695770 131530
635388 243975
594265 320552
717933 89976
631814 249476
695399 130143
726428 69415
674139 165915
751569 16439
678056 156450
663274 184350
744534 26935
640081 224847
599249 303445
739488 30809
613733 275176
618751 265098
632684 236611
641239 218677
713689 75013
540065 416508
614723 268003
721406 55703
711248 65848
703663 80470
711737 60740
567439 356393
690062 98620
672465 133273
592989 299534
710997 49959
724476 19264
713785 37886
525332 441640
593346 294700
642508 187807
614080 248740
683508 93352
557625 369040
653072 158191
682833 90523
683742 87831
705620 36836
614245 239428
590742 292230
546130 392134
717840 4575
543744 396972
623854 214623
568488 339273
563219 350987
605138 253614
656758 134105
659248 122461
678159 74588
645901 150682
584272 296192
683154 60622
650326 138381
555440 362391
627567 187874
703919 2474
614781 217276
682973 45423
675866 55191
692609 3248
688924 9967
579869 289727
676402 39200
657103 86194
655650 89617
652833 95175
589541 260760
657791 77335
582740 276500
592928 249100
668978 44506
627548 155198
600315 227360
620959 172009
665700 44664
567854 311010
675140 17715
654997 68670
656827 62731
669973 25986
652533 71948
645373 89506
558776 331123
646007 82313
628175 132026
630349 124854
654800 51209
599413 210191
599493 208607
609657 178504
622249 142010
649824 61211
629142 121164
619534 147941
618687 149067
634115 102881
619190 143460
619883 140844
644515 64638
611415 162312
565535 299732
525341 420104
617059 144786
650749 41180
516563 445995
609580 163616
618561 133688
654759 15977
657596 4845
653675 16384
625862 102592
513995 451945
622066 108409
557816 310552
575089 254279
649388 11555
596692 181955
570353 265780
588522 205151
575455 244424
621578 85684
625714 69095
636402 29140
629874 49814
633975 31954
528145 398120
552889 311974
608086 118825
627360 50896
595493 157084
615663 81928
599447 138813
608209 106873
576399 221199
538598 356878
564498 262611
587654 178414
556203 287018
544265 329761
601173 109065
627679 6062
602058 101995
622860 20783
605200 87205
557012 272446
542633 327957
599731 101402
619081 24351
578587 183904
584188 160183
604175 74874
550783 290275
611192 45351
557813 261567
554545 274098
616901 18739
561674 243902
589866 125132
610073 41473
560955 242843
579114 166132
583363 147031
605948 52406
576227 172947
600298 63905
612853 9289
571132 186202
558275 241873
605058 36883
578362 149621
548564 281047
591080 91840
603315 34617
594143 71420
599776 45073
580070 132968
593416 65373
582997 110775
555871 234244
534872 332555
554849 236779
583502 96364
596240 33653
504694 473079
525315 371415
555491 222766
577039 115678
567561 160107
555032 217736
586148 52503
540859 282044
517958 401234
518471 398499
539942 284274
580826 67195
581132 54899
555364 188487
542588 258676
582835 34583
584250 26588
553630 184332
505545 463349
566276 102206
549066 202330
547528 209470
568713 77697
556659 150017
565156 93802
544404 217253
529405 298480
528593 303754
558762 97514
533492 266574
545634 182128
568293 21691
558513 82916
517844 367654
567289 7710
541539 189379
529913 269829
533296 243988
518503 353272
525250 298966
547637 121548
550705 81136
547890 87435
529827 241121
538347 166818
548228 79562
547379 71616
525518 260708
530529 213632
505011 447547
544237 29719
539525 72763
518137 299029
543570 12764
541838 18296
507674 405868
532836 93640
534133 74189
515591 296025
537612 40
524700 166215
519886 217159
512344 319790
529976 63886
523834 151420
526320 114570
514069 274544
522485 126731
522008 133161
525214 74594
513800 251610
520317 129104
525086 15413
523597 42082
502287 448124
521148 69555
512893 227497
519640 79212
517682 115601
513814 176713
517396 76149
510155 236929
507865 278715
505974 328398
509687 223386
504486 367831
517086 14786
508807 210811
512691 52038
501516 435037
504452 317480
504003 328752
503565 342937
509232 100749
507823 125378
508433 95109
508771 22929
503471 290862
507451 11340
506544 54923
505231 54169
501825 322658
501624 249185
500882 23197
500167 284052
499940 421116
499820 109545
499425 196098
499376 229416
499139 266038
499100 271847
498060 202226
498705 327652
497472 273412
498626 391319
498837 410067
495538 140391
495513 251742
491606 68846
491237 61579
487755 4539
490568 129672
487368 31033
493105 255537
485190 19206
491596 230657
489306 174954
499040 472831
487366 146400
484547 69201
487589 210967
479920 40231
478534 32445
486156 200057
490610 299642
490055 294940
485727 224293
481210 137798
477832 121111
489151 317414
475983 103004
491492 359958
491932 371412
483592 245030
469288 24011
474577 114816
467818 12949
492538 386899
469532 44286
479321 190339
468885 35018
475580 146672
465129 3928
471692 99607
470337 123484
467578 96886
461420 32600
467725 118299
471979 169709
458041 7308
460510 51419
468764 148813
461033 76755
457731 66413
457248 61502
475229 246362
492004 417538
454394 41261
454723 45969
450149 1657
453910 41317
452293 27470
474601 259519
452155 50052
480675 318272
447917 17388
446356 5943
449543 44659
446576 21095
444066 13608
442694 17498
442817 24523
442993 38154
455752 163895
483747 377767
445216 94439
438644 56753
478693 345500
431353 21484
456232 196688
461255 231405
440496 90866
448134 147610
443489 121955
494702 462931
449410 168937
428662 41482
433053 74899
460012 247317
433545 95428
450921 205554
432928 99219
423051 41559
418634 16332
460995 269050
450475 209726
441023 155268
420434 38015
454706 240529
487969 429208
472400 342690
412366 9322
454362 243187
434463 132637
441051 169416
476846 368492
424502 78826
465289 305513
459589 278179
454913 257597
461882 296609
427855 119132
429737 132442
404632 3077
408660 25609
425701 120137
480525 398364
445311 222511
446454 228346
414950 70940
400635 741
458354 289428
466475 330443
420319 101153
400020 3974
468057 340475
456308 283798
468672 345328
461010 308476
428012 150537
474567 375028
413712 99761
408163 75713
478225 397601
431819 186317
440585 228242
392322 26780
389637 16174
474406 385623
421579 155605
416704 135969
423100 163907
409488 110766
468217 364178
400332 81246
478720 409192
495173 477215
476806 402938
445650 276603
431332 219751
422465 187480
391491 67773
380869 28737
397760 95279
402609 118670
412231 156614
383988 48670
438041 258958
414268 171145
444307 285440
468097 376804
411178 166147
402428 136290
390242 91991
427769 234954
430182 244849
448802 312756
414829 190562
413177 189137
380485 81227
441748 295026
407381 176562
367763 40327
360889 18049
372921 68251
400780 162773
379327 91221
363259 40306
358712 29409
348954 1027
386262 123750
392371 148202
355903 30924
391132 146342
414061 220245
352937 24170
350659 21428
344774 3139
369887 83266
372836 96473
393298 161437
366271 81415
447483 334903
397436 181254
432442 289226
354042 49903
364965 84108
425376 269440
402860 200888
343173 23066
414816 239826
346696 35168
375931 129023
350687 54799
369635 117822
350100 61189
383762 159493
371599 127454
372320 129626
477309 432131
384225 168164
325016 6872
333836 32128
458471 381431
413136 256379
340013 54253
423309 286555
324336 18618
375604 160210
406832 245533
349559 91193
322411 20066
383940 188232
405696 253945
358632 133165
338408 83329
342717 95281
388982 213487
373193 176594
366638 161518
303679 3475
343716 104326
451359 375485
345281 115493
390963 228951
408313 272060
377548 198772
352606 139005
320936 68583
290649 671
357081 158492
391802 240993
304268 34958
430620 334277
433059 340040
361801 173358
305701 42220
339979 122628
347028 141194
337543 123085
332957 116926
341275 136098
442394 367620
350862 162450
315908 90784
322952 106873
308437 75583
315966 92442
438844 363076
381941 238876
390055 257219
306958 78313
486810 468249
432532 351576
456535 403641
380282 240607
336175 150275
291628 56782
386226 256773
369120 221176
268776 11863
469453 432816
338187 160381
263731 7039
444686 382606
328528 143946
336534 162593
284088 60293
327680 151154
336294 171134
400215 298732
269541 39914
291513 83947
299420 101227
353085 210708
421537 344177
379924 265496
375926 258129
395953 296976
353614 217183
274303 65721
278008 72874
346981 204795
296129 107817
315914 145724
308330 133373
322938 163871
481384 461790
284219 91753
355303 227249
352597 224774
302731 133809
415935 343453
263662 66691
334482 196429
246382 36621
269369 78875
259910 61900
315883 165310
348929 226519
246857 47752
356838 243685
354126 238934
258400 70166
413293 344155
388598 300980
307080 157913
218351 3467
302022 150440
277778 111504
300255 155623
234262 42936
266168 99964
299506 159022
371699 281146
427342 374940
402802 334545
264471 105278
221787 37173
267843 113315
198301 613
455501 423655
341866 237643
302537 175426
363198 275071
347590 250238
255388 101886
417247 363331
354165 262328
236721 73826
211001 32633
389406 319270
207744 28246
213220 38358
446848 411777
259833 114088
294624 169664
352330 261897
222288 55924
239504 83790
346957 254599
303804 186994
419400 369505
367725 288489
342374 248743
217054 51962
258560 117271
194057 17664
362752 282568
215534 54084
185926 10079
433373 393793
410646 358702
380678 312757
332971 241824
182773 13617
346653 263525
271392 149814
399159 344435
277857 161456
364934 293681
227046 89330
190544 35479
373715 309293
318033 227138
170715 9670
294713 193424
266608 153747
178193 24006
281721 176208
289469 187747
192315 47927
319633 233764
187450 42057
347090 274881
238593 117970
188987 46894
346629 274961
436704 405484
327187 248003
327196 248800
256468 148552
250896 143227
263081 161799
252938 148694
354476 291824
243996 136438
342325 275119
164715 25803
335559 265817
242920 137933
428395 396969
253659 153670
158187 20855
188542 63812
301565 221010
284155 198244
195194 78618
172686 48666
193877 77699
303536 228897
223158 119437
148172 18196
285772 205618
289573 211048
134613 2065
261500 177602
136805 15469
225694 134373
365790 319419
171669 64355
123814 2553
278493 206069
371786 328779
138738 23905
167844 62205
490206 483867
264100 189169
137763 24864
377459 337088
292643 227084
180736 81815
194220 101592
297906 235620
147289 41668
185268 90891
192456 100340
117850 5295
227770 147046
143226 42071
228433 153395
237355 165208
131083 32739
380363 346728
276205 216837
106419 5926
107047 7706
388565 358605
282000 227597
157440 74279
136142 48242
131305 44223
246009 185087
163293 84581
180081 105296
337740 298418
348882 312307
113480 27067
162166 86269
396772 371426
143516 66703
117049 35364
256342 203267
290158 243999
119163 38842
349342 315747
154551 82132
319806 280465
171178 102197
241116 186556
262017 211962
341747 307552
260644 212512
104129 29666
101304 27641
149841 85143
133225 66346
125097 57072
188151 131639
109457 40829
266562 225319
327430 296244
120848 56581
79312 8716
444218 432043
121906 59290
240705 196763
222112 175383
180068 127261
257674 218032
198975 150638
266863 229131
219443 174925
351390 326503
141259 86522
141303 86826
241943 202247
300091 269069
393950 375932
96294 37369
230823 190735
198354 154270
72552 13500
64376 4706
452491 442998
465115 457252
144685 95613
275754 243602
167642 121785
390816 373629
330798 306079
199709 158539
95882 41653
201759 161051
190552 149071
261124 229086
95222 46184
135793 92405
205344 170867
110509 66636
379970 364154
435109 425180
352642 334997
205403 173771
234126 205388
219234 189103
72990 29348
53235 11287
154271 121152
284889 263351
108895 72947
274150 252086
118924 84870
218764 193929
164609 136915
133202 103851
134427 105594
49235 14919
270177 251669
166887 141766
309256 293574
302554 286469
477196 472417
403244 393915
56967 26997
35555 4992
92392 65339
120262 95491
138548 115223
199542 180114
141733 119314
33175 5515
239205 222679
332797 320996
435685 429128
215298 197837
36914 10860
109861 88160
103944 81987
352879 342787
226996 211268
423399 417018
63129 43214
121088 103400
27492 6757
370845 362966
230492 218312
167928 153980
174414 161599
42689 26948
358169 351043
162220 152370
146600 136804
174021 166348
21632 15232
103713 98082
28316 23149
44469 40326
255379 253240
19346 18650
80956 80000
141604 140458
293583 293273
169034 170874
26434 31583
2041 8715
137098 142995
259297 262204
58101 67172
201282 207666
109165 119221
85249 96707
195172 203438
266944 272576
36774 51714
324083 329434
162322 176628
50111 71062
246440 257368
219283 231846
83682 105130
214787 228675
6765 34204
232552 246104
172507 190491
298716 308545
389794 393962
76283 102265
243395 258837
447780 448260
89170 116374
300795 312477
347038 356027
203458 224863
217350 237777
121076 152019
24921 65134
288472 304518
77537 113077
63360 100605
177868 204676
274379 292832
209233 234417
229440 253726
81782 121375
74185 117888
105162 145883
49301 96598
172684 206276
7406 61916
200248 233827
420716 427129
72903 122825
245821 276694
18507 81077
40351 100839
77254 133069
242679 275716
37397 100348
113976 166398
238495 273221
101041 155975
316276 339839
39308 106705
74624 136649
261642 294991
228968 267931
183829 230824
327285 351432
280947 312511
118526 176164
217047 259008
22067 96775
149597 203524
2737 81789
93964 159614
164335 220275
147040 206424
212977 260736
127293 190344
290809 324966
188098 240760
333601 360155
360180 382399
52352 131345
46433 126639
180245 236057
213921 264034
66530 144703
262241 303629
235187 282282
77651 157433
160611 224451
329220 359767
153344 219178
18305 111726
195998 255105
30479 124063
307863 344207
19059 115364
296484 335342
251646 300071
37385 132957
26911 124891
249814 300537
59594 151704
30954 130314
105020 188776
273548 320881
24646 128436
44763 146210
249162 303591
58713 157641
141260 221359
136935 218769
47830 151447
300818 345269
62195 164294
117775 206887
29215 142244
17242 133549
73816 176112
38699 150061
260379 318213
21060 141085
236964 303022
140735 233401
153740 245929
97534 205942
102931 210185
431379 447455
83978 199379
28592 162494
255588 324664
257739 326182
204542 289223
331803 378911
100064 218143
304098 360868
234909 313290
293708 354129
72009 201385
428966 447847
226926 309920
11219 162566
134256 247896
189170 287844
174267 277848
12794 170793
15504 172614
104349 232302
234601 319611
190159 290195
143863 259799
261651 338777
14820 178247
96258 231851
246461 330459
298261 364719
306079 369987
97816 234791
108986 243057
301080 368533
160466 279337
297389 367191
38510 202205
18523 189721
116651 252429
423521 447868
216133 315880
106534 246555
40593 204900
210748 313262
391115 428104
252125 340772
114156 254159
85387 236372
230034 327442
290367 365501
57791 221938
153709 282578
93472 245961
123583 267097
150920 285548
282431 365292
74383 239823
105128 259606
316643 386700
81161 245848
91916 252344
46807 225760
71510 240885
224603 332830
52542 230581
20467 212514
216150 329147
75933 246487
30633 219850
57167 235845
477926 483608
153644 293528
379030 425763
117871 273522
114092 271768
344931 407073
18408 219192
397154 437502
314963 390482
84134 258216
129255 284654
257892 358956
1346 214239
292902 379856
191464 322867
173505 313369
94921 269548
200969 329016
28465 232402
25508 230937
16908 226361
9184 222330
233621 347728
95392 271288
189040 324243
369829 424449
401750 442192
293047 382048
136584 295982
94475 272916
53692 251188
14824 230022
64676 257874
337891 407710
44479 249244
38638 247336
383617 433769
29882 243257
233746 353832
72390 268040
352960 417999
393666 439749
324952 403297
401718 444297
44446 254392
65070 266563
289455 385654
220331 349911
9972 244493
143716 314262
61891 273057
274926 381846
62080 274245
358080 425004
356591 424467
156627 324024
167874 329807
363802 428355
238160 365942
348129 420975
313354 403733
285625 391399
276364 386913
150546 325976
324993 411318
224545 362778
455725 475051
236923 369239
265071 383146
212088 357719
148525 327303
192631 348780
6343 259290
218060 361513
101905 307395
381926 440742
73775 295523
96529 306407
299649 402422
451438 473783
224228 367423
5659 265096
276033 391714
192097 352473
139676 327953
267202 387710
75630 298164
313194 409451
217718 365281
115241 318932
137230 330233
36898 284271
161043 343079
226814 373155
255606 386485
153464 342732
24357 285522
3317 276362
247510 385218
253662 388130
113642 326931
69549 308001
291170 405177
232146 379780
176306 355521
236736 381934
78271 313152
241415 384546
11375 285175
92551 321365
35417 296887
80964 317103
234134 382874
244564 388437
177375 360309
460930 480190
25190 299012
319371 421475
161511 357166
350929 435909
383051 449068
151463 357321
175290 369168
95113 338133
32008 315027
404621 459651
128440 355254
17751 313841
307237 424564
147640 365329
174858 375760
53131 332125
107627 353324
334418 436188
281669 417201
7493 318111
136287 365586
121768 360861
36175 331685
158651 376301
23140 329024
286489 422272
104724 359617
351599 445563
297033 427733
23034 337188
319182 436164
89483 362479
374355 455498
208728 402039
23838 342092
22887 341854
215863 404651
34141 346584
22633 343636
150833 384876
283667 427896
120032 376210
153926 388363
9953 343978
117585 378346
111063 377013
30209 353890
103544 376294
38941 357279
120079 382188
53559 362760
209784 410395
330107 446260
110237 381463
258228 425813
452651 482911
12244 358874
204559 413808
94104 382893
168466 404156
259798 429694
17834 363119
329256 449526
246830 427963
204282 416799
30477 370602
140314 400882
61809 380984
22076 371297
187603 414748
179647 412975
67402 384609
171274 412078
49700 381199
256130 435273
222196 426945
251771 434497
62213 388112
229833 430258
21773 379310
190080 421406
274157 442590
299058 448808
389143 470314
30421 385968
12993 382728
31831 388478
256862 441085
186450 425694
32081 391186
287221 449516
85915 405441
92788 411544
127533 418962
367990 469152
40480 402083
214037 438192
250199 447435
475713 491782
12979 404760
200831 440309
9304 405509
265280 454003
40123 413671
150371 435029
15761 411478
252338 453255
28157 414955
78202 423820
334687 468065
82409 426290
354558 472178
207364 448044
145221 438342
419774 483436
220440 451639
164663 442730
231346 454786
388403 479353
7654 421005
39464 427056
31682 425919
58612 431625
49023 430886
104875 439867
33496 433837
314135 471662
54824 437802
77181 441190
223972 460750
172664 454225
34464 438674
97178 446729
90842 446392
241187 465243
57960 443244
53850 444067
380266 482602
80150 448233
2816 439669
9411 440777
259742 469295
188595 461604
20061 443487
95027 452030
144642 458772
301272 475894
78894 452980
259792 472135
10278 446893
46097 452184
24883 450515
301401 477528
99287 458522
399863 487257
395067 486958
220346 471763
370200 485385
456343 492830
165058 468668
154010 468330
160517 469785
430662 491294
419271 490471
296516 481421
1231 460385
311577 483304
161660 473624
176484 474673
135275 472100
77040 468528
158656 474230
306230 484343
72415 469760
227500 479501
285199 483722
21903 468908
61435 472435
135106 476763
362208 489240
71504 474214
224458 482805
93097 476763
27091 475226
259548 486286
109780 480641
366750 491280
430978 493797
130307 482249
115568 483058
150514 484536
146407 485727
135600 485601
218710 488607
82339 484975
5122 484579
174693 489819
36231 487723
221793 492594
213269 493187
4564 491859
127123 493426
83 492653
413965 496126
51929 496342
122748 497797
262170 497356
373847 497015
183376 498485
48009 499867
137848 499315
353388 498107
124588 500965
81958 501691
101948 501594
180963 501065
116304 502249
255504 501021
285455 500485
49984 505537
289106 500974
219845 502664
216719 503716
167936 505000
185838 504599
140223 506721
59358 509446
150396 507948
83752 511903
184625 508358
855 515941
61896 515170
216246 508686
204348 509450
42341 517006
154113 512540
65879 517444
107697 517142
270921 508623
210962 511967
95085 518673
77852 520377
137303 519255
53828 524874
348642 506190
125 529145
116383 523896
120118 524457
290629 512022
238175 516154
137339 525086
61610 531403
255099 516419
73864 531957
285363 514451
438989 501680
293074 514367
93157 532251
50160 537700
98487 533355
46246 538301
117119 532199
15093 542254
251210 521700
42138 543085
178684 529320
140651 533534
70387 541961
246777 523311
266443 521968
215196 528554
47910 547919
210132 530509
168836 535499
166574 536973
145357 539644
65243 550194
280057 523939
167475 538118
112385 545077
217664 531950
229782 532225
74492 553926
347148 517352
157290 543943
35646 561192
270902 528601
76620 556614
343399 519102
11542 567771
377003 514632
63585 562331
289561 528313
188636 544910
197527 545110
104149 560296
47365 569556
40693 571865
414389 510981
201539 548084
446364 505755
119610 562671
211451 546899
157942 557443
22238 582383
35775 580011
141510 561015
184329 554667
6572 588545
297478 535098
72949 578096
225986 548848
89637 575846
36109 586786
81660 578001
47483 584846
136240 570364
63241 585270
22577 594094
130082 572953
636 600198
295758 539022
438146 509408
364063 525083
110985 578903
156497 570040
76387 589049
175472 567790
294663 542006
131433 578285
80186 589849
232571 556292
144638 579155
53388 602981
102379 591408
60909 602517
55647 606138
60891 605623
24183 615810
160713 582810
19748 619348
189735 576253
221225 568764
220494 569000
56450 612053
62324 611020
284726 552918
12408 624394
62470 612419
175614 582631
167782 584733
275868 556222
351381 537747
159129 591332
105332 606309
237731 569575
91927 611191
95232 611372
6453 636731
264647 563518
66730 619982
217829 577102
194764 584534
51620 625914
72897 620238
71799 620727
83501 618386
123236 606851
2039 643156
261017 567004
270592 564319
120027 609184
113521 611338
106174 614662
55555 630090
65617 627630
160786 598994
347733 543127
57252 632388
40832 637615
122214 612649
69513 629050
30221 641576
99096 620487
349326 543882
283783 564633
329731 550290
183618 596626
99032 623814
293292 562525
183138 597779
39850 643785
84503 630881
241400 580240
87640 630699
220805 587356
57905 641077
294819 563995
267224 573233
221636 588373
179716 602506
113349 626050
145133 615507
130768 620733
42734 651414
64757 647661
157262 616179
262981 579776
176210 610943
237331 589868
17151 668942
186947 609050
413924 527439
366478 544747
352262 550751
95424 646619
25190 672964
101527 644908
101050 645694
129709 634993
10303 679822
5094 683742
276532 581384
110678 644606
396560 535920
41989 671462
100630 649577
890 688191
23416 680410
20479 682274
11427 686896
98956 652920
313002 569786
266460 589516
40129 679829
3694 697706
93672 661303
123145 650077
133137 646220
43059 683106
284217 584656
442887 519806
349188 558176
65461 674848
55946 679605
402986 536890
20144 697531
59418 682287
302454 580483
245949 604712
83839 673914
172222 636230
274364 592723
341260 564866
381712 547647
464283 512132
79031 682361
190546 633271
435485 524994
23697 708873
145481 655194
154760 651502
10034 716865
90101 682112
147273 656388
37116 707836
137345 662070
116987 671899
214763 627326
66992 696890
52969 703750
200451 635709
39302 711005
343610 569328
327375 577192
122648 673438
233927 622283
13603 726672
81950 696947
136294 672352
335016 576435
385384 552045
208210 638412
94536 695630
20147 732463
13272 736399
276640 606939
22093 733843
6604 742684
170857 660848
294920 598977
12996 740313
60207 717224
277656 609205
269046 613582
2797 748994
388475 553470
437219 528568
429108 532766
34936 736610
309058 595176
9516 751499
230356 637552
362060 568919
53812 732463
202641 653798
261974 622569
36174 742492
272283 617477
384181 558285
215565 648383
67267 727941
16207 755673
167945 674748
40270 743455
34236 746911
12524 761696
45566 744403
216508 651138
270099 622245
39069 749087
203747 659039
18219 761193
159699 683531
475042 510180
359606 574175
3582 773104
273046 623030
33500 757461
101560 719970
168176 682819
229790 648497
100032 722526
419845 541788
268502 627521
329900 592943
209369 661744
144446 699448
364764 573770
353621 580264
141846 701991
245977 643041
157612 694690
447707 526695
262819 633909
140324 706165
25879 773951
236259 651511
106273 732307
366039 577825
12049 793977
69218 759233
413942 548953
304161 616026
463001 519006
135559 719542
4141 800304
38448 780208
58846 767859
192870 685592
246300 653029
30484 786511
193325 687144
23233 793999
239540 659428
233750 663166
183969 694572
121647 734066
112042 740328
47797 783018
327 813742
4746 811280
46315 786552
310007 617968
179346 702423
37418 794715
119155 742388
9290 814949
230167 671816
385000 571875
60101 786040
172193 712280
114646 751010
26011 809639
108349 755963
65582 784576
13463 819435
156542 724985
29260 811286
24592 814496
125259 747232
124635 747664
398887 564294
282599 643057
371186 583997
260015 660037
9472 831230
263763 657845
1624 837500
328689 613835
62226 796574
59330 799244
39613 812834
106358 767829
13750 831899
162114 729923
141413 744262
180615 718134
263313 661282
46402 813569
68931 799553
193484 712017
233145 685045
138505 752024
121969 764405
6532 846592
150925 745938
7410 849732
64576 809040
37689 828769
206209 707796
157743 742828
71387 805979
25425 839755
44451 827400
324869 624160
290956 649511
450734 532492
80938 805270
52342 826466
302592 642029
247331 682863
176481 735644
50801 829232
296464 647196
372885 590863
191636 725655
307910 639388
241497 688978
92641 800252
193783 725366
193998 725533
118736 781960
236143 694169
132058 772453
307731 641434
109012 791458
313828 636950
282794 661074
144720 765952
104852 796546
49489 838695
147865 764109
34601 850900
136058 774568
76190 820763
168804 751447
195142 731992
98079 807267
152487 766244
155022 766165
141600 776987
129237 788506
210839 726319
9306 887635
33246 868688
252413 693982
133291 789501
240327 704459
41935 863693
135473 789354
241005 705108
177631 756800
14330 889607
91392 828500
79174 838710
177844 758542
53952 859645
246524 702986
168876 766343
98308 824418
263345 690055
111639 814787
56917 859735
107698 818666
26761 885182
183489 756428
246412 704840
187906 752974
86189 837533
82780 841612
165892 773027
197836 746926
221956 726952
28110 890645
78641 848728
31056 889257
79065 849826
170040 773792
148797 792224
239038 716579
216687 736209
630 919835
81612 852462
82859 851724
198589 754525
164365 784211
126272 818508
164219 785810
66722 870084
153777 795883
299317 670310
28831 905262
55188 882581
79584 861971
182075 773164
38296 899405
159287 794377
30797 908287
61933 881081
183477 774418
198665 762375
200919 760442
213913 749369
48360 896496
12450 930668
99696 855681
22942 924612
93583 861492
127147 834054
135732 826458
43092 910713
206697 762810
183008 784641
27926 926364
62847 894663
36743 920166
18415 937010
13369 942183
370947 614730
17509 939266
64 955426
42778 917143
222228 752766
68459 895045
320217 662553
123984 844487
44905 919781
287638 694950
368182 619739
258472 723442
1041 966093
166854 810554
217082 763338
12070 957350
343593 644668
378323 611847
60764 914046
93170 884085
418320 574216
139041 840847
208943 774479
39908 937143
27607 948964
356919 633515
37410 939950
73064 906378
145570 837745
190266 795446
12896 967092
213978 773219
252087 737259
26905 956675
47441 937402
302666 688963
133901 854684
138827 850258
32761 954287
187561 802667
57995 929908
342856 650653
225113 766361
151384 839766
151264 840287
24955 966223
156844 837421
382 993856
74569 924520
302074 696580
88855 912646
140308 861614
369007 629964
84330 921249
381334 618084
127878 878861
241301 762669
193991 811387
87156 921527
23333 987817
14292 997521
416842 582174
264606 739410
19258 993647
215244 791673
37341 976437
56919 956417
308707 694968
142721 869636
192923 817404
106359 907936
234959 773517
32075 987282
364614 638764
269660 738798
315684 690500
221725 792401
199147 816502
277214 733571
109876 914329
133624 889134
126093 901369
255960 761031
350103 659538
435355 566885
80170 954594
341165 670200
265820 753483
49261 992275
67674 972246
230951 793168
332195 681976
73355 970003
288664 731138
317522 699271
165499 869134
85377 958832
63507 985845
317458 701720
430899 574087
424490 581715
210839 824112
157101 885410
114048 934330
110590 938268
268849 759728
267935 762112
201125 838662
97223 958244
132953 917517
78111 980929
168213 880359
186884 858768
220766 820068
165225 884620
250819 786354
148945 906186
78468 988484
152994 903699
100205 966501
141315 919545
195327 856408
74657 999451
328224 699655
284977 751353
94381 978430
389079 628196
170958 888842
199417 855106
160260 902125
120386 951895
264014 780540
159483 907268
342481 686674
443424 564793
433184 577209
116025 961310
133303 941581
274627 770227
287612 755355
311715 726280
201247 861409
419652 594664
266439 782568
186047 881130
199384 866192
359006 670055
365277 662704
269925 780983
346779 687849
470298 533486
168094 913476
334006 704952
254455 805368
238872 825456
267061 790105
316240 728192
163373 921152
439282 573033
299402 750520
251724 811521
272640 785704
403354 619374
137484 958233
227600 844029
244431 823904
314824 733694
143710 953107
368542 665334
342321 699441
142273 959211
207791 874455
285999 773824
285570 774443
483610 517594
149523 953288
383819 648548
444758 569349
435991 581334
234379 849305
153138 959192
275015 796639
247745 833714
408510 618741
242561 840903
254626 825499
240339 844896
133881 988267
259336 819716
266896 810123
252277 829931
186325 920464
142967 981231
217113 880989
218819 879529
265407 816142
141333 986685
344302 710506
250505 839704
219381 882878
166731 955912
378175 664529
158776 968098
331319 730498
164035 967781
337079 725415
394905 644114
267964 822764
291253 790283
216627 897029
352886 704839
293353 789743
282788 805145
298880 784582
166273 975076
194603 934631
247983 858738
342312 723825
225332 893420
159699 989214
293426 795599
345595 721350
158511 994525
252273 858112
235613 884143
260599 847833
456130 560744
199383 938532
269710 835904
235768 889555
255073 861085
258834 855582
248082 872218
336222 740753
248596 872056
433621 595943
287833 816527
346500 728034
210456 933961
191713 966118
235650 900121
223052 919936
266851 853025
308910 789492
248039 882955
253404 874734
190778 973962
386464 671686
229949 914530
245465 891691
206260 952863
255684 876053
208315 949903
443113 585907
313932 789829
273234 854737
186585 992911
260306 876827
286133 836636
239433 912195
276773 855418
201702 978822
350709 739225
296148 829009
201149 985434
309153 809158
212859 968043
292528 837547
212391 971662
329142 780257
251884 908991
251211 912210
260461 897494
216066 971934
442741 592787
244559 927648
275945 876323
248308 926416
233978 952335
240098 942569
250701 927030
261604 910381
230149 965439
216772 989242
290957 861462
384320 698456
265799 907551
251794 933422
319098 815857
234263 965793
236041 962711
244918 947362
290555 866669
321778 811898
269250 905004
429853 620724
326972 803362
270822 904434
297611 857191
230900 976565
256319 933798
343036 781264
311830 839980
281631 896064
265741 929712
245545 969108
253357 954616
255125 953371
305556 860374
357269 763986
391478 701572
392062 700805
236231 998609
280424 914438
328076 823919
317994 843729
245970 983235
282167 914035
264982 949447
404793 680306
362820 761971
253856 978787
308380 874559
317975 858029
355646 783457
306175 883266
311927 872189
255126 986234
418432 659627
485244 525770
334999 830696
405369 688043
415352 668164
291195 922086
320677 863882
371683 760001
277478 953763
329949 847721
383173 737884
433886 633738
369962 767990
339143 835659
435605 632604
405296 697602
373798 764756
463068 574962
373972 765894
270151 990288
333190 854934
497665 501203
314199 897928
291940 946460
409198 693420
309373 910419
343963 835919
270096 996772
304361 922547
320005 891964
373303 775639
341474 849971
410248 696653
299728 945298
377886 771614
414087 690636
411895 696605
354231 828963
291153 975022
364701 806633
390199 748498
355298 830372
299426 963307
384183 765934
439931 636414
312713 944313
388742 763736
309212 956897
315181 944956
419693 691577
429636 672223
363007 839446
337617 905323
305605 986718
380821 797233
443502 639157
361167 848645
399764 753333
392294 776881
313826 982824
497472 502928
330420 955078
333176 947811
386188 804926
406970 751377
367351 861721
472395 572218
380174 831462
432285 686760
413129 740794
383410 826398
382098 834131
345053 941708
474047 570859
368981 873715
341753 953047
336378 970537
453968 629906
441251 667078
356482 914560
366241 887100
388560 823542
396442 800475
378263 858002
447403 654243
340368 976557
345066 970734
421921 737177
461084 616419
436010 695769
369358 903841
429310 716895
359482 937179
444297 671287
362200 930789
429132 721012
348095 979016
370838 908434
368216 918699
411057 782595
387335 860328
398377 824690
373073 906546
455066 642595
402708 816274
416233 772031
434708 713513
437457 705606
365926 945609
444379 685724
401693 832197
411145 800770
446580 679483
437005 713409
385709 892404
368473 955227
356611 997051
445882 685760
419071 780798
406297 826791
437748 716200
361459 991426
408303 826552
380589 927204
367319 977114
459761 642283
385024 920172
457077 654579
386942 921688
390617 908274
389008 915825
392624 905671
372080 994865
396756 901664
372465 998034
376215 985913
460900 651098
406563 868613
390922 931552
379452 978126
382469 966176
473724 601443
421837 809987
379747 980563
466825 629620
425269 806066
424908 809678
423847 817148
421299 827906
409425 882453
443863 740033
479036 587985
434173 790170
440682 776526
415266 904038
468159 649307
411469 924182
430953 829978
472111 631320
400807 988164
413700 928127
416011 916812
426044 867627
489774 547241
443247 781947
432816 835427
417981 912525
415614 926631
417319 920881
410411 958763
454653 730893
451676 749841
462632 697602
416738 948254
471342 655356
441364 831945
425885 927120
485190 583844
467748 688868
456270 760021
494734 527765
421853 973305
433724 908255
470523 679749
435082 903077
447609 825902
454076 785548
463123 729150
427096 961725
449569 819142
433752 929164
471109 689390
474200 671575
463377 745500
484142 605485
428173 995235
428634 996051
444406 892274
456787 804269
444365 893206
447641 871850
465448 743991
435870 960800
452176 850025
470017 718612
446299 897995
479562 650180
446243 907420
455560 837998
492350 554443
449853 888456
440920 959317
494016 542900
468797 744830
450035 896795
465893 776842
446728 941477
458459 855407
444992 976117
447121 957595
485122 626861
477768 696938
453647 915845
462315 840044
492582 563652
485903 625822
482107 661020
475844 722359
457670 895537
468755 792750
470621 792008
472069 796422
482573 686057
472819 798224
470035 832217
463426 909902
459339 967614
460793 963839
474933 816424
485227 703849
469693 939620
474264 877859
475666 861029
467056 997196
479915 804282
474022 901805
484457 740476
483048 779323
496306 557019
474768 945558
473983 979829
491711 650985
484589 791378
480720 872021
474847 991732
491894 670116
490959 694056
480297 931003
487615 775097
488751 765106
483741 905222
486360 845249
492199 700358
483011 951916
487028 850718
483711 949035
490940 750147
485216 927818
485745 927479
486398 954161
486413 987313
494670 693861
492051 806706
492907 785697
488214 982772
489900 932487
493202 794372
491549 920088
491846 959970
492823 916340
494409 853924
493235 949652
496975 733414
497123 772527
497324 910474
499180 627766
499820 951453
