506686 869183
507677 945197
507650 731438
507397 635727
509684 945055
507305 612349
509124 788712
508239 642771
510427 768751
512868 896783
514663 973419
514878 981064
512791 844050
509489 664539
513853 865914
515916 954606
515158 892332
508114 569026
518665 982732
508222 566980
510244 633206
520592 936220
520657 859638
519670 807563
522481 869641
522795 872493
518913 780197
528690 998101
528597 985127
518445 754454
526879 928533
533244 967768
522192 773632
528408 864312
529937 887887
536472 987496
530712 876500
533391 913450
526723 797913
520217 702833
536280 916951
542627 995499
528204 792175
539171 931754
536434 884256
531955 822433
538151 889734
516765 625855
537446 868839
546249 946612
536208 832403
551912 992718
542822 894154
547987 935816
546346 912930
522162 663441
554510 995098
529286 732003
541044 845914
542154 854207
532026 746863
556087 972764
554900 956008
559049 994291
539807 813599
554466 949768
515031 581055
533876 751019
543758 829993
535434 754665
563949 996126
562165 975104
513166 557937
563627 978475
565477 992764
556911 913647
565708 984822
535487 737231
566751 984593
544390 803677
554113 877390
569612 981861
544339 788636
570685 975818
558543 884390
575490 997321
532834 687106
558089 864132
539087 728162
567725 920127
539925 727510
549381 778142
518976 581669
585450 993366
560122 834201
584177 979275
523381 605626
539935 706298
574153 912757
508597 514844
575410 911142
547798 746806
567545 862413
538489 690143
581918 939922
588442 972089
525854 612820
594827 995229
569275 843509
566062 823192
586964 929855
595917 964117
562949 793262
596100 963773
548847 720207
544872 697619
580460 872289
576506 852249
581145 872776
566335 797572
572353 825602
589210 903510
607706 989043
568206 788596
549964 702821
509795 517324
606843 961055
596087 906741
587489 863965
608983 957577
589104 868744
532351 616204
573145 796164
607676 946734
560265 735284
587675 853803
601716 908940
616781 970924
616343 968271
571533 777404
596540 879108
590142 850082
604876 911080
611543 934985
559561 720396
552107 688304
607699 913379
628758 994214
601461 884178
618054 947549
620359 956283
606156 896261
558369 704738
603669 876132
593961 836924
573369 756769
548239 660914
624920 950091
576829 766638
550154 664766
560941 702255
577524 760795
513720 528070
568283 722313
622500 914580
639625 972993
572787 735975
627447 927884
640993 973333
635885 955220
595097 808282
623616 904868
626932 914825
633214 936139
604616 837484
622822 892017
651702 986994
632435 916816
595869 795381
657492 995694
648426 965613
619714 870044
529414 576500
617000 860088
594521 785998
631563 903395
653997 972802
564100 684763
572290 707737
642403 925825
595431 778181
609474 819650
644296 915376
583771 732927
647162 920626
612497 816436
663964 966081
578170 712263
576440 707032
532346 577251
607930 795527
648411 910629
544347 610110
679396 995751
658248 929369
596930 755502
630347 847907
678257 979529
628895 841968
600708 762136
594441 744091
547585 614628
645509 882890
647727 888135
570370 675056
638817 860428
647218 880864
593526 733920
628594 826788
679169 960990
654969 893368
601404 751797
667966 915003
590855 717097
661016 895045
695022 980711
649644 864716
633917 822314
624758 797829
687335 953379
688752 954366
671410 908446
522800 542124
686021 938171
677407 916504
542700 589613
668883 894567
631255 801241
702879 972232
650950 847481
584153 687605
552334 611410
708795 982569
668801 885887
714661 993639
580484 676364
694573 939469
627971 783178
682937 910319
611902 745374
635976 799955
561576 627498
647393 823074
715208 973670
630349 778612
577063 659426
645906 809966
650992 819752
720747 972958
682563 888043
707052 941717
673894 868700
628722 769691
721270 972208
726698 982359
570205 640887
729967 988340
731906 992125
670758 857253
668531 852276
711660 943229
737007 997023
737417 997850
662506 836453
678477 868079
624909 753415
736950 990188
620475 742261
649104 802132
730273 972030
642285 786389
698223 902692
728488 965440
580013 655117
727339 961808
577491 649311
688309 878441
576633 646873
745661 995900
573535 640313
681799 863557
730355 960789
620347 734649
694872 886591
692368 880870
727805 952604
702685 900610
730329 954561
746073 986116
726847 946292
702873 897821
637872 765260
558743 606250
755137 998272
753655 992285
685511 856253
661306 807404
663288 809520
646782 773712
628615 738464
721035 916556
650350 779240
670527 817934
750436 970104
763005 991710
718716 904925
737813 937699
657948 786420
596522 670954
616022 706994
575548 631178
744955 947538
571874 622972
698284 855475
767430 981468
681546 822857
701701 859681
591317 657039
761896 967602
585113 644973
733902 915150
754155 948384
574087 623584
698872 847853
768533 972247
647990 755387
574984 624612
699014 846669
697902 844504
599204 667845
736247 912951
698266 843425
775168 977129
736302 907404
778979 982562
775597 970387
607709 677333
622162 702152
681747 804062
656740 760835
795575 999640
761540 939012
752023 920574
680626 798460
709078 846508
648004 742315
774687 955527
746420 907222
713931 851840
648050 740327
783330 968114
602194 662067
796596 987137
713814 848634
542563 562218
601505 660169
753809 912488
727304 866848
784791 958504
695099 811277
781984 952764
714002 840823
726984 861921
780159 948108
772143 933730
760263 910431
675745 773967
734863 866213
659554 745869
647431 724773
755691 895763
690004 791648
796092 959089
768633 915180
658318 740610
777328 927157
821805 995849
809053 973578
544554 560965
828143 999193
696634 795702
808463 965736
544734 560595
784957 929035
768567 902581
546366 562689
710113 811445
764545 893889
669325 749243
731846 841796
784904 920798
736741 848159
750175 867812
688497 773927
774834 901961
786740 918002
837334 992861
708379 801024
734193 839171
787562 917825
566718 590931
817369 959999
827480 974425
815529 956180
689318 770121
690893 772204
752819 862120
649029 710291
687757 766316
717773 808224
677123 749078
652592 712735
655936 716759
643599 698204
814623 941524
611878 652234
692466 766454
815025 940281
834640 967464
745569 839972
700714 775974
821285 944555
738703 828064
698865 771778
634441 681166
803946 918123
780793 883733
664607 721943
693492 761431
825522 942547
857423 986334
550273 562254
715129 789317
812560 922052
829885 942910
839250 952446
844872 958981
759389 842874
789021 882257
734150 807402
514110 512121
668967 718452
857489 969559
750181 826400
703588 763536
838925 942770
747442 820261
779400 862440
743456 814252
817257 911293
616278 646279
792370 876105
867066 971438
793212 875238
843377 939638
715157 772845
729246 790307
845938 940897
732708 792749
803983 884366
868922 966942
721492 777407
777944 848656
719033 773346
736260 794827
708824 759759
854755 945502
841037 927466
589116 606950
798688 872547
811800 888633
650264 683983
835428 918317
888969 984832
538969 542542
709125 754515
776984 838666
887069 974323
776753 837190
902337 992757
773687 829360
905439 990716
621126 642308
663675 694142
842073 910964
687965 722253
767701 818998
896950 975760
788718 843775
913776 994071
889738 964481
756604 803528
799771 855546
791469 844993
776468 826790
790783 840454
912608 983770
595060 606871
869363 931465
885659 949085
918782 987711
670361 694588
817871 867637
777734 820223
873116 931969
864288 921210
754685 792586
717085 747521
709547 738241
867663 921667
777669 816744
738850 771056
877687 931242
758132 791597
922480 980748
624752 637984
881828 933717
912986 967928
830343 872981
740927 769175
900184 950437
929339 982998
556169 558408
907004 957001
794942 829608
810960 847627
655474 670998
771527 802456
925983 976599
789981 822320
698005 718143
924365 972929
799546 830505
787093 815315
749272 772953
703268 721290
682995 698633
884245 922412
919228 960897
654009 665451
921068 961475
656243 667423
684212 697788
720404 737506
927802 964246
786886 807744
895569 926163
895698 926244
707999 721546
944949 979621
760516 778238
812931 834301
945109 977641
872115 898372
943887 976200
748091 761854
946951 972837
706063 715202
689967 697741
915527 938185
861460 879552
758814 769659
639122 642383
766576 777102
942774 963480
957616 979126
642698 645880
667784 672350
917453 935918
779341 790032
894929 911854
961394 981901
964801 985392
898287 913476
863243 875677
828892 839258
977592 994853
753902 760710
760236 767283
895309 908324
744905 750958
841246 851514
874651 883524
765901 770178
726275 729113
852818 859097
691988 692855
966967 973668
636849 635017
583487 580348
924265 927167
699648 697842
976856 978967
810060 809761
935237 936461
976331 978105
759887 758339
672434 669789
995244 995220
915296 911290
658514 653874
963917 958895
721792 716070
573623 568635
687462 681819
944581 936091
828418 819803
948978 938483
732466 723742
943692 929713
841052 829255
713847 704629
822164 810518
883432 869389
988817 970545
635007 626663
771720 758349
961637 941832
973066 951988
898733 880228
843690 827122
865655 848073
952248 930880
882170 862648
835976 818140
637948 628038
928467 905617
985294 959508
791813 774102
958520 932226
963795 936900
988802 959499
697124 682147
859837 835502
612488 601876
938892 908834
969624 937204
893189 864901
903771 874709
996507 960647
827034 801668
934704 902271
707131 689218
642969 629081
933169 898909
920341 882971
925006 886752
930189 890329
794589 765615
999796 952962
589644 577650
865062 828346
957775 912647
927319 883501
809374 776207
850588 813192
743112 715748
621950 606111
907768 864018
985564 933051
859082 818846
881089 838371
845574 805262
760005 728033
942853 890573
889605 841639
605045 589050
973615 915057
755049 721499
586731 572719
906058 853683
746402 712835
900640 846036
880501 828072
726598 693842
885974 830771
878584 823605
748334 710791
644256 620829
975554 905313
628326 606626
691800 661005
957859 888203
677902 648296
716837 681159
658678 631151
727419 689329
978140 901951
859729 800571
874730 812952
903053 836876
887554 823098
872250 809877
752155 708071
778841 729915
940793 863674
941789 862461
991715 903264
542180 531323
649477 619857
779800 726539
816476 756598
924361 845035
881610 809303
818906 757708
941838 857883
676122 640555
742144 694189
861484 791387
846695 779233
849181 780785
884341 808671
893707 814830
694122 653438
986239 888891
704322 661424
811391 747394
826590 759229
821041 754331
526763 518125
949594 856928
615194 588931
890130 807332
896019 810565
938931 843349
678561 637289
966562 863686
860984 780648
983669 875900
956634 853936
695630 649619
653194 616393
749915 691018
920615 822284
967079 857963
734573 677815
731887 675602
906416 809916
894054 800358
575010 554576
792478 721738
999905 881100
972681 859787
941680 833959
583539 560251
801143 723014
887731 787946
959593 841856
810754 730051
923429 813557
952329 834839
986045 859784
559328 540989
636089 597681
929527 814323
813408 728422
684875 633475
976982 848590
981506 851215
980019 846022
794672 709796
878579 769782
793381 708358
948497 818474
863001 756960
914406 792340
827892 730186
994582 847805
852127 745580
730662 659376
920092 790180
884594 763728
928412 792816
941544 801586
826973 721113
531675 519053
842258 730179
935784 793765
627954 583972
715578 643170
986755 826364
851072 734317
970426 813589
986702 824045
999111 831192
962373 806517
890445 757448
938136 788733
765454 673866
602435 565376
666786 607297
994430 821492
964952 801825
621630 577193
909381 765334
932073 779746
744222 655935
733269 648520
760171 665916
756465 663374
682269 615262
910539 762412
806063 694935
955991 790734
904014 756031
820680 702723
986444 807498
953752 782656
840414 711350
902029 749589
872752 731085
857252 720827
873826 730750
571282 542225
843749 710873
986798 799016
872553 728173
941539 770422
758855 657477
940543 769415
965583 782912
975106 788628
987920 792452
911277 746131
878389 725804
760397 653947
814083 685915
815237 686472
997597 794482
956882 769126
993451 790387
877842 721447
977316 780268
846189 701962
953287 765037
941921 756173
776793 659706
871275 713513
958985 764214
770358 654552
672089 597626
944707 755170
930971 746993
940872 752370
633444 574756
845367 696232
874726 710931
817804 677284
569059 536629
905891 723838
781269 654085
724034 622038
980082 762011
923437 730592
850661 689489
927504 730818
898150 714759
970440 753153
944830 739187
916259 721828
713291 612425
646594 576107
655037 580512
918546 719143
680863 593668
631599 567687
646349 575417
922453 720558
799657 655932
730191 619213
945894 732336
954120 736163
807957 659496
912724 713651
972424 744500
941740 727947
675995 589886
773252 639230
955882 732479
640717 570640
843044 674084
811862 658091
669662 584482
606613 552461
979136 739856
983183 741791
971156 735414
973765 736106
978195 738179
768150 632910
637385 567373
984617 740792
802865 649855
968854 731353
666757 581235
969308 726414
960422 720354
977110 727705
713147 600585
723273 605413
866061 673240
689575 588630
905250 689886
863548 670004
750132 616443
865141 670533
954117 712143
921187 695740
779303 628554
977774 720546
863895 667584
873318 671575
648190 566084
782705 625481
693392 585244
961381 704810
986864 715886
997838 720684
918409 684686
947161 697042
822674 641112
941969 692635
884249 667160
912966 679351
990948 712733
645879 562442
879966 664189
844672 648468
998336 712894
930755 683190
593150 538716
812483 631712
914445 673936
814072 631511
813395 630433
827770 636191
874845 655793
871110 651950
679673 573030
899427 662321
974201 692396
968754 690078
965682 688344
877280 651898
990590 697239
811163 624750
659405 563214
598923 538905
696658 577804
595670 537420
994476 693982
799163 617058
624722 548265
698029 576703
929937 666521
873232 644433
625944 547928
735743 589067
995840 687859
668411 563393
748372 593627
993633 685797
771923 601987
869056 638120
982695 679458
971287 674265
818705 616605
625432 545267
600422 535869
878880 633176
817500 611331
910822 642936
833332 613612
736486 579377
846634 615741
884919 628557
625495 541623
701376 566856
951060 649827
945557 647536
896239 630576
856500 614472
714842 568824
999109 658987
853983 612389
946012 639739
992184 653943
910254 627971
948198 639726
988137 649463
751124 575603
793079 588177
982148 644163
761648 576301
873770 608952
888885 612019
982478 637940
976526 634545
650935 542337
876127 605350
690034 552894
601414 528093
783594 577432
962845 623991
975771 626903
795100 578460
820537 584467
880045 599228
988854 626980
927666 610607
601493 526310
775169 569272
945938 611702
994867 623687
946481 611439
727249 556594
697800 549133
990803 621529
862852 589887
894284 597105
992382 620203
878513 591350
870204 588456
971236 610406
870104 586040
633857 531302
727940 552328
944392 601453
729022 552105
941104 599456
638179 531378
696930 544467
712097 547477
841788 576067
661473 535481
867216 580061
911177 589062
965345 600179
901399 586379
846424 573815
969200 599312
661790 534041
995739 603167
658809 533234
929995 588414
869682 575937
715252 544071
893566 579863
588353 518226
937536 586972
659778 531795
841674 567335
927221 581877
935741 583346
800386 556800
857395 567093
961244 586161
935117 580525
795708 554103
773740 550082
799936 554716
646559 526824
985170 586551
866444 565272
911993 572429
916146 571804
634118 523623
930420 574018
913105 570358
690510 532663
622589 521270
719483 536303
945349 572559
814431 549452
804199 547611
660032 525116
976977 572199
792005 543953
693037 529241
732941 534820
602963 515760
600913 515410
792470 541807
858730 549436
901893 554502
972170 563328
683208 524951
832634 544341
975865 563006
766866 535367
966652 561035
868687 546598
972627 559422
688180 523685
859898 543479
866445 543871
845994 541449
925134 550243
671396 520886
951871 553001
977313 555523
847212 540519
957079 552922
985275 555908
626974 515264
744196 528186
860299 540473
890448 542510
859887 538801
691558 520820
655135 517015
900785 541877
574561 508682
955417 546941
794920 530276
829702 533348
933306 543366
864605 536050
923645 541262
888401 537675
888857 535220
821122 527854
818679 526889
690119 516318
893183 531839
966030 537469
781382 522689
993087 537177
883591 528663
755916 519421
715721 516548
528153 503226
837586 522929
753749 516925
966793 528107
932902 524566
858534 519884
979552 525725
895364 521128
706072 510981
786530 514579
776707 513741
827220 514194
911757 516943
922460 516583
923048 515978
902537 514550
871643 512873
680582 506967
961807 515031
771285 509064
836005 510705
938113 513244
620184 504827
989105 513498
754597 507251
889093 509038
859998 508298
648285 504396
957069 509856
806469 506582
914274 505938
778791 504519
968164 505986
949329 505134
983223 505272
860667 503870
809393 501196
684039 501403
793546 499602
822649 497667
887147 495158
925898 494410
775861 496724
752266 497116
831482 495549
611535 499788
935839 493109
545400 501023
887014 493088
935156 491571
872328 492009
821239 492764
918112 487078
861071 488811
705534 493982
894534 486290
686827 494058
976476 481263
829268 487550
986728 479495
854643 485565
993278 478754
781978 488378
614773 496282
933844 479914
733306 490101
786834 486770
974913 474433
954659 475245
992127 471248
879785 477983
927011 474669
790960 483342
941686 473545
878072 476950
762950 484189
598673 495112
688467 487333
882954 470907
943631 465907
958081 463815
904469 467834
810714 475117
889101 466981
963683 459525
993085 455562
559421 496471
992358 450386
581626 493842
956534 453923
659084 485562
797003 470555
783877 471836
636397 487560
941848 453938
935806 454525
726738 477508
782336 470874
863804 461668
845629 463198
961840 449691
889088 457861
557296 495818
997101 443708
848284 459611
834306 460890
738529 472645
851722 458007
862824 456586
757394 467651
800451 461139
995569 433730
860326 452506
971145 434797
966360 434248
777339 459909
835021 450929
752701 463664
969825 429631
984367 427011
866002 444501
605832 485800
805259 453598
919570 434095
933148 430650
973131 423907
981869 422366
801133 452421
954451 426197
565217 491800
944809 427033
950511 425827
909513 432107
794539 451489
768163 455909
635885 478997
951476 421998
819418 445651
969838 417779
683740 469396
998318 409878
685022 468113
839115 437572
813251 441649
952307 413832
952246 413053
775558 447270
680011 466298
807068 439789
920646 415907
658176 469775
632671 475058
969229 403532
946713 408304
830382 432026
849022 426822
747582 448959
934381 407576
962806 399727
716606 454095
973386 395277
875877 417225
709937 455208
743586 447450
810830 431679
735341 448470
840976 423517
984504 389216
943433 398571
928075 401877
702200 455044
768701 438832
950826 394717
951577 393118
761282 439585
918170 399077
804006 427550
689444 454974
753182 438378
820075 420415
826870 418639
877283 405520
881193 403843
706587 449459
980806 376532
973312 377333
798200 423508
650550 463116
688185 452844
879911 400930
979878 373887
658752 460440
998181 368043
979282 372672
760975 431952
866433 398700
647800 461132
973228 367421
873878 395576
899209 387551
860195 398506
893267 388645
768342 424594
792922 416984
935124 373937
877013 391122
869621 390256
970267 359155
640340 460457
874436 387174
921453 372450
973662 355993
968006 357719
836085 398730
812714 406025
717535 435479
557700 485705
999636 345248
654905 454558
827847 398800
900111 375318
788083 410147
744851 423784
748984 421700
824931 396346
976594 344794
935274 357851
880661 373921
701234 435174
888554 370106
903206 364892
881351 372411
657479 449560
894166 365216
911025 359054
911114 358580
784628 403342
852710 378940
871588 370486
986309 328445
968152 333700
771875 404926
885012 363385
763361 407717
617205 460965
684157 435403
726196 419583
696912 430265
685529 434147
839069 375902
763221 404256
698870 428666
965504 326868
561968 480651
824017 380341
660366 442535
947007 331969
999829 310220
893813 351202
953383 327425
846553 368920
945565 330193
941383 331082
899128 347258
882982 353327
768759 397934
702486 423433
967715 315903
858011 359992
734447 408974
575887 473468
854477 359195
801243 380404
925320 327749
943898 319915
928526 323934
885063 341553
535993 489284
933126 320299
980139 300166
796345 378189
995334 292619
885585 338892
948123 311828
968714 301701
916623 322802
631581 447152
796124 375187
763818 388374
937469 310944
812912 365851
796423 373147
922636 315984
978037 290525
919555 316679
874803 334595
610181 454638
730673 399722
827524 355587
992426 278398
746332 391256
687476 417739
831407 350585
955605 289847
940230 296775
926281 303015
853405 336799
734923 392764
667684 424666
738376 390168
966588 280140
953100 286370
726636 395507
914919 303591
932516 294431
743710 386221
835371 341260
778135 368357
927241 294969
989080 264485
870877 322454
924014 295867
976735 268016
831873 338711
638698 435293
717244 395627
711075 398601
828703 339070
749538 378616
629852 439052
917100 292152
879317 311229
730610 386606
757584 372665
966082 265243
685295 409696
971464 259102
646356 428693
817971 338907
893153 298008
803597 345044
894439 294819
902633 290197
800356 342756
752677 368480
981541 244480
784824 350960
764192 361965
614169 443147
719938 385338
809847 335664
997407 232334
742020 372195
642988 426598
955753 254098
633878 431218
778275 350697
797054 340248
626462 434900
676858 406141
945222 253572
661730 413900
778290 347806
933952 259408
897376 278225
922017 264075
996391 221500
879013 286421
789487 338159
581969 458115
768519 349498
992788 218231
926379 256652
873407 287177
946983 244093
776478 343502
870201 288488
633011 427377
907140 266141
823971 314800
874628 283894
813832 319512
652852 414815
821959 313996
719527 374506
678466 398164
927540 247638
600023 445068
764552 344454
853174 289394
896568 262668
834484 299341
952657 225752
967327 213836
808861 311585
849971 285599
651666 410261
808305 311216
801975 314643
941433 225854
973445 204831
940088 223989
925361 233187
951886 215602
656779 405017
924069 232600
821577 297722
957295 209722
962428 206226
999832 181905
699119 376739
698071 377101
853144 276095
994996 182157
606080 436581
903125 241636
867561 262473
920011 227044
825407 289662
936086 215750
928239 220870
971501 191778
810062 299193
936358 214477
914848 228483
964924 194960
671698 390620
844329 274293
830158 283521
932872 214202
944307 206209
702093 369670
686581 380010
979183 181877
699012 370854
755748 332251
888538 241384
780739 314821
838662 275313
996716 166523
972016 183141
990430 170144
704802 365625
918665 217909
852792 262523
776918 314229
692930 372416
745946 335228
672420 386331
751599 330081
934161 202042
709069 359723
948223 190405
942243 192406
977864 166089
929321 199845
891839 226406
566852 458525
818006 277915
868919 241234
626983 415048
770021 311917
822092 274337
867392 241282
742576 329927
808408 280743
848748 250702
802895 283735
963239 164246
658000 389508
979679 150156
856634 241478
783624 295583
757204 314733
909907 200788
940791 177354
910834 199307
757735 313747
866941 231222
824675 261870
740956 324604
787998 288909
811316 270470
894063 205888
960188 155022
613755 419574
894903 203966
850425 237339
686734 362955
875712 217070
886488 208573
962526 149242
933465 170014
914633 183709
771026 295065
948505 156117
567719 453798
943514 159042
793614 275709
817894 256229
940091 159474
873687 211851
746040 311999
525106 486985
851609 227496
783896 281010
883269 199402
935895 156474
940823 151403
858868 217349
572193 448336
715731 331206
723893 324345
965443 126684
602626 422797
788424 269800
938551 145775
853570 215505
885602 188429
937502 145122
887550 186352
993297 98684
639731 391001
961768 122752
971681 114405
695179 344550
793572 262251
682984 354197
580627 439678
803288 252568
891812 178189
603229 420481
960552 119464
945876 131228
994050 89563
992719 90561
957923 118423
806421 245257
887653 174746
901020 162213
908786 155031
848267 205330
844470 208285
837696 214097
985246 85936
913053 148624
906473 153144
878022 177688
920862 137770
909230 147890
985272 79514
778546 261722
641190 382361
734859 299264
961339 97434
709377 321342
780165 258168
773038 263282
546467 465997
963261 91007
656842 366506
968620 85766
951892 100791
833337 206384
932232 116882
731367 298055
772891 260398
726283 302540
900247 144241
926606 119671
622791 395818
995602 55651
881304 159257
716984 308948
594795 420779
809961 223300
754222 274345
835195 199959
752720 275172
995199 51850
997654 48208
943635 97891
965378 76440
838768 192774
898822 134403
930837 104149
886994 144154
621513 393658
815401 210997
925202 106951
896058 133912
990313 42913
750606 269929
911814 116817
931267 96230
940493 86642
733427 284461
906553 118670
856832 166246
783420 236057
935163 89976
746579 270877
829464 190043
945931 75658
803254 212544
844548 172043
801603 211974
713174 298614
979075 36256
623128 386840
777789 234373
646940 362578
918360 93041
846126 164071
777646 232035
832992 176687
964017 44140
814240 193225
889936 116310
694548 311939
762728 242911
966707 36718
789052 215598
890155 112137
843987 158605
763524 238834
946907 49594
905337 91593
983327 10036
652881 350729
857663 138352
628994 374928
865780 129572
907243 86142
883097 111124
975232 14964
983164 6693
861104 132374
717328 281553
844956 147529
628020 374332
798224 195807
938956 48183
965408 20427
806406 185573
815517 175920
889324 97733
956471 25644
834614 153729
953063 27789
901038 82731
909659 72949
896126 87015
903062 77394
941486 36166
929675 48246
936933 40127
754258 235718
908685 69363
946687 27936
956113 17174
856583 124205
795353 190092
920639 54597
852313 127994
805648 176912
895213 79586
877628 98260
840782 137979
809412 171827
890547 81865
905785 64955
776628 205178
915313 52813
637254 357930
767274 214170
639327 354971
776745 202056
820440 153084
644898 347627
876564 88928
843393 125008
806367 165322
540080 463817
786647 182990
748568 225923
779069 190892
858072 100338
565354 434319
894864 56649
929613 14578
771274 196009
782311 182668
706061 269123
843888 108069
934079 2714
744928 222719
743843 223559
779104 182127
842675 105931
779143 179510
879332 59750
690449 281953
692361 279499
808137 139410
867030 68150
865380 69923
908300 17651
671695 302635
756654 199843
753795 203154
738467 221399
759682 195073
525291 478944
659690 315748
728732 231229
797113 147519
912129 6749
588213 401728
783398 161732
901490 15118
644275 331847
727076 228960
809773 123364
823177 105777
704802 251951
858822 56982
762626 178393
771004 167173
612029 368138
750465 192799
710730 243055
587160 399295
895713 7231
759258 179360
847508 66797
589100 396147
773398 160041
845653 66087
577250 410758
777509 153136
787906 138927
662831 300034
762757 170551
784814 141683
876943 22429
762479 170399
701536 248370
873959 23724
654072 309519
847352 57721
607592 369358
552807 441091
682944 270384
712243 231932
758597 171047
662910 296535
753785 176668
725408 213926
749375 182162
881862 7529
768295 156209
841263 59270
825040 79354
821098 81188
757075 165769
650152 308863
677930 271416
808735 95434
665211 288184
649327 308834
743228 181606
604706 368723
606546 366073
830380 62353
874059 2966
728482 200314
781539 128161
741237 182576
811913 86414
761031 155504
633875 328281
733362 192172
789581 115312
754771 162817
738410 185083
706266 228197
792788 108792
784224 118382
749295 166398
570694 412929
856905 15830
805228 87056
798016 96836
660742 286914
730131 188718
770143 132470
804536 83355
808672 77356
595844 376184
598088 372930
728127 187827
619470 340704
809467 65591
597659 370449
811182 62123
835328 26046
705508 213742
773446 114550
806873 65787
819379 47292
815112 52580
540432 452288
750130 145874
837067 16972
754889 136757
656647 280788
683431 239292
711727 193674
774435 97469
829306 14298
829131 14366
768263 105801
650673 283375
742355 144172
738215 148852
539512 451401
732996 156337
643883 291705
744895 135325
640918 295114
626966 316250
799984 49739
712803 183408
728449 158203
710534 185896
762342 101632
739666 134792
769295 86545
790298 50619
673886 234930
663948 249599
786420 53377
696409 197160
781025 60439
576315 389091
815017 3374
806167 17451
599872 350500
787167 46952
760770 88972
582755 377502
780787 54644
649773 267896
749442 105106
810298 3693
732645 130834
812022 404
705166 175069
732663 129571
743320 111932
601287 345557
790299 32408
731678 128704
769462 65896
635157 288221
720724 142529
754408 85693
685966 200262
631500 290937
614100 319460
791327 19050
739602 106018
784116 28509
718553 139169
666468 228053
680103 201319
694059 176972
639245 271093
734955 104440
766452 47223
682570 191971
638620 267857
641941 261794
750918 67317
692327 166705
659603 225068
668220 209125
596477 337618
663792 213172
750826 52103
603560 322907
671033 198252
607911 314598
709780 126601
746188 59199
581228 363589
662965 210592
631423 268956
658302 218056
681139 172991
633129 262755
571885 377983
723728 89600
642579 242541
572059 376245
749580 34884
536274 444377
548958 419887
580256 359253
695122 137001
606717 307278
721723 83942
701670 119384
589742 338411
697427 126678
709489 99904
565862 384009
693329 129887
667956 179027
599894 314469
637446 236039
751991 1985
718203 70322
613956 277590
733867 24264
715421 61461
615318 271725
554620 399291
676516 139559
548075 412273
702374 79852
717294 44974
674942 132696
682297 114914
688719 99374
728294 11131
675422 127761
644391 194783
727775 3369
706766 48444
586902 318945
697687 66874
719102 17631
652081 170147
637486 202886
689564 83695
663010 142128
590702 307713
685573 89138
591587 304557
648958 171107
681494 93867
618591 239254
714585 13713
691366 64915
697514 49518
661336 134408
666101 121679
587179 309260
703801 29543
707906 15230
619784 227997
678637 85244
692008 50451
607470 255941
684926 66750
680473 77528
639279 176802
688069 57313
655206 133904
557707 374824
706517 4330
702727 13006
675095 81575
671061 90870
652317 128761
618600 213208
685140 40479
679706 54303
610112 233733
587281 289988
525374 451777
681898 37469
686843 23128
639613 146905
672032 57824
668339 67718
617003 204388
625630 180514
609673 222872
675429 43435
540154 409975
623140 182329
628726 166210
638981 137941
614671 202293
653147 95051
638110 134281
647374 107625
531165 432418
637426 134131
624450 169816
619987 177977
547421 383902
656904 66626
644012 103864
655136 71156
615646 184681
582994 270579
659630 35282
670021 937
633329 112447
644733 76502
655280 43744
655785 41877
637557 97035
612015 175057
653410 43901
533162 418352
594566 226423
571169 297890
645007 58485
610249 168679
634689 89982
556834 339181
621793 127869
572561 286125
653243 20677
577282 269480
563613 312390
608552 162796
562225 312723
629310 79281
577418 256257
596814 187572
639092 37143
599442 175469
547122 358112
625546 80851
631279 59539
608473 137134
606400 138663
636317 29577
552070 335798
641696 9064
642840 2727
630858 46167
598895 160574
619061 82836
616025 91287
529598 414684
622840 62578
611604 104071
615396 84624
609450 105353
631990 16560
634241 6760
612028 78311
601285 119050
565917 260344
536449 379945
600107 115616
595367 132400
604320 90735
605292 77515
588528 147983
614431 32539
613436 35129
592541 123894
575042 198693
544261 334456
593480 109745
606818 34942
559018 256093
601566 56054
595443 81246
535860 359064
597045 57313
553529 268690
593676 68444
569274 184333
586813 94476
547868 290466
602937 9416
585062 97758
573663 155951
516817 447592
586173 81304
524381 406652
599336 6518
585283 79251
546844 282801
555808 233077
561611 200998
596686 6074
558175 214438
591165 31116
546103 276704
559436 197991
586175 41838
570714 130714
569108 138150
557856 188327
564932 140044
569978 100517
542732 271205
553152 199635
573042 63175
559002 152659
543939 250345
576046 30650
536190 295241
552389 176033
568385 60821
562896 95526
559449 115038
544633 222755
536670 280599
568447 42870
550678 168959
548897 180467
563060 68194
561713 71485
567667 15355
552231 137022
558590 77087
521381 378413
550358 137470
561038 46921
509152 479013
551515 118418
551347 117361
546602 156735
557307 62300
554932 81674
540850 203575
547052 131198
560610 5576
547315 115478
546210 119950
523747 329413
533944 204623
536365 168752
520919 338449
538232 141006
524039 301880
536046 162111
514126 407549
531475 188849
516018 380695
535376 130993
537949 87789
538191 70492
532306 139901
530301 162492
516581 355973
529195 172471
533533 92099
517029 336261
512349 409256
522672 242061
533888 52348
511326 418770
526034 164610
528108 126523
517193 312972
528282 117519
532129 28127
512897 381455
529158 76892
531609 10361
522866 173959
521381 192230
520076 217502
510109 422180
519939 195198
525269 41306
519967 156163
517437 219662
523358 64434
521976 74501
516904 211995
515782 237807
518613 154881
522227 31652
514552 248799
517709 140327
519445 72039
520541 24555
517802 86820
511588 308989
513220 246545
516832 107879
513809 216812
508085 2794
506554 4140
506284 74375
506200 6618
505579 40689
504584 160198
505436 341973
505154 307650
503136 15125
503499 90668
503477 96829
504502 329604
500335 6304
502451 196700
503471 282891
501580 180748
499222 35316
500062 106744
498623 66954
500103 154868
502812 304481
504533 399905
498161 105928
497842 117147
496789 73799
495984 67889
496817 104771
499693 239940
496373 179294
497458 223767
503339 406000
489806 40193
494088 162095
496348 253524
490782 127863
486100 23146
496531 282842
495446 260704
485369 47641
483967 32885
498545 339437
477069 19227
477101 23676
474656 2319
482162 125511
478949 76424
489509 250612
479667 126172
471300 21250
491776 301338
486354 234437
491032 305899
504714 480369
462800 11523
474231 140943
476458 165941
464053 37278
464946 54264
472204 134772
495994 393230
483398 268539
476294 203207
483419 276389
475242 199332
456375 32139
456138 49521
453266 29411
474702 230886
460899 123374
452089 80309
481448 311002
448276 61594
441463 12430
468688 233785
438452 24707
471727 263281
451274 131932
460379 194883
486039 369359
443549 94561
444068 98040
466919 246094
480376 333538
451241 145939
429561 6541
477259 314081
439084 97375
463900 246456
448634 156515
431845 60114
424610 19308
449186 164998
427950 40570
443744 135818
440499 117393
424475 25634
489118 407023
426083 63139
425451 63172
420297 58339
415832 36799
456805 248873
454183 236890
420927 68637
442101 177161
457578 259608
458790 269648
438162 169676
450232 231228
447108 217149
407180 27223
438113 175192
415565 70997
489463 421959
437744 179368
481938 387992
465421 312694
433339 169245
415698 89356
436102 183358
408506 60162
456751 281404
403337 45184
476015 367519
419045 116438
441770 223131
434029 189981
450759 262511
398816 40671
404643 70965
425523 160214
453220 278795
406552 84427
441899 232901
439962 226677
411412 116051
390513 37891
433511 211304
434510 215696
399274 75908
397801 72856
450970 282825
389511 40600
435318 221443
393542 58658
463077 332879
477426 389231
402306 99600
380314 16190
418114 162150
417788 166587
472103 372736
400758 104808
423918 191999
372721 884
380139 28722
428930 212784
371081 6391
437389 250367
387809 73940
385660 67552
436740 252385
373572 31148
391219 95475
441317 274250
423816 215890
483047 421108
409314 169469
396078 124439
360442 2942
462362 352654
454397 327633
383176 89691
477915 406663
430609 249886
401107 154440
408228 178518
365701 41465
387302 113638
454498 333287
408356 184954
356260 17287
437496 279730
474140 398941
364666 53300
386086 122664
365668 59038
440055 295794
355053 33843
443690 309135
365994 71094
499121 479429
389136 144790
432098 275728
381307 122474
453349 342269
470485 394502
364067 83400
337202 7248
397646 186865
355209 64918
348748 47691
361241 86027
341402 29807
335430 16878
410048 230341
341183 38129
443179 325189
364295 105291
328859 7729
417043 254204
336133 31355
393630 190513
338973 40002
429467 290091
335213 32841
337592 40600
348215 71123
343545 58958
401790 218895
400180 214601
414234 253712
425768 285758
339966 58113
367947 135412
317376 8522
429143 300545
356238 111342
329073 40983
321944 22834
443943 341667
400726 231532
408510 252520
347047 96881
352541 112653
412608 266395
423693 295071
382570 195441
344095 102293
409930 265073
419734 289215
465045 400469
330507 76466
303754 16204
363492 160638
425025 308212
316438 50713
402460 255110
310016 37051
369793 179422
339538 108876
329582 85556
355259 146829
363315 167616
457661 388619
359460 160823
467241 411125
302284 29708
362094 168623
319543 71525
311927 54976
371312 191789
361907 173209
361098 172198
353177 158653
297233 39364
309865 67408
410729 290871
435409 345340
285045 15883
467983 417578
278716 2965
285506 17971
360902 183927
349530 160495
412935 299489
464273 410698
422307 320482
283448 23568
278237 17593
369326 211189
338662 146422
425912 331856
403321 284878
352383 179966
384591 247340
277581 24671
267638 4937
268664 7297
463611 412761
314892 106246
312490 101981
273111 21910
464538 415765
279481 38545
328715 141304
274054 30640
367340 221060
420781 331502
259061 10229
333382 158128
343609 179227
253414 2366
468931 427897
376540 246387
290232 77320
286402 69836
398119 289649
264610 30823
336793 174569
264655 35591
271054 48527
306516 118867
313369 132188
261438 34679
344276 194842
276526 67945
285159 85664
280536 78108
414348 329288
282519 85811
439185 377411
270251 67403
289275 110363
302634 135229
241281 26242
295133 123054
325551 178877
281038 100659
235833 21596
263575 72145
264886 74798
228310 11314
290266 121356
369740 261325
224508 6256
365751 254741
350938 228949
234078 24508
266606 82112
365450 256108
307833 155742
275230 98995
262762 77276
259283 73369
328762 194851
239761 42479
330245 198907
303805 153640
302149 151913
363445 257363
404778 329402
252361 73385
379849 288475
209001 3722
233159 45370
228089 36942
388311 305386
455971 418222
404147 332513
250209 77749
312875 181806
346920 238278
387892 306640
234727 55653
247951 77994
272487 118279
331941 215760
230261 51164
241574 69748
306585 177970
239186 71846
291182 156692
245208 83722
346018 245195
312997 193490
277888 138221
318635 203961
386685 312175
248860 94950
259968 113016
253644 106707
288817 163016
357293 270751
318718 211442
269486 135401
230474 76321
472666 449902
308927 198419
206316 41221
257207 121578
282334 160936
203266 43041
347477 262357
175674 4293
218097 68300
281601 164283
196572 37068
295449 185381
190616 28676
271669 150349
222276 81236
208498 64555
324815 235702
241038 115011
257319 139955
222960 90739
277352 169633
184070 34540
163149 4390
201065 60351
293856 194532
277375 173188
182686 37714
158069 4150
424946 385475
325837 244052
319642 235985
450335 422692
199201 68629
156185 7980
189284 55445
198770 70304
342515 272399
375795 319130
250093 143573
341292 271213
278744 185471
225179 114926
252830 155169
377389 325999
165388 37285
225488 119296
247725 150699
168602 43659
341676 278926
179954 60937
387409 341319
294759 217262
504531 499271
197882 88508
193642 83052
163806 44428
274496 193210
138998 13469
277141 197124
153278 32588
131447 3620
396314 356043
225704 130739
314598 248520
146880 27160
373082 325932
426958 397085
228848 136337
246431 161722
445242 421900
292817 224140
238716 153843
474333 460286
200914 106755
126613 11147
211823 121251
171529 70409
149865 43889
209063 120681
176821 80884
242506 164817
182111 87938
139744 34402
228808 148728
169549 73594
112639 1261
135934 33486
342037 294603
377359 339129
390919 356472
187942 101678
105560 2832
339757 295072
102088 387
210829 135795
109599 11381
191090 114143
251902 189954
278933 223182
228655 161995
201254 128745
186809 111391
171822 93282
149897 67147
324086 279898
307650 259959
145447 63447
383987 353766
334190 294210
358130 323228
130940 52752
360627 327655
260171 207983
87916 3691
205891 146632
131842 59458
191597 132910
111181 39137
94029 19171
109810 38219
202020 146967
207207 153095
302431 265089
159511 99475
191339 136397
273423 232009
99805 31273
175499 118884
379558 355127
220118 170942
265174 223210
165683 109571
150923 93750
283752 246607
287042 250516
494870 488589
198566 149688
291442 256462
287736 252344
476552 467759
388089 367368
399445 380305
305291 273655
147269 95712
269053 235488
83837 28821
352490 330785
86835 37282
352498 331466
70967 20563
97991 52686
143761 103016
146625 106612
371736 354068
151545 113136
226048 195518
119210 80147
341666 322423
87561 47948
46522 3999
289650 267510
230981 204205
68243 30233
47974 8658
276657 254787
165669 135762
161425 131907
168807 140176
138677 109427
97171 65564
38188 2833
132023 103263
128474 100364
270809 252120
220201 199366
42866 14332
241883 223746
195132 175017
38980 11513
178754 158776
53578 28083
328421 315739
200462 182425
305297 292105
80370 57654
25454 750
423362 415417
340591 329532
356641 346489
129817 112564
291108 280454
19842 1836
243870 232345
157287 144059
19602 3577
30210 14458
97709 83655
256723 246349
21735 6026
66021 51399
127439 114636
268205 258862
384639 377673
78104 66751
170808 161063
369898 363499
211128 203789
315557 310863
147767 143802
22837 19149
92691 89512
70654 68449
123424 121445
318779 315912
5551 6187
237903 236885
162533 163448
123547 125617
20966 24861
381783 379365
205304 206233
150953 153544
214947 216249
173575 176333
436626 433784
382702 381233
441613 438729
200632 204562
2743 12413
301245 302605
37421 46461
321996 322836
125779 132786
61652 71490
443823 441251
25501 37439
176814 183644
8342 21712
44983 57419
76403 90606
72846 87504
211802 220484
315194 319665
308544 313461
387466 388977
242338 251416
133991 154550
117827 139618
353697 359775
387795 391515
246122 259812
73266 100840
147469 169556
138124 161956
37712 69579
73434 103810
268088 282964
58897 91027
169683 192729
201768 222246
23428 58753
13442 50215
74261 106222
27200 64042
134057 161662
116754 145979
201331 223245
100007 131149
53634 89045
81839 114969
457113 456892
379567 386285
171249 196630
229611 249994
733 43148
306760 320878
261196 279657
28613 69042
322747 335529
138684 169216
311389 325572
227453 250235
227894 250671
93160 131267
106186 142976
104642 141997
325247 340518
62439 106932
187337 218130
85429 127562
7102 58404
127639 165730
64407 110276
335559 350481
237528 263990
404469 411687
5356 58930
409756 416750
190502 224360
198736 232225
62319 113583
91844 139882
257745 284989
131360 175186
268834 295009
204815 241033
50950 108552
118894 168511
166680 211472
219452 257023
175262 219534
116218 169792
93495 150656
361329 378472
54121 119060
207506 250469
189322 235305
216014 257786
72341 137136
80309 146815
303818 333148
234588 275568
204558 250680
71691 140506
369807 388585
5609 87174
161130 217315
79216 150878
351971 375381
258177 299354
466290 469138
87957 162340
149160 212808
375783 396672
116913 189052
20092 111938
138527 207926
121480 197345
129764 206705
85543 172759
83508 171362
65709 157505
132176 210131
95242 181435
22123 125088
238696 295645
246180 301954
26961 134295
392528 414528
236414 295733
54309 157572
65342 167160
2314 120225
233733 295767
263872 318822
18770 134879
122193 212919
125543 215507
149772 233844
5491 125904
2496 125516
41914 155214
99469 198247
30206 147075
274078 328970
142688 231404
218816 288725
108136 207228
241280 305861
442 128128
384630 411909
154507 242340
435388 449499
367310 399368
339058 378709
105655 208940
167083 254045
300756 351728
97126 203440
6920 138745
136249 233239
54913 174390
18055 148823
106898 213277
87972 201166
372989 405953
196762 280290
223078 299667
83729 200780
214194 294091
70117 192337
114780 224620
347667 390433
184780 276502
363734 401978
251377 323490
384714 417275
195422 286119
355900 397688
155034 258900
202886 292344
131226 244198
123076 238695
2009 156654
71424 204181
240297 320090
189031 285292
231906 314670
90581 219472
246152 325206
137790 252568
122418 242245
202368 296580
273490 344866
103575 230654
125788 245725
273700 345657
413683 439672
160873 271584
419815 444122
13111 173352
133050 253443
307166 369327
392123 426041
131990 253865
49418 201046
58837 208303
85104 227253
134700 260324
29837 192956
56437 210777
151033 272963
163960 281874
403834 436160
400503 434039
218041 318023
301042 371219
144316 271731
75180 229847
361362 410555
91843 242117
227039 329066
100890 251465
417147 446732
120967 265380
287859 367981
50665 222761
177068 301276
110266 261290
198576 315395
254839 349654
31359 215232
118021 267813
207332 322613
159814 294824
159528 294780
149867 289463
13527 208624
291459 373966
27360 217354
106681 264616
140233 284673
180041 308620
131358 280245
194811 318958
78616 252615
230371 341020
262286 359771
3273 210706
407867 444809
148820 295142
399372 440060
110114 273230
352424 413289
115101 277490
87797 262156
95087 266377
93636 265567
2949 213677
423672 454600
152570 299963
252148 358431
141982 296699
128872 289778
35839 237708
134128 294347
170151 314823
128080 291709
81236 266581
119760 288155
64294 257738
325311 402348
102417 281915
109465 286074
4060 228993
218332 347409
227373 353091
105624 289091
206319 343428
437854 465632
190263 335849
117249 298135
334199 412565
44539 265952
172911 332077
183494 338137
226090 360443
99485 297950
169704 334413
24262 263429
138842 321296
95271 301832
21244 267463
196569 353478
218678 364817
98568 307688
210370 362931
87305 305909
50673 289126
187659 354544
19324 277201
345706 427764
160098 343296
10761 275863
30005 285463
53282 296234
390345 449325
320511 417748
197906 362369
266332 393441
112778 326094
287989 404390
206474 368508
174028 354148
234818 381252
165172 350830
2123 278900
99389 322669
120174 333603
102741 326524
50709 304877
242823 387936
198468 369739
196168 368797
44127 303852
271063 401443
49708 307437
160175 355375
435081 471716
163242 357128
61993 314738
416352 464025
222953 383664
125553 343534
54646 314859
99974 333788
52537 314479
236022 390325
432526 471375
190934 371996
364 294165
197729 376517
33895 310645
35744 312412
302286 419671
33840 311750
30758 313471
33932 315001
221046 389727
392676 457200
109000 346389
80563 335309
25419 314808
15101 312648
115957 351788
312462 427704
291965 419896
172602 374399
109287 352279
158930 370980
89461 344951
384425 456011
7032 316319
96541 349890
215453 394918
150323 371859
187223 386429
206175 394441
385139 458491
125104 366369
378448 456408
265378 416519
342883 444409
212652 399706
408570 468349
158777 385108
319896 440150
203074 401912
75553 360005
90605 365235
103332 369479
33904 347105
315419 439440
231539 412738
400647 467604
120818 377604
207956 405863
266249 424790
356803 453984
327798 444753
415686 472912
398370 467666
38497 354741
132264 384605
58712 361868
165311 395206
21349 350996
221118 413235
345278 452014
61248 365857
27541 356686
228343 417979
165925 399365
478177 493426
225819 418697
208694 414471
169158 403304
230647 421385
114336 389332
132236 394530
255425 430256
273402 435682
135186 396506
132786 397339
293868 442715
165104 406924
37435 372304
123631 396139
180013 411814
114361 393984
1472 363184
34931 372756
72671 383490
423735 479328
112240 394674
337378 456454
382649 468787
59799 382874
188550 418637
38109 379328
96186 394940
45665 381830
252785 436210
408993 476737
130313 405754
93213 396445
36580 382780
208872 426680
80123 394227
138074 409443
112624 404012
202293 426379
23720 384387
44673 392666
875 382926
154388 419052
84222 403059
180947 426236
263072 445733
77360 403687
10926 389091
327013 461157
3347 390044
147237 422124
271776 450156
196733 433804
24635 398066
320766 463051
114917 420340
415538 483128
407267 481689
434496 487228
106936 421627
3130 403828
20500 407635
9924 406151
139493 431441
351334 472355
13463 408997
129880 431309
198309 444290
247533 454475
335805 470630
73906 423145
270442 460056
194287 446757
80108 426892
132376 436863
142087 438916
336640 472689
58407 425045
53773 424482
241021 456823
135692 439505
295095 466388
250948 459169
25936 421708
189578 449217
144175 441793
273449 464288
76941 433144
26243 425054
230179 457755
307991 470970
107594 440112
298280 470077
186456 455579
17651 431360
88928 442063
97092 443784
290422 471383
44510 440251
102691 448163
91331 446769
285841 473138
21313 439380
422412 491014
7990 438682
207211 464089
40590 443865
263547 471983
6014 440714
200311 464476
219318 467171
76074 453387
263330 474767
29954 448855
47662 451320
320671 481531
60313 453112
172886 465430
164684 464830
293462 480160
72426 458853
86167 460284
207857 473057
111300 463911
267933 479213
11572 455032
270552 479784
331210 485661
197465 473511
33722 459558
55250 462247
146744 471359
393260 492275
269929 482167
169041 474203
132637 471445
179572 475790
44561 465543
212004 479941
395597 493627
21353 466659
175480 478325
120536 474979
91854 473855
179484 480724
67897 474152
84820 475795
137653 479567
31856 473314
107142 478876
308544 490507
74964 477400
200773 484625
270097 488583
44356 476251
49472 477368
252034 488220
49238 478586
234800 489247
88361 483394
127168 487090
354180 496102
28466 484273
201384 490865
369736 496920
220346 491750
312891 496394
65591 489805
12343 490819
363763 499420
53537 495911
76889 496657
105643 498077
31170 500277
315642 501260
192348 501161
287070 502132
136569 504213
171105 503990
274842 503609
51680 505401
272766 503695
217336 504411
225755 504621
64848 506403
178792 505561
242261 504907
144126 507220
231076 506797
39433 510634
71575 510326
235427 507349
88715 510904
7256 513926
87692 512785
266082 508428
306599 507460
96614 513475
11774 516235
107618 514666
244055 510293
387876 505830
61442 518634
158540 515935
388795 506797
182534 515587
76550 521589
143908 519126
293953 512324
344715 510442
178426 519509
206012 518702
420391 506717
157780 522090
427521 506417
22670 530887
257047 516827
202443 520145
205846 520694
73820 530972
85092 533151
111592 532138
155222 529627
457837 505865
139217 532667
421425 508982
224849 526363
129047 535139
7007 546007
290521 521048
128391 535948
80271 540556
446489 507284
93360 541273
202458 530925
29049 547953
166832 535929
452326 507444
412275 511756
138648 541357
271103 527400
222398 532764
43274 554167
183330 539088
151003 542911
114978 547990
162629 542594
75129 553000
84609 553435
42606 560986
389275 516828
105127 553577
425671 512241
251977 535413
10055 567765
204617 542518
354655 522582
60696 563824
259475 536213
93358 559990
249977 538815
272408 536062
311963 530867
206413 546697
367096 522880
79096 566712
52180 572497
289361 535858
118310 563082
296593 534960
298937 534730
136134 560990
144636 560019
283695 537698
413347 517153
127010 564444
3054 585511
303012 535968
96652 570856
97999 571209
23494 585753
159226 562230
235721 549521
461986 509680
6915 593495
238655 551472
48468 587048
49160 586920
281635 543685
89654 582431
25046 595894
78698 585623
84566 584708
47313 592053
170134 568907
296860 544042
89181 586556
444365 514438
504688 502179
27049 599899
34497 598596
55931 595912
129447 580851
293845 546410
196309 567548
254166 555406
71734 594441
48603 599888
158567 577007
217031 565396
196497 571365
3132 615000
24422 610975
88273 598265
127573 589538
115390 592676
142346 586794
60912 607226
263320 559379
36923 613210
131547 591352
248909 564264
45759 614074
237302 567807
317163 548749
239114 568177
205206 577690
256553 564876
54098 616581
343533 543257
9546 628574
177844 585659
316064 550425
419912 523930
488565 506456
158132 592746
118866 606329
66895 620363
221454 578791
37507 629181
65113 622108
250095 572641
211264 584055
462023 514307
161824 599013
73947 624584
30168 637601
421566 526465
93437 621749
94236 622634
6872 648399
209039 589604
181962 597864
227676 585249
454238 517501
146364 611376
379855 540372
20995 650623
58383 639729
83878 632329
243241 583180
401586 534301
137064 616902
41597 647346
225326 590371
169618 609018
86801 635424
123905 624224
265118 579345
95290 634653
189039 604526
420767 529684
392126 539264
375030 545039
37509 656360
91483 639150
12372 665494
86797 642323
39543 658358
264230 583410
123477 633411
130874 631220
60636 655928
181485 614215
41090 664539
64285 656989
241905 595692
151812 627898
144744 631038
52293 664902
237716 599035
149976 631270
211998 608959
46643 669158
133476 637798
57078 670849
14325 687589
402385 541576
68229 669991
241280 603849
418348 535772
377352 551795
39257 683030
32409 688155
117114 656380
269278 596231
336450 569659
139359 648329
192764 627500
19790 698195
211730 621403
325088 576126
410474 541490
16129 704631
227444 617412
90641 675520
218545 622602
310206 585189
140424 658024
117331 667910
151071 653595
410025 543010
138935 659462
341838 572517
264404 605930
376159 557878
402398 546984
71623 691349
72094 692902
126178 669375
430376 535375
76655 692658
199646 638480
71432 697235
252658 616036
349013 572869
35917 714270
287327 600899
95252 687781
161824 658362
158037 660246
120099 677985
132220 675711
297220 599397
203460 643482
469 739066
20830 731126
164846 663592
179887 656746
320709 590418
178423 658292
43406 723217
162672 666940
294621 603976
1655 745364
40728 727689
40517 728595
65012 717508
111342 695133
101842 701086
205972 650115
297303 605430
16825 747657
242956 634184
190081 661334
352428 579691
229016 642974
463916 523494
47856 736405
46580 737235
397201 557958
83291 719326
262201 627618
119972 701312
37422 744699
344543 586147
49993 740174
204417 659939
70333 732164
197074 665616
36658 750903
8541 767084
246473 641201
37756 753759
311645 606758
228261 654276
62635 747236
65029 747139
168532 690285
68428 746145
187008 680672
218319 664094
39071 765842
37973 767248
74518 746686
242328 652857
133483 715239
222257 665355
218976 667266
175502 692486
130756 719437
45298 769511
317948 611423
209682 674398
97284 739768
171959 698259
99850 742143
80818 755497
28378 787444
1140 803771
266307 645336
223911 670690
144585 719493
220620 675143
107455 744104
140357 724429
104602 746414
63596 773163
395502 569820
96617 753216
67278 771289
169269 708727
387660 574978
125370 738145
84392 763773
175758 708898
212321 686017
11832 811612
400288 568482
245907 667163
24518 808928
163710 721538
136559 740499
60496 790456
39501 804318
128261 748113
214021 692406
277444 651120
200048 702681
302897 635660
316984 626814
235501 680752
264004 662710
178181 719933
150522 738343
419767 559645
212746 698398
309404 633793
124962 757393
152711 739397
158141 736521
141163 747977
418103 561363
150379 742037
17524 834429
138875 752249
2140 848108
692 850734
299321 645214
95626 786393
40642 824490
191134 720303
97850 785164
314166 635198
243280 684582
89184 792314
76074 801603
88151 793368
289819 652929
74404 804212
319648 632590
6929 851994
109155 780863
251019 681904
72612 807764
201262 717125
148621 754490
333952 623645
17758 849943
193842 725322
285110 660728
403462 575765
300768 649688
236538 696354
108994 788727
45857 834549
334864 625835
197073 726381
230813 702202
136383 771034
190975 731340
142672 768034
82932 814076
186622 739243
323303 637795
1445 877364
284918 668417
150624 769841
394632 586551
53130 846840
426922 562354
278751 675201
199371 736096
16033 876358
66057 838880
85442 824287
20227 874309
101343 816960
23871 877427
30172 872834
495498 510379
18111 885955
191275 750195
256778 699108
204467 741364
62986 855282
238259 715641
215273 734101
398461 587967
180805 761774
337931 637152
34815 881907
74494 850035
18185 895469
169424 774049
237668 719260
123047 812322
231166 725635
117969 817740
218900 735885
351533 627996
79342 850022
130113 810068
32218 890402
262122 703668
71961 860784
255392 709349
147950 798643
46383 884932
478221 525321
120487 823426
51446 881699
380452 607017
282482 689060
231505 731806
173006 780978
109472 835690
169063 785998
464673 537076
325856 654499
142846 809544
420843 574371
223308 741925
86238 859285
118526 831929
23792 912965
47798 892558
29676 910728
303812 675759
247530 724091
158314 801322
71668 875940
18603 922147
64154 884382
331969 652854
274212 703461
181176 784439
142252 818706
64879 886656
459438 542785
215425 755795
102258 855015
236643 737864
396287 598263
232425 741780
301253 681563
155882 809114
135643 828597
177489 792220
77483 881854
145410 821740
161432 808725
167940 802998
82094 879727
453844 548795
21212 936089
241004 739634
373528 621315
257001 726990
214882 765290
159963 816219
325720 665954
113574 859111
213554 768569
260458 726016
18295 946871
56477 913052
359468 636297
43884 925084
213147 771100
2401 965121
267102 721865
53318 919200
67353 907032
1413 970819
85240 893333
99621 880941
48584 929689
194912 792957
268753 724772
38339 940982
430019 573790
154850 833047
198589 792281
219146 774194
239566 754867
152292 837667
64961 920551
232294 762028
41137 944082
207829 785904
69856 917443
178067 814862
251323 745242
23988 962488
61970 927318
222821 773972
165267 829722
160566 834906
477133 530069
48461 944784
40743 952366
123705 872114
430812 574998
239578 760250
348342 655084
210080 790070
240246 760790
151496 847138
269521 732626
171753 827975
437675 568876
459640 547480
254934 748051
220434 782009
24236 974768
33798 966518
141271 861425
88446 915011
95370 908420
182896 823432
169204 837085
65796 939983
344982 662378
331458 675827
247102 760684
249152 758782
222436 786771
31740 978651
90534 920106
193284 817474
74070 938235
77769 935264
263905 747168
382575 627240
78286 935401
256329 755831
285674 726780
338927 673262
161219 855312
36962 982837
288704 724921
107040 911883
265641 749307
96330 923976
70597 950950
40384 983935
300150 715483
254174 763175
450251 560275
253089 765605
434964 576362
227450 792855
66550 962194
392048 621994
220456 802846
231826 791344
117254 912482
402838 611656
145635 885693
372402 644524
99033 936168
60954 977907
300084 723089
142508 892308
340386 680199
298107 725847
423480 591706
107452 939373
73037 978052
385601 634776
133210 912577
122289 925432
55807 999938
453884 560055
73166 981967
223762 815105
275681 757795
59867 997558
215012 825379
163958 882706
309195 722501
148872 901916
226909 814738
137072 916102
154177 897135
234432 807864
258665 780989
145258 909575
175719 875309
161068 892472
305345 730054
200595 849307
331889 700261
231960 814079
100638 963679
332052 700787
115124 948531
139636 922614
190036 865198
231023 821274
318117 720461
136452 931823
99446 976161
404765 620660
352547 681732
193371 867885
299383 744630
296455 749163
123504 953237
499994 509422
280428 769040
131785 947023
453018 565925
269911 785833
170918 905097
374266 661096
284771 769823
148813 934584
128497 959173
161388 920796
308863 742358
336796 708370
319619 729326
287640 769196
226623 843873
137689 955123
472331 544150
160236 933728
172925 918154
305363 753339
238999 836541
202251 883797
213332 869915
209249 875326
465663 553203
228640 852245
169531 927294
245751 832068
204061 885427
173169 924817
121062 991315
345889 706414
115872 999866
366976 679665
215882 872611
360048 689132
137695 977432
149775 962271
252885 829499
422075 610851
163774 944683
290162 783250
365639 685154
325724 737174
367273 684108
293833 780745
258005 827961
292705 783950
245440 846726
212266 890722
417542 619816
255358 835544
281505 800795
209189 897299
270747 815721
481192 535450
289133 791512
391659 655000
178254 941334
269436 819491
244518 853674
160212 967712
199245 916538
413455 628149
357428 704482
290975 797300
311889 769084
209863 909472
180116 950654
171712 964296
305903 779867
494222 518803
229999 886456
191881 939516
249104 860863
160425 985844
264388 840761
223333 898314
236475 881317
434685 604193
220426 909891
269447 840004
220520 910687
222210 908570
298123 800033
234129 892158
347193 730361
354194 720915
259309 858424
207880 933014
287279 818577
338084 746061
224354 915519
257192 867393
175051 988942
410827 642705
277485 839195
306068 797264
254182 874143
352658 729140
238421 903023
238274 906586
334642 761145
386280 683279
245527 896867
209652 958255
369627 712599
330160 774738
263564 878469
193487 990570
199702 980899
273165 866740
306976 814196
472679 554700
319289 796939
192631 997222
370736 716482
263435 886648
432863 618977
274456 872272
214690 968526
253259 908744
213643 973226
346290 761109
401507 672237
268943 888042
201252 998233
416978 647473
203650 995344
408986 660750
337933 777061
351963 754267
290912 854209
267625 893039
323586 801938
248915 925796
297870 845957
229445 960872
436689 617462
355191 752995
343545 773475
305446 838040
385880 703805
210150 998257
462937 574787
396733 686001
437351 617876
282078 878759
389234 698911
277120 888301
273527 897532
245820 944804
414413 659658
390739 701858
250413 945301
246686 953335
278718 898229
299014 863065
241772 963402
332894 805781
314222 838606
321886 828734
249982 957135
382532 722506
457430 590031
238258 984956
327445 824612
241566 979891
329847 821194
266043 937225
249411 971906
346479 795621
360720 770671
259196 958212
277766 925106
281065 919097
391680 714879
271999 938011
306651 873990
267092 948006
268213 949704
321095 851744
383267 734667
400677 703442
388212 729297
271625 956460
315333 872218
340349 824220
458021 596167
388979 731681
376123 758599
265567 977286
424506 665342
426414 661993
277674 960482
383055 749728
375083 766589
276314 967942
265371 990621
282963 955936
298498 924931
421444 675354
330305 861474
335198 852735
271350 985846
294449 938546
405990 708824
329028 869108
349741 827188
306865 916912
294695 943196
447114 625780
341553 846471
385294 755640
274826 987361
368054 792459
349907 831049
458038 603618
320273 894714
431479 661054
411610 703455
459836 601135
275072 996779
421274 685351
369948 797281
283464 987286
341810 862985
334454 879823
366444 809705
316250 920405
395308 746467
286661 985699
322943 906123
418956 694615
352836 840529
331609 887922
292559 974756
313839 928277
367113 814466
355002 842471
380958 784808
411188 717141
366352 818773
335618 890107
342878 880414
321228 931409
429847 681538
434835 671760
410084 731085
319542 947004
299046 996756
462810 606026
414593 721704
428024 691583
424403 701835
318399 961914
366642 845791
372551 832204
363408 856240
384980 803316
314270 979085
340594 915069
364193 860961
403426 763076
332394 945746
404315 762831
337362 934547
339045 935026
453480 639195
395947 789283
390238 804152
444377 663963
317121 997313
413516 746634
348328 920398
380880 836303
346473 929865
368367 873189
327156 987241
404356 780066
437755 689064
339660 956602
356567 910706
426280 721628
406927 775065
402456 787718
357149 913234
442546 677968
479134 577666
330652 991037
328393 999275
433724 705580
364004 905113
361492 912336
466037 616285
341718 972457
427892 728395
346213 967041
358595 931382
391773 835190
346103 972277
374608 888943
438757 700749
356007 946777
406815 798281
360070 938799
459970 641042
384315 868416
367342 920579
427210 740992
366109 925563
355705 958212
412222 797863
411835 803510
410118 811760
404217 831439
448206 691048
502058 516054
423520 774949
456589 667978
427482 765561
391087 893863
492055 550917
416517 811437
446033 710405
428591 772275
436801 746277
375784 960931
429591 778668
461840 665278
385012 947454
420291 820654
387247 945484
443869 736222
390595 936095
392847 931576
463655 663785
390721 942200
425208 813812
377907 999373
450283 720195
417656 848251
477142 616156
454881 704406
399463 923443
410856 878708
423834 832057
395615 946697
448280 736102
393443 961159
406576 913382
391429 978392
397561 953014
457132 706977
440437 777074
391902 979622
406605 923685
501423 523315
450947 743748
482517 606214
432847 825109
456460 724624
426650 858397
407341 945163
401619 974818
434746 827631
449969 759859
410914 940500
434094 834890
426342 873221
450691 762415
499886 532713
433667 848550
457721 734214
420178 914604
420088 922712
431126 874092
452666 770861
422343 928200
465328 711384
441230 839122
417974 968564
413604 994487
459471 751625
456903 767027
419298 969136
472257 687421
426433 936480
452545 795366
431952 908728
457005 772172
433081 903382
421879 971000
428486 936098
481446 641479
448575 826301
467360 722405
495109 565844
439030 891681
467793 733303
428732 968335
437458 918184
427206 983415
429369 972987
430769 968432
432237 959995
471507 722215
463182 778911
457065 820215
450656 864323
444294 905838
488397 619466
498319 554969
484062 648339
488451 621716
433763 997648
474384 724736
451313 885471
445437 930364
449252 913978
479100 700727
483676 669158
464877 810579
447088 949037
466713 806217
485831 661449
470960 805723
454892 944680
485930 678553
455226 948408
492908 621315
467169 849768
465763 864572
463107 892546
456781 950928
453327 985974
463315 895712
471727 820340
501118 551362
458206 958802
472333 826975
476661 809274
468667 896148
465429 945026
480633 784578
473113 870634
462712 998156
467484 948050
493331 659469
468596 966340
481361 810318
472917 914441
475747 886922
487261 746431
472032 951654
474472 923000
472782 953237
495147 654902
477317 903560
504057 535121
475890 936657
477512 914333
476276 942697
490176 741340
477339 942048
475616 971547
482985 864722
485536 826363
500750 590260
482357 882076
495071 687027
482017 902562
497602 647264
476860 991974
492763 730199
486310 843591
483914 888030
479025 973326
486467 846868
478772 992745
484943 889760
485551 883892
488725 834665
485889 907746
485069 936293
488285 870911
490852 839068
490541 879318
486603 993035
488552 945544
493720 933681
493610 953188
494452 944740
498274 806152
497846 840311
496948 925334
503027 656268
497687 975657
499893 859403
498321 971238
499634 968279
502062 819437
499974 994524
500454 971424
501035 958153
502703 844508
502354 932491
504776 690116
504575 758069
505221 853259
505274 992756
506111 662885
506008 831911
