495776 940606
495397 714220
497800 991909
499913 953325
501497 984432
501263 963032
500224 873960
495386 531087
502657 889626
503189 815274
507177 939380
505740 785064
515797 995104
510815 779112
520503 922262
517523 831148
525778 952184
528624 986192
520012 841772
514699 755782
532937 993552
511029 696837
529537 923462
511251 689058
534976 968219
531721 928789
533435 920066
514822 712044
511822 670599
515790 709766
531404 858400
517412 717143
517201 711577
512398 663583
506804 605801
535081 861723
525351 762843
544440 930235
523706 742191
508760 607830
518349 688169
555618 997825
535463 815943
548812 922179
545797 896339
560309 992454
544488 870411
506840 581800
548259 888572
560220 975948
534881 785404
513045 616131
532747 750501
563141 953494
544610 826082
527651 705912
569400 972145
573398 995173
548077 810910
574948 972320
553319 840758
556707 860381
565610 912822
541265 764277
542953 771680
532113 704054
570077 922310
545257 761035
519749 621586
583647 951228
561256 832100
573329 894106
561911 828022
576207 893283
575520 879915
543597 722936
570884 845686
602163 988212
567983 821110
576269 857774
560814 786258
545939 713684
557590 760169
605318 964936
576292 837630
573092 811838
587916 866246
554210 721859
565561 764543
538421 656057
598600 878266
518058 575217
625533 961631
609975 895374
627471 950927
576391 770377
587937 806855
572944 755410
641070 983981
552479 683634
628289 938635
597735 833539
586369 794687
639628 965208
636044 952804
627682 917493
618806 877871
608637 845465
566903 714016
650331 954901
622135 868513
556053 664173
626936 864795
506673 521996
536533 603260
645305 893387
646516 894042
668724 944617
600782 762928
642188 869877
550329 630142
609449 776074
697779 993715
640205 848022
675851 931774
562935 654908
624094 803746
636502 829986
540911 599029
638803 832452
618138 780729
702117 970706
619997 778516
637450 816269
686526 926768
601700 732406
710922 971490
618983 760753
703410 945279
718303 977834
682929 895072
591218 695451
605769 724484
710415 944510
611902 734528
656363 827399
569333 643220
645689 799847
563658 627287
710302 920831
724638 948319
534247 565613
727078 942363
682236 854458
632757 757565
749766 983063
598794 690094
662479 808789
636666 757592
594310 675300
762190 984877
696560 862613
685140 836550
603015 685300
774552 991120
652411 767603
700380 850857
557905 599232
657776 773720
759050 947748
672232 796582
699984 843512
730099 891142
571783 619997
649842 751307
632292 721130
758997 933353
678466 796705
730561 879552
606616 670979
762885 921876
727414 863360
775829 931397
788294 947187
797228 957757
793617 951917
740796 868842
812100 976932
781765 926320
716508 825817
759963 887493
588577 629177
676258 759349
782569 917716
717105 818816
633287 693975
704284 797737
827202 978374
608769 655851
774984 899752
647624 710826
773079 892509
775788 896211
759712 870444
744741 847306
777790 893423
842414 982883
734587 828997
825796 956917
749974 847301
542924 555828
678887 745887
784933 894025
710154 788699
620475 663463
696919 768073
840113 965915
846394 969776
686318 750252
719054 793994
744458 828496
698780 764927
754885 840865
717071 786369
625693 662949
746408 823376
736184 809414
872239 988972
773947 858529
840270 944788
586254 609008
580484 599989
867846 974132
707474 764206
759149 830506
813437 900485
809049 891886
871726 970945
765962 835332
793635 864400
830106 903758
746025 798424
842972 917448
691781 730638
816434 882782
669354 701682
726058 769533
898427 977044
676054 706613
915459 994223
824877 881197
806150 855102
770719 813184
735645 771156
876241 931402
681962 704499
767745 802084
638401 653028
686602 705392
554811 556066
847822 885069
841989 877156
894847 933858
748439 770585
840227 872663
834011 863435
676951 689207
611371 616252
914746 948862
594750 597258
928912 959922
541917 539323
963553 993298
816479 834387
869597 887150
942486 961292
892467 907491
697479 701193
829778 839329
826192 833713
839213 846251
816962 822173
675921 675679
942687 950116
894398 899278
796191 798221
968513 974919
953500 954179
777387 773263
764900 760395
894974 887562
844889 836724
832904 823523
979244 966550
882021 866801
666239 653829
960370 935071
846283 822421
644011 629991
727699 709179
915851 885494
791680 768289
778515 755119
874281 845114
994738 951192
881109 838777
976674 924371
827179 789033
865567 822094
938608 886110
920009 869421
877891 831211
918271 867136
958735 903150
767558 732051
783639 745377
892044 839878
835656 789513
813825 769426
622165 600047
805475 760663
718856 683017
944836 876906
792114 741610
916817 847554
794661 743273
606080 582614
973463 890661
722177 679124
930749 854048
952600 871986
821285 759924
980851 891618
763716 709646
947857 858221
914926 831260
601886 575324
702052 656391
907300 821814
845715 770731
992145 885839
971572 866413
911516 818009
899769 807502
879327 790996
652116 611439
938478 834912
676023 627708
787403 713288
740110 676416
969240 848255
890107 787666
561446 538652
678501 626715
749048 679714
778946 700349
910713 798647
926330 805145
989684 850941
801074 712380
551233 529490
924392 801640
779153 694905
910750 790284
837423 736044
681955 623216
892570 774105
748147 669212
828326 724654
788077 694931
893429 769134
578223 546623
708640 637419
819673 714835
819488 714598
718441 643383
879121 752429
827785 717100
804562 700944
934850 780901
786575 680008
986054 810918
840395 715220
915957 764389
999836 819283
862318 728498
713547 631058
829680 706521
800563 686075
871151 731664
875221 733683
632482 576939
650623 588196
563882 532526
958407 784481
669185 599184
996882 806852
811789 687484
641525 579880
893941 732768
802535 676633
874181 719327
938658 757351
827378 689133
774526 655683
848365 698037
988128 779813
924472 741018
899465 725177
728226 623755
944799 747073
836712 684273
797296 661002
847160 688933
707214 609222
747061 631831
847051 687310
706958 607768
740695 626617
841245 681916
954811 745179
767795 640630
957930 746309
595788 544253
658102 578028
833054 674020
921455 719252
931731 722587
872500 684691
756688 623372
895253 692951
849034 669034
996636 742312
864192 674417
955455 718771
986273 730853
775000 625689
990932 730035
668469 572184
899552 682719
975354 718141
993538 724741
931392 692571
842965 650911
850500 652319
709554 587066
531070 504945
918094 681862
818617 634404
962766 698558
553863 514687
809473 628941
765142 608948
629742 548263
964619 697136
978404 697101
776083 609530
951133 684739
915311 669156
696028 574582
958793 686033
707319 578771
992754 699156
915235 663586
705969 575976
859276 637976
742912 589873
591238 527440
923664 662406
662955 556411
789668 607177
872759 640620
782554 602808
978172 679382
868016 632746
589795 524767
979891 673985
976970 672162
790340 600127
866506 626440
511751 494503
673472 553065
972795 660369
775097 586244
585149 519088
995548 658806
552408 507726
733921 568092
778027 582461
832195 599849
912573 626343
756492 572786
585632 517575
809241 589772
885394 614304
969554 638177
802150 584965
808515 586354
893296 611480
883625 608133
809557 584996
913495 615805
951391 626910
693874 548473
938969 620462
784788 574018
689365 545118
821538 582505
749635 561197
848746 588898
906545 605288
940739 614145
658535 534167
990714 626785
834233 582393
994052 624253
959202 610216
649390 528084
765819 556790
852913 575566
853961 574945
967961 602124
772127 553850
945005 590350
947637 590061
868502 570876
597106 510705
950677 587380
763655 546324
931254 581318
855031 563844
993552 588968
909903 571392
997566 587721
764603 540976
755103 539094
879422 560701
780643 540011
912038 562587
699928 523731
797415 540511
809249 542323
903390 558228
920777 558405
911450 556452
955250 562128
928124 557304
658043 512287
995890 561808
935452 550087
853580 537526
615763 504672
664911 511017
922140 545489
835027 532128
959175 548098
864584 535306
724551 516514
684007 509605
921215 534808
772401 517846
903160 531157
997075 539233
795804 516074
898155 525085
934533 526773
963832 525003
786900 510888
794380 505697
741147 502513
797108 504904
665481 496654
942536 509571
907276 507639
557756 491070
683298 495796
736511 494930
868992 497415
924446 493645
547999 488825
954715 492754
782290 490513
886226 490552
880808 486492
562754 487501
815260 484790
938152 482151
960745 480434
590957 486181
715644 483372
707366 482482
946296 475284
844413 476816
886560 474951
882448 474008
918592 471482
625474 482846
850988 473618
994337 466402
524936 486820
956244 467145
795698 473481
968983 462777
746797 473910
831715 468448
968729 458032
496324 488077
533037 485541
958504 454870
897784 455444
783312 464377
849846 458553
895682 453655
926570 450020
894791 452197
748071 463459
842037 453905
691886 468403
697286 467708
845450 451828
797041 455365
675118 468381
862657 446516
964607 434815
986045 431709
894382 441639
763281 455772
969122 430540
963360 430287
881861 439024
773601 452293
890362 435224
811702 445441
983863 421421
944554 424758
664371 464031
689194 458894
953124 419025
657472 463605
661428 462186
766691 444944
769682 444316
989158 409225
743967 448284
740325 448856
986949 409327
743263 448181
929230 417325
872870 422750
821792 428111
887777 415848
911230 411347
975942 398854
913808 409665
877714 416216
986459 391749
820698 423842
881517 410752
926383 400164
985691 388009
911842 402386
855415 413683
852351 413898
785130 426627
767826 430036
848066 412454
934919 392157
758402 429684
855760 408008
984552 377728
903169 392568
903089 390060
844984 402743
994320 363841
984676 366237
847810 400257
791502 413090
977944 362274
956654 365803
868595 388251
934456 368558
840672 393408
847479 391401
862612 385233
871041 382198
724301 422906
965017 353684
724263 421915
613195 453813
916840 365653
625282 450188
991080 343626
957618 349929
701741 425678
901707 362822
636009 444529
890149 365684
909057 359573
768496 402592
557547 468451
971303 338511
756051 405179
786347 394591
927646 348817
938566 344472
560971 465995
764844 396864
870352 359601
968853 323494
737593 401105
798918 378631
878422 349176
872963 350498
856193 355884
995939 304229
764197 388085
775380 382588
994392 298358
921512 326021
994388 295413
864355 345395
598563 447840
782421 376285
720640 397505
869258 336667
984249 289278
977270 291349
688846 408867
875000 332086
549681 465563
772362 374033
907382 316968
825584 350580
988422 282827
583441 450792
641693 425916
993465 276877
539171 469065
942964 291573
945453 288353
882951 315575
902147 306953
970782 273162
839625 330828
754552 369582
618587 431210
960369 271991
875444 311265
638035 420505
803924 341964
856363 315235
735408 372318
972678 257555
833070 324646
988975 248929
794603 342740
928280 276909
734902 371103
630536 421752
878500 299718
526616 472412
914357 279456
829892 320930
889861 290247
783062 343514
730840 368983
799753 333486
968037 245853
870101 293266
648797 407938
761005 348994
964422 241850
880445 285347
656835 402821
985851 228075
773389 340430
936134 251760
865945 289097
824777 310546
996564 217896
645004 406642
649486 403575
616351 421345
793300 324161
836840 298487
933316 243835
870016 278945
759836 339588
761445 338450
995681 200732
778440 325249
840644 288058
843549 284175
764608 328831
803651 305631
991475 194186
980902 198756
712195 357916
813313 293964
919141 228282
895547 241905
931026 219972
684546 371380
823956 283321
948787 204587
695455 361542
710979 350776
692624 361855
632390 399961
859867 254145
893548 231643
835217 269151
953293 192679
988722 165716
881671 235408
709254 347780
830673 267514
665197 374196
838568 258313
651028 381196
517620 472436
580697 428115
870707 221922
943301 166461
923522 180353
928556 176053
777844 283712
550782 447594
825327 247635
833191 239722
825759 242477
926332 166390
679611 349804
812163 249846
993583 112838
879206 194586
881492 192795
735286 304426
662714 359207
791441 260333
968972 119536
842462 216361
915231 156765
948965 130029
684998 336989
944967 129941
752059 282297
918832 148326
726053 302602
775653 262617
935897 132266
922700 142797
973561 100010
717986 306355
946797 119766
975595 95850
729977 296014
871249 179985
730504 294695
751918 276673
800229 236915
690742 326697
702482 316122
788503 244898
715407 304390
955533 103549
818823 217448
937480 116525
709025 308202
957799 98754
844816 193600
851330 187772
784059 241251
884156 153616
820982 206313
960355 85202
804787 219187
714541 297390
730246 283577
964532 79074
861698 167591
728426 283526
780869 237385
933581 103040
689578 317044
846886 178734
944977 90715
664222 337809
809457 206990
757553 252891
588991 403640
844409 172452
701377 301116
971819 56270
904737 116586
928787 93498
624972 369113
861507 151400
771006 233721
763567 240145
827118 179302
865840 142861
779170 223223
908683 102324
918618 92075
637620 354403
686258 307384
904583 101241
992147 16338
926370 77823
542844 442324
955567 45364
838337 156460
557994 426871
811036 181501
794635 197356
844820 148599
628403 356577
976553 12799
743378 242450
975740 12715
941909 42516
759002 224248
909734 73054
965240 11812
780850 198377
775474 202364
870673 104270
933748 39598
884931 85769
810806 161693
902858 65377
772307 200521
658047 318441
676456 295140
731021 236835
743581 223230
759109 206373
892645 61871
662194 308566
837416 119371
580377 395884
834519 120365
884218 65651
632914 337755
834176 118606
900727 45971
650501 318366
778037 178611
644831 324068
937005 1616
698304 263911
684702 278348
919335 19275
719035 239310
908813 27846
897194 38297
837390 104443
839704 101079
713384 242333
681593 277733
848115 90250
749677 200509
769416 177028
708013 245928
862388 67131
907237 15301
711763 237712
710407 238945
896209 23922
661360 295344
691869 259494
681074 271750
785180 147625
880596 32836
880491 32743
710073 232592
771318 159568
773446 155919
723681 214281
807330 107799
662400 283615
840577 61456
753705 166606
732027 192639
672823 265591
594486 363223
701063 229627
751497 166293
829287 67843
690726 240696
855270 32676
692642 237747
733757 184327
844812 40933
714943 202198
837677 41642
536545 432851
771224 122182
667792 258592
857565 6472
605223 341213
781953 105508
772506 117355
832190 36296
838897 27098
678455 241335
824436 44364
629354 306355
775694 105698
827375 34896
564787 392128
730135 164844
831682 22405
634414 294630
580147 369575
670899 240886
658043 258300
707046 189234
645349 275758
770592 98043
749432 127534
747934 128674
811772 34576
795548 57157
747468 118900
689081 202975
724242 151126
703704 179729
786529 57011
740061 124940
755457 97532
738934 120962
672349 219940
752179 99143
746353 103534
769380 65198
697054 172398
784912 27392
779688 33493
690329 172574
696852 161361
708936 137503
785549 11334
646006 239967
740078 83111
723636 110081
715583 122327
668581 196200
755778 49554
748210 58734
699553 140016
666460 195933
640243 239364
702593 126930
685677 152590
734562 65095
671303 176225
753874 30006
755744 24187
678253 161575
686687 145660
757206 18654
675880 156209
632310 234654
727418 58404
717742 68106
524286 432310
700610 96828
664875 162564
597308 289312
695680 98291
633676 213870
667444 145831
676848 127061
738681 3671
738011 1670
597508 279441
725194 18596
701495 65825
647216 175722
692409 81618
663831 137491
553684 364877
632180 200513
616538 232476
726756 1303
652051 157542
625634 212357
626287 204889
645590 163002
699898 45966
648110 157110
669590 106807
690098 56354
624210 200301
680615 69097
618016 209144
650196 135948
664751 101598
678536 66987
624993 186558
641561 147095
666957 85237
668471 81034
625341 181407
666966 80124
581374 281376
593532 252232
655887 102665
668373 71953
597621 241153
555466 342091
674142 56661
643065 125748
540387 376287
519838 425613
629123 148415
580393 270774
661741 63146
670511 40479
548250 350723
677821 16205
638408 117440
640205 107089
664975 41656
643093 97340
624100 145959
596141 217953
670450 19289
647032 78636
674618 413
612382 169024
627233 127488
668202 14144
660654 30031
598362 200922
588774 226002
633179 98014
635192 80239
648979 36459
655843 3581
548592 319762
541807 340484
602885 148424
606656 135794
523568 395839
633482 43826
642336 12611
614957 99445
569274 246453
572329 232970
583781 185375
547264 307112
587421 168069
621110 48991
629299 7149
609222 77750
522980 384715
607978 73146
574472 194997
566738 215801
600364 81507
604638 59503
602655 65398
590417 106242
591749 98022
590938 99834
613210 30
602107 36961
551418 249140
588718 89179
606319 12021
557516 219222
511015 417826
552076 238286
582742 83036
568900 143635
563623 161233
509217 416488
524927 337903
570597 84147
514669 379706
565377 95497
535618 259035
569755 67850
578945 11836
571888 43756
573024 35476
512705 380363
520880 328640
533000 245410
554739 97557
563227 24533
553119 92495
555059 59477
544973 102746
545857 91562
552495 28629
547064 55995
517078 295241
537439 117963
532054 156116
499730 442008
519975 257755
522959 219248
539406 62706
539112 61071
505935 378504
542388 20769
534091 93278
505755 376087
522466 204013
535732 64127
500848 423462
534297 55932
534468 39083
523329 150944
528076 66777
513983 175210
519627 73532
517120 114956
515410 108784
502423 338596
498020 420275
503644 296417
512556 93456
506430 205782
507657 169051
505374 171052
504275 173041
507836 28125
503220 178565
498630 305409
502654 88617
501139 22446
496949 262552
498236 5579
495962 57397
495712 19021
492480 99788
492753 250265
486902 139056
492769 409890
484383 61732
485891 237669
477702 4408
480079 135561
470841 27898
467743 5731
473729 164650
476104 204448
484533 335647
466365 87598
470426 145451
475802 226472
472787 190120
463657 69686
487603 404221
462246 127113
464363 168514
454828 93416
453350 88496
483628 382728
453807 118883
449051 77093
477003 329334
445617 47573
469804 273182
443111 59290
452182 143806
465513 262399
469501 295865
428742 6344
428170 7508
434516 54019
474484 346529
454376 207953
424959 33831
443171 155852
442300 152506
422831 35642
451981 220403
488431 449522
469226 330634
416173 1722
428499 89962
442924 181893
426310 104423
436553 163129
453427 260014
458165 287465
424183 105247
404349 24507
459558 310513
420844 126423
415907 111696
414687 122174
401008 67049
383359 17299
414812 155271
445899 298767
454222 335661
388889 91042
415533 193500
420297 212550
418947 209245
402972 156021
368227 31711
363133 19479
415544 207488
365464 33480
400118 158126
417155 218654
394214 144842
407712 191124
366933 55136
459480 369657
433131 282192
411420 212064
453439 352756
377562 103636
376414 103721
388062 143061
349085 21166
376487 114478
397454 181914
419938 253747
383484 139982
377455 121735
471645 417096
454894 366419
383212 149334
331751 460
450151 356648
438525 322504
460273 386979
327855 6729
410690 249609
342212 55815
375077 149997
321307 3140
398275 220326
357075 107960
387712 194442
338623 62380
423646 294599
334784 57762
467026 414539
362422 139337
383824 197839
399250 240623
306662 4932
336516 84897
356730 137274
384658 208983
419401 297835
317519 43279
415339 289259
407696 272707
406635 273285
305806 28930
353406 147796
295176 7751
316546 62497
455443 394916
329748 98073
358558 170772
358185 172909
343668 140220
345617 147343
395471 263038
344626 147607
351285 164607
348674 160339
372186 213463
368327 214097
389563 260838
414262 316097
347517 173581
309386 95644
312905 107426
298607 78645
331645 152577
323354 136806
287486 64625
394943 284364
401545 298415
293603 79808
399036 294469
289489 75699
329603 158984
253580 7501
405767 311213
357456 215670
333083 170451
292070 90425
330779 166771
351761 216016
306695 131820
287144 105821
317323 162097
247614 37809
386738 292001
479016 459840
365005 254231
270600 85542
363776 253313
336119 209845
442266 398679
342701 229378
361781 262225
233542 51369
295608 156076
240488 64341
319968 198034
337260 226995
323824 206599
401956 335805
201846 7443
401114 334781
345398 245480
442406 403441
212379 33466
384764 312585
266859 124524
206187 28664
187521 73
359337 274562
384680 315023
339996 244916
263975 128438
295785 178263
212714 50268
192443 22362
189414 21522
229971 84523
198991 41244
358218 282481
251355 124882
243295 113748
189728 34880
299749 200423
201098 55113
291230 188465
205589 62661
410361 364197
445211 415672
450715 424016
191662 45407
270801 161116
431422 396691
308639 219302
166996 14773
344667 272709
161189 13608
154045 8476
164922 24752
154784 15834
168594 37115
268588 175917
394149 349893
301384 222657
346453 285344
146095 12171
342989 281478
227726 126952
239950 144180
264569 177656
218347 115407
312686 246657
181104 73073
233419 142350
202230 103119
355109 305426
224489 134894
267297 191939
258306 183242
398756 364719
449861 430631
226909 144654
278068 214236
109386 1057
117764 12728
306101 250782
227741 153899
223973 149334
357485 317512
153567 64227
411310 384750
167297 82397
160129 73949
380705 347902
440794 421988
184288 107136
426512 404594
166730 88809
309311 263815
283069 232379
115267 29809
161422 86916
197245 135356
408586 386275
193684 132397
103271 26553
313389 277470
358440 330214
95843 25631
173606 123233
139767 85158
147121 94677
236905 200936
350410 328315
287400 259206
247979 216477
416095 401981
94020 48444
287125 261175
69536 23127
252898 224083
300352 276292
209357 177326
53540 7543
176995 142404
246797 218916
206927 176230
185689 153726
51675 9136
242084 216939
146391 114565
348314 331644
260275 239358
92718 61790
312498 295169
128949 102014
301707 284812
76990 49885
169288 146917
403408 392542
38255 11828
72982 50233
211849 195553
336218 324345
342258 330610
40839 21611
53438 35369
18711 21
56193 39318
64990 49932
39637 25085
418247 410568
364331 355959
114753 104004
257040 248130
52031 41151
245680 236757
198782 190883
181836 176382
314138 308870
121790 119185
15143 14423
167596 167107
441567 436211
74904 78162
282292 281650
252086 254316
205869 210460
442561 438118
23432 35207
115073 123536
83945 94285
283450 286243
386659 385513
242818 248760
33353 50415
60588 78676
196095 207313
436986 434240
199899 212504
420285 419154
258215 269867
194295 212064
339106 346362
9394 47301
148961 174946
25207 65162
478462 473781
33230 77539
17339 64528
122042 159083
87995 129199
29032 77259
333651 347481
115740 158349
54570 108751
170446 208682
201498 236652
174158 213872
139058 186233
311555 332766
96752 152261
432923 436814
192070 236363
366716 381787
326327 348548
177659 225938
105780 166612
164186 215393
387702 400559
197185 244423
41136 119491
175596 230277
148859 209696
99537 172226
284474 320775
40192 128688
309667 342410
236846 285786
165049 230098
252262 301057
50812 146151
326594 359318
37335 140381
226073 284945
79710 180868
81193 184373
122183 214913
1987 127377
57641 169401
161094 246120
254411 314050
21869 146473
71840 183965
284222 337237
329385 370156
96987 205188
11690 145176
94107 204578
175104 262024
265664 326707
41422 169506
219614 296284
109595 219652
6389 148021
68025 191721
327262 371951
52004 180886
62390 189031
120881 230634
224295 303195
128086 238227
26306 170827
105642 225094
201475 289950
269536 336524
235368 313897
57773 194621
118566 237948
74870 211456
324505 376427
50061 197666
73403 213117
119008 246018
204216 301042
232335 320874
181217 289010
198521 302073
116796 250790
104313 243056
65607 220606
138619 267383
73150 228168
103255 247784
260244 344746
216610 319163
221501 322572
78669 239339
260029 348222
15540 204209
5694 199250
102838 256979
54238 228377
38504 220998
20452 210433
11396 206517
354745 406913
304367 377741
95717 257355
105581 263998
159370 295353
91825 256622
79656 251442
31886 228154
51598 239716
225517 337594
76926 255488
179696 313654
255718 355881
297476 379117
350417 408768
117165 282218
266464 364525
72447 260979
105966 279220
39823 245437
279574 375617
21780 241183
19634 240962
126798 297815
344386 410464
37480 255541
5679 242126
34009 257149
59447 272298
266302 375006
45803 265791
406723 444890
172450 334304
110196 305654
332197 411145
94812 300697
320468 406579
211174 355534
152228 328227
340413 416252
284736 391081
165593 337723
203945 355392
214481 360403
10614 268904
76584 300453
91214 313683
69483 305048
296807 403250
254717 387659
218705 372616
400187 448653
128263 336900
113400 333678
274615 400622
321696 419381
139804 347522
50079 312565
272227 400511
111812 338042
202092 373981
14556 301298
193559 371581
158216 361432
129027 350933
132097 352405
163724 364873
13988 313744
97998 346647
52775 332666
85273 346025
289234 416897
20417 324618
51189 336586
237975 403270
30455 336131
263814 413201
247057 408476
196881 394092
31137 342177
248375 411134
194845 395049
160108 384639
17104 340530
200731 401010
51495 359108
53253 360218
313385 436214
130911 383977
150678 390238
217774 409702
383293 456700
119643 382577
206661 408519
437578 472592
338237 445551
43989 365529
175736 401708
123618 390033
39784 368126
61286 374890
102344 386109
171303 405484
52209 375916
90167 385635
16679 368874
334727 448981
26766 374403
31928 378632
394954 464815
53647 386023
363113 457775
272703 437594
72828 392821
18693 380591
134319 407385
83905 396507
354502 457005
13387 384635
99932 403750
315754 451341
31347 393905
29695 393886
196707 430393
154663 423251
398326 469973
241044 440503
1121 396884
1030 396914
72247 410188
4291 399879
33933 406366
29062 405571
153994 428333
404589 472422
222133 441662
33078 409977
82659 418780
73038 424962
346591 466139
61725 425353
24766 421276
281627 458712
89980 432351
30634 428345
26346 428629
34061 433919
48409 441496
269863 464673
356874 473951
262710 464301
75875 447386
162160 456818
41651 454083
35959 454053
58505 460418
289540 475446
146799 466911
285857 475421
204906 470940
47555 461830
287928 476087
229286 473379
56786 464187
124328 468768
288435 477539
454289 486204
485032 487777
253568 478340
285227 480208
164992 479015
215803 480680
279539 482586
191404 481314
270869 484133
17296 481874
164839 484958
1404 484875
209290 487784
58252 487624
120392 491914
98175 493164
69719 493649
441973 489422
163933 497372
237601 496745
6395 506579
31163 507527
134473 508917
179640 506503
283442 502262
142941 513259
441320 492164
343268 499865
124285 518798
342118 501324
38306 528169
101053 526953
43291 533322
77617 530139
170946 521232
86143 530091
174136 522004
99915 530319
192294 520868
235521 517503
22893 543774
334314 507113
320105 508918
275744 514398
101045 538816
158725 531398
49068 547020
95962 541797
100241 544405
114554 543762
34113 556952
177870 536764
312255 517263
95400 553866
134172 549599
328338 516720
42991 565687
202620 539039
174484 544918
27291 571926
251161 532376
180094 546413
141407 554060
63719 570932
289889 528489
281330 530774
317926 523842
368 590205
41067 582311
101534 570576
233932 544857
82442 577852
100668 574753
63892 583199
203136 553225
152129 564748
389048 511869
237010 547599
340349 523837
145658 569976
61954 594785
48430 600249
22219 608098
43732 603934
234519 555847
153059 577139
292612 540947
74637 598203
151522 579274
51628 606665
7693 622151
292683 544804
23373 621613
113010 597129
71110 613137
9321 631811
152505 589922
153037 590299
114444 606671
268176 561069
391017 521701
130696 606004
127620 607763
58728 630858
123930 610753
177444 593064
86828 624759
8256 653384
84940 629366
222537 582747
220098 584540
15093 657555
148521 610759
61522 643132
38391 652743
148962 616633
163809 611232
73671 645753
215814 594712
311925 558801
129167 630196
338157 549010
213290 598294
241164 588450
329935 553841
155988 623389
207705 604409
2331 687695
37837 676406
221813 601281
103944 650960
398979 528204
12950 690546
35589 682213
153990 632339
358879 545721
119953 648594
296271 573340
112576 652934
237141 599327
32072 689170
307653 569682
59400 678792
296980 575358
261309 591802
250963 597174
324352 565153
83398 674899
274840 588284
311642 571602
99211 668625
217843 614799
34496 699083
265768 593187
316547 570254
45352 696683
133163 656403
207834 621665
438750 514637
5146 725611
215248 624531
230123 618102
331026 569853
264195 603389
14104 728555
131944 671255
166176 655328
39820 720323
217731 630022
68104 706902
186139 647091
264141 607461
55784 717879
279113 602289
7105 746674
154425 669770
131809 682680
396521 541234
128965 686153
237524 627530
157387 671859
349368 567379
369712 558202
80294 720857
397962 543302
301652 599593
64761 737036
48861 749153
231713 642315
175376 675343
172803 677051
404012 541767
367584 563326
268904 621940
22582 768053
331391 585057
45536 755585
112750 719852
304288 606060
260247 633796
89628 740818
175983 687311
338887 585855
223227 658529
30809 779927
104584 737459
79962 753381
55703 770102
41216 781371
92266 749934
7600 808265
315777 606857
35314 795819
123329 739894
340990 593357
76039 777916
98222 763040
331402 602498
75743 785019
9181 833684
15974 830412
223377 683546
50321 809098
97261 775271
248378 667696
60961 805127
151686 739543
298254 633669
133932 755668
60361 811391
441757 527643
80698 800357
206413 705950
217556 698371
125499 768682
236999 684513
101502 790953
291432 645028
224328 697547
349742 600556
154267 752400
35707 845488
267276 665941
122344 781081
67439 824309
252813 681406
43680 849912
242617 691016
51453 845248
166043 754693
185062 739379
140434 777753
276048 667196
77502 831562
153967 768958
301614 647691
3106 894849
31212 872250
208167 726299
59743 853849
73125 843405
54799 859480
153719 777297
4618 905004
418162 553436
108615 818125
306969 648684
375656 589969
81541 841719
241944 704705
45392 877533
194623 748382
69287 858885
239483 711155
6274 916498
260350 693872
116224 821936
208187 741194
460731 518125
217692 734107
130982 811335
572 927640
156581 791570
184303 769335
388320 584833
317702 649269
398194 576029
162127 792887
249884 712666
156420 798589
115829 838562
398540 577102
45722 904272
167908 791697
132725 825066
60834 893489
10743 940473
26238 925999
243703 723291
59459 902902
119808 846103
29617 932636
20177 941912
269334 703786
142666 826232
441470 539367
30637 935020
2131 962841
17238 949047
74968 893372
363927 614556
31696 936013
380572 599314
180543 794643
418323 562820
387841 592651
333327 646118
217334 759877
79961 896092
5432 970046
226111 752816
177396 802159
8153 972639
286681 696398
129549 854248
40530 944206
153248 832987
153761 832622
82487 906715
111582 877742
255146 732039
247460 740565
143744 847744
17011 977762
172167 818728
25038 971047
209092 782753
124123 871720
121907 876166
325611 664294
154448 843664
61827 940628
123716 877030
131296 870812
49745 959441
295871 700045
273852 724225
48555 966987
25148 993977
84151 933407
202281 805521
82464 937482
116304 901066
215385 793963
306312 695557
323259 679446
329413 672614
70393 964453
121750 907075
131642 898302
174202 853383
152430 878367
285865 729433
293663 720536
194631 835767
178430 854576
69133 982274
355041 651508
216517 816820
385705 617565
396790 604483
210857 827282
221706 814449
434337 560254
158764 890265
213991 825485
268797 760365
147706 907653
324203 696119
313356 710002
104631 966463
109481 961474
89731 985792
111706 960339
113034 959362
251412 788643
305025 722997
151558 915221
105180 976604
96177 988195
324724 703201
106493 984251
312183 721580
381760 632714
390589 621909
212171 851604
378219 637976
254403 797776
119950 971388
185762 887868
405564 603433
196165 876809
105626 994834
429667 573261
338174 693384
295746 749970
145885 949849
346584 684166
184299 903018
132471 972722
405847 606962
262360 799473
387976 631447
287093 767218
394035 624654
146168 962220
275251 789739
161457 949463
355135 681892
164604 951382
182020 927041
148138 976926
191630 917172
171466 949089
248327 841308
168419 957118
174685 955820
282808 798276
347282 704340
343164 710536
235612 869520
387942 645933
318398 751022
330054 734094
263017 834610
184812 952052
226616 890375
170158 976449
199621 933857
420615 600909
224734 899523
189907 953561
441443 570548
223705 909200
480728 509880
432062 586487
223792 915028
355504 710162
210244 944839
246711 886550
238923 905044
342540 736191
197438 973111
278278 842992
208701 958749
303603 805864
401014 645756
215282 959501
216686 958742
237792 924640
236286 928255
292326 833934
264363 884522
274349 871307
356050 730721
357436 731157
270446 885638
371690 707240
291099 852478
344911 757108
318784 805346
252827 924632
429585 607095
375202 707907
373767 710657
252493 935020
317415 816269
415107 638449
241957 970402
262835 931283
347295 770719
264884 929915
448016 577841
308483 849373
237238 989985
337134 795264
366410 740671
374752 729327
442638 593028
264426 956112
305875 872695
290214 908299
352596 781578
365521 756199
302365 893236
258309 986407
320520 855400
456495 570000
387700 719340
297771 914499
295520 919553
339693 832658
370127 766721
386406 730781
343668 827899
408823 684927
366447 783270
279809 984172
289436 961949
300507 939304
419694 666411
355994 817990
347513 839745
318115 912987
430791 641850
415436 681409
354585 831174
312930 935794
298323 974293
440362 622879
291081 998494
353091 843827
360075 828475
399866 729023
350424 856439
412918 699383
326261 927146
342406 890859
367308 828380
390369 770939
357540 861831
373012 823433
334000 937358
375810 821533
385899 796096
415458 714021
428442 677147
317187 997308
348629 910329
353039 905497
433786 668539
359482 893279
334098 987889
427229 700400
394471 804771
344733 962262
349789 963139
399588 799998
360940 929446
357329 942375
346386 992802
381323 876821
354682 980686
353791 984781
424239 737672
397134 835724
366753 958533
403225 824788
460556 616742
462501 610210
386867 899951
423354 763518
371416 966381
464845 603941
372465 973516
432159 736676
369436 994424
436043 727250
375782 974657
448701 680046
456982 646764
454023 660647
474597 573289
447888 687017
377582 990078
414222 834292
393061 934161
378965 998132
424675 803401
402123 911835
435287 766155
450752 695556
416374 862766
473618 589129
465718 628072
412165 894874
399790 956423
409383 916966
440894 762448
459638 676232
450266 731324
435578 814832
419312 914441
460168 684506
409109 980745
439467 806787
422518 921434
433111 859748
438872 833768
472018 628726
451054 760390
434151 873407
421219 975067
473504 629142
439447 858003
451405 779528
426683 954248
430823 931799
438917 879366
465229 697028
464659 704544
447904 863545
437277 952396
456970 793150
440430 959735
469014 713651
444934 938453
467753 732645
486424 566075
452157 899841
461577 840614
472774 734175
451300 990730
466796 823417
475421 720127
456533 951206
457718 949923
464450 883097
483787 630264
469419 827094
468459 850600
470546 887292
472266 888419
474999 854139
490216 573147
474212 884128
470137 978125
480194 843173
481380 828099
476365 982394
477214 973301
477331 978741
479672 941254
493595 522107
491242 608838
483927 934339
491670 921898
492638 856564
493246 842808
