492576 599272
492590 662409
493658 995551
494599 854286
496721 922231
494573 688737
494244 648355
498416 980261
493548 582131
496094 762581
495185 694118
500330 968663
499462 913307
495612 685124
501648 992927
498605 830501
502851 976890
501573 910589
502820 960271
500189 828800
498452 755146
504899 988328
502827 881063
501995 850791
500943 809105
505772 883212
502828 796751
510210 989895
504959 839568
505094 842093
504054 807384
509556 925681
500982 714041
510049 906289
497803 625529
496467 592894
510336 877062
507559 817451
510429 828263
509184 798597
506654 743996
501753 659216
522364 979649
512613 824172
502896 667721
521138 940006
506266 712416
513090 803324
514457 813804
515803 821037
516881 830026
529401 991508
499086 595497
519928 862500
512896 770500
528106 963304
518296 838011
525708 930955
513900 778096
531594 979670
534879 992981
522625 844472
519655 807445
515689 762058
514521 737998
529983 893093
535708 935322
537815 952540
523693 813041
507017 638947
543240 957981
535282 863135
523383 759156
536398 860736
547383 945649
554475 992891
514417 676210
547814 918635
558676 988302
547261 902504
528288 764244
516590 679072
535163 808089
542506 857658
514997 666234
546108 875531
533814 782088
533497 779421
566047 992607
567906 995872
559114 933266
554584 903453
502799 575273
542945 827005
498201 546193
567079 975864
568854 979561
524849 708761
546620 826709
571227 969135
563834 925135
522601 683610
539886 779899
563982 905347
545940 804195
578095 980608
527667 703536
571769 943111
541247 775058
569816 925253
546895 798185
572542 931354
580840 968651
554851 832342
580964 967018
512974 614069
531672 708254
499738 545681
566056 867200
589780 981206
590002 979050
586824 963151
571696 889566
569011 875846
556764 809937
548085 768474
579800 911947
506666 575274
594150 973398
583149 919224
585683 929401
540483 725576
602523 998027
547360 752585
526115 656937
564200 820795
511000 590542
562504 808379
576752 863760
557817 784322
596527 945031
605916 981168
539698 705095
531871 671602
551750 750276
610208 986560
585320 884244
555163 761203
539710 699368
581598 866770
539936 698372
563259 790447
599978 934967
588732 881666
600681 925569
619324 995599
598555 914191
566647 791679
596984 904558
582593 849705
610508 954655
619239 985175
538906 680989
602934 914891
574328 809614
558657 752160
604531 917660
608935 925608
514743 589504
561313 753367
573854 797415
572339 791177
608872 914291
568793 774376
556350 730231
609711 913453
590788 847622
539255 669826
600106 877020
599272 871804
592827 849555
584034 816095
631569 968446
563443 739142
538088 655550
635053 961000
563488 733258
619868 909612
644480 986256
562954 730930
618642 904048
622422 915737
642929 974916
566213 737936
580647 782035
611452 876651
553101 695773
545220 671522
635815 944745
584042 785543
614569 875754
555921 699785
557842 705351
657550 997755
562904 717497
630690 913886
630957 911697
561435 709062
658366 983506
645090 940573
594437 795915
666118 996055
632412 901642
598007 805141
655852 964013
638620 915823
612958 843647
600219 806768
669528 996727
662507 971351
620804 853974
624398 862043
658101 951013
572475 719909
585139 752960
608846 814730
665697 963276
656893 936740
638466 888712
537840 628049
606075 804375
674534 978951
560551 683253
615721 821325
599138 779265
649959 907069
581931 735356
663288 935328
522605 585113
587692 745658
688009 991507
609529 798276
667176 939734
684976 982829
667034 937967
689770 993488
692858 992825
620356 818048
677129 954026
621986 821541
648377 884205
659721 910570
522719 582884
651144 889249
686406 971770
690938 979002
693882 982384
539741 621201
690130 972596
680302 948453
598485 755394
683340 946736
683815 946217
668911 910460
679962 932329
699873 974834
565174 673234
625989 803283
636624 826453
642048 838272
680879 921327
706071 974752
600969 745743
672665 895911
673814 896949
682136 911973
686140 918811
713243 973871
657853 856782
526602 581901
706000 953937
594791 722225
504514 535465
698277 934988
584304 699135
619755 770282
654878 841205
725400 983333
684102 899265
699002 929467
570093 667101
580136 686009
560243 645457
735255 993371
659160 837911
638082 796473
506629 538362
735422 983899
681741 879278
722837 955554
718746 946446
713350 933747
742907 986502
711256 926231
689727 882538
656116 816897
627147 762284
692090 881660
748412 986018
682653 863567
713328 919643
728543 945712
628673 760669
613692 732959
635098 772066
666339 828005
727914 939666
530619 579949
717615 917724
704894 893850
582669 671080
607648 714806
571983 650112
687188 851247
725323 917131
736867 937010
774770 999852
769896 989445
607898 709019
753035 958304
756889 962202
719619 898137
721252 900658
629392 744054
682724 834215
772601 983660
638733 756910
775716 986952
659142 790277
695251 850025
613015 712336
587511 669664
750814 941660
670659 807257
663488 794467
752768 941420
764922 961284
761419 953711
688507 833170
724272 891987
778875 981013
549021 603492
789409 995639
737538 910722
684672 823858
721721 883271
678181 809400
748023 921189
668107 792166
777561 965860
697650 838110
607575 694300
628144 725692
682496 811609
675392 800169
731300 888117
775286 956383
747183 912024
684297 812411
762145 931502
717549 860839
767449 937148
761767 927338
728183 874382
742910 896331
709126 844160
736979 885455
622780 710327
758123 916457
538078 580296
734539 878913
571691 630679
638612 731903
812318 993690
649604 747734
702483 827492
752119 900724
680844 792707
682717 794896
573303 631139
786099 947497
776591 932705
625417 707802
666793 768404
673881 778882
777335 931630
563967 616172
818911 991793
732908 859476
774464 919740
818641 983482
628256 706862
535629 573034
820640 984505
532181 567717
727476 847730
657270 746977
774921 914920
785386 927718
695245 799151
769453 903460
749329 874851
733229 851621
797800 942015
695109 795791
752895 877090
661004 747706
661898 748727
829871 983894
799365 937907
574637 624989
727559 837648
829163 978226
565914 612500
716826 821560
784687 915179
620612 687254
730892 838930
734383 843209
839481 986444
657024 736194
655016 732670
839076 983950
724058 825298
736337 841608
819900 954976
793464 918905
811004 942412
786125 907516
759431 870946
576550 624035
770239 883743
776980 891750
649036 720013
610970 668419
852490 988557
786633 899842
668019 742535
712755 801569
749660 849869
850802 981437
732026 824603
745133 840362
710148 794472
788301 896040
862438 986840
565502 604667
706239 784814
823069 934578
518784 544299
772822 868588
711956 790624
854590 972110
656888 719744
788694 886271
798009 895940
715110 791125
668986 732719
710157 784353
763410 850852
791793 886123
738297 818634
854356 962939
861190 970492
769637 856172
704501 774850
637159 690659
788665 878717
824057 920826
788022 876179
774328 855838
762323 840800
714889 782400
686168 746851
536227 563960
833889 926006
834996 927128
676200 733752
787717 868976
612287 655717
850492 943928
767700 842732
844474 933572
726756 791908
767384 840089
778996 853699
686955 743482
752057 820903
848823 934404
843110 927198
854047 939726
658570 707656
897557 988329
750892 815088
701735 757102
817153 891718
784257 852660
736098 796007
857221 936986
881695 965549
807766 877768
773911 837971
895892 979423
864737 942898
816446 885781
904301 985271
719315 770472
918370 997673
685789 731483
807862 870457
919143 995754
868976 937862
683128 726657
765903 819853
794586 851317
823105 881400
725661 772003
763883 814810
774716 826692
717736 762583
718058 762190
851550 907581
860079 916622
522069 543379
568339 593927
797933 844185
801065 847530
656239 689436
924377 981705
865039 915082
674931 708641
765355 805313
856948 900658
927225 974617
817101 855738
797694 832884
886907 925031
805680 839578
955992 996273
875253 910890
841639 875656
740249 768513
725543 753087
846771 878327
613810 636090
600999 622742
919557 950596
868301 897316
965732 996771
834660 860872
779974 804666
708156 731186
749328 773187
886735 913492
637400 658688
933255 960707
952381 980076
809149 832999
753444 775310
670806 691129
784066 805691
900536 922523
936041 957987
751123 769872
732926 751091
783206 800449
981857 997992
660862 678376
753384 769984
861286 876922
622587 639803
712076 728399
617398 634277
929250 940936
749541 763781
817947 830657
962012 971615
809582 820534
906244 913763
978483 982078
712883 724295
659301 672341
983335 985395
871868 877107
990618 990655
906056 908859
679311 690048
796110 801624
721913 730120
793848 798644
692768 701988
585238 599202
931412 928710
963826 957771
960475 954264
777175 780022
659713 668585
804743 805372
945976 937939
674230 681633
635529 645219
744235 747246
803761 802800
868360 862777
736202 738656
575459 588318
822901 818591
926036 914414
774113 772938
844069 837733
853943 846809
831979 825925
914233 901732
608050 617616
972378 954384
729577 729867
980220 961471
757847 755397
850669 839816
874753 861856
749921 747182
984073 961498
868237 853848
987247 962230
901609 883791
973797 948008
672406 674179
826731 814251
892533 873007
942069 917602
749686 742977
983271 952765
993052 961191
966621 936414
853649 833023
901294 875468
835151 815552
833041 812723
756930 745079
748017 736446
801284 783237
954453 918260
976688 937695
913970 882327
793593 775332
814341 793359
802168 782618
959733 920230
894062 862669
879088 847750
906965 870957
998878 950183
615749 616972
926256 882902
915387 873493
749508 731118
802938 776565
839703 807306
763177 740672
998708 940444
856535 819689
581823 586558
716091 700429
984421 927856
930224 881542
968399 913711
758123 735079
948888 895309
992000 930706
913406 863298
635952 630776
806526 772299
703066 685546
775195 744991
806497 770923
649795 640961
631761 626031
960988 898067
943779 882999
830767 789726
724613 700329
887615 833324
830688 786789
831463 786878
698384 678250
992961 917647
695145 675465
983974 908499
734045 705901
687156 667961
708548 685170
953156 881436
840436 790650
609637 604970
945437 874337
917347 851443
783375 743745
675538 657049
957754 882580
791008 748473
775155 735686
993084 908326
664641 647454
914550 845194
869230 809017
785573 742569
708115 681100
967085 885566
559962 564009
862408 802132
996184 906877
695004 669682
770408 728665
965348 881108
939821 860398
727952 694399
847331 787423
706993 677838
590898 587378
988839 896178
806157 754002
937939 856162
927217 847768
862453 797180
989671 894551
927943 846898
651605 633579
755365 712860
659919 639310
786264 734223
873233 800061
889241 811605
934707 843822
673915 647404
854831 782728
697112 663938
678148 649400
910931 822667
820879 754556
997299 885001
706690 669262
784052 725001
781347 723012
646703 623698
925355 826620
743030 693579
915971 817139
711355 668688
989853 869058
714428 669789
775902 713634
970941 853141
910583 809872
839740 758669
871102 778380
842471 754687
927572 813904
862206 768200
888597 786572
805917 727486
735591 678140
518415 528590
620856 598384
929927 808836
616910 595543
973597 838250
741132 679693
907857 792380
744428 681429
763709 694339
614237 592922
736096 675129
984185 841632
678391 635680
898473 782430
719707 662668
688541 641815
777396 700551
555277 552335
966001 821980
983104 833174
648289 612909
699524 646044
806779 715896
853304 746060
942973 804081
653174 615349
802759 712527
632175 601458
863632 751525
881985 763244
987046 830506
940633 800472
953890 808264
911876 780999
977541 821246
663620 620113
649508 611050
924191 785747
598898 578495
780049 693775
964636 809794
846451 734615
811194 712003
863279 744696
846644 733022
823814 716224
684691 627725
716867 647036
645211 603027
706363 639598
910422 762178
826933 711367
836994 715905
988749 806202
794015 690038
823398 706630
979266 798700
758407 667831
720654 645511
677639 619748
853809 722695
910402 753976
762465 667558
993283 800988
853411 719145
631146 590785
988716 796135
840655 710173
903775 745473
848191 712989
957177 770537
965184 774250
643312 594531
713968 633447
562807 549642
954562 765114
926786 749814
824254 692604
940253 755645
733994 642624
928472 747815
576252 556209
940344 753183
745602 647658
712140 629376
997624 782394
789752 670055
944125 751846
722469 633488
554916 544067
742784 643719
718739 630562
910948 732268
963293 759623
931195 742402
681759 610701
857386 702763
751304 646647
918888 733727
908898 728284
938094 743208
881862 713467
764318 652167
970854 758692
953276 748851
820881 679774
786068 660538
958390 747701
725723 628898
880924 707049
838463 684702
815776 673291
816927 673615
983484 753862
989787 756763
971698 747390
925135 723143
811875 667457
911344 715275
863038 691475
916714 716143
971345 741487
997156 752373
728626 623562
799149 657205
757551 637158
894963 702076
968008 736460
977548 739901
927217 715372
616689 569176
946535 723608
789169 649790
993749 744516
836060 670344
738504 624735
694657 604059
764883 636202
896098 696058
945733 717035
865628 680503
933238 710858
911349 700646
784099 641384
721763 611800
726226 613488
919272 698244
949263 705742
581258 548644
690923 595407
907968 686983
827091 650671
612045 560719
577584 546269
825782 648822
869469 666906
709773 600632
945165 697685
690965 591908
648049 574245
619520 562601
981177 709742
877000 667289
755672 616688
904789 676508
923467 683944
989786 710327
993971 711564
889253 667947
801767 631948
973685 698379
817204 636947
856138 652001
737073 605587
899407 668445
921381 676755
933381 680550
858241 651326
953869 686368
964995 690268
899533 664332
981086 694755
943074 679579
705582 590608
784965 619993
933191 674978
736968 600992
857697 645103
551533 532297
504071 515005
886877 653164
850689 639892
977894 683641
938442 669579
726327 593333
841425 633216
611727 552534
992623 684632
924982 660666
579308 540776
845718 632554
851089 634250
794848 614091
787189 611430
723853 588504
917376 653216
867883 635787
605471 548377
824889 621145
733271 590555
643805 560892
924166 652668
746928 594383
713968 581781
644035 559305
921803 645893
611146 548000
863314 625332
945725 648771
885980 629678
527763 521435
859491 621433
716716 578150
960550 649368
563021 531334
980834 652207
700060 570507
909797 630560
973830 645736
999666 652038
843498 608493
722018 574254
743777 580208
852770 609707
853171 606957
581118 534199
693323 563377
850578 604013
766260 581780
963133 632567
618907 543420
822606 595673
931190 622485
750531 576394
771383 580927
843207 598006
988677 633691
863434 602197
776709 579354
550106 524663
799805 584445
605094 537756
587064 533040
983085 625958
951678 617141
905184 605334
868899 596314
687690 554912
815606 583238
704087 557947
987314 620915
588464 532054
817698 582783
965164 613470
932566 603786
873857 590774
737706 561950
710191 555677
983853 610476
692553 551034
887912 589294
865539 584661
844202 578956
859405 580808
940899 596141
929343 593133
986411 603074
562674 523687
771329 561967
812712 569326
745857 556898
818972 570043
840655 573447
893026 582756
549884 521033
837321 570555
794471 559714
835448 564200
977200 584920
915238 575342
874251 568210
896812 571380
703121 541759
938987 576358
964621 579385
576875 522897
901736 568672
720811 543079
761714 548625
973291 578342
847349 560241
909922 568385
822529 556073
853428 560231
790802 551416
815680 554761
919667 568673
924868 569251
907159 566643
756357 546127
807377 552367
833789 555587
600197 524658
944690 568128
826411 552959
917493 564241
912562 563510
842821 551773
919617 560006
831343 549247
939480 558266
839422 546970
786192 541133
765376 538659
564039 517958
944016 555556
874284 548145
982065 558453
735451 534037
988481 557209
862151 543602
936483 548136
644245 523457
996361 550929
782885 533344
531210 513706
691918 525502
915952 541904
723002 527408
991327 545540
980618 543148
964183 540256
959736 537324
927469 534926
660294 519612
736989 522663
745126 522494
966857 531847
955781 530923
951299 530710
875414 527407
878881 526729
944361 528850
974956 528015
926713 525947
567743 513411
756941 519850
939171 525851
956641 526174
853813 522751
847498 521706
779256 519296
863579 521175
904653 520284
860853 518766
966185 520076
874228 517933
872892 517696
585308 512477
628456 513228
790306 515743
856288 513998
913024 514252
804133 512203
981798 511202
852806 510561
605850 510494
998570 508918
990730 508817
653764 509923
923410 508223
599145 510077
966322 503580
957198 502953
765739 505423
937442 501607
831526 503062
879023 501509
905154 500529
994864 498047
749271 503757
851162 500883
797975 502161
821897 501189
649308 505948
888463 497247
878867 495892
955758 492533
967320 491542
605388 506219
874109 495202
989220 489764
701045 501910
861806 494938
965684 488954
940981 489201
910497 490568
559127 507509
972102 486771
839198 493311
980736 485196
993372 483722
775196 495330
831562 492055
770347 494715
963313 483123
817061 491107
905114 484922
852869 488164
583186 505117
671804 499138
716598 494406
856590 484021
720064 493690
933368 477417
924352 478080
648802 498593
792375 486635
877278 478421
962991 471075
711574 490626
636286 497512
898936 472066
819196 479427
716772 489106
654266 494421
848442 473480
966388 460698
845502 472968
951974 460734
793012 477671
972540 456987
790599 477083
864121 467405
744685 481212
849153 468611
873072 464635
618671 495478
984856 450245
535802 505455
777214 474748
900280 457247
909933 453971
699173 482652
856575 460943
872874 457443
854497 458165
943227 444061
844412 457337
853933 454770
508090 508403
785969 465098
941147 440775
702149 478030
990691 431340
977856 429946
848066 450395
788136 459832
883509 441459
960872 427263
664817 479925
626601 486601
775568 459647
921797 432589
977467 420673
853700 443648
854775 442112
894274 434416
887436 434433
686020 473344
869181 436642
887918 432918
876215 434661
824686 444739
639791 481439
595434 490237
951078 417955
750660 458189
691964 469636
573008 494184
781832 450589
969362 410842
766092 453443
987068 406277
913179 421274
878400 426089
733484 457903
948311 410675
776430 447541
825753 436469
907457 418186
917546 415841
969058 402350
962511 403728
955111 404130
948381 404778
994030 393011
759122 447836
839995 428501
997808 390388
802625 436847
617016 481020
809942 434389
753534 447723
706426 458283
921376 404767
619258 479257
706051 457147
843414 421250
962410 390306
902239 402091
870582 408357
728465 446640
796605 428080
692336 455899
911356 394555
680819 458292
774067 431901
718017 447432
916248 391559
736485 441289
708801 448914
635272 469827
804019 420306
826788 413638
947679 377130
543585 495811
966169 371038
940750 378169
578698 485249
738930 437273
859823 400865
984560 362583
690229 450436
895718 386712
905652 383498
867997 394965
876482 392242
853997 398003
719814 439517
939128 369625
910255 376568
838559 399015
977383 354129
854228 393924
847287 395989
969944 355823
815171 405762
804604 409131
898827 376781
917058 369842
982098 345340
820737 399532
783711 411393
986871 342013
783876 410806
856169 385334
807449 401958
861354 382021
778688 410768
820696 395955
856009 383579
934690 356006
809436 399757
617175 467094
884256 372371
708071 434527
866719 377239
984385 335068
933578 351282
901581 361395
952365 340742
945633 343193
782450 402809
978908 329349
677615 441559
972361 330407
692561 435484
882672 363707
963318 333208
887404 359068
748237 412237
585780 474848
940805 336045
933238 338345
706759 426373
678259 437557
804093 387723
845124 370990
735853 414287
581161 475541
935586 334409
758863 404063
974775 316126
938170 330502
954816 322985
959677 319885
701780 424257
877426 351563
963775 314312
731603 411055
958124 315928
863414 355442
804694 379426
874768 349560
781110 388103
942309 319006
619689 456437
917122 329020
889200 340536
935747 320411
721236 412504
872657 347008
885867 339639
982169 297697
981350 297809
921294 323981
886752 338598
889819 337024
829266 362334
744300 399057
674887 429466
890997 333001
838421 355547
874429 339022
977682 292113
808877 366986
955365 299023
877807 334408
620884 451985
800272 369255
711559 410046
999381 276851
753690 390106
844392 347310
891438 324679
887734 326056
921510 309203
583930 467785
717850 404428
973819 282139
615183 452466
997118 270676
569656 473990
893552 318690
541611 487268
956495 287083
930876 299331
929985 299457
502546 505995
943421 292735
862150 331954
958494 285107
831176 345999
791319 364974
807879 356607
774922 372638
987892 268010
746685 384595
673249 420930
645747 434522
913349 301115
903955 305544
832525 340275
706644 403407
996138 257817
997883 256661
896441 307658
918271 295705
762061 373548
918434 293895
739650 384868
951403 276854
854372 326183
921548 290457
546462 483092
937581 279362
587540 461401
752724 374836
578597 465628
731432 385282
642636 431911
693776 404404
749889 374082
685653 408121
853539 318217
701679 398956
760226 367404
878961 303179
868353 308689
952384 263282
930565 273740
672683 411559
679825 407515
547555 480444
794954 342734
747177 369253
925232 267569
886492 288021
576396 463333
815113 328050
703736 390945
826696 320942
894493 282259
799840 333891
894366 279246
763108 354158
862143 294791
658996 413014
833991 310014
936361 248413
846119 300927
912230 259910
863931 286914
654535 412753
701291 384232
978898 215845
930677 243241
690750 389380
690804 389213
974200 214924
746145 355002
849209 290997
965124 219312
833878 300203
785616 329560
798277 321237
775239 335082
823835 304755
663585 403335
681482 391470
736875 356450
969778 208244
908105 246798
745885 349640
821549 301292
836830 289008
697515 378609
902057 244875
733823 353847
981059 192863
926534 227619
912679 235912
976229 194221
729566 355175
906081 238529
933416 220177
898233 242688
821895 291318
655990 401813
950252 205323
526432 488174
610640 431819
896680 239872
889034 244421
634206 415372
854180 266969
945080 204804
935752 210530
766269 324865
893735 238035
726398 351692
921495 218857
824015 285152
876151 249625
815335 289909
967471 185556
999838 158972
697392 368148
837939 270051
636611 410231
982252 168489
717667 352964
936196 196411
641904 404899
861964 247476
608897 427796
876020 236746
819229 277216
643613 402398
949944 182256
784197 301134
975564 162720
910286 209545
861116 243138
987777 149265
922957 195606
786551 295269
644547 399037
660843 386983
818200 271065
893537 215388
993884 141179
861703 238209
845681 247906
860975 235828
928417 184970
815791 268283
635869 403236
892294 209472
811099 270353
928122 181498
984421 138656
672814 374129
838278 247950
800462 276428
794889 280642
675743 371313
949072 162496
798368 276985
894181 202443
884757 209654
843838 240837
877685 214595
927034 176469
960484 150147
874161 216147
954316 153273
830601 247813
578153 444219
907500 186962
893069 197299
593675 431616
882660 205236
939285 160822
964943 140560
768386 294462
936451 162246
874962 209295
961146 141284
705836 342548
828695 245359
720723 330324
770797 289974
965843 134755
747892 307557
832364 239736
592841 430787
700929 344335
714059 333836
816824 251597
754999 300208
772424 285777
683016 357591
701654 342057
850416 221276
865505 208646
998675 100211
761463 292564
876916 198655
969534 122518
734189 313355
687251 351355
819579 241961
574645 443189
536135 474903
689989 347250
679858 354430
963110 117478
674360 358636
769438 277984
868777 194303
867620 194168
682303 350626
938567 134194
565036 449472
904700 161893
802753 246761
993278 80995
928073 136966
901811 159508
908580 150637
972297 94096
850841 198656
824449 221055
584079 430798
755075 281147
870967 178785
654567 367946
813950 226101
987629 71550
919110 132195
803430 233818
801194 234698
968681 84722
753425 277208
630758 386823
613190 402526
810755 224625
740563 287667
931371 115908
999759 54358
848645 188884
755070 271125
910699 128428
831729 200081
896995 139183
836342 194884
730287 292311
943731 93958
871722 160188
983561 56169
651672 362014
658358 355056
669244 344669
813676 207458
874716 149759
670565 341916
941554 84575
691374 322050
971372 56112
791002 227295
910646 112869
948348 75667
976113 48741
952403 71015
786350 229395
725638 287472
781262 233629
798382 216932
712967 298514
718861 292509
807430 207009
814869 199817
848102 166887
961176 56974
750125 260737
820607 192282
913277 102108
724124 285102
877166 133472
796441 212594
920460 90373
665599 340597
729562 277519
667653 338179
809313 198304
683942 321433
844097 162923
797744 208704
848474 157690
667806 336659
862022 143250
904989 100232
809524 195082
746141 258141
817040 185946
793474 209487
816793 186115
739631 263216
725165 276663
554945 447896
830469 169802
920458 78259
593338 408926
699785 301098
844254 154477
736814 262994
982813 12575
936011 57935
960181 32704
599624 401286
723518 274049
983154 7833
825707 168563
954640 34927
587186 413286
757547 236799
801912 190333
568219 432374
808802 182258
764506 228253
981292 372
929178 54290
935943 46243
967353 13170
552333 447995
836962 147899
960639 14783
600324 396301
568715 429888
851869 128833
889037 89108
650444 342730
884267 91932
845067 133778
919305 51888
843802 131966
526205 474412
794442 183273
837610 136045
608833 384142
627813 363083
811640 162263
947465 12536
858130 109490
886825 75389
946093 9508
624110 365319
876667 85920
846156 119407
856467 107463
719754 258582
897951 57897
729770 245651
893753 60254
845579 113210
878674 75006
593318 396842
880196 71371
756627 210858
884687 63751
880000 68410
698655 275212
764130 199688
871408 75868
778508 180792
755145 207545
669025 306581
747742 215465
836868 110907
913971 21090
904730 31213
644745 333495
679521 292638
781603 173421
509472 491059
628315 352003
818174 128894
598958 385516
917972 9237
658142 314672
783983 165452
885077 44497
854581 80560
662246 308189
882226 44947
619620 358677
656236 314311
838681 95179
891071 32038
777943 166539
735689 217341
682579 281312
826192 105773
795105 143428
784226 156281
883988 34563
681357 280701
864082 56079
712233 241410
828786 97149
775526 162056
843611 76651
742924 199521
888416 18422
708983 241327
805705 117979
719528 225988
823497 94728
755147 180622
799531 124410
792915 131775
569134 414150
535386 456636
880451 18442
769090 159378
892876 1094
868399 31956
699756 246409
703735 238611
686494 260436
729671 204553
683608 262257
630463 331323
661432 290912
847196 48500
848230 44507
821514 78841
717866 214493
788352 121328
756192 163224
876597 4340
655682 295278
846798 41871
806078 95126
817602 79631
658008 290800
722478 204639
716470 212170
737075 184172
797198 101691
829252 58552
696853 236247
590134 379149
813936 76998
819424 66710
727188 191933
691527 240314
691065 239252
790591 102507
608507 351581
850499 19076
735795 175836
597303 366264
713240 205357
805686 76646
732201 175309
842418 20403
776658 112524
624504 325762
811528 63191
836117 28580
779085 108427
727405 179823
594690 366541
658686 275568
705964 208292
543192 438999
802925 70478
779798 102873
769882 116709
830684 29953
593535 366672
722622 181025
674282 250176
827841 28665
776626 101963
834611 14097
726030 171451
634052 302687
722763 171262
784585 79626
807232 43234
755049 118202
674393 237210
634071 297659
633237 298273
772524 86984
694326 204860
783070 70096
803511 38771
553599 417991
750646 118265
708609 180979
799776 41706
734547 140991
810917 23821
819622 10398
503699 493741
645254 276200
797326 40938
796909 41520
696935 195001
818239 5959
611249 326596
703904 182690
803064 24630
569848 389804
735697 129928
681231 213854
724680 145311
772511 68396
707692 169840
778718 55374
714170 155921
703430 172537
650326 257148
682603 204800
725945 134425
546726 423339
642699 267790
518417 468800
750040 90843
739453 107417
784822 32773
646811 257428
799394 6415
742020 100105
752302 80324
719472 133350
783005 26644
651746 242657
654005 236926
734238 99699
520125 463894
654300 234833
611917 306844
676521 192740
612793 302757
634303 265214
657724 221972
760017 42247
552644 405264
696737 151667
746234 61510
758065 37593
736984 74471
651938 224275
607170 304202
711526 113507
674711 178901
707272 118621
758794 23875
639090 242319
667247 186214
754682 22392
604960 301346
629950 254259
597671 314320
691606 138238
722219 79474
673036 170966
760250 6251
760151 6168
755054 15709
679828 157004
665866 182895
741030 39230
586461 332108
699151 117387
688166 137737
678358 152902
737238 39352
754281 5651
734490 41929
581295 338644
641694 220899
670606 162737
673986 154588
596045 307218
726837 43073
739076 16299
676944 138268
607024 277485
625436 239916
723280 36612
702870 78145
601680 285144
690396 100677
718078 43234
570830 348374
683355 114341
590518 306678
558746 372608
598179 289799
727150 18955
583375 319816
499910 495328
624807 230995
586261 311760
690137 88611
622117 233172
720935 21392
527863 434902
668544 131691
674538 117703
719086 21354
635042 202902
566517 350913
634984 201473
580767 318015
703382 49622
704646 45514
665278 131540
562792 355746
599515 274461
675712 101863
627515 207662
656341 139528
598534 269826
585912 298219
693813 50028
563357 347701
708100 12285
566335 339763
552996 370634
659498 121236
666638 103878
641870 161515
665193 106474
598623 262310
669453 90991
690749 39940
602641 248651
629488 184536
611788 226487
691761 35047
556851 357215
698719 16221
677453 67097
659634 109845
699707 12339
677259 63245
653317 118526
666376 84636
506610 476366
636340 157441
612745 214554
685756 32240
655084 106568
595294 253930
609993 216696
627609 171017
694280 2496
527394 423014
525055 428121
643325 126398
607049 218751
677608 32957
605296 218118
614306 194290
635492 134913
661539 64927
680005 12971
618792 171794
609775 195686
658917 59565
582534 265561
632897 126155
565842 309342
610581 184700
624526 145966
567386 303293
614454 171992
622090 150604
627072 135441
600287 206446
671337 3898
564829 304706
655547 45349
632478 107130
598014 203577
666211 1358
584155 240618
619533 132140
650702 37797
639214 70348
564769 291165
548047 341346
532539 388270
621807 112847
574957 256303
558051 305476
516106 436876
523144 414477
645842 25551
640520 41708
571448 256752
594224 183341
549328 327464
508742 457946
580888 216410
627635 55235
590536 179268
565369 263410
624182 63241
582433 204502
631488 33596
525616 396852
526102 394720
589739 174020
638003 5253
573444 227951
580666 201616
629936 24415
626519 33874
549919 305106
548744 308831
607705 95141
536514 350826
619186 48447
538632 342186
593659 140710
625390 18497
526490 385015
542728 324747
624833 19194
529520 372995
623115 20785
602863 93129
576510 192432
538275 336221
545012 308775
610069 57948
597675 104764
522872 390913
564131 224356
548397 282637
515810 415687
591263 104547
586439 121756
539989 313427
599154 63934
521206 389215
552573 255197
535279 325495
510297 433146
585741 100332
586788 95270
550539 253126
536225 313603
602182 13294
527349 351673
523055 370183
593622 43312
542990 273889
531200 328892
578492 105962
597091 12945
586990 56197
573198 121912
538397 288444
555015 205097
587699 38380
553635 206345
567479 137095
574272 96963
572129 98849
583007 42509
543448 246091
563487 141540
556971 175319
568300 115116
522826 347358
553252 182386
526665 324548
531261 298220
530768 300766
574302 61288
538248 249888
563577 100363
557033 134944
559458 117964
556940 128847
528919 294544
562180 93590
520495 342157
564652 75083
533786 256912
522083 323730
562137 68886
509904 394922
516008 351878
549393 118727
537882 191937
541326 165466
552512 86017
511842 373771
557284 45632
554491 62443
547300 112452
515220 343836
543046 138479
546851 110220
540127 158881
508446 392610
498504 466318
552662 58484
557385 16172
530385 221069
502810 432229
540184 143834
544525 102339
534074 179791
546997 70069
523369 253907
546483 58792
518958 285018
536754 129874
535657 132815
547903 19549
535115 117450
528040 182340
524920 208083
535951 104273
527572 177731
522939 219494
521096 223697
534629 82274
513565 294025
532216 86596
537494 14417
514017 272966
522883 162751
527245 109870
511083 296300
518952 203857
502192 397171
527929 89612
534827 4023
515337 236794
519009 182861
507817 317490
527075 54246
526587 49492
505643 332061
504661 343318
521779 87090
519884 105162
521106 83975
511128 232862
503618 345137
511194 223959
509143 251582
513641 160471
520560 33908
515910 100765
510757 174767
498708 387836
499567 364153
497578 402806
508993 144696
501497 306691
507231 175135
505253 201656
510929 50065
505964 170796
508477 1023
507434 18728
503289 141595
499392 275091
504221 58111
497578 293604
497600 288671
496491 297236
498485 177681
495087 368307
500287 25572
495757 306314
495916 289118
498935 54863
497853 113960
497357 51306
495657 20604
494124 169280
493313 272544
493720 116182
493670 18250
492476 243146
492472 482190
489866 50522
488278 197778
487003 149012
485499 56431
488861 386432
480811 182908
488337 405075
475527 113380
470689 22659
483014 302885
483121 316892
478951 235892
470828 76663
488597 432550
485297 368777
473231 141398
473746 152503
472363 126809
472018 121464
479126 264076
474353 189562
476205 239005
474039 211816
462443 29042
460017 1038
468623 136476
462782 84344
463080 89418
459549 42112
463191 97640
462988 98711
461548 82988
460956 74900
482774 376636
480768 350993
459833 74385
470191 217226
455741 28678
461405 111335
461901 138703
452258 52092
472849 297549
458019 139772
450001 58574
459924 166721
464268 218664
481112 397349
448236 71978
473341 322178
461542 206602
478069 368878
442021 24323
453134 132541
460542 211256
456528 180973
474867 349663
445179 85716
456761 202868
447307 121794
474173 354335
433614 17500
452365 175828
456558 221457
434658 57791
433116 59243
439297 106945
452522 208859
426854 18304
447149 172000
432490 67262
443844 163168
433259 93115
473768 378493
445226 189602
419669 29812
454067 256824
415577 3781
432688 125786
421787 60820
431545 125089
413229 20607
453269 269416
441199 200778
466966 356784
450821 261737
457228 301429
436977 184262
458374 312162
422570 107797
434866 179820
463865 346232
417678 85754
433541 180427
417425 102376
422683 133934
426481 157206
425860 153907
457085 323370
431125 187846
454436 312599
410580 93677
431708 201405
392483 3488
393833 11331
400359 50777
395120 25923
442947 266502
400397 61364
399891 60012
402997 76640
405347 90384
392277 43281
443881 286797
383547 22617
396912 83467
408916 142108
420326 195475
409464 148736
401285 116825
425340 223191
408779 153634
403672 131870
376932 20541
389249 74508
380195 45605
419618 209404
435206 280354
372968 30946
451082 346890
461062 386562
388471 101346
410055 190867
364723 19568
412934 205261
375588 62959
408118 188881
455101 368353
388808 117924
447232 339811
442352 321444
358252 5807
383609 111565
405683 193996
391464 142628
407740 207957
363423 58892
350068 15192
379859 121650
382830 134358
436828 319828
352580 32619
395445 180312
348310 24293
341858 4233
358022 60311
382889 143639
411360 240163
364717 88844
362419 83804
404401 225505
359599 80525
366593 105171
451087 377552
363592 96951
337341 18649
368219 123029
469999 440476
363881 117368
348589 72157
335905 38512
393427 214922
329016 26173
431218 330667
351072 98328
374622 168358
352034 103847
378730 193756
421835 313969
407263 274024
409786 282325
441095 369175
328394 60184
390684 234654
366702 171293
312676 27020
330215 74742
409574 289207
337040 95929
416697 308538
428006 341046
307959 26998
309729 32391
441816 378158
301291 10857
326575 78661
294845 476
299512 12729
383521 236137
354188 163494
474153 464962
398966 279190
423127 339204
371852 212872
292972 21057
335265 124980
434779 369649
289245 14982
308769 62896
366051 203126
289473 18359
407709 305763
376988 234810
394412 276604
371873 223119
351680 175159
334813 136417
314914 89650
424316 350533
322225 110895
366671 216221
278687 10731
306152 75568
303209 70297
316055 100912
352051 189542
371433 234110
273519 11697
394401 287232
308643 94587
400112 302936
351429 194020
416698 340677
290948 59694
366690 231964
281191 44568
348327 192895
292613 70710
288212 62018
445462 407758
302071 95271
305751 104208
260425 6059
261976 9972
284231 60038
414060 341361
442721 403610
323595 149462
413937 342926
366665 242443
351549 210927
375452 262087
297998 99389
277068 56535
361022 233623
425217 369087
250803 2503
299418 105860
346605 207777
315678 143683
300895 113120
273794 57164
447226 417613
247597 7823
340129 198544
274408 65101
370899 262966
296919 112892
274657 68743
249506 22132
265959 56286
286766 103487
258398 49823
345022 220418
260168 54444
430217 388592
410429 350012
250977 41861
228889 184
274647 88901
248322 39806
286163 117256
269671 86073
303093 149870
432868 397312
296616 141073
354816 251494
343022 230301
278557 112633
274500 105464
376310 294921
331814 212293
316883 188988
396146 334334
335971 224591
266211 97324
306951 171844
379582 305563
257309 84607
409078 359686
265556 100744
438891 414235
308561 182544
324283 213984
207227 7809
208993 11674
245170 75745
201107 325
430259 401736
244116 76151
301442 176803
272042 126860
265701 118089
366202 292301
311446 198381
383722 324154
205674 19134
435956 414546
270187 133812
246132 93703
332536 239977
195948 10491
204971 27047
233067 76469
472347 476989
226501 69162
251452 110703
302053 194754
315396 219847
213785 54806
325874 239125
281068 166610
438791 423367
215537 62313
254134 124939
287419 179362
192225 25633
314265 223958
178758 6188
269318 152992
296791 198004
229431 91199
337560 263922
247978 122108
279800 174271
374256 324002
261532 146108
196797 45661
244413 121680
417875 393943
169475 6296
185318 34186
302535 217078
217809 86360
170779 13822
174708 20955
191476 48260
193326 51780
292521 204151
246549 134965
365685 317159
210363 80892
340651 279413
304103 224964
200323 68873
310844 237002
162612 15639
215045 95674
392899 362546
373197 333344
283123 200672
380180 344584
413889 394531
319985 256079
155088 14284
272447 187612
149647 7892
334342 278772
168503 35667
461900 465893
226200 120545
180176 55217
220562 116402
291076 218839
237203 145904
138914 5539
357594 318643
348096 305648
316135 260655
135786 5137
330129 280875
235412 147403
279475 210191
475642 486977
173341 64143
145454 27056
134250 12018
280842 217311
180604 79749
233639 155455
233042 155398
124422 7387
253796 186416
290719 237195
235974 163110
125789 17283
226285 154239
133672 33454
458325 465332
183917 100928
243351 179961
250613 189632
333839 300603
264809 209359
217846 147347
139997 44353
162053 75009
331328 298866
270550 219210
298034 255523
303043 262304
408277 400430
242137 183745
422495 419893
114962 22108
211333 147764
212193 148974
118144 28521
144358 62544
126469 41606
170761 98530
271314 227796
463709 474206
330906 305978
283002 245534
210495 154445
362650 347180
137734 64134
158991 92810
158404 92785
471574 484612
217271 167747
219537 170720
92964 13957
157577 94478
173836 116931
155751 95120
326735 306164
313200 289516
425252 427934
386423 380496
283312 254799
168348 114495
247844 212376
336759 320947
83845 13759
86848 17960
219301 179753
88226 21952
268493 241132
383147 379274
282792 259896
241114 210161
94091 34463
345900 335534
273084 248832
329902 316744
127347 75327
365343 359216
96730 40685
160360 117930
190498 154185
203292 169722
182989 145841
99228 49260
92196 41847
285725 269152
67338 14580
188981 156725
97486 50758
164776 129884
89465 42507
148474 111291
81166 33758
114931 73921
114921 74415
246817 227344
249762 231157
148466 115379
116494 79534
156178 125298
66703 23416
206194 183581
199506 176574
278527 266943
276255 264590
73966 34555
143032 114344
158258 132986
343979 343053
203203 184408
83043 50034
133785 108615
352710 354392
275907 268538
119163 93262
67913 37156
211318 198009
285933 281025
84888 58500
76451 50480
120110 99184
135210 118387
231789 226232
102877 86021
132762 118996
34663 13437
236033 235176
61258 49283
166309 161881
152119 146907
225281 225138
37631 24813
143247 138355
424670 438806
369623 380786
380055 392373
373876 386119
130595 131121
48575 45486
127319 128167
143346 145736
71466 70619
274403 282856
105314 109562
38562 42481
284586 296803
211861 223261
92840 101868
187172 198463
12091 19899
326698 342218
43548 54654
303445 318845
156048 169298
64993 76944
87025 99460
63720 75941
124829 138167
167459 182518
12846 27283
37032 52032
194829 211218
263449 280512
210678 227571
208476 225657
215486 232813
255612 273129
13895 32388
132577 151350
48019 67064
45674 65366
147439 167797
98257 119626
211674 232782
169397 191519
241856 264256
40407 67388
98425 125588
240221 264481
73748 102870
235171 260622
11250 44715
150993 180058
109614 140444
1567 36791
108776 141387
20714 57938
147603 179873
168814 200988
413817 435569
68688 106479
219215 250128
52645 92501
288566 316940
264340 296321
172265 210808
333795 362234
62238 108551
35548 85039
126873 172387
178263 219947
68210 118796
111516 158987
216274 255999
230375 269789
22023 78700
424040 448008
218562 259827
123403 173802
307333 342017
136210 186886
123919 175847
50357 109255
136627 188873
22289 85938
44215 106213
25620 89945
242955 286668
124262 180550
185707 236036
207084 255271
446164 469493
345884 380223
111166 171807
60235 127700
56453 124565
239111 286818
228893 278691
56396 127752
189710 244931
68548 139485
205485 259481
136800 200662
439046 464171
53099 128195
41126 117785
116053 183560
36738 114700
32577 111401
202336 258860
295260 340225
153231 218393
192890 252756
292161 338298
16108 101689
72495 152851
109889 184756
98479 175485
29440 117753
298563 346174
269397 323150
334723 378122
344725 386818
43652 134800
210833 275252
35147 130923
88457 175524
28079 125522
39662 135386
260682 318876
191011 261772
53853 149037
75959 168809
186044 261699
276374 335293
245384 311046
144685 229789
12914 123503
118808 209245
38967 144891
113520 205740
257451 322596
339209 388278
99355 197808
158163 244744
114034 209743
48306 157636
21698 137733
297641 356491
311576 367654
227482 301363
41543 154769
70148 177731
14755 134399
78936 187118
75969 185232
108563 211247
315012 372505
460694 486205
89681 199714
177097 267400
183055 272114
127484 229359
195933 282707
119262 223932
75585 190578
41530 165378
1932 135295
310667 371844
293774 359176
32046 161150
25859 159517
33073 165253
271356 346319
140496 249778
8277 151956
186166 283864
312964 377951
60306 191310
33842 172573
242611 327944
156584 265671
112393 234755
107073 231346
27715 173969
25960 173076
150816 264080
212565 308673
440198 473106
205048 304169
193517 296180
233819 325498
367805 421645
188764 294214
49616 195150
49158 196014
30014 183246
60775 205337
13645 172311
156192 273298
162930 280972
62040 210958
293735 372714
201932 309092
9303 175495
385379 436827
23635 187157
173672 293283
366717 425837
124773 262734
358505 420740
191507 308635
393178 444265
212331 323626
343534 411361
129218 268571
219037 328494
82877 237827
246998 347343
177018 300881
70030 230124
196016 314206
11288 193694
46683 217408
284210 374270
176614 305514
26196 207951
67383 234720
93394 252359
92140 251864
86050 248632
102153 259564
109875 264591
440404 477401
256893 359842
13650 204249
65595 237509
35455 219387
149474 292708
196320 322662
390286 445860
278986 375190
15320 208228
168652 306307
82919 254203
370095 434536
169892 310873
230170 348456
437072 476522
461566 491662
116520 278641
118820 281202
238022 354962
22327 225627
311650 401257
144011 300208
41488 238950
66878 255604
101349 276581
57413 250949
125221 292297
90053 271599
342274 421742
249594 367600
300259 397480
29158 237997
54547 253533
314881 406826
250141 368999
140975 306227
343696 424993
200445 342900
685 228306
179113 330936
220320 354842
19514 240060
29534 246101
132832 305261
225880 358926
303198 403915
1303 234674
282905 393102
73499 279461
27977 254880
262310 384239
195845 348520
254226 381735
400072 460872
183341 344020
47617 270872
275682 393907
215647 361723
140184 321261
335806 426686
88330 294358
36529 270548
11256 258156
95961 303115
80210 294942
152305 333456
422382 474326
89216 301634
263985 392300
105855 311776
98589 308353
174894 348052
132479 326417
133944 327377
142360 332083
40505 280801
37275 281304
126110 326102
470219 499627
133448 331806
116237 323428
244931 388324
109506 322109
51680 293796
248536 390738
344043 437886
126231 331434
439941 485192
127844 333511
269828 403166
96156 320013
81623 315468
213270 378590
202426 374022
186813 366706
96021 324181
35175 297056
60886 309998
98698 328023
288361 416253
74448 317372
212055 381841
53069 309355
66825 315925
64776 315142
163974 360620
223558 388146
12702 295524
42187 309520
50393 313613
382253 461941
147484 358439
395742 468262
154066 362082
11922 300043
151861 362370
14396 305734
90826 340314
39827 318771
40735 319407
61187 328955
48914 323799
92833 343101
145022 365016
318815 437941
188352 383415
291715 426996
392368 469158
268576 417739
116154 355606
213643 395830
285264 425363
122747 359685
386913 467713
69380 338232
23337 320881
198600 392054
146711 371597
56293 335818
109749 358303
103627 357678
386975 469253
71294 345463
24914 327790
130703 370512
20776 328306
190695 394175
294819 434421
173475 388516
55673 344417
85758 358531
73358 354101
108191 368150
108766 370330
251918 423424
130000 381257
7238 338307
73135 364050
184569 403133
378999 471655
90311 375535
395246 478277
14859 352016
319655 454377
120502 389454
42446 364379
110482 387663
351600 466131
320893 457211
167824 411118
71571 383770
216998 427747
311314 456446
77300 386354
382218 477929
139071 406022
229921 433292
332020 463440
182232 423312
166017 419402
159057 418252
104831 403460
221282 436110
47309 388941
273607 451414
117147 409420
351994 472899
41786 389763
88914 403258
133905 415716
288957 456864
344703 471917
213352 438006
184607 431622
81282 405147
143746 421377
186895 432464
105152 411563
180492 432270
425375 493953
255432 452902
160743 429939
344896 474833
221405 445754
71743 411778
245939 452893
189716 440464
95101 419012
73540 414510
412178 492496
115658 425318
93080 420953
78128 418146
142761 432884
233138 453141
247045 456365
120108 428394
3910 403524
53964 415163
194755 446368
143809 435485
252811 459714
84563 424861
62116 421342
10928 411233
188748 448269
25914 414919
24538 414705
54330 421747
87163 428590
301538 472148
261999 464378
21092 417426
414542 495479
40807 422706
151146 444454
55074 426038
222658 459270
297372 474628
165751 450813
108481 440825
73595 435832
114184 444263
166707 454004
48368 434452
465189 506140
132266 450751
76566 441984
91729 446089
20836 434828
155618 457142
227612 468925
56423 441924
470763 507384
182429 463451
384056 494282
28737 441836
27550 442346
388420 495548
377175 493908
288225 481853
93854 454378
309175 485688
151097 464047
310818 486428
72942 454676
384435 496372
60217 453396
127644 463253
332813 490205
234731 477891
274754 483026
31959 452246
34635 452819
422798 501992
206539 475314
78682 460516
109125 464322
53793 457707
227431 478743
18670 454646
23161 455193
58233 459725
70077 461250
38504 459105
215809 479530
320751 491589
297776 489517
21655 459621
83009 466366
99131 468805
10729 460432
71370 467790
245936 486836
176313 480314
436278 505493
145354 478438
49146 471238
699 467073
13658 468263
185499 483816
73559 474583
207735 486793
57706 474348
51163 474340
188328 486119
791 473288
300184 496323
176159 487049
52641 477788
97234 481214
304828 496777
67513 479551
33950 477424
321236 498345
60294 479483
101633 483213
181924 489490
10841 477920
26858 480309
57883 482393
5489 479720
423106 506387
361052 502791
309563 499955
117096 489394
81278 487926
143386 491872
144904 492372
14933 487524
412103 506929
309972 502019
279336 501442
37467 492085
166381 497467
185616 498266
318333 503989
183962 499394
412339 507869
9260 493405
183932 499743
256987 502409
267425 503812
18432 496563
158010 500857
280988 504625
327979 507428
395800 508915
44977 502647
16355 502321
224721 506677
132336 505613
190877 506492
152392 506718
36148 508267
302134 510172
211817 510293
254301 510493
413126 510832
215360 510946
178981 511145
4433 512513
99270 512477
232842 512052
55130 513459
12068 516960
146944 515533
186317 515642
182582 515777
85149 518010
358865 513573
174331 517470
145495 518585
25716 521447
219089 517132
29655 522126
21420 522533
270446 516361
332073 515528
183285 520087
265598 517932
330340 515937
436149 512785
105812 524351
126291 524061
52319 526935
64920 526554
51439 527124
10174 530559
33602 530106
192479 524252
336222 518931
25318 535763
101684 532277
172732 529890
245809 525712
176621 530279
27260 539519
59361 537739
203549 530327
185984 531574
170762 532751
258540 526864
162144 533493
260452 526796
182971 532689
20600 544568
255484 528413
113584 539080
335067 522840
48350 544904
9415 548407
95050 542715
60723 546081
54390 546720
142564 539582
123183 541559
288246 528980
145895 542550
172117 540248
374832 522154
27424 555826
262119 533321
4909 558504
23290 561461
58875 558289
208753 542756
153279 549086
387040 522875
271777 536336
43210 564462
316419 532815
376687 525323
364578 527004
28267 569830
67551 565851
18118 572291
249992 543230
68504 568124
86662 566256
43178 572196
207483 550439
64658 570768
38983 574371
135374 561705
41816 575814
120832 564469
80796 570643
188661 555276
58592 574501
242177 547755
56455 575839
462600 515316
12509 583488
105639 569673
452364 517288
170389 562773
360280 532671
120177 573347
172071 564956
102632 576861
110185 576387
12651 594059
436228 520628
116950 578270
80451 585796
37524 594785
37087 594960
346965 537764
427430 522925
133744 577728
182996 568756
32560 597493
98718 585199
3968 606041
134280 581047
175321 574198
217938 566246
408083 527941
27106 607554
410628 528269
104928 593406
158831 582832
292157 554287
39558 609858
253363 563176
21018 614360
175862 581255
48825 610947
193770 578754
189315 580000
9698 621824
78991 606173
98927 601743
55155 612342
247938 567610
176373 584251
358938 542154
198606 579834
71849 609767
7997 625147
37996 619123
90316 607204
163683 589955
256258 568296
361301 542751
144256 595890
90278 609459
363011 542671
370066 541215
180062 588427
134959 600063
187669 587756
290533 562774
232795 577866
11931 636813
11648 637893
133312 605851
380312 540609
266236 571028
374116 542417
194498 591052
137298 608960
269823 572807
74464 628024
298407 565528
41586 638821
225714 587088
222441 588422
266461 576173
132744 615273
8919 651321
275457 573939
175757 602989
39937 642925
49398 642200
161738 609851
156083 612386
138901 617603
276644 576200
344518 555728
66575 640106
253717 583810
237690 589199
170273 610194
411789 535908
63615 644525
384157 544820
274456 579941
309736 568920
14812 662810
189517 607445
198513 605482
40924 657483
101873 638097
246866 591176
239638 595157
267007 586683
225979 600783
287732 579981
422586 534575
79058 651517
325446 568377
221810 604392
91075 650742
128338 638375
326370 569427
434683 531297
26345 676892
176174 624157
54955 668019
183659 622998
211025 614179
181678 625748
46751 675751
170598 629995
374871 554612
215982 613840
182939 626493
131581 645990
4080 695538
347931 565539
408573 543016
288897 589778
158483 642014
257881 603060
262298 601430
204151 624381
141562 649175
40241 690157
80219 675738
259350 605054
15871 706023
347755 570131
82122 679180
96343 673571
321543 581114
301510 589530
199839 632173
323291 581347
133732 662456
103139 675434
255745 611019
246760 615271
196705 637447
425924 539418
78747 688587
227686 624876
113735 674588
8379 721509
168910 652338
220579 630039
56952 702303
237062 624005
360791 569218
60144 703934
101716 686933
139814 670291
31051 720296
155544 664479
64150 706894
83428 698836
191783 649126
380236 562728
56348 712903
107119 689466
210102 642383
378833 564041
94880 697803
335818 584545
101052 695530
38492 725817
31336 729952
91702 701985
218161 642328
19478 737841
191001 656380
255001 625627
169613 666942
410371 550583
153140 675050
416549 547723
118322 692670
181716 661906
177944 664299
269921 619989
84626 710991
17786 744539
214649 647636
149902 680244
73585 719887
24296 745815
459616 527383
229338 643163
12599 752724
201509 657625
222788 647678
315240 600816
194488 662509
100218 710757
12452 755619
58886 732344
351170 583377
215684 653020
71608 730647
333678 593960
180882 674081
127419 702292
205074 661608
13311 762242
254618 635744
296842 613914
32825 754254
14866 765083
74518 733478
235314 648280
40300 754372
135037 703893
207139 665522
42892 755685
228704 656538
315866 608798
72486 743835
13192 778231
143356 706855
251176 646828
317209 609750
214679 667611
360345 585703
343212 596043
257977 645882
137184 716592
99524 739824
249620 652615
279465 635258
190948 687681
313535 616271
319921 612533
68364 760935
134226 722310
229711 666245
204292 681403
228145 667430
460170 530007
101528 743784
135446 723854
367797 585547
163093 708887
52246 775710
183443 698136
388819 573845
176623 702998
441112 542117
214271 680358
46278 782918
314309 619852
116066 742427
152416 720909
114929 745796
312449 623047
100296 756272
34015 798262
211097 687709
44689 792827
58863 784053
459536 531652
75360 774136
36263 802844
4943 825188
12718 821301
279686 648834
316279 626851
50052 803582
76438 786169
49301 804420
27652 819005
87067 779649
67391 793549
46583 807757
167272 728132
344144 610623
302391 639304
51805 809586
156365 738743
46491 813630
169010 731122
242140 681699
93623 783046
209209 704289
146822 747249
115169 769018
14224 838716
174850 728687
159558 740478
303987 640922
312182 635589
200991 712713
55261 813959
76860 799216
349141 610390
127011 765007
11126 845752
188906 722653
215802 705490
366074 600126
14516 848643
57888 821951
248087 685986
133616 769699
5337 864348
164468 749612
484385 516777
151874 759447
284732 662554
321871 635827
249198 689246
60614 827969
140094 770445
391378 585711
184532 739472
3088 876262
344304 621776
266432 680219
68807 828755
234441 704765
66369 831137
184771 743108
63917 834799
21322 867984
196259 735762
214385 722099
80924 824036
209546 727113
9970 880679
369173 605471
148882 775807
60652 844171
177061 756085
245799 702986
65471 843420
156264 772795
270974 683825
25364 875631
156169 773832
13264 886591
17946 883195
172960 761784
300502 661871
268668 686996
3578 896966
90751 828410
16818 887027
231979 717484
28403 879184
204932 739675
36386 873811
110692 815039
70855 846804
223934 724985
82055 840449
53780 863354
69864 850713
395109 589231
307545 660451
16611 896086
115777 816333
287676 677155
415489 573815
134993 803162
192470 757200
196510 754061
100790 832713
199576 751570
380661 603000
6682 913467
264341 700058
143024 801093
391925 594409
81404 852401
158604 788631
117880 822595
181453 769843
343417 635067
122882 818888
22637 903700
37024 891734
189902 764022
134560 810472
250369 713916
290645 680404
19214 909672
13358 917429
3385 926407
154235 798482
129994 819110
143623 808065
10760 921538
25531 910620
167085 789500
281325 692079
89560 856972
55664 886125
71534 872858
341209 641033
150666 804986
135823 818282
14716 922826
28378 911836
108756 843263
205006 762088
181082 783868
28081 918041
82059 871489
250776 724085
199071 769761
287151 692385
142514 820558
48099 904383
132970 829802
263576 714094
138958 825069
68009 888403
65615 891259
106640 855013
14877 936937
13405 938768
81061 878686
128541 837874
283608 699181
83703 879675
156994 813737
376653 615470
229565 748388
298697 686083
57564 904275
21560 937325
309065 677408
237516 743391
142110 830481
56926 908470
56159 909212
99694 869766
65514 902605
188150 790224
17623 947245
52320 915770
344686 647041
10823 954857
67172 903714
268360 717929
138212 838429
146160 831159
104011 870705
300760 688714
18593 950461
195228 787484
442338 557619
439126 560833
304541 687130
59775 917853
56725 921157
361013 635057
22604 955793
35736 944530
15690 964405
90009 894214
327844 667758
309271 685587
86334 898194
59004 924646
190085 800518
124287 864179
230719 762249
175013 816076
287892 708477
332266 665940
191219 802487
261077 734893
168787 824507
10962 978001
151386 842416
185213 809754
80424 911678
386168 614353
35838 956700
69913 923773
160836 835869
196834 800790
124261 872149
206859 791173
137898 858917
175184 822330
112243 884600
275118 724779
147883 851432
97705 901289
144755 855867
210315 790913
218178 783503
173241 828199
33028 969325
144309 859340
36362 968216
88017 916816
349894 654095
256019 749050
416130 587852
442027 562024
212043 795985
38560 972368
90061 920391
28934 982975
135636 874471
298077 709603
32115 982275
115535 897088
120609 892475
20004 996432
293838 715344
98683 916541
77043 939589
149135 865206
47830 969772
128716 886395
53820 965011
256626 755411
71495 947935
225279 788811
359614 649215
286892 725250
155665 862592
246570 768153
272627 740895
75325 947310
245892 769161
97753 926164
206399 813391
31936 998032
124073 900758
89011 939269
254813 763393
169654 854270
206314 815404
140566 887637
199549 825152
53215 982200
163846 863777
44438 995853
137837 895376
358286 656585
132999 902048
277007 746371
308511 713187
68619 976968
420227 590444
98756 944667
276741 749125
322076 699617
307875 715688
99338 947179
327412 694537
61741 990501
128198 916706
326678 695882
63454 990070
111795 937263
177402 864527
133798 913586
204250 834897
223987 812870
248386 786572
264114 768830
330216 694264
117679 935152
114570 939365
149567 900535
149725 900603
176406 870953
179821 868073
144143 909210
259508 777548
421106 592737
153810 899867
147129 907753
136649 920577
331847 696861
78931 990899
91869 976385
106088 960454
73548 998438
285845 751595
100454 970834
148142 915462
433532 580255
208909 844929
113057 959043
90128 986940
281677 760593
259735 786584
164978 899035
363386 665082
90485 993671
106790 974311
232620 823397
271982 776139
94370 990224
446714 566062
241010 814474
148821 927153
120915 960975
341730 694016
159751 916909
223596 839700
284196 765657
193258 877831
309089 736980
166826 913577
148290 936634
248533 812729
155230 929636
340166 700282
135838 956778
147885 943747
220719 853014
242363 826702
108369 996340
206779 872214
295533 760384
157649 935425
329339 717954
338660 706447
243886 827565
183925 904617
172408 920196
181309 909880
158567 939403
324186 727377
240418 835501
329376 721040
394638 637876
227007 856045
186171 909449
277371 790879
356769 687560
271265 799522
162045 942337
333673 718773
279795 789465
146856 963842
338119 713639
172169 931829
133080 983963
419472 607033
264052 811897
193863 904874
230510 858360
279379 793677
354014 694737
293932 775311
173890 941776
386371 654448
256442 830809
142010 986623
146222 982531
388240 653240
184509 931482
260887 829549
156427 976056
306499 768460
141812 996831
280536 805230
232372 872128
371608 678782
365245 688367
413439 621584
477994 531247
391883 652387
412565 623391
368264 686893
161946 979545
216034 905277
211360 912976
262659 839748
234421 880153
286256 806122
177619 962086
250731 857433
371247 685148
159043 990404
205351 930282
164862 989438
317218 767291
222598 906353
230502 894806
208146 927746
291766 805411
288620 810819
217868 914976
270394 839236
469811 544577
241414 883464
255572 862864
306411 787963
252676 868670
259050 859412
402299 645611
277186 833575
249190 875729
246795 879685
331785 753498
323278 766928
362096 708444
286139 825449
184300 981037
456576 565803
287845 823948
280210 836534
440396 591065
244945 892912
191616 975900
297551 812475
266657 861205
201254 963514
218321 937027
203761 960858
210501 950769
237615 909618
300484 813372
211422 953914
252903 891513
345824 744115
268890 868465
387807 679230
200721 981289
430912 610322
406319 650206
432869 607351
300803 821705
272438 868335
202896 981662
214545 963090
454442 572970
236049 930466
348355 747078
313422 804572
232063 939441
292762 841907
203617 990468
313220 809637
373210 710351
477642 535795
320941 800597
415209 642103
227944 960220
276865 877926
275421 880447
329125 789238
350345 754074
346874 760101
271337 889665
296875 846390
320004 808001
292257 856739
267399 899792
305396 834398
301276 842004
223564 977739
339838 776413
399761 672633
267529 905378
343195 773060
252673 932673
234494 965102
217639 996744
345268 771329
228854 980328
249098 944306
347050 770590
250324 943339
263420 921387
257928 933987
317817 826172
300994 857192
291264 876624
328825 810591
252757 950395
308961 847763
376556 725128
357678 760346
270971 920871
272855 917405
302106 864147
369525 739617
287598 897443
337895 803311
288657 898191
463757 565760
283264 911689
359869 766314
245686 986169
316297 852209
320429 847384
327234 834274
249210 990354
387203 721026
371998 753806
397175 704004
375389 748246
342174 817563
395630 709100
265388 979259
363165 777698
461630 574746
291762 931510
413614 676371
468216 562389
330532 854519
378357 753551
283872 957037
432079 640146
466734 566257
360115 795608
281683 964538
331706 857029
278550 973360
294564 939847
279810 973286
284673 963502
450063 603670
306985 917723
298353 940441
356441 812427
289274 965050
337219 858428
356252 817926
293835 961279
296058 958900
306892 936024
300213 954630
402131 719487
365604 804148
355527 830216
383768 764408
291161 980956
353206 837694
312495 933388
442923 627524
313660 932503
355919 835143
292277 986216
319114 923351
407811 712894
445513 624776
302378 975859
355677 848550
376407 799225
311259 965654
383525 785630
446160 629280
378030 803401
437330 653696
365583 839481
320967 955631
456095 606184
346749 894016
335889 924085
465586 582977
334527 934263
383046 804841
474842 558817
323096 976255
323680 981029
335628 947803
332911 958260
319392 997232
389514 802787
360193 890163
383652 823216
337466 959349
362443 887464
359930 897966
339015 960435
389991 813634
396568 798925
346337 952210
359972 912937
459168 612363
350940 943999
341776 983102
438856 679131
398973 805000
428907 711614
360127 928758
376071 878875
431863 703237
353932 952595
430903 707397
343872 988002
355636 950996
365964 917981
365295 920497
418317 750403
367848 921139
347597 988806
458217 624241
367169 930363
397191 830176
367059 934230
425555 738983
410732 790987
401722 821932
369460 939987
431487 724832
385977 886805
379548 909581
399797 838884
402399 833828
428175 743242
364291 975435
478260 563279
387936 899992
485323 538005
458257 641618
442595 702932
394579 896651
386774 929494
460598 638089
385663 941764
447352 695503
375023 991043
418528 814055
453247 671879
451044 684062
398755 913288
463320 637463
424681 807374
408260 879371
392345 957418
388294 978319
412196 871474
392534 962434
416872 861356
413466 877689
440640 754853
401195 941949
405611 921252
401160 948183
397585 969313
457973 680155
469940 622255
432091 810678
438652 778976
453176 707901
442098 768547
430358 831041
458617 686171
432376 821780
435369 818621
467414 646397
430164 849249
422323 899542
420139 913858
411860 979309
464919 673574
433243 861045
440079 825380
441464 817725
418344 971549
420663 957767
439682 839996
447540 793207
444702 816270
455959 744863
468684 663630
419404 979699
418157 995965
426038 947881
418628 997883
425192 958427
430750 927910
430100 933134
433369 916315
435804 902595
440738 869322
425168 978353
477374 616228
474212 638381
432545 929007
453779 786426
445063 853865
464796 713307
450222 825443
433216 955391
450887 829287
429536 994150
457788 780590
448154 855471
455631 798393
452188 829193
438913 938833
457062 798947
481824 598976
448545 886359
457151 820662
447793 907425
474796 682300
445481 965680
457700 858944
488188 554531
458672 855396
463250 820607
455900 905095
462392 837374
450328 970845
464724 816108
456998 904095
454836 936460
456812 914580
470079 767753
456707 931498
482412 630467
456489 938992
457376 930796
477702 688489
463978 857125
465451 840735
466959 829571
484246 615374
466405 841963
488915 557767
486458 596671
464381 909223
470970 842340
468478 887271
465828 954347
475804 790918
472488 847940
472559 862232
465898 983439
472441 869939
467109 990811
481670 723781
483715 687134
477609 814601
469565 987651
476598 858632
483490 724633
476163 899432
476180 957139
480035 869211
483459 828460
486712 716656
486740 720039
483616 853030
488398 671575
481753 981686
490759 589795
486220 802836
482316 982812
487964 794020
489214 767349
487963 977279
492039 572988
492109 930775
