501977 888345
500433 590989
503791 932560
504687 888603
510474 979210
509754 941389
504384 704966
510400 957487
507139 692837
519114 962821
519703 861212
519467 843020
505267 595509
521869 864251
519147 770391
520701 770163
527414 793910
531659 810110
536615 853918
534648 819552
524835 720277
548372 904709
543249 860510
516527 632524
534639 757031
563484 966175
566307 944768
517532 620608
559550 890748
559783 872349
578721 980867
567039 902789
565988 887067
512966 577683
532085 676307
585021 929864
602581 982474
544700 709907
568376 805879
601575 947970
561353 763655
596212 908221
600944 926996
615565 974838
604498 914499
601115 896338
621602 971862
525448 601512
586493 834284
625307 979302
623978 972118
562110 736130
560600 720422
579513 778107
508406 531976
647152 981927
585326 780325
652089 994199
640344 944610
557369 683203
657483 984651
640228 923564
614137 839517
611291 829477
627453 876202
580281 738016
607393 813227
628172 869831
648089 924137
669374 980653
601649 780798
629564 854424
622221 831515
658298 914345
590603 736318
620412 808480
684683 965239
690053 977899
666807 911170
674803 929511
642944 851811
650374 867075
555415 636247
644928 841420
694135 953594
585462 699110
602686 729356
660132 854843
630088 788113
625532 771884
636926 796090
685240 899146
577698 668192
701909 924982
651908 818085
584156 674118
633930 774328
658345 822681
674802 854411
746867 998702
687846 878574
649869 801480
744456 985060
593125 685293
737577 963965
754530 992667
724524 923557
741562 953660
765656 993088
586668 661466
650302 773039
750936 950277
572858 630595
587158 655200
739656 917231
734370 906453
736772 908217
632418 728101
791414 987966
767251 946050
591194 654194
769696 938090
802363 989979
714376 847226
790032 966484
634803 718185
596368 656822
803677 980173
724258 854592
674676 775668
662097 755430
782063 939474
737391 865625
795749 953571
771062 908995
812152 968761
635544 703902
544195 568089
682731 771721
752638 870865
530173 546828
840260 996209
701458 793466
721911 822628
652881 722655
750204 861862
730127 832705
844590 992771
669303 743138
795779 919998
826980 962974
803007 928090
834888 963002
559010 583860
861921 988854
777565 874180
837063 949486
834892 944628
632864 676564
598704 631668
853876 962139
577839 603626
843996 942750
883475 989983
848101 942986
825275 914004
684937 736622
540473 553617
850811 939003
678266 724444
759447 824800
729605 786665
763890 826364
893757 984439
635863 668916
839493 917093
796575 864379
737325 791331
722576 770462
908863 993709
896428 975310
683731 718169
742681 787004
903545 972324
897041 962632
873132 934195
731741 766276
898560 948219
899478 948775
745548 775225
805277 837437
884952 915121
825439 849786
953053 985444
816311 838216
780070 797368
916644 934171
794962 805550
915098 925037
671442 673826
784756 785624
780217 780575
895486 891481
808984 804227
881204 873498
563144 564046
806934 799930
851572 843064
656971 653445
802427 792111
751482 742474
894093 874660
865461 838798
781919 760761
776202 755081
935049 898465
983630 942635
750717 727418
740704 715429
832515 794954
766424 732875
596799 586149
678430 655617
666103 644224
753253 717667
941578 876161
859960 803012
865603 799235
958718 871800
798020 740561
862971 791643
721574 674553
798835 733124
931743 835208
815083 739396
625273 595939
881018 784445
880613 783552
640171 603702
653979 613582
717775 658127
675216 627604
840666 741770
835521 738022
925828 801266
672618 622931
665215 617245
938190 797006
945080 801250
855676 740202
959319 808216
745910 665160
855752 734666
995504 822112
991274 817173
678688 616370
999265 820034
714795 638386
760831 666623
845182 718133
967372 791738
530981 521730
893436 745195
804358 689240
826786 701644
900148 743753
984887 788366
783006 667804
954197 762183
968522 770123
602472 560751
983430 770366
702558 613823
986439 768074
786291 657855
989768 763016
770281 645762
522688 514413
963884 744981
778156 647425
997822 761687
952220 737918
680069 593022
958462 732816
787597 646183
660260 582140
901331 701508
922116 710518
613568 557050
831802 659957
701818 598065
695319 592943
529361 515996
846180 660246
952603 708692
914798 687777
558933 528454
890487 672571
947344 694766
991375 713241
911389 677663
810064 631852
824167 636526
727640 596590
716929 590530
982205 694706
914243 666666
960513 683400
891935 654720
576940 532145
800159 616832
920827 661556
619302 546156
940960 663524
667473 562633
972376 668509
698982 572072
868199 631031
807753 609525
867842 625916
766807 590674
939146 646348
861309 619859
947899 647821
949302 646479
923041 636924
597226 533124
982154 653877
638428 545514
821050 600534
911753 623522
979034 642610
575903 524635
842532 600773
914423 620387
907931 617571
825021 593598
900789 614757
992875 639935
867155 604205
620326 535404
896189 606107
976945 624371
985625 623397
861383 592377
947373 611920
957517 611759
936616 599728
885322 586820
627939 529718
638982 531396
983273 601558
999528 604690
890255 579298
992576 597877
980280 594793
794642 558528
857095 570398
910796 580423
702149 538335
984718 586927
863315 564624
894401 569188
656893 528137
835666 557299
927106 570925
861603 556025
973863 568494
673204 525242
732286 531931
778210 536067
934473 554301
999372 558862
983679 555345
989032 552484
732109 526110
654281 517659
966570 545308
816164 530937
903192 538456
881874 535714
923660 537602
843546 529445
804278 525868
726986 517407
726841 516743
565183 506275
995511 528334
858895 520927
990321 521965
824834 515154
717256 507231
888506 509057
686867 504663
727272 504458
622502 502340
851718 498158
836170 495824
875609 494920
885973 491361
945940 484085
842066 486001
860073 482455
961359 476780
766175 486774
740552 487116
718032 487386
769086 483315
919461 471861
755887 483662
967288 466368
626219 491173
995562 456002
943055 458858
940704 451593
981732 445098
969044 446236
722482 475586
908408 452646
759869 469788
969675 440342
928483 443754
935163 438592
593390 487883
971167 429645
971480 428820
820188 452239
972841 423318
579209 488880
993135 416521
796488 449061
780854 447479
980871 406812
769389 448436
907883 418807
750190 447850
805677 435295
905051 412432
717049 453674
815570 430671
842914 422898
724375 450133
746053 444386
910099 403563
760180 435691
961619 382203
833660 414359
998180 363960
678631 452573
815573 412413
953392 372947
995287 360281
859812 393359
874487 386909
912899 374825
643440 457623
942842 363903
999021 343386
652374 452619
622208 460838
970014 341300
606120 465765
848530 380362
604670 465019
614087 461400
819101 388014
886153 359737
708392 424954
862915 364190
898246 350233
900204 348241
871171 354200
933715 327560
885033 345429
986831 303803
757574 396343
661126 435704
936052 322234
876220 345876
775338 387308
964686 305815
985289 294454
852938 350206
831340 359010
663014 429776
722361 402455
994270 279800
760713 384300
529324 488869
958006 293620
724887 397577
802029 359709
994305 268447
684165 412922
807869 352682
876732 318448
756497 376447
963542 273628
625348 440119
952298 278138
830484 337665
704253 399437
965059 267955
875507 308203
917882 283821
839591 322702
846339 319080
959869 258296
910888 279468
781935 348970
826797 321776
935856 259148
890508 282389
872104 290215
991227 221260
885851 279221
951010 239002
979155 222556
852725 293051
664983 404194
988562 211864
945849 233362
942534 232228
936230 235516
928947 235398
905690 248121
883331 261908
966875 202508
928661 223811
909395 235377
912992 232272
590212 442892
758324 332007
800619 299160
571235 453802
844957 268287
974299 171562
686381 372149
773225 310875
587754 440482
946742 188027
727381 342100
884538 230011
735736 333292
801758 281822
926768 186695
954675 162742
979654 144084
849921 239295
560322 456148
784989 284558
983212 133246
749323 311580
762536 301467
925901 175426
610228 417292
916650 180523
944464 158397
538190 472281
967458 135899
675363 364153
578046 440617
599646 422645
969000 128355
994517 106068
993784 105440
684916 353426
765297 287658
760122 290511
644696 383873
828974 229286
899156 167035
940794 132069
731980 306974
652695 372890
843471 210678
580315 433442
787345 252108
791753 244446
834694 204235
723692 302850
950590 95492
939319 105640
873341 162419
533692 471148
836883 192224
644206 369261
899180 133120
711123 306533
953657 77568
979663 52800
999148 32344
609149 398615
933971 87600
973482 49087
856558 157871
888609 123606
893592 117391
875606 134471
804071 203931
593648 409644
871661 133641
924365 80071
989062 14927
820649 181832
848724 152726
748235 252296
990856 7137
838010 160116
771107 225176
848031 144554
903982 86377
834289 156113
773359 218911
754647 237661
977836 2023
884903 98918
963624 13167
624704 370047
933726 42245
848282 130543
912616 61109
600320 394652
543470 455121
610283 383114
824380 150294
747764 232842
576025 419102
816842 155623
932504 25666
597331 393715
629534 357294
765509 204251
702661 272458
903655 44626
854097 98803
795857 162576
874502 70199
918286 14661
838320 106537
778608 176022
600893 383542
797692 147193
601150 380002
837256 94452
743329 206641
785705 154665
773698 168241
839442 87211
731456 218748
669923 293628
660502 303299
556807 431508
828390 93080
601595 375311
588753 390967
807034 115789
700548 248807
632205 334452
885640 13634
801595 117760
773912 150763
548483 439250
681341 267838
549236 438228
640741 317171
784085 125221
871846 8111
666071 280336
676939 265713
813250 82643
790172 111493
764712 140271
859790 5948
589624 376998
681514 245264
799892 71894
697469 212768
838046 1734
641652 288515
587878 366442
764817 92989
815401 13815
794022 44370
714496 168021
809164 18168
730108 140193
639006 283153
696239 192748
752434 93797
738546 106817
602519 331348
695330 174749
741358 95231
786779 16218
734042 103116
686375 180177
583458 357258
746792 71134
626836 277736
761346 33347
770504 12980
609697 303396
559091 394531
683807 165262
599651 312900
736650 51067
657504 201681
569139 369454
694153 129852
636433 231674
691251 122426
579995 342572
727947 48135
640303 213207
576710 337368
611607 255815
630902 206689
717711 8645
656552 146832
552214 382987
668609 108639
574160 328287
630546 185168
683537 56047
610696 229438
631276 165788
632710 158611
655038 85161
591438 248895
528409 420745
641956 90072
664674 22462
660990 31189
531256 408591
584565 250496
535330 395355
625585 119456
628607 108020
640381 71325
600393 189398
638044 63566
642216 44509
637729 55999
550460 334781
579550 228865
602311 150865
575436 236120
615849 75317
573767 229329
541157 347015
559808 275176
597237 128204
595230 122831
593213 129394
585278 160305
588157 145729
596526 107268
593808 118077
592199 116422
616033 355
568389 202278
612125 5061
521017 402439
547828 275684
576775 133571
584916 88902
509822 451931
586276 72584
599333 7452
523340 379249
528026 347502
565922 138262
548943 229670
561004 161005
544192 247834
572253 84579
558487 139676
534338 262446
528171 293354
551543 119978
547959 144021
561784 36607
550355 111045
558633 5237
549560 72795
541987 113228
522030 293866
528162 234682
547528 47308
542838 83850
549302 178
537953 84550
506778 417992
531475 59663
535521 1906
515409 276682
527407 103756
521493 180886
528106 21548
521485 40637
520606 14032
519726 232
517186 25046
517424 372
499864 493976
511390 106257
504860 79298
502361 177053
502505 28013
498948 285844
498817 419122
496439 222818
497691 411969
498123 432780
486710 44515
483005 8502
479494 31595
479212 33184
479405 74797
489196 324953
491075 359495
482711 272242
461899 11049
466989 79840
463816 42796
491822 408275
465763 96008
451185 41417
466180 184591
471203 247999
459084 159738
449293 90195
437190 35491
452528 152812
438889 70377
437838 65204
442505 101584
428198 20987
448561 172642
427974 40522
429398 64506
436920 122542
444088 166271
451989 216424
481660 396292
441307 173807
451562 239654
414132 35656
426936 132925
456479 304948
409208 94001
394690 31397
399675 55909
405283 88915
437705 240922
450152 296468
396130 106022
367848 2815
419359 202543
392546 116039
370057 38732
451012 331895
353281 2680
398902 160265
350038 220
352269 7820
428712 267090
407000 197170
425765 265591
344490 16291
429290 286487
355216 66578
366999 107454
462823 396754
408959 244420
416009 270651
319542 9558
339945 73703
340037 84230
396032 231700
378902 186990
333904 72004
337742 86624
318064 42565
335568 93677
342699 116051
323853 80650
425981 335241
424478 332328
391490 261018
384676 250829
419806 327814
363206 206478
427194 349605
438938 376670
274715 38271
327358 147342
376372 256598
338895 185706
438169 382178
354934 225227
465940 438318
247377 28400
336877 197186
257470 49877
285901 104917
278303 92872
398290 316470
397747 317507
258611 65499
402981 331352
251010 68439
420725 365222
382420 298762
244804 79154
312878 192805
329579 220575
359727 271763
446292 414508
362808 277466
313882 200872
457076 435470
199227 30052
326269 230393
383943 323779
222079 76266
362978 292773
282176 169356
213603 68017
441465 414524
287682 182508
311859 219382
192343 39244
231052 100745
404185 361072
406584 365183
338977 269949
199641 69726
212583 89882
194706 66897
283813 196889
314513 240575
217560 106010
160166 27864
248080 150853
351639 297423
411147 380468
207034 105698
385824 348734
224429 130893
174144 72543
179732 79927
367295 332898
373342 340869
125860 25614
186178 103023
464629 458392
146960 64430
350282 320536
270386 224150
215280 158191
244396 193465
277604 235515
258538 215467
162234 105719
154957 99559
218844 174660
85822 20210
319797 293961
218796 177822
438378 431745
180923 142162
245920 216120
179806 144151
70827 27476
92343 52980
349447 337311
143646 111202
192048 166447
44823 6113
195512 171598
109534 79283
141240 114064
110187 80892
75028 44072
215772 197096
229575 212216
400149 396151
174474 156158
126402 106257
139054 130884
31419 26589
86498 83485
33936 34065
43233 48212
146981 156136
297430 303982
79891 90790
110303 121029
184685 195001
6496 27319
279348 291309
232313 246779
155590 175899
57706 87138
125495 152701
217722 239003
94363 129421
11648 55387
149003 182217
169649 201674
228440 255635
44477 89938
15508 64556
15267 64878
205548 237953
174473 210445
336623 356147
17669 70823
228977 260115
99608 149671
86583 143147
135676 185937
164244 211182
311440 339035
96837 153979
97491 158525
46653 116106
70325 139244
261299 305038
38196 121486
55417 138518
276904 320499
450871 463500
24080 125019
7853 116670
370127 401803
22891 132825
176576 252135
110478 203089
200442 274444
240674 305111
178468 259316
121284 216758
344844 385683
261678 326829
292904 351822
99777 212347
21208 155916
75337 197503
94054 211276
192606 282496
30839 167799
200995 291631
158986 262342
198798 293887
227514 317754
112475 241868
247370 334402
32253 191518
301456 370823
405910 440748
8576 181338
12225 187139
284872 363906
168430 292223
288331 368800
151111 282278
59217 227091
106291 260395
19828 209203
90573 252844
206043 323396
52993 232037
193577 319442
154803 296744
170687 309422
283240 378332
74519 259978
92443 270709
389173 439539
95895 273840
58043 252656
7882 225274
255114 364827
217497 343693
4253 225959
25007 239577
71954 268777
58063 265274
95415 286654
29041 251612
408611 454203
102717 293484
248809 370814
250299 372713
268615 383288
161980 330229
133691 323738
243269 377254
67429 291932
140359 327520
466227 486499
199323 363002
24238 281863
1523 277281
43461 296387
48427 301558
255705 393967
142914 348526
216300 383068
196058 376360
163397 365632
10865 304061
135086 355046
156246 364914
15361 312252
62491 332784
90670 345508
10663 320258
374084 455775
77855 345990
239908 406332
165703 379187
247778 412117
208388 399501
17052 332024
243182 416483
424683 477279
52189 353001
130410 379693
34419 348419
252790 421866
281112 431422
198347 404764
40296 358920
143316 391734
100053 379662
184339 407802
224659 420313
154211 399597
37583 366605
331793 454240
75192 382682
288505 444897
138958 406719
312465 453147
44213 382795
136774 412789
200152 428767
60558 395163
178096 425743
41070 393355
292682 455758
7595 392307
213685 438568
163258 427565
25448 397834
345158 469033
147009 426947
244302 450150
26765 405770
50896 411180
123169 426876
187664 439872
105924 423757
80750 420958
216334 447911
108297 434160
112603 435980
75049 430174
236367 459233
110963 441474
154622 448730
115489 443134
115564 447328
203037 461957
252722 468729
296226 475347
311458 477378
32292 440590
71107 451404
234294 470930
70665 452598
444558 496702
1382 451432
174383 470338
20979 458201
188311 474320
3852 458934
93709 474522
240979 486330
224557 486542
97617 485869
92952 486392
359844 498790
104314 493909
300483 498854
331660 500033
277253 501308
164521 501832
76268 504096
151979 504538
388411 504483
240320 507555
112440 510243
276324 506980
276654 512354
67107 522264
64684 524061
35205 534232
420391 508512
75236 536412
142346 532461
44255 541700
44005 546220
136960 540506
18475 554308
104371 549826
353361 520192
96599 552669
85999 554296
258942 532725
196489 545310
140588 555829
279932 535122
149458 555030
347549 526624
8648 580903
280466 538403
160550 559986
122093 569878
212177 554323
29259 587965
320881 534934
76959 580476
405207 519892
220008 555791
4857 602415
231802 556816
21360 600688
40619 601330
331171 541534
113636 593907
54697 608884
231241 567136
63927 608309
80134 608400
281191 558249
28259 625058
410922 526507
420733 525216
245240 577829
833 654599
167258 603961
79171 632415
117527 620725
387591 537101
331720 555867
59642 645298
183080 605408
130570 624324
64837 651954
435881 524459
273953 582074
151570 628310
370597 549777
157585 632681
99692 656421
91681 662105
180157 630697
191648 627562
89286 671966
222289 617986
74565 679804
71872 684621
12238 712156
380150 554510
140150 659928
105216 676685
336480 574835
437319 530379
336279 576942
318758 585637
261402 614625
271472 611720
201905 645395
39755 723661
362958 568914
175128 661122
86806 704565
35454 732175
187806 656851
105139 705091
135775 690642
185302 666936
122920 702146
70886 731170
247544 637472
94763 721135
38794 754853
37123 759461
306384 612744
87306 740122
322876 604299
84527 744591
258645 643113
162163 700210
66027 759797
16219 793538
58646 768220
359867 587269
181297 701555
59576 779782
188005 700038
10061 815289
118987 746475
276812 646682
190038 703489
17051 820729
239404 676531
26849 819612
153707 734587
19327 826675
63609 797195
133613 752069
72524 794277
193707 714280
99307 780971
98545 782069
244700 680125
214946 701587
195156 717057
211205 706643
304563 640806
394281 577592
348137 611867
115591 787506
87007 810769
192494 733287
49162 843789
205849 725355
30691 859705
133501 784788
79078 826798
29921 866352
184356 748024
243674 702152
107774 808307
9119 886865
172019 759852
103569 815814
318664 646014
120839 804125
260837 693366
48435 868723
72924 853196
182903 763004
58873 865914
1521 915874
36111 887349
61465 870095
377614 606472
255805 710512
163474 791089
313738 662417
50945 890839
112876 837329
281242 691689
309817 666912
145400 811821
33916 916900
274013 703847
96718 862688
322242 661298
142611 824338
17669 938699
147251 824459
307463 678973
141817 831755
19710 957848
195112 791521
29609 948908
339227 655297
28354 953728
336816 658293
105541 880436
144218 843413
92517 894943
315412 680409
406382 592638
293133 702722
41390 948166
63884 927633
74724 918093
27207 965743
200150 802913
50648 953621
201758 805955
80464 931595
405380 599454
278387 730681
202055 809830
298998 709691
72498 943978
49665 972617
146608 871908
282805 730369
78730 945659
284141 729429
28686 999963
55744 973765
126746 900128
253161 765376
174017 851446
288451 731213
336098 679796
89814 949715
267424 756126
325772 693276
105431 936737
357531 659535
352758 665248
53848 999493
79681 973100
150969 893208
252487 780478
238601 796167
157306 888589
406372 607946
232726 805084
233376 804492
235323 807040
96632 968553
75636 995742
214148 836171
252019 793442
144006 921011
247728 804102
232071 824731
125311 954316
345581 689602
351969 681860
153161 927254
113076 976943
239074 826095
371966 662511
178661 905323
461658 550280
128878 973359
135579 966710
268030 798366
321104 732868
265739 805675
421258 604284
258593 820854
206456 895268
456565 560382
292792 781970
357080 695817
291886 786034
364642 688938
222941 885106
253943 843015
318916 754140
370164 683675
268401 826578
324254 750342
172347 967165
228562 888350
291868 800736
257865 860585
356624 714492
205644 943904
247528 883171
205092 955605
321016 781695
189472 989568
200054 981427
264535 882492
375178 704550
334311 772590
229957 946502
228875 950863
334211 776782
313959 810826
249241 920432
251715 920771
259458 908322
309137 835089
370943 729569
261435 924437
293889 868670
354510 762179
320134 824464
363563 748171
448093 595875
389352 706550
318017 845638
293537 893770
261851 955247
348756 790371
292594 899551
259860 966105
348754 799403
349946 798431
337106 824470
447160 606989
343142 817436
334289 841995
328087 858607
388065 735354
419553 676016
318423 898263
382793 765316
356142 830194
335782 888056
329417 911492
419512 700088
353375 871236
488601 530203
327253 941382
350853 882945
411916 729405
356612 873709
350839 893758
393046 787390
330709 964401
334849 965078
334449 970780
335382 970211
348800 935556
390168 818042
346369 948629
350434 943339
381343 852509
426653 721674
409641 777253
352453 958119
378845 885960
391923 850025
346149 999030
415969 775077
364242 947689
430160 731944
409593 800510
395160 849923
425381 756128
463829 629555
371825 957386
463225 632768
389471 901250
438190 731759
373846 980319
391675 927955
469296 622911
445476 726242
399187 921260
390683 963810
455733 688649
418683 850915
397684 950920
394348 982513
422914 866049
455550 723964
409095 965010
441962 805231
421655 915378
407930 999515
435569 855579
434011 867960
453769 764152
435684 891078
419036 994174
483353 602723
442014 868786
429752 964140
468838 714176
437132 956236
462790 777394
476267 681941
455383 850700
444072 985805
444300 986707
473628 729997
472534 750817
468282 796609
482877 666632
454238 970276
467978 829788
493036 572743
460587 983891
483352 702786
466104 970932
468223 958083
492163 612438
490773 642596
472665 932899
482247 856291
