509455 882004
500818 581628
545713 869331
513471 626727
506255 574296
560429 941393
569457 921223
564117 849584
568295 808697
550739 731118
630252 987214
636945 955076
637992 928453
637847 909332
534130 610064
696676 964762
700003 950100
608109 726165
707620 908114
510222 544409
710936 899394
756467 974531
737740 938374
618926 730846
713795 894032
709592 844675
795260 968686
784363 951710
673836 778573
681311 779833
671931 750670
856711 975254
848869 944292
730077 788950
697384 742554
720020 764706
866656 918647
864675 905335
936115 967449
834553 860599
655813 676866
732202 746898
952555 955888
861979 866513
869869 861751
897224 885268
948622 931220
709666 709075
698696 699080
684371 686157
926851 897110
707559 702715
974854 925229
852301 819955
697556 683528
881730 820000
931672 857014
652155 641117
919364 843315
999878 904304
625362 613804
687212 654961
906453 803173
755470 699229
736410 682332
670335 635796
997841 841462
788708 700056
908368 764107
962267 795582
751125 671174
972843 794155
818202 690554
839697 669925
542944 541789
937208 689152
978618 693781
689531 590311
870260 650933
956869 672690
742155 599713
856851 600836
992111 625482
941374 610562
979676 617683
798518 576134
953673 594377
976026 597802
745922 558024
560901 531583
792487 553143
997909 573192
979373 570719
977928 568417
810074 551486
816342 547625
940979 551124
936078 541371
964815 532492
728595 525380
925860 519625
795257 520837
998440 512294
900030 514645
928640 507466
719071 503066
762917 491000
672832 499394
716324 492739
963015 452609
864803 465957
699472 478023
798063 454808
988495 403677
864873 434068
943648 405000
952082 401960
987397 369617
652576 475033
923949 385052
925497 376012
804523 409494
866716 363308
976658 310558
682393 440469
785747 390360
935242 309801
988428 274025
787705 365433
996262 247490
825313 328695
926346 259933
977522 224573
611967 452083
901195 259913
949491 215405
992119 184121
708691 378053
920734 218756
985831 166169
968445 170261
622477 428556
897248 201210
991583 120900
906678 185602
577405 457758
668817 376460
959116 113499
835449 221398
982354 81797
857390 175338
984612 41592
745729 271101
848002 162992
743390 270839
947754 58694
972834 22030
915801 56564
800394 180279
899412 31840
557467 448270
574141 426112
858269 52865
749089 174449
544792 457916
781995 89781
700061 173942
706213 159618
547948 437489
736115 98154
576867 379785
661720 199158
704347 59406
625027 228306
565654 346939
668941 67159
665811 22878
635753 108064
650253 31197
548414 361162
608106 160314
582810 215569
505889 497645
565804 267683
537261 369842
516635 449288
599899 51327
542499 314848
551939 253838
530452 360128
550903 165806
510051 402333
506640 365895
512141 113292
508631 148313
503209 31972
494601 75990
491757 246631
487392 274104
469106 102032
481663 282345
451606 117790
463007 238767
452254 173792
428218 81885
479238 401352
424190 99728
405600 38737
411052 169124
349886 17047
377080 131027
370894 120770
379832 182952
327004 74299
293176 188
346025 143017
291074 37445
312270 127154
337300 202241
251544 57549
280006 135094
394940 339814
330614 226324
244946 85962
435129 418770
404298 368206
388296 352799
232365 132262
405632 389402
403499 388898
142279 25847
291339 238540
238549 175804
99985 1631
161892 92029
103410 22466
173817 114717
188207 164279
257844 247288
45399 9956
349398 354811
365479 373671
97961 72130
197470 189488
132145 128623
174946 183560
142797 151288
260658 275079
96528 147772
49090 122086
307709 355172
74536 152511
219489 296613
104547 215051
128422 234289
210963 299637
212371 304727
174060 276659
87639 212309
15473 170045
241749 347267
100292 255481
430259 479000
100371 266498
128061 288296
48272 242175
93897 271684
214111 349123
4039 229390
22980 252331
198355 355102
13518 253624
448921 498098
160458 348105
8259 273008
191415 383844
36864 316368
78828 340659
412878 487483
153145 384954
93975 372012
30528 354305
383437 483414
68049 372308
20897 364985
242987 440054
217903 437977
52473 388347
241055 458970
49407 427906
342730 490968
179917 458253
113670 487881
137620 497989
92919 499842
10723 533116
321657 527723
66113 557780
186033 551260
23486 568254
66455 567076
148628 579522
157043 592191
245497 577175
213733 584791
83332 618890
419578 544734
7664 660317
36766 673664
162588 638234
192879 635140
47839 688666
321549 590036
42711 706003
206992 643125
214521 643295
10018 736948
339099 594428
212196 657016
62942 736652
306874 627576
195855 692933
8528 797217
200597 698648
102363 768945
72813 788375
54690 802446
13564 844729
58327 837257
181261 751356
88964 817712
166675 776072
392822 604844
191715 764982
283670 702668
170456 800398
15294 931958
53303 900120
406567 603229
112368 858864
285765 720054
95009 901478
201869 806911
12769 997434
98179 917755
348734 673642
244801 780892
86224 944929
84681 954007
202023 836982
68561 980221
240741 799734
72551 982610
362153 671487
152946 922482
135117 945016
392741 650650
132133 976859
177783 927577
346125 721845
138032 995225
165888 962067
401726 654414
192400 943662
196419 962556
306466 803982
195955 981803
218092 950491
273488 868407
291680 843879
272848 891816
321819 880232
466492 591787
320174 908330
402956 732136
357540 833154
331673 948263
468223 602335
395660 790798
346854 919049
358708 896103
401808 785583
355835 935053
419171 761054
360979 959619
392305 890834
482532 582054
443580 721419
431364 780500
385480 957151
403377 908951
409750 885384
440223 867449
432215 957146
435676 962730
478909 703429
458390 925925
477289 955826
491926 897168
494182 807509
