486935 806653
488631 905759
488653 865354
489423 872019
488410 704704
488779 726713
492904 897681
494894 954410
491824 771223
490310 667344
496300 938558
497066 960427
493131 775697
497259 902876
501033 911946
500445 876876
497958 800471
504230 965329
500374 825292
499692 734094
513257 952531
515156 956923
515869 954083
513129 907653
505979 782187
518982 970190
493801 603841
503975 745506
511583 831686
510612 807655
506394 742406
500522 669741
509309 766565
517039 847629
523968 906469
532757 999755
527297 940043
511394 766792
496091 599435
502688 661848
516319 790649
501845 644625
528209 880623
537001 958149
532156 911544
542754 971441
540329 938759
547578 995743
531042 860306
540445 935468
510176 686509
547375 964861
535020 862080
542479 914136
548173 955661
534535 847452
539348 880399
510949 675177
556561 992881
536120 847723
550225 935089
506464 634957
528414 777901
544623 876740
546091 881965
528080 756161
555898 923605
568722 996734
556772 914258
545805 834764
521638 699423
525196 715280
552411 864417
562631 906239
557388 878113
580229 997686
556100 865239
535715 758543
575540 960313
548444 812961
548809 810661
519017 662617
574749 931367
559910 848019
532817 720056
588523 974439
565299 862805
596618 987251
576817 890135
571552 863911
553577 786292
578169 886389
498556 550922
548185 741705
603220 927220
611100 951550
595032 893547
582756 841453
581872 837787
609516 932066
580481 830421
610547 932351
531407 655777
612622 929393
584287 829372
633358 992339
519250 611862
587613 830865
520968 615270
608758 895801
626393 950239
597796 856914
601619 867015
506984 568378
634534 968051
584408 806688
609312 877603
624990 913922
576436 763846
543024 666385
622122 892735
637104 935121
585140 784581
589751 795876
558440 705952
647584 955466
610602 849994
640694 931782
630952 901126
627533 887087
634214 902940
599419 807470
584090 766177
637600 901707
593815 786386
627479 868832
676753 991188
659253 944346
668277 965717
661174 945167
618052 835764
615315 823361
563389 692033
635433 863390
649305 895763
669535 942992
593619 760728
612439 804433
676959 955037
581693 729110
614928 805506
637007 852061
669047 918988
678864 940426
613390 790566
654117 881351
590155 737314
639405 847284
690069 960684
684606 948310
631941 827513
674727 922571
528978 598300
700324 966727
677349 913637
695665 951183
699493 958870
650031 849280
647931 844710
621176 787626
526750 588366
720425 991746
588972 716176
613105 764397
592365 721633
711374 965573
640710 817078
547885 628670
722856 978392
728473 986268
611906 752999
714605 954760
574722 678398
642924 812788
656063 838286
615916 756617
685072 889556
721503 958324
599002 721049
528412 584298
572578 666242
661024 832578
728829 959403
695193 892370
658082 821198
754375 997255
657088 815431
678706 853064
602313 713869
717328 921617
740249 959106
663315 818255
706431 893922
594386 695225
687801 859800
632435 761521
748718 965471
756150 974879
755067 968030
764509 982484
562026 633968
743656 945224
609583 715042
769421 985893
684049 837542
754452 955225
662577 800584
750472 943650
494695 518062
642934 763372
683776 830636
630872 742681
724264 893857
763248 957699
634486 746577
742660 921129
692492 838422
678830 816045
511583 544852
728305 893392
794463 999150
527012 569461
634704 741731
760408 939357
701375 843382
642300 748665
692533 826966
745691 907918
655520 767476
684800 812093
791625 975200
790774 973109
685077 809077
607599 688565
736840 883977
779832 948822
615993 699181
794821 967506
720864 854236
744166 886325
758367 904187
717209 838699
776624 924376
827822 996726
751479 885240
662053 756751
814330 972582
620285 694143
694961 799213
720640 833778
564475 614068
790204 927117
826837 978050
775232 906062
712058 817237
799236 934096
716044 819392
684931 775505
737963 845088
658419 736973
771213 888408
589998 643898
732671 835836
849804 990635
687670 773522
681468 764837
843150 975110
803097 921515
798924 915278
634137 698194
852304 980419
654803 723338
649288 715974
653372 720332
846120 967736
621228 677653
863160 984205
833308 944456
531889 561365
882874 999391
795641 889949
772451 860610
867807 979053
826421 925571
528063 556034
794770 880109
677302 736652
851232 946915
856517 951819
892498 993457
646851 697639
818651 902679
754220 824373
775480 849235
649716 699177
877284 969001
825246 904591
679884 731287
867042 950091
833645 910979
905512 995086
791689 857680
629646 669704
781698 843636
585665 618440
686036 732812
621366 658571
741105 793443
850759 917137
597250 629716
879865 947943
758947 811368
908540 978170
866623 930523
666143 704743
878865 941158
801577 852148
707449 746040
790534 835402
914052 966755
828555 872710
880834 928071
541405 563420
706191 738580
641935 669826
687786 714737
679898 706110
897061 931823
962024 998267
715829 742178
700990 725451
558518 578686
971290 999339
955329 981324
898409 921237
886595 905166
755592 773643
870221 888093
898578 915934
662910 680557
903748 920123
815394 831320
917119 931563
957338 967135
688480 701349
660996 673369
925412 927408
768768 775355
663559 674468
814965 819537
742622 748051
832738 831970
779221 780349
914065 906449
896109 888885
791671 789852
604843 615237
870332 863130
890346 880620
960887 942852
861605 850552
790411 784097
703561 703693
978471 954649
763618 757485
827461 815370
787367 778353
840142 825964
833542 818895
766165 757737
720334 715645
872873 852783
776797 765911
577594 586507
965171 933802
932821 904070
802649 787302
702756 697985
795385 779343
927832 896442
869071 841704
577648 585009
879711 850966
825574 802537
979029 936832
820196 796840
841518 813855
935463 893537
773412 752304
948669 903477
592268 595877
559282 567319
971915 920374
548526 557851
795310 768321
727416 708133
806786 774759
628301 624234
890427 843529
887046 839562
625095 619892
812105 774385
945134 882400
552229 558647
738635 711265
885331 831236
872548 814146
813526 766278
739154 706799
814559 766870
630830 619979
990466 903800
662606 643051
805809 754712
670398 648263
780150 733757
900259 826023
768002 722301
958072 866457
677493 651127
613580 602096
973291 877125
724928 686768
990618 887308
981798 879872
635668 617684
940861 846261
912900 824827
919734 829378
898976 813333
660115 634552
798600 735731
854111 776512
994890 880451
880063 795393
905300 813588
915779 820635
761645 706497
971113 859130
979736 862160
613793 596822
740827 687369
902408 803310
687750 648466
913122 808808
995124 862477
927524 813995
702530 655114
927753 809708
920499 804422
720465 666045
983728 845287
971025 831886
915760 793764
956409 819207
838318 739334
508590 519541
930604 800177
944311 807677
843832 738253
745773 673973
899840 771709
930580 790283
704336 642945
830762 722231
996674 825312
510797 520056
912620 771313
823712 713382
867419 739682
793930 694351
769954 678652
944391 783998
728429 651801
912033 763157
994931 812892
940743 779730
674531 617294
539881 536399
886292 739272
786037 680291
838426 710745
904147 747603
725716 641809
664977 605853
994282 790037
661843 603234
873266 720534
751888 650801
910349 735588
850506 702548
939062 748091
758281 650817
905042 729071
729558 634787
938910 744524
789925 665396
630826 581210
916015 731968
820890 680910
517315 521090
975312 760479
886126 712984
633025 581192
891436 714581
825712 680246
633806 580968
835591 683267
897746 714034
754475 640482
900087 714144
879743 703800
876543 700276
757817 639777
842307 679273
765121 641358
942219 728066
826123 669036
867810 689073
761837 637543
826802 667745
655771 585743
836791 672069
715846 613057
753649 630879
581552 549103
964607 725491
705429 604803
942906 712774
926783 702815
709650 604147
901723 687137
827830 654512
776968 631115
890143 680264
926829 696030
617857 561697
675742 586627
972725 711242
985346 712786
957975 699722
586017 545708
942153 690238
843179 649935
964712 698053
691442 584818
964504 691220
913144 670430
636043 562578
536028 523882
796512 623130
650505 567399
963420 686278
816542 629214
848742 639889
957229 678805
791357 616717
751824 601889
688375 577334
845636 633334
897655 650585
895156 647774
916922 655115
921200 651989
535240 521194
583907 537173
647142 557624
978212 665265
600421 541899
867949 626672
982413 662648
704602 573906
720794 578200
817670 606632
967139 652197
829849 609995
958633 647005
915152 631703
764706 586772
769220 586940
509366 511603
848691 609540
763229 584286
820909 599481
798167 591973
517119 513341
856958 604256
555391 523325
858608 603388
997372 637506
787283 582441
954992 624257
755325 573128
649686 545056
896956 603910
547647 519393
585722 528258
678854 548510
916063 601272
983151 615820
913608 599736
704642 552694
593504 527793
951225 603476
902741 593121
952689 602172
805873 570720
908151 591407
922931 593989
839703 576894
921830 593600
813353 569400
801835 565104
638359 533297
985481 597294
937426 586594
977265 593745
654999 534946
942970 585776
954581 587730
986915 593130
862257 570882
910427 578548
750645 550738
775967 555086
783653 554250
585447 521323
695309 539324
923488 576445
976426 583842
996132 586025
826981 558001
804973 553481
543579 513614
807521 553152
987454 579368
876588 562380
952131 573084
917413 567456
954710 572855
845789 556782
665875 530401
829639 553321
853803 553729
722787 533872
996399 561256
764979 535439
957674 554830
856094 543894
788898 536624
779859 535465
909400 548357
903252 546333
719672 526337
945556 546900
980429 549663
818707 534098
832675 531720
656975 518148
993427 543485
784682 527608
841654 530741
905235 534618
990486 540619
856020 530183
826660 527706
938192 534008
816990 525843
952414 531900
863231 526283
835111 523706
684807 515400
697088 514767
998782 527234
672517 512658
847042 517278
939523 519747
851966 516676
851704 515941
859810 514848
807659 513081
910892 515309
748458 511179
929615 514395
966748 512774
787288 509665
655520 506871
729687 506243
593033 505571
993496 507063
767108 502425
805879 501260
855980 500298
760015 501266
619361 502991
775982 498673
901872 495177
981324 490919
685507 499348
765255 496832
662914 499776
895121 491975
889787 491433
718114 496781
985835 486933
973252 485738
731790 495106
804436 490973
991794 481214
954881 480052
964515 478064
544322 501588
742247 489391
929088 475367
827676 479983
733218 486896
985450 467870
940627 469547
950496 467915
928902 468757
881225 471899
786950 478320
691735 486766
732943 482667
850754 470057
874267 466300
885810 461681
689172 482190
895123 458805
899071 456525
974620 445847
711674 477554
840946 461309
869599 457155
566383 494677
961853 442586
874889 453864
724474 473620
620052 487101
817943 458339
968396 436443
597637 488565
961993 432890
919453 437055
891364 439760
573839 490873
824751 449016
942726 429409
667804 475025
523339 498726
956439 422894
959176 420294
767641 454269
833364 441822
835207 441421
780475 450375
871622 432612
977032 408666
655978 471543
754506 451810
912177 420196
675670 466624
912647 417612
705513 460112
670672 467192
676850 465861
667201 467507
807376 436143
700301 458962
727618 451969
869860 420097
784554 437735
932749 402611
701259 455710
946935 396553
720126 449410
910355 402542
660726 461864
819286 421164
933028 389995
782258 428789
927527 389126
901929 394981
914575 391439
989418 371410
991965 366807
999039 363465
914042 386438
904646 388499
998658 361912
815821 412407
820586 410498
957197 370658
584034 477233
956364 369745
930799 375819
884519 387624
832061 402631
892487 384055
906996 379307
929853 371930
860060 391559
902690 378416
861491 390478
940285 365458
785157 412589
844778 393438
773726 413553
787385 408197
577343 475532
838081 386443
636595 454465
973210 338349
686794 435863
904897 357872
867491 370083
905891 355861
994038 321882
679190 435220
742686 411981
573810 473264
931707 341647
801092 389193
727488 415261
867505 361601
761076 401661
691384 427769
551246 480695
814799 380585
793116 387968
950374 326936
829607 372013
860756 359641
953930 323265
825469 372830
661683 436423
890091 346262
699274 420371
932911 327127
773706 390239
965773 309617
740703 401080
882547 342204
822024 367114
782089 382310
874265 343820
853329 350684
702120 413163
736509 397392
821504 360469
735695 396785
860406 342477
979793 285554
788369 370266
888390 325356
962357 292027
798173 364344
825714 351714
761771 380510
633408 438452
869758 326278
841903 336930
778490 366298
967139 274619
695572 404912
935633 287299
894369 306532
633437 433401
973106 266496
759852 371147
807791 346583
720055 388457
929781 283398
878856 308008
695574 399931
965319 261600
997070 241131
991186 243579
806115 339490
763897 360873
924677 275081
958018 256786
848522 314130
672666 406578
918664 274978
812282 330963
804239 332785
894467 283018
569467 459989
927314 264003
985492 231172
780887 343452
925812 263195
770792 347667
836844 307621
999947 215157
977453 225567
927754 253506
723013 369917
866221 286847
925535 251012
982263 216809
917388 254370
883783 270351
764784 340557
916317 249442
732804 358418
931639 239482
892038 262872
964007 219692
807297 313026
996343 199124
735995 355360
647039 408655
890405 261893
938451 232908
717824 365453
907387 250690
934689 231721
916873 241375
992920 192900
711058 364136
798912 308322
617313 422662
767182 326938
641307 406715
762499 328838
933950 218566
929901 221052
959040 201973
895142 242594
916354 228340
987697 181749
594479 435250
924109 218527
776520 315154
856800 261533
718107 352586
734719 340472
870217 250250
993632 167824
899353 230105
818540 282250
973920 177580
676949 376751
769068 313085
932414 200976
909507 214721
818606 276736
786041 297587
618784 412573
550670 460233
831868 262336
905456 210096
778586 298839
788719 290534
857077 241795
723091 336246
915039 196811
661165 378782
979829 147285
816739 265502
765672 300550
704056 345665
722309 328805
766588 295459
945114 161103
776781 285878
793631 272728
914852 180039
590518 426112
864743 214616
960760 136656
881471 195562
814160 247681
811651 249490
883588 192587
870922 201407
592823 421317
703272 333780
827975 234772
527315 473029
780518 271706
815467 242614
805391 248384
980550 104561
976890 107121
915896 153720
861953 197763
982030 97954
889641 173829
909237 156021
847472 206597
803760 238761
966028 101687
901732 155806
676791 345195
741396 290462
801207 239409
937452 124108
741631 288707
927640 130228
862043 185298
990554 73792
671539 346589
991762 71351
905813 143890
999569 62343
754403 273542
995297 64424
825353 210814
692587 325576
890476 150695
723963 294498
943516 98673
981447 60501
835546 191404
929962 104891
987992 52369
970221 68229
871459 157480
853374 173619
545469 451798
902653 126505
817283 203847
679975 328951
795355 223152
661307 345548
636328 368261
948382 82143
683953 324396
786003 230672
967545 62830
941166 80591
890280 128032
942937 77462
910920 107279
943999 74547
985932 34467
892974 118206
575332 420703
782045 223392
817329 189151
890315 119343
982230 30974
960715 50696
613532 383181
838602 166441
630540 366645
930077 77243
698025 301044
946935 58953
925882 78420
783873 216405
745107 253990
792022 207865
609915 384549
921558 77839
913307 83625
867851 127699
885760 109854
769972 223402
818616 173874
775038 216699
683404 308194
949828 40741
746823 244131
795937 194343
721720 268933
846005 143701
979217 6271
863035 120919
775763 209178
867783 113537
797116 186102
777014 206612
719933 264821
881141 97830
807921 173334
962033 11222
690036 293572
901766 72291
597582 389322
845365 129714
657828 325358
697687 281981
806979 165924
774918 197000
922449 38755
873202 90722
809909 157746
560951 424943
512236 477586
760938 207095
929888 23315
879993 76390
883843 68701
836426 116820
899841 44410
849596 97383
703076 262002
756807 201525
908035 31088
850907 94006
666670 301731
791030 159221
882736 50584
789411 157439
916484 6308
844776 78831
904046 5904
712479 234826
714300 231972
783838 148167
759631 176481
901520 4314
711010 233952
590773 379353
518985 466238
606967 359502
705094 240126
894190 10341
859630 52168
876583 30941
881815 22760
867562 33626
820874 91214
713509 223071
505741 481654
726285 206519
811663 98216
761908 158782
728321 199763
810407 95205
754689 165344
720180 208254
841501 53725
880182 3838
642739 306021
748923 169162
570934 396827
786230 118053
566972 401318
796454 103108
860189 19923
650829 291086
734200 181326
560745 408404
824947 60713
715122 201792
747129 154337
568374 394871
694453 223064
755141 138737
745905 150791
730354 170396
803506 68292
815447 51454
744773 148923
747477 143512
816753 40051
624762 309800
766633 107875
656933 263103
780115 87782
701357 199334
772483 94458
823494 17757
814042 26985
794168 53853
723667 155521
657527 251147
710434 171382
582148 360752
586243 351581
653455 246943
796270 24318
685389 196324
689097 190309
567095 380180
785602 37583
577649 361232
772333 44260
791733 10352
699259 157303
696895 159689
619720 285724
494905 491873
729790 101878
757835 54113
748832 66475
661753 212174
600165 314875
782536 5965
741433 73035
580680 345756
547369 402278
695124 149609
699332 139046
589842 326856
691404 148559
751141 41561
727768 81891
693385 141845
701343 127539
771907 549
710775 107651
721182 81670
610702 279272
597551 302967
715925 86161
666175 176550
690438 129581
675409 155075
716979 76204
646198 207262
736209 38452
724480 55620
654001 188566
720510 52274
629092 228974
715409 47506
726888 23650
736325 761
662881 149230
640131 189357
620685 226965
726489 3590
712737 29368
706918 24905
689651 62418
696831 37894
665570 102690
651631 133397
626126 190529
698922 25959
502637 469405
632752 171606
590441 264518
670956 74951
592796 257604
641610 142088
640058 139315
647444 120868
618183 188963
660287 77461
609147 203119
583915 263126
635151 127440
522232 414440
635825 122308
630238 136469
655425 70875
644479 99007
649924 77481
569530 287621
676695 3606
583095 249041
560008 307522
518243 420397
647883 65586
560299 301557
666409 1500
603074 173529
627073 104408
593762 197245
627355 99562
587273 214743
567496 271328
586709 213210
617153 117507
613484 123877
648378 18318
551260 307975
607736 131830
598877 157748
578447 219546
642982 14260
550199 305797
599586 146832
603542 134134
633160 39559
598492 144296
533868 351166
548142 303971
556653 273419
610933 92550
589995 150483
530445 354770
603596 98209
603204 94958
626953 11147
571319 205749
559690 246218
607130 76693
563892 227162
624333 8664
612699 50053
625195 2541
594423 110896
553752 259495
611774 44819
558636 237710
571116 188302
608229 43976
557587 234359
545692 275286
615398 1714
548758 258563
568451 179438
540118 290944
555709 225978
565450 185228
549193 248161
512021 400931
606499 8475
592987 51371
554446 213046
547188 239000
591506 38977
597167 4494
575778 86463
560676 147503
566950 114673
541825 236364
574538 68023
553525 169442
560584 126920
581712 9311
560888 115188
555264 138891
523854 303203
558775 105966
560845 92792
575934 3371
555548 114412
555576 107817
552233 116495
556381 83340
552309 92946
561351 32535
502591 399887
552814 51806
527073 224113
545310 91671
525796 201290
548188 13288
533136 131782
541294 56024
509855 314431
518336 237816
543563 6637
523820 178250
524346 173165
537632 44712
521169 189868
532361 79649
534283 61072
512836 250860
501073 360172
506352 300880
531797 10738
511003 227567
509828 232938
505081 285766
498775 358832
522313 57418
513115 160699
492559 428991
513849 133694
510908 169981
516972 84995
499012 324496
516195 45925
511451 109478
510515 121101
510255 117202
511698 64271
498259 243587
501758 139321
503551 53954
502101 89447
497480 212966
499678 89137
499729 73175
498874 61711
490255 380108
497791 93139
496212 119134
493434 149955
493030 95557
490902 230785
490734 179506
489246 187681
490259 14656
485633 84019
485302 348240
483378 160265
482318 140837
481048 111241
477264 533
480705 188918
477383 52224
476597 89421
476046 67238
482226 347488
473106 65901
477749 218547
470321 42656
468748 28378
474231 173771
476929 268554
469075 82373
476980 273647
466327 31605
476086 271799
466298 68608
467875 110368
476977 302499
466582 100222
473076 232377
467373 134248
475770 308917
480690 405121
463714 135199
450661 470
456220 105346
469312 285813
461739 214489
475914 379104
458744 208974
481256 447445
440552 41406
444279 100744
445090 110959
435487 24298
459639 251317
437700 58844
432368 29039
428448 4115
470669 370301
441927 134365
466292 337391
429894 55956
444553 177300
483724 480754
432814 100592
417995 2786
422282 39338
436759 147443
435642 142966
476424 432587
417698 30013
430121 119738
423337 76679
444802 228807
423534 101285
410465 21751
457384 326813
448260 273468
455101 315784
440249 228136
405928 46460
413558 92236
439970 244218
406341 64055
417236 141936
389839 18814
404259 95154
438799 268160
413684 145948
451137 333346
387113 36480
414246 167231
388957 49776
387407 46138
428426 235681
424894 237641
380977 48793
421574 224365
409385 173255
382112 69590
409113 183302
419737 233990
398722 153178
403264 175789
357037 5032
420390 263777
429786 298607
449574 370290
411270 232748
394734 177687
349207 17646
359760 57960
367437 89066
344196 12812
365517 94036
468126 444553
427354 314840
341456 41440
400650 231116
330058 11740
347424 67312
457789 413974
339051 48468
327239 21602
354498 107364
421162 312293
398714 247161
429970 340642
325646 51537
312140 14034
372033 183137
339758 98436
320376 45242
374594 195446
376514 201408
340727 103845
348621 128639
364852 173364
337745 110451
309413 36871
364271 183855
406625 296000
329853 96921
328674 93929
307507 41474
333010 111737
389629 258613
382243 241712
380616 239288
447768 407808
286786 9696
343239 153467
441677 394692
284581 13635
355576 188960
308803 77808
282615 20489
334485 148670
316947 114631
303648 87053
406652 322989
400290 310826
277367 35121
354262 207945
263277 13345
402966 321480
297428 91877
284904 67310
271760 50482
280410 72448
366341 254556
281967 80386
348090 217978
353846 232076
302198 126904
275310 74416
291913 108909
242328 10336
322470 177275
303044 139563
307949 149656
423421 380795
408423 351883
302436 151957
287859 130674
241038 45637
270849 102076
242117 49013
262665 87815
243460 52198
308431 176305
424348 389867
295717 154350
297422 159214
351495 260791
330727 225245
247260 76581
233532 54567
362347 284320
407844 365878
201113 5591
326442 225052
288112 159082
346196 260444
207623 19509
371325 304267
298279 177980
261048 115324
298546 181079
299512 183132
234255 71065
337756 249382
195883 11541
214435 45212
319472 229012
295125 189046
287436 176599
234914 90225
370454 315144
201996 40511
206561 60091
292180 196737
296993 206861
197227 52598
236992 115426
208309 72687
392229 359688
246169 135802
185023 47365
159911 10360
322410 260339
169848 38789
179854 57932
380461 350126
286847 214049
322245 266901
276671 201322
149095 19252
333204 284565
279523 207932
146367 22771
209865 113255
287504 223737
430742 425885
242752 160958
131795 4566
233209 148354
325192 277823
153441 39231
288159 228857
163574 58500
248819 177957
236959 161725
428372 424814
206031 121715
162976 66661
296815 247917
207752 130261
113341 3659
348164 319479
223644 153488
304111 261976
166404 79050
213511 146807
265167 215611
330777 301776
190315 118901
239207 183176
173056 99860
340310 315961
357262 338555
204506 142346
195845 131643
101902 12705
345523 324324
113838 30842
105095 19926
172926 107091
96265 15861
220320 172389
209247 158589
313231 289978
105510 33662
127267 64422
298273 275366
95118 35621
116673 63234
139658 93257
82908 26431
149898 108254
373040 371261
259176 238200
110757 65515
417599 424646
160556 127889
362016 361245
225671 204257
181061 153333
149295 118569
137617 107191
349874 349472
229803 213172
101728 67767
116997 85875
138095 109979
249064 235807
136493 109595
371021 374631
70803 36923
58905 24674
211270 195860
49294 20124
368641 374892
54416 32691
252660 250373
325266 329460
257369 256057
165795 157520
55273 38365
93338 81204
201600 198097
116734 107770
50549 36900
25684 11447
219347 218850
100290 91752
387336 399488
94964 90706
153603 152880
378158 390241
186370 188410
139254 138817
65608 61383
305844 314462
20771 15002
42554 40032
33658 31828
30107 29548
23039 22766
199141 206446
146604 151921
151725 157665
240034 250096
120884 128392
30852 37618
136403 147505
55950 65496
139065 150466
423861 440889
78460 89672
15521 29658
25882 40385
254829 271354
272374 289050
65212 80601
249026 266832
140501 159726
14051 33831
77505 101775
323485 344146
325120 345940
272379 295882
262667 286994
426219 446107
269484 293795
33355 65891
149038 179454
85577 122023
150182 184852
32413 74438
135664 172661
288396 317247
88197 128529
220258 253767
274703 305163
132587 171413
93359 134699
5356 52264
12454 63055
427030 449561
15994 69470
49701 106798
238023 278450
238321 280800
163344 213450
10734 75993
78206 136933
64341 124862
11539 77459
113182 169485
128508 183507
358530 390139
35267 100777
42671 109988
152449 207962
141401 199765
124775 185073
84075 150001
31695 104285
311562 351606
160252 219194
167472 225959
177084 235258
33996 111771
381689 413823
309855 351684
75147 148768
300265 344745
185490 246149
384245 417592
127361 198694
22482 110027
104174 179626
218009 277305
275472 326348
107512 184594
108336 188084
145324 220365
11599 109136
46967 143410
187444 259545
211289 279327
164630 241171
90556 184427
115701 206710
41598 147732
12007 124726
80805 182339
150529 239102
181277 265401
447480 474451
332268 385220
106914 211334
20800 146536
259408 330210
47756 167588
109737 215242
327745 384150
101969 213437
56490 179049
14800 150760
108228 221112
72844 194926
218185 304150
45181 177592
32014 169553
73757 200353
264464 341997
259980 339223
232130 319244
24472 169483
166442 272758
151068 263325
328747 391594
29726 179123
396360 440647
33236 183096
56697 199986
45930 194326
115196 245378
123353 251620
91915 230713
51644 203595
333946 399761
15568 181460
49417 204950
18516 184161
347932 410351
87635 233729
41026 204100
321339 393747
31919 200614
110948 253677
115909 258911
215750 325300
17460 198958
34362 211298
227677 336926
105866 257967
237462 343548
252086 353847
158270 294007
77815 245816
223406 338643
32162 218110
335465 409594
331925 407848
286653 380153
69749 245061
195434 323510
232621 346996
146163 294559
60596 241849
13996 214992
164292 307239
177167 315506
226087 345643
116441 279755
84947 261476
346030 420404
26075 231840
242960 360503
66796 259017
235274 358529
72285 264703
65677 261571
152539 313689
76241 270122
41588 250297
17702 236825
345090 424043
428400 472147
26502 245901
231113 361305
207223 348173
60023 265833
50754 260677
28589 248291
58734 265388
16742 242266
80088 281136
138615 314950
38308 260580
334695 422170
21302 252388
110937 302677
86825 290458
121104 312924
137886 321756
39042 272227
8770 259351
160999 338079
140763 329065
76744 297296
222557 371347
396913 459574
179950 352032
319626 423047
86387 309395
142553 338493
175835 359150
85719 317703
78447 315385
209859 376754
99274 325566
208154 378597
184641 369163
96895 330367
140834 351045
351529 444910
346593 444517
41996 312996
360605 452097
323063 437088
68538 331771
76480 335729
155752 370441
70713 336253
89906 345334
362435 455351
110769 359239
194393 393455
235861 409305
41918 339619
124044 371290
18459 335115
164519 388155
88700 360910
70657 355431
85256 361189
94120 366959
13204 338838
9692 338335
198489 405698
335220 453530
110075 381539
92264 375900
260317 430957
180461 405574
90855 377740
75077 373739
308716 449860
421907 484986
205298 418552
38782 372322
108617 394473
58858 380504
239739 434446
215387 428967
92367 394688
193635 423907
235141 438154
204673 430303
291262 454369
12656 385337
226404 439554
34716 391936
89280 409011
304768 461673
375024 478449
366360 477053
105947 417003
158544 429174
23264 398166
68600 409694
68946 410523
137830 427998
162577 435139
316284 468784
27331 407381
2154 402133
28964 410335
68381 419778
351371 477513
28589 415019
17435 415554
178175 446979
3832 415009
93094 432089
10640 418908
12711 420095
351837 481019
112667 439643
302964 473023
29131 426490
14152 424163
327995 478042
44811 430304
48080 431683
94722 440138
163059 451686
193997 457634
342476 482079
130723 448801
88376 443508
89222 443915
395143 491038
45029 437685
302 435778
103250 451212
45950 444969
45468 445358
322269 483380
72692 451444
217040 470282
205500 470010
247380 476534
31872 451656
60456 455615
167190 468774
85820 460357
292336 484031
59664 459648
9402 454790
2099 454462
23485 457077
212764 476983
144786 470231
430120 499518
97546 470198
50429 466437
207181 480803
111221 472523
322749 491160
351506 493755
145871 476896
59056 472383
98521 477568
33278 475033
100387 480721
169864 485416
828 475125
247136 490508
58617 479104
42640 479521
281268 494481
195345 490266
161546 490327
224460 494154
332086 499521
19670 488988
36944 490849
237659 497671
32731 493792
51990 494980
205942 498946
126193 498579
291749 502300
245757 501907
187130 504427
344197 505030
324154 505189
38734 505913
169302 508658
127026 510703
83300 512898
192811 512791
146518 514207
260302 512770
228400 514635
296902 513451
31587 525551
88795 523882
18196 529292
116271 524401
269159 516448
98414 526757
137641 525337
226839 520400
203904 522073
388837 511090
409889 509827
384154 511634
209941 523757
57098 535949
101046 534381
152624 534745
82872 541366
41374 547714
225491 530435
182087 536253
142845 540464
80533 548014
62768 550704
208120 535228
175493 540192
119552 547462
432277 511526
14012 567794
137577 552303
223162 541158
125113 555534
48612 566452
105099 558594
148924 552827
146051 553523
181755 548647
191594 548293
152363 554777
395543 519209
320827 531104
295060 535745
305584 534743
23031 581539
196869 553001
187740 557392
353894 528664
365511 526658
164561 562613
36742 589752
247542 550164
274963 545246
49358 588330
349013 531596
273437 546280
270892 546863
65574 586558
118397 576400
95747 583808
45063 594606
123286 581242
37587 599230
90982 590613
185785 570477
189504 572103
357423 534504
227776 564200
270830 555785
118587 591902
78492 601937
260692 558904
16649 618009
423377 520405
144692 588078
327746 544686
130148 595046
163987 586969
186237 582078
173765 585467
76538 611130
6796 629800
308074 551571
212016 576631
82181 610903
10955 629939
234987 571221
272218 561958
164939 591169
218310 577305
85748 613329
205896 582193
78609 617966
95124 614729
194470 587229
134804 604966
148875 605111
273261 569201
121584 616302
148362 608231
434918 520998
217880 587467
192148 597288
363612 543775
153143 611004
92250 630346
163752 608565
195099 598854
14092 657048
315998 560309
48833 646796
4272 661397
91920 634445
315047 561445
189556 604672
202102 601218
1498 669545
351497 551395
179680 612060
7949 673629
61613 654857
327976 561421
316155 566013
74929 652757
96212 646772
234812 596715
46369 665575
338608 559178
276973 581699
16928 677972
5560 682755
306260 571955
47898 667669
189843 616737
87623 655246
225181 603731
5077 687978
350555 556882
144605 635136
274113 586177
517 691812
119320 647610
467659 512628
139067 641606
342344 563572
263963 595801
320996 573121
53005 683451
49772 685593
286220 588180
377066 551560
254625 603943
174190 638650
64392 686751
77659 682514
364138 559390
168362 648796
14587 718617
10272 721075
37198 709907
27345 716330
155172 657870
52308 706500
98430 685233
373731 557634
148181 662367
57774 704495
97656 686196
10598 727856
84673 694339
197391 641404
8743 732571
252020 619536
59092 713891
397530 548927
61834 713578
49456 720388
196275 648412
191704 651023
1457 745837
88125 704083
153433 671760
117488 691672
5822 748938
83080 713732
439838 529867
359682 572142
9404 757035
170444 672526
41952 741287
191684 662751
49573 738809
260071 626819
49632 742913
16296 764416
164726 683808
78822 731695
320736 597678
235120 646680
62546 743857
348675 583092
140577 700670
5263 777731
134528 705198
19696 770633
156472 695925
383293 564970
156614 695954
185423 679825
174771 687110
288024 621568
36283 771870
353558 584515
178394 689087
122322 725514
10980 794398
141801 715051
9488 796926
175325 695702
77493 756397
145273 715595
355254 586269
104112 741332
83726 757022
98718 747866
316337 613254
377012 574800
382103 572013
70917 771255
153749 719712
86471 763376
86224 764104
271518 645609
124249 742700
321515 613491
168033 714355
30125 804983
29874 806534
76023 776528
411315 555121
20457 817570
3487 829097
92540 770369
16330 822393
9307 827488
140456 741270
58815 796953
287926 641877
374690 582686
213758 694833
74007 791978
159369 733343
326233 617396
319980 622157
7087 842819
298154 638099
157279 738346
58280 808949
196375 712593
304010 636696
36804 829115
130008 762067
76300 800799
10281 849600
76857 805258
108649 782133
150842 752149
148563 755377
31355 843112
310438 637423
197995 723860
322145 630420
137047 772004
165838 750299
26244 857572
104716 798290
23286 860978
407611 566115
135910 776352
335337 622604
293388 655298
143046 773235
17442 875936
174438 752351
35356 865104
27669 872117
22633 878374
378807 592128
73982 837964
257071 691356
13920 889225
37018 870694
43767 865621
164306 767699
96949 824985
203810 737363
156592 776481
3657 902253
140433 791283
80255 842205
257635 695234
197663 745248
345113 622834
158160 778727
377061 596811
83329 844060
227780 724368
39887 883918
43309 881984
27277 895808
168592 776522
51216 877059
205233 746253
97720 838472
209806 744503
297870 668704
3665 925372
42432 893311
3625 927700
31414 903956
221432 738004
290182 677695
13062 921636
14748 920299
56564 885402
206278 753885
284311 684844
116711 834025
167566 788840
20671 919571
156857 799769
110148 843825
171884 788552
278397 692863
314341 661152
143029 816399
281363 691444
14174 934796
56328 896799
312328 664186
102509 856729
34973 919265
6942 944989
33922 921177
257915 715627
67162 891916
132552 833126
13118 944300
215611 757291
269688 708009
22752 940047
35464 929013
79160 891070
18635 949658
18868 950308
84977 887766
327010 657491
106620 867649
57867 918488
369114 619607
208189 776772
86351 896440
33456 949282
127909 859013
96699 892751
53028 938858
282505 709815
192159 801265
78016 916141
385549 607068
64301 933159
223974 772110
448873 543826
160758 837519
74883 925607
31697 969888
255095 743608
9842 999930
221118 780878
276290 723636
160824 843887
251753 749774
284262 717146
86719 924000
192849 813024
154855 852896
82031 932086
37566 983330
343189 658730
95010 924844
406029 592066
243911 766496
62991 963359
57742 970626
309987 697459
42074 989137
216545 799744
481413 511096
206902 811447
39964 997068
403515 597934
161336 870335
250115 771532
291275 726897
143794 895088
145815 893201
57111 994424
186867 848121
215375 815688
360649 649815
326726 689108
271329 752859
347474 665581
111804 937079
89961 963711
71259 988999
142992 905872
397597 609586
354460 660351
324841 696059
97799 963594
128071 928770
263414 769311
255980 778418
85100 988387
152681 907998
275286 761481
394911 617358
171523 890348
178764 886830
118138 962010
136883 939413
420776 587416
110728 976984
162540 912538
239751 816186
234592 822761
330813 701626
191081 877886
134787 948934
109712 981735
426292 582080
119261 972356
139615 947004
117208 980280
124755 971881
136208 961355
134380 965874
142958 957879
165822 929391
121209 988622
183540 908652
202929 883481
192046 899413
125839 988103
302158 753195
119878 998210
154387 952453
195456 899390
145388 967417
233270 849620
198615 897641
209154 886484
211454 885872
409009 613105
152060 969424
274100 801800
355777 688077
373802 662990
257331 825676
175285 941516
261723 822050
139006 997255
198084 916175
153207 984847
219481 890286
263564 828221
163155 979760
291368 795443
323548 749514
281035 814687
190201 951294
213653 917882
281290 815828
232037 891419
214976 920225
276599 826609
246226 873124
336660 739277
361181 701397
451143 561076
227669 910995
254128 873250
300294 801226
188607 980983
254029 877123
210690 946996
201129 962500
179002 998533
257068 873584
197126 970920
212781 947663
201434 972347
309738 797130
215607 954979
195468 988388
302385 811272
265875 873129
253308 895741
376124 691913
249507 905678
262924 883912
205408 983756
301351 821009
339283 758196
210451 980920
330073 775877
214124 977568
312858 811218
210653 992164
210389 994098
229860 961432
401410 657262
299326 839182
218571 999198
222911 991724
315090 827557
432846 606816
317136 824713
319215 822946
385160 699222
328593 809926
345645 777904
314944 837606
334658 800366
283638 901391
292730 887612
289367 898886
398971 680562
389255 700360
263725 962704
337981 810898
250903 992506
347109 796267
328469 838495
295516 908772
266146 971589
257927 989441
262474 980410
414403 658854
314725 874224
356905 784110
356040 786224
373112 752463
326271 855074
347261 814231
475568 530352
345908 820792
307589 907594
309713 909674
292611 953964
447058 597201
373374 772006
284366 986443
337835 860482
407124 695920
347505 840195
362429 807742
372052 789656
363673 810983
353170 844904
418873 678671
374032 793324
387444 765050
304689 983606
312783 968097
343155 887605
330104 924410
403611 731136
396296 752267
318686 965537
432521 654115
343314 901540
450351 606101
316267 978096
380669 799664
415318 705289
377112 812483
367110 842526
349039 896946
321178 978351
422107 690171
350331 897296
324416 972617
373815 830823
357730 877301
399675 758644
330073 963684
354233 893603
323875 983918
345108 922960
378210 827225
345599 924045
356792 893511
347823 922184
379730 827298
367821 863514
356518 901266
410276 739897
337955 969110
391984 802192
442177 646211
344872 967581
354090 938172
412461 752898
352765 952518
419148 732011
353450 952281
403110 790003
468150 569805
346315 994220
403810 795132
391244 840935
476348 542287
443702 659189
364593 941704
369551 929568
370732 931155
362808 966095
363372 968931
391300 871314
420296 761689
425061 744765
379238 923318
368562 970846
439724 692318
390511 892012
384688 917213
400020 857796
385858 915985
418378 789116
427748 757638
390041 921760
391542 916309
405871 854799
375241 992013
427855 766452
380998 983817
409722 858735
434258 749258
451609 668916
436638 739159
415984 837770
401894 905603
385072 997005
441162 736631
392867 987875
399952 954366
454626 679039
416170 901340
451742 709665
441040 774517
409908 975691
453486 709599
423463 897277
421696 915895
434564 844651
423267 934682
437988 835631
455024 724320
419711 988704
444530 811090
444769 813465
443710 823023
432396 918894
460746 718621
433626 949715
437294 924951
453159 815411
454588 808293
440275 968075
455627 821297
442330 963348
454335 870507
446744 964605
459845 827389
463431 799188
476609 641798
469524 748391
461480 906429
472190 775408
474498 748013
466274 919393
466001 964869
464774 998182
475371 766582
474136 833160
472593 916689
472379 924421
470767 993564
475855 856055
476297 850972
475087 953170
481761 917437
484738 716323
483945 939327
486625 631147
486373 797334
486888 846272
