489578 976199
489806 793134
491480 895679
491734 923905
491877 755674
494791 840902
497997 921324
500491 948233
498891 837553
504166 972469
498718 781457
504659 946497
505634 964885
503318 867705
507697 975750
499098 745737
499099 724216
502472 802623
506451 879000
509710 932040
505723 821717
513104 969728
508509 871692
500660 709013
515097 977600
500573 695373
518059 989012
517888 970297
505812 765245
517676 903610
514939 856201
523170 969608
516796 870910
509153 762841
520523 914994
511944 769782
523087 887014
524660 899521
492613 529335
527883 907915
514362 758840
535110 975627
528313 901878
526173 877594
511177 712909
498784 585959
538592 975786
520297 794358
517560 765486
539639 977940
540742 984967
510054 690279
503300 623840
505777 645716
522859 790776
536908 905594
531722 854344
523547 782155
542381 935373
529811 829667
543084 927077
542258 919998
517737 714198
509728 649959
540504 883887
515988 695041
527351 776541
508453 630837
551373 940467
513639 667132
505372 605828
517309 689635
524296 732902
527906 757381
563356 993544
559748 965926
540187 830668
552456 907754
492616 514081
525267 721704
553741 896796
536834 787413
517431 666605
539436 797544
563454 936620
522650 690758
538826 783934
548937 843287
515049 639864
565181 926312
539628 778472
521189 673608
527214 705367
581920 985696
573812 926632
587107 991583
564493 871996
561592 857353
539705 746503
557852 837655
530779 699509
570671 895668
561973 852506
498108 535551
510483 595117
579939 919290
562920 831916
521967 643101
579183 899248
532213 686440
587608 931882
577838 884647
555810 774117
600991 961362
578759 863994
567484 811834
602606 952521
590218 902144
606172 956333
546253 716574
572643 818488
538591 684470
572164 814092
573592 816010
585302 859815
617913 979048
588831 867176
565750 780247
595667 892368
616083 966564
531416 649421
557075 743561
570961 794802
580554 829920
601092 902134
609072 927528
540425 677368
594683 872768
567699 773890
594147 866701
572991 789311
559336 740606
537154 661621
568813 769986
624069 960728
542179 675178
597918 867181
610723 910362
530551 634096
632361 982698
545196 683479
558537 728851
612067 908458
576996 787479
606990 885623
591259 832523
545664 679203
637719 983849
584867 805054
586207 809197
617122 909296
554578 704230
603221 861367
507238 549707
561984 722106
640859 967800
644300 977006
610052 868366
610606 865175
649495 983790
627230 914258
579385 767608
559245 704893
656505 998997
642789 952602
541056 647352
535642 630497
647538 962661
530132 613801
569534 729927
646941 956445
537489 633983
642671 940743
616607 864573
656493 977879
569640 722641
570335 723580
534822 622226
647062 940088
652512 954325
583165 757955
657738 966641
637837 909363
551326 666524
596048 790569
644009 922062
590106 771869
604499 811252
587987 765111
666414 981069
635981 893932
636043 892878
643502 912421
597108 785722
657960 949672
664111 966044
644069 910221
637289 888723
672788 983331
500371 522096
608993 810749
611984 812313
640700 886966
676426 977816
626288 847476
612926 809266
632141 856235
626029 840122
679506 975990
674704 961912
647165 890397
624351 832461
672547 953482
656731 908596
661739 916467
649446 884415
654089 887929
570253 686470
661964 904853
692414 976389
588577 728787
677412 939726
584412 718376
654866 885006
551552 640128
658176 888932
704433 997419
620056 794061
554290 642366
604237 752822
575126 686836
614786 775950
502775 523068
605612 752684
714421 995101
639350 826570
623598 790877
715916 994604
718893 995295
631237 802533
711005 973897
666870 876795
547602 618734
663709 866068
629756 793231
714854 974365
680498 900891
675163 887255
671174 875319
599815 724774
652124 834279
647586 824148
687591 907460
688331 905835
614903 752714
710269 949164
571145 659488
620247 756777
741463 996835
637832 789417
655795 824812
661296 834565
658223 827028
653672 817283
562983 637884
709903 927110
687163 881462
737916 978015
665859 836013
580282 668799
736046 969214
735520 967992
548748 607034
604147 713511
686714 868355
745732 979417
606848 715158
692179 875811
583524 670195
720182 925258
745909 973243
568486 640904
750855 980309
728449 938500
621817 739493
628188 749696
675090 834536
677065 837712
580273 659322
554120 611248
630505 750962
583064 664069
659198 800320
760767 979435
645717 772723
713307 891309
665042 804891
744378 944768
738092 933489
624819 732551
728383 914846
764025 973442
730998 915585
565189 624764
652865 777253
635734 746613
714379 879751
612444 704400
700561 855049
693355 841633
508865 526027
676192 809529
569709 628876
591957 666462
712070 868676
646968 758278
759463 943310
764410 951460
747326 919587
597681 671174
522453 547256
779375 969614
618001 704268
613081 696159
639783 739538
775764 962443
572722 629396
725928 879413
647505 746672
762246 925885
547881 585470
729149 871626
745034 896343
788181 964332
583459 640784
529235 554610
752163 899849
800429 974176
775136 933887
742499 883437
783426 945779
728823 861485
670327 770651
628989 706619
752256 892563
648074 733684
592999 649947
730470 856956
735974 863631
693258 798192
725996 846782
716567 832193
812637 975484
704860 814291
719398 835640
828772 998498
764877 903172
742738 868699
716740 829396
674370 766075
677627 769810
733037 850861
825810 985938
762274 891840
582043 628116
813095 963180
629553 696358
641998 714429
751079 872359
699586 796369
739104 852879
690205 781160
792270 927548
726474 832130
750090 863271
738378 843477
728218 828714
755618 866658
708640 800571
750641 855360
821442 952027
781001 895649
839012 975487
654851 719992
783730 892957
770874 874378
768023 867955
842889 968192
609504 654291
778885 880656
806800 917209
782236 884337
675306 738109
714771 789447
634853 683852
798208 898265
716892 790501
877594 998807
746615 826462
837010 943331
714269 781571
699057 761623
840731 941506
667156 719295
753133 828792
861091 965543
631981 673640
806269 894007
715046 776651
775121 849112
835611 924248
803588 883664
677117 726139
645096 686078
896232 997359
565300 586726
609588 641103
887344 982059
718064 773886
868536 958774
727178 783835
674312 719002
862892 949557
741884 800391
891040 981328
900239 992046
876587 960819
910952 999814
734873 787279
634988 667223
853597 927448
575293 595025
741888 792681
894877 972668
581564 601790
729280 776350
893830 967531
647639 678426
650655 681370
845372 908333
837321 898381
799681 853843
768205 817215
828579 885038
891476 955005
905023 969385
708172 742712
697733 730329
836615 885864
819882 865698
928322 987721
851789 899080
799900 839761
863326 910219
849240 891245
789290 822912
786316 819351
894844 936827
826190 861251
709182 731879
915929 955342
921195 960432
801845 830694
894933 931133
658574 674674
924534 960441
838124 866545
711086 729614
844911 871238
836934 859742
553781 560763
754231 772261
810736 831700
938333 966091
789914 808782
520078 524986
896835 919162
652454 663139
917692 939861
963653 987676
967940 991553
778504 793107
793883 808740
878756 896084
862971 878851
552500 557716
926608 941972
678822 686948
943239 957799
973188 986532
716922 724163
873415 880927
808227 814996
719589 725294
885292 892457
936910 942829
917638 922985
881709 886085
853756 857084
818465 821795
757461 760625
887521 890433
630220 633145
880934 879604
710134 710693
832357 830935
780362 779100
625165 626152
889894 884285
724936 722529
772405 767872
716321 711848
806384 798506
948504 934733
765527 758599
963881 949324
963344 948675
745828 739428
931278 917430
933819 919626
861163 849700
968010 951361
966043 949378
980019 962491
925012 909652
777914 768713
716785 708826
996373 971920
779675 766083
843157 824539
944537 919466
968524 941513
653589 646088
957801 930026
675955 666840
970136 939355
587659 584035
975265 943130
691812 679830
797354 777147
734954 719315
886198 858778
948825 915716
749787 732314
930007 892480
727319 707911
858197 825130
841732 810230
922437 882775
976239 931153
712059 692840
794232 766074
580753 574265
850194 813389
804458 772455
694233 673848
593189 584444
916268 869667
772278 741667
950983 895700
942606 887888
971488 912638
588446 578519
629547 614057
728073 699046
704872 678574
777080 740612
940050 880904
993826 926486
718276 689552
900364 844677
860545 810099
914724 856412
682591 657869
824502 777843
660220 638012
985491 912085
943207 875946
623139 604983
575870 565316
644870 622809
794125 746257
966153 888759
760229 715782
891453 823677
866649 802479
684204 651907
972581 886481
951463 868841
648044 621577
719738 678735
691871 655778
917209 836227
759597 709205
694327 656801
748471 700053
723859 679181
641798 613521
693605 654539
820531 754658
973533 874922
777859 720211
890984 808314
903658 818157
827011 756879
993838 887260
869856 787891
917087 822396
904272 812497
990519 877946
861852 778906
672835 633242
880584 791711
824018 748016
671631 631709
800981 729645
748896 689185
724386 670126
989927 869907
607820 581897
842858 756622
698076 648390
616486 587517
790835 717372
750420 686980
987882 863487
948432 833950
865029 769921
641890 605291
592024 567981
778314 704250
919941 807310
853842 757349
897118 787889
889734 778319
877561 768999
634700 596105
861859 755488
898025 780286
818998 724452
810054 715223
983237 835017
896830 773592
796463 704027
949517 806269
961493 813392
910799 777532
909819 772683
895526 761480
851594 732227
837057 722373
939884 788009
781819 683792
926096 774796
635247 586412
802292 693598
800100 691898
938284 778311
903696 755043
889185 745351
854887 722676
793652 683115
885861 740470
862800 725557
619641 573951
820940 699233
741055 649284
941544 773336
973266 792778
664630 600672
834245 704865
756175 656788
812903 691157
937050 766505
826760 698984
872765 725882
925810 757392
968895 782435
922025 753069
799326 679181
843653 705570
657372 592367
962794 773180
591883 553452
737188 639291
776012 662084
987564 786709
792575 671042
966152 771110
823005 686241
988293 781887
545357 524541
870061 707821
917279 731506
751962 637674
989962 768985
977316 761794
924013 732233
750833 636213
949334 744787
908123 721942
611350 559088
890480 710475
869580 696911
636903 571951
737282 625504
646147 576677
819837 669491
718300 614744
983824 755697
690367 599573
621917 562997
962108 740397
853960 682102
721227 612755
743044 623136
888019 697443
678974 590094
774367 638432
965445 733993
977121 739408
756747 627292
905640 701600
988465 742650
709318 602828
744955 620526
808091 652023
778606 635978
944246 716855
811899 651627
840290 665404
913743 698452
517173 506216
812836 648887
959493 718659
964659 719220
931101 702456
987577 728841
716534 599986
787273 632993
961806 713693
823217 648820
880842 675310
613847 550662
681379 581811
899734 682839
828565 648433
851389 658882
680148 580218
685820 581119
818079 638983
940813 692686
728644 598660
787275 624494
916954 678013
793952 623510
518868 505309
858917 649476
787543 618883
787065 618670
912839 671304
752750 603340
650918 560539
911997 669187
762312 606657
796305 620503
590240 534694
911854 666536
698566 578485
701282 579395
897295 657561
786053 612209
807706 620806
708560 580124
720242 584515
991691 691584
645233 554068
740757 591364
967382 679664
935638 667166
974322 681593
688406 570080
593486 532903
814122 616956
555972 518211
922898 657883
799908 610623
827495 620117
559463 519146
947695 665024
823997 618210
964892 668411
886951 638920
606634 535851
981952 673441
922905 651566
817893 611904
884617 635635
680388 561795
836932 618054
969011 663232
795284 600608
637707 544823
899464 636556
907782 639165
939070 649756
811527 605015
640018 545197
730206 576333
636110 543195
842943 613474
933620 643197
657254 549549
919178 637669
972766 653991
673479 553419
849611 610843
773849 585861
593288 526372
976561 649595
887503 620600
943436 633257
772609 579457
786426 583528
948975 632566
970140 638904
733549 566695
883901 612001
923936 623650
859402 604009
906453 617338
960393 633408
958740 632909
980806 639012
854413 601284
712916 558834
761612 572629
808138 585778
779595 577420
872773 604571
835560 592919
923445 617470
763703 571434
864825 599027
755736 567643
555050 510912
892768 603893
715773 554924
642538 534193
707414 551405
758327 564445
788820 572337
644160 533780
832003 582476
727439 554224
810169 575413
718865 551767
752667 559547
939390 605516
975440 610069
870681 584148
651076 530540
861762 578943
935795 595214
993737 607524
825961 569151
723414 544783
900471 583929
982646 600813
718709 542738
532244 501824
995699 599207
885948 575985
628065 521117
966244 589862
914405 579123
963520 588979
942977 584764
919800 579835
968277 588736
914237 577437
889138 571339
761051 545601
982470 587771
736390 539856
661398 524607
972956 582261
885509 565040
941314 574352
669939 525131
854699 558009
954123 575061
637321 518669
999693 582083
913991 565532
934055 568281
938320 568873
792237 543570
543359 501653
981787 573407
857913 552284
853076 549796
928609 559396
881317 551299
630048 513708
969337 563647
854342 546502
965106 559911
863087 545486
875167 544239
824051 536548
845282 538640
777816 529830
842194 537268
983949 554500
749837 525165
872154 540313
948161 549006
718013 520749
942762 548212
876532 539770
797010 530066
833039 533889
802726 529807
949580 544211
668808 512656
814648 528104
740320 519667
778772 523362
909862 537141
828589 528302
929086 538813
912784 537067
972318 542403
940029 538069
899345 532487
963682 538511
723899 515147
769836 519368
900241 529011
718455 512579
776854 517388
929007 529299
566057 499031
658156 506403
807779 517752
904231 524934
963707 527224
852874 516328
688020 505454
792134 511862
890477 517097
828945 512164
850001 512996
876089 514370
632228 500723
804818 509549
913474 515135
834889 510893
817875 509908
734209 505455
815638 508295
985741 516201
912622 512017
734321 503750
864254 508577
983458 513350
691565 500853
787451 504346
634949 498018
953068 508520
748843 501375
869414 504613
736610 500264
936483 506120
599382 495806
847624 499724
850220 499591
934526 498594
974180 498434
942229 496262
958166 496380
533113 492967
724208 493245
665659 493101
914995 491913
965504 491640
946789 491083
751532 491224
643527 491784
963762 488625
895391 489166
977681 488271
767700 488297
751581 487738
562991 491280
683067 488493
841859 484407
628623 489273
903922 482093
720124 486791
922139 481269
884807 481967
949352 479333
859474 481794
969131 478386
709566 486033
974346 477726
792570 482988
776192 479888
664407 484801
691457 483073
941990 469967
905696 471253
967827 467280
797758 475934
617975 485510
796325 475291
750452 476885
892021 468253
961411 463336
930092 464650
748147 475777
771271 473751
936135 462478
732542 476178
936000 460474
638434 481684
776506 471220
957901 457350
774458 470205
852906 462362
989406 450828
972228 451291
967234 451056
591101 483816
613125 481336
857574 458685
934837 450794
982720 445359
708781 470633
643391 477176
890162 449774
614278 479243
748058 464744
939926 442136
653550 474290
723183 465635
869477 448426
796834 456660
705700 467182
678854 470044
764522 459516
818162 452915
895390 443153
979931 432588
640178 474125
834696 449743
938835 435370
604061 477883
764919 456872
762440 456179
803837 449991
832502 445100
986448 422429
659888 468596
951852 425954
766273 452645
990174 419993
892075 433954
899173 432333
942950 425844
984443 418953
901153 431046
817630 439825
784036 445086
987615 411935
753916 449431
743006 451118
609995 472656
946005 416345
918661 420855
866576 429381
589952 475332
804211 437070
845408 428934
915711 416080
992112 401822
869850 422868
835933 428171
964526 403669
778220 438077
599549 471829
861100 421446
815968 429258
742101 443229
774870 436618
686239 453509
930359 404535
807741 428329
947890 399527
952609 398143
825789 423806
765359 436099
842422 419056
659544 456217
906056 402319
842800 415905
922467 397159
973163 385576
971730 385663
878555 404759
967323 383503
967061 382997
791023 423176
904954 396453
636292 458654
808512 418577
899698 396458
903479 395140
733621 434708
852265 406102
682909 446314
906683 392560
849429 406127
986725 372033
943665 381785
659181 451125
965876 373510
799641 414633
952347 375731
990581 365488
923163 379736
923241 379663
725756 430836
739029 427165
913144 381130
987776 361438
961043 368058
996353 358409
695776 437781
962918 366398
812627 405759
805590 407279
737455 425664
896138 382719
581687 467570
522843 483581
715368 430654
762225 417236
645694 449454
974955 357144
712845 430064
946553 359807
640517 448297
975611 349323
955910 354460
846570 386482
757901 412790
956834 350071
945808 350749
798936 395979
812978 391358
850913 379351
633235 447500
779606 401237
788933 397904
949662 346717
882401 367487
754657 408033
866551 372132
732965 414437
733500 414126
834144 381277
977775 334705
897257 356634
946250 339804
959230 334171
903196 350918
795411 387671
915928 345501
896347 352187
891551 351242
744309 402627
982926 318021
661660 431509
725502 408807
954028 326166
993862 311049
503060 487801
961558 322448
918727 337159
647107 435320
601795 451664
816481 371797
925282 330980
616650 445014
921827 329947
879462 344672
608454 447336
872944 346265
879004 342430
988195 300040
648412 431052
875821 342838
955445 311679
622716 440071
960326 305805
859999 344783
796103 369379
778405 376322
973099 295611
958349 301137
859799 339329
977586 289734
947400 300911
918757 312216
951534 298372
976792 286614
822325 351826
714173 397422
815704 353414
866612 330991
966267 283635
763721 371393
830456 341800
982797 273376
788578 359327
960090 282060
807533 349874
880006 317256
981642 269517
900346 305656
952098 280502
749384 373201
971261 266554
970960 266336
563853 457673
859142 318143
888416 304293
926871 286061
787885 351235
986410 254627
913865 289291
734859 375047
929394 281473
746692 368533
887858 300182
768006 357888
739978 370677
670678 404283
725571 377290
931563 275848
900209 290962
666246 405827
989518 246755
782046 346063
829544 322167
997337 235989
761228 354496
893851 286734
903707 279709
910227 275768
967085 244851
949933 252167
895166 280704
967584 241340
892433 280096
800450 328394
835870 308297
933450 255292
965084 236999
721042 367755
987109 221989
967228 232021
947191 242672
816368 314050
928580 252180
812489 314139
862478 285942
952607 235552
882507 273961
961140 229731
999369 205731
785344 325263
803997 314220
733562 353753
962186 223599
673371 387217
742583 346225
806952 308595
971633 212701
783513 321708
879697 265747
754602 338198
932485 233517
980401 204736
934995 230222
982514 200747
852639 276219
956158 213377
770118 324181
857221 271543
620609 413494
629799 407853
940442 219883
678792 377527
926694 225215
763444 324229
771797 319010
879011 252673
876449 254231
975551 192215
757393 327010
981206 187573
826505 283190
788077 306621
926742 219369
905190 231476
970867 190146
952288 199489
974670 184177
874970 246759
945635 201584
936169 207173
986567 174573
792685 298397
939513 204295
852751 259677
952049 195619
688411 363929
875103 242840
804030 288541
921778 211581
626368 403251
901685 222854
996868 158065
869593 241745
994501 158179
922712 203788
946264 187788
733333 329714
805062 281522
940641 190543
672024 370044
960688 174737
801691 281336
829532 261549
891703 218888
728254 329609
923222 196385
591600 422524
768704 300338
984187 150365
563846 441009
855438 237773
953833 167408
989506 141109
867890 226383
838446 246748
951160 166898
798199 274816
861617 229815
827935 251967
681011 356307
970574 149843
818775 257731
971372 145272
634869 387769
987993 132574
913457 186213
856538 227254
684315 351408
852629 228669
672753 359266
693375 343827
970792 141314
637102 384573
970397 140296
786554 274090
652443 372375
728009 315754
822289 244951
765435 286143
654993 368245
866397 209237
611617 400618
958165 133929
931553 154215
710896 323000
885502 188222
912537 165032
761826 281385
784722 263139
822596 233092
683415 341339
973834 114183
887634 181176
948026 132667
699410 327646
697259 329048
739066 296048
937694 138894
776586 265617
960473 119421
851388 205170
552544 442424
679964 340256
706621 318924
758051 277319
941642 129865
931270 138106
970299 105561
601884 402079
670703 346629
602118 401770
940898 128462
963224 109616
706631 316985
847073 202969
897809 159726
629218 378183
745537 282690
795800 241230
831204 211733
841251 203172
993876 77346
928265 130655
937784 122626
944998 116619
727534 295850
559901 433923
976710 77783
640312 363732
916747 127379
977763 74533
979245 73079
583404 411823
838645 191652
922228 118555
534008 454118
843741 186180
875664 158529
956336 88046
814566 210499
755146 261148
833579 192593
770468 247261
960041 80783
992139 51011
766204 249375
804536 215391
934212 100829
724954 285115
889664 136933
913693 115043
738404 270902
773468 238717
809841 205682
864516 156400
976856 55512
838145 179530
841562 175944
813275 201251
821758 192717
665903 332648
893374 125236
648354 347920
530867 454883
886799 130245
831381 179878
537621 448553
677146 320825
874906 139238
801015 205658
820360 186974
889955 119165
817222 186576
964273 48421
931597 78865
883168 123170
708296 286247
930842 75221
735997 259217
860202 140943
868062 132762
846465 153083
999735 7051
862374 137251
918390 83054
902980 97123
998077 5861
801242 194031
787322 206788
830956 164819
779745 213855
886754 110364
654576 332505
972874 21958
980999 13336
896684 95232
726818 260944
858813 131875
967187 25697
898797 92318
790675 198011
788546 199275
741254 245610
817326 169832
608960 374473
973740 11507
935808 48798
746527 236323
697559 284229
835044 146252
705361 276130
939359 41119
857685 122900
720078 260949
915976 64136
894874 84946
917980 61525
972755 6023
938644 40330
886334 92983
889715 88839
771634 207696
892015 85868
963447 11673
729802 248580
787714 189712
856260 120035
956911 15053
943528 27840
740311 235518
861040 111644
715291 260922
741954 233565
804399 168379
704932 270184
918062 49597
933281 33058
917517 47299
887999 77725
769332 200345
760687 209105
878570 85877
686295 286630
879839 83914
906198 56069
661809 311258
949347 6696
576640 400373
842227 119088
537007 442186
864274 92754
811805 148631
857178 99180
627640 344406
857579 96850
889194 62663
915331 34518
906225 44289
670019 297092
809459 144626
931061 10197
933996 6102
758555 197182
793946 158122
530388 447434
911050 26730
926569 9570
930786 4835
709494 248791
690983 268921
713293 244074
867843 71537
689430 269593
640465 323896
876969 59315
734607 217380
912263 17904
918322 8532
913561 11968
909174 15765
775747 165786
909219 12238
806365 129666
778584 161457
833995 97511
727276 219557
689125 262270
816787 114615
789574 145875
804532 128474
812590 117319
697718 249900
904851 8426
728996 212981
856491 63547
749330 188358
652344 301822
752767 183372
746770 190109
877370 36542
882206 28974
788526 138432
685315 260174
702162 239208
740104 192257
853114 55985
850281 58470
788723 131763
530953 442488
806494 108321
864473 37955
824697 84113
773302 144591
767095 152110
877696 11634
858185 34660
860222 29057
840832 52168
805649 94794
601589 351303
820799 74827
658025 279210
850872 34965
570070 389962
833558 52134
703943 217551
679400 247273
685443 238273
746581 157913
843135 32159
569178 388770
748980 153648
811762 70651
758900 139525
582001 370392
848418 18479
846962 18801
842430 23271
574147 378586
708323 197337
735469 160692
570039 383289
778822 98678
841517 12233
832755 24137
690098 218225
592770 350404
590145 353960
821792 33749
656927 260934
753568 126653
699954 200862
697969 203501
630304 297309
792903 71395
626949 301171
713466 180605
659314 255861
593159 347847
654847 261456
563806 388597
633036 291694
782547 81533
712297 179782
562806 389606
596868 341399
681469 222048
769445 97488
697687 198025
699984 193795
787377 67638
731788 145837
673570 229035
752588 114264
830711 1514
707463 178726
789463 60423
613189 313683
770730 85134
713752 166836
682746 211807
786002 58156
671902 224793
816774 11959
806891 25390
661909 237326
762470 88242
801085 30967
758688 93729
593200 338843
678921 211400
786910 50407
746659 109801
762099 86450
584245 351196
639732 268083
772471 68653
665983 226042
590807 339175
702302 170238
801690 18706
684590 196021
590729 338232
745875 100948
572161 365954
784660 38840
762960 71542
732807 116423
747380 93553
637702 262907
693873 175399
541758 410803
743024 94084
529614 428747
775149 38605
744912 85138
678619 190534
662245 215169
684690 178296
697585 156583
543294 405117
660608 213415
645495 237894
712093 128996
698221 150629
785235 7135
646594 232195
748129 60971
768533 24818
769187 23644
550371 390432
604947 297382
748914 53214
702465 125622
561939 366939
589023 317592
749405 35627
661826 189493
705903 110699
764836 5964
646908 213998
704608 111631
607620 283306
668440 174628
657779 186265
536180 407483
750266 16890
514794 446172
645197 206564
695481 109037
686414 125373
580354 321189
711482 72377
718224 59323
688592 115327
742086 12317
720116 53165
632896 218870
691836 105650
543003 389667
666399 149463
646384 188032
646994 186504
609525 259244
710315 57486
706682 63435
709252 57792
728854 15132
541609 387837
627823 211801
624678 214782
648314 165637
655550 150491
712233 33360
706586 44356
569494 327287
672722 113799
704543 45568
592001 273554
593533 269081
541901 378281
669343 97590
561329 333429
708216 7491
629691 180874
541581 376418
629708 176174
640863 148110
675333 62856
669770 75041
583192 275316
635336 154202
674654 62345
687483 32450
684888 35838
671024 66417
604864 221648
640015 138900
536913 380908
694434 8894
562561 318429
602616 222722
632813 148496
660213 75579
609445 196104
621407 165785
660200 69071
674737 32264
552532 335372
616463 175626
669991 41769
528726 394236
628115 141758
628815 137746
680459 5586
583397 252852
660197 48665
564301 294500
658506 44816
584110 241273
641803 86597
626961 125250
537833 362374
574319 259941
664641 11625
659598 24001
541976 347628
654956 31071
649781 45114
633448 89367
586012 221806
600464 180909
518499 408681
565921 271427
606943 152717
528680 378860
633716 68737
615067 123057
571761 249769
551938 307825
605715 148771
650934 13430
632263 68572
587051 198759
612121 122672
575542 232616
532601 362133
569255 247968
539668 337243
602001 144640
528368 371530
646501 2568
598507 151347
565181 254949
628249 55682
605907 124658
625960 42592
591467 153445
610908 88755
597892 130644
630656 18552
627386 24984
631290 10878
552375 277652
574044 202144
622334 30392
613189 61147
621325 32603
511864 412776
550543 273860
585294 147666
625997 230
610665 46359
570290 194809
498243 459824
605896 56057
581653 136594
548258 264989
527271 344955
557855 225717
558977 220251
581484 130632
600684 48907
608394 17764
594719 72169
588800 94860
491503 484012
556387 219908
526633 338533
579801 109830
569979 149558
504887 426549
574836 124768
521836 350958
570545 138185
559246 187426
552028 216362
577454 98505
595635 16983
569075 135740
532457 299677
582334 70127
534082 287448
544201 232051
589647 14795
560185 152539
520621 341547
510241 389911
555675 164248
578400 47580
585250 12303
530218 287860
543285 215068
514772 360809
581791 8381
552195 156514
538010 228576
539967 213462
555317 126203
542024 185355
531813 241815
543641 164874
553983 100744
531480 227469
565531 586
518816 301559
548002 106565
550381 89498
518319 299242
511955 341080
521635 274237
543827 123002
500956 412599
543864 115159
513903 321639
550904 57623
548962 64184
547228 66272
554361 10995
535002 147055
513898 303404
509024 337385
522011 233826
549233 8909
516872 267928
537136 101378
545810 27839
517085 260561
528060 167028
499200 405574
540808 36565
541114 22465
504027 358897
540712 15322
535742 58206
529910 110710
529822 109538
538430 26339
520077 183592
531085 70194
519565 174174
532451 32885
527678 78061
523760 120284
505360 317240
519183 158364
523288 111322
524873 93229
513918 212281
522170 109869
506561 285460
522716 86737
516208 162921
523619 57263
506580 273595
517596 129696
509175 233902
524011 22798
510915 196087
522888 29703
523423 2139
505262 260917
506162 233275
509514 181103
517016 25068
517148 10639
494747 397240
507008 177755
503930 218751
504118 206228
496973 342421
494236 395924
512788 8600
504420 176347
503897 164697
509697 33092
502882 180802
508576 46233
497922 267057
503048 128289
505902 46558
494979 340340
501653 159401
501591 155555
502940 72809
495313 306078
494109 326893
496197 232553
498495 129824
496848 156340
492807 251002
492585 232900
495335 3326
491341 320180
493481 97568
491588 60931
490280 217747
490349 143840
489804 286759
490009 147261
489902 11055
487668 281755
484966 72309
483671 20799
484215 72740
481058 94813
481716 133073
484444 263188
479429 49595
481144 161144
479681 109605
483668 295405
485812 396844
471176 13529
473439 86481
475652 186788
474094 152108
476758 216274
470616 137442
475824 251806
463327 46051
465336 95791
471236 215164
468877 192566
457255 37991
469687 217487
467953 193792
459029 120162
458770 120785
475929 331327
457597 124845
465050 213300
470160 273435
447847 56808
445082 55815
476880 373148
476854 373502
436043 685
452112 150413
439825 44727
447597 117757
479050 401271
450241 160140
441873 96732
441547 97892
447245 151979
465076 298096
430290 22450
434061 52548
437937 87274
437447 101455
428864 37554
481176 431462
449908 208843
424521 29658
434471 107161
454658 249354
448293 209854
467763 346210
423465 54626
447280 220530
436220 156193
428127 112546
415761 39711
414225 49841
407438 20977
432453 166741
453029 286036
482805 455677
443653 234337
406823 28065
419325 102421
440856 224644
447764 265738
399957 6786
427477 156635
473600 407329
441247 233480
467557 375468
457088 319261
401761 28948
399875 26445
432367 198647
424809 165822
420097 146197
409772 96362
468694 391296
402782 69462
437595 240878
409545 105198
435567 232998
439373 254249
442074 269266
384720 13192
384307 16900
417347 166744
395591 68374
408976 134343
396217 78689
388181 43667
382619 26987
464166 384020
383225 34952
394538 85917
474864 431382
427942 232459
381672 37680
458718 364701
414106 178839
426756 237725
407241 159225
389579 88051
449612 336051
372985 34695
391144 116495
391429 123304
456826 372113
400623 165572
403457 176568
417127 230371
410967 209559
415266 225817
396947 162075
358048 25331
351978 6618
368361 66537
438034 313231
348734 1220
456180 378057
406214 205591
347054 1498
401479 189548
361323 53033
358751 49888
470322 428899
390587 161385
379031 124236
369134 93448
396326 184576
351587 37289
435608 315563
381214 138880
420090 268365
404450 217853
346315 34237
364310 97748
449488 366926
377063 138953
369444 115296
406675 233473
336252 13986
374057 132782
353092 68115
341292 33543
386177 173207
337810 23744
336081 21469
362821 104963
402285 232007
335721 35285
410693 259864
402466 236250
444697 363671
404604 248486
393274 217300
420832 300111
370595 159082
318124 12640
449666 381640
329434 53334
340211 83041
423203 311439
346112 102015
352737 121204
342408 93318
407420 270357
345120 107293
331413 72530
329986 71590
340464 99936
378111 202359
330503 78486
381076 210836
382369 215128
335210 95715
366368 176348
315688 47695
446644 383339
475114 456531
415227 304648
380085 215879
349942 139570
360317 167754
354259 154915
299753 22154
392116 251957
318932 73321
294113 15212
441522 376147
360785 183843
381806 235285
342041 143862
286948 14114
466292 438910
410553 310140
304015 63250
311109 81290
333191 133055
310446 82859
388360 261564
368941 219839
296139 57524
271897 3124
447385 398386
352997 187155
273411 9254
354441 194451
403794 303751
334622 151389
390017 274428
324849 132356
291720 68364
452941 414872
333794 164287
319150 135382
446287 402432
275814 45941
276679 48548
319907 139417
386276 278775
266767 31817
401172 310273
355518 219034
329388 166107
357053 227620
320179 155113
334783 184320
249790 17631
437865 391126
273432 66660
270863 63341
347079 213569
302070 127849
301412 129022
245784 23133
358655 241679
335841 198711
308040 146054
232918 6049
415604 353326
312883 159121
292856 123051
252928 48716
273643 90219
238193 24350
268673 81964
254297 55505
236798 24585
434738 391541
260520 69681
279622 106277
229366 15747
273562 97528
233943 25183
317133 180532
241729 44077
440142 404129
389811 313662
223407 19845
408237 349022
304878 168364
270719 108509
244295 63187
256413 85896
314639 188420
280160 128529
223712 31529
277936 125878
275459 123011
345013 243311
348036 248562
439654 406963
249204 79112
295977 159937
335856 228863
450334 425719
229780 46969
361648 274775
253854 91238
286775 154140
199686 10705
256333 105974
348790 259734
408519 358831
306879 190828
380943 313512
228622 61779
308776 194338
372771 301768
355504 276158
262329 125606
335890 244771
192725 14460
329676 235352
210228 43932
286739 168382
294241 182899
220208 65476
223515 71315
344016 262480
179769 2646
217418 64372
186209 15677
270144 148347
371903 308389
193640 29250
287650 176632
190574 24738
441515 418426
317219 226115
374509 314936
203520 50841
316998 226575
220078 78162
373883 315043
256413 134475
291901 189822
216129 74337
347874 276175
176548 14198
209779 70481
198453 53919
224511 94151
373959 319582
189374 44968
169094 18150
361815 303994
290790 199541
277307 182320
160004 14186
193597 64023
186749 55698
291739 207536
288180 203040
178902 45701
227627 116226
316754 245774
267093 174997
282161 197407
187823 63285
171219 40095
383117 342094
302690 228610
210022 100086
394072 358977
303631 232087
237287 139676
244101 149222
206810 98045
342946 288685
160135 35078
203014 95496
292546 220172
181371 66914
185035 73480
165602 47252
314173 251963
314035 251862
139535 12477
181424 70523
205735 105211
182660 73817
265335 187793
146794 27314
270794 196564
168075 58534
306275 245751
175843 69943
252163 173592
126742 5320
240471 159019
312600 256517
141694 29381
161016 55140
140556 28611
236940 157761
266848 198722
254804 186494
123162 15710
260253 194872
159030 63355
121814 17756
320612 274882
179581 92984
265163 203673
304381 254267
134157 34956
481552 482737
112170 7868
133371 35194
147785 53725
220916 148076
250154 185953
141339 48170
143292 51056
103016 228
209306 137057
137214 47369
102426 7012
191985 120500
131974 46524
145003 63523
115972 27588
318989 280519
467598 465688
338907 305733
362153 334766
198304 132646
227446 169128
369797 345219
110966 26659
100979 15054
270190 224250
304618 266570
147893 75714
156186 86498
169669 103375
257515 210765
288913 249166
140195 68743
153758 86279
84374 2307
303019 267273
198723 141505
268413 225785
236738 191091
147309 85912
179975 127943
405674 394401
175339 124168
78809 11470
112907 54003
98096 37723
226335 187258
174149 126913
278070 247838
117040 61736
148761 99282
259193 228929
152890 108137
329688 310445
144273 99001
306518 284561
175814 136647
343813 327524
156978 115726
219577 187379
234698 205684
228021 198703
473812 475282
273960 251262
350689 337419
171214 136560
103154 61032
91480 49951
117463 78888
437662 435355
75441 33861
55750 12426
335379 322455
168333 137740
193532 166001
235819 213217
131369 98864
41759 833
372972 365035
109372 75814
218770 196141
410480 406466
264357 246881
176014 150841
294846 280647
64565 30598
269662 253924
424632 422461
71355 41008
267287 252800
70057 41193
43512 14107
179593 160942
251090 238575
96814 74058
244066 232271
251663 240994
118875 101520
209916 198380
77321 59031
122938 107073
193034 180903
124586 109309
248332 240040
165868 153856
40697 23068
342368 339213
378406 376916
77420 64666
86979 74680
255424 250295
237975 234341
51041 43034
8985 133
41956 34202
170027 165508
35092 27247
92010 85922
256618 254781
247451 245519
268441 267672
126670 123490
185077 183059
404471 406438
19508 16811
260039 260593
11328 9982
140672 141058
357815 361136
166134 169771
67987 72983
87904 93165
332539 336696
343200 347461
64058 71159
103774 111288
149494 157357
273308 279820
18052 28467
72538 82715
145668 156127
141787 152623
58407 71340
76489 90296
22850 38013
397592 403312
390918 396866
323608 331341
223708 234381
88759 104081
72368 88460
65682 83407
44406 65689
126402 145452
29577 53548
30999 57587
132177 153856
173045 192927
222657 241713
159447 182336
199806 222467
158755 185660
445300 451840
15190 53056
265728 285917
70967 106926
313808 331194
57597 97092
113764 148600
78251 117376
388466 401102
302245 322821
214210 242865
21284 69132
342590 360237
171808 206307
33263 81769
102659 145138
140560 179362
303206 325781
181748 217213
93293 138648
174495 212235
107295 152463
123752 167367
133571 176860
80459 130561
129464 175150
98679 147993
69005 123365
10878 75089
16442 80455
45226 106130
319141 344892
81931 139509
12603 79787
350405 373004
4981 75499
294724 325195
213719 256512
21387 91991
154690 206719
364369 386424
257450 296018
128617 188058
105409 168458
49595 122329
19605 97456
214960 261908
191672 242357
142934 202724
166398 222459
132952 194799
150526 209868
96579 165332
46537 124281
40623 119723
135585 198722
125956 190950
130479 195104
22168 108033
117792 187758
192572 249954
239903 289483
219091 273469
66609 151490
104122 181787
69022 154327
40339 133596
400919 422210
18539 118430
53908 147680
6565 110691
86523 175052
49391 146528
123427 206652
235999 294928
75718 170647
24688 131246
17360 125648
191527 261157
148546 227744
129140 212769
463632 472808
426755 444719
142782 227486
80894 180206
17302 131973
339201 378788
82538 184272
165527 249014
273936 331573
188621 267757
44804 162593
113988 214330
266610 327562
300827 353684
182539 267076
91022 200145
8743 139949
245109 313841
207960 286999
404435 430844
271607 334161
317700 368092
164564 257538
169007 260947
372785 408783
375775 411014
47351 175860
222456 301529
168890 263207
203139 287868
127617 235898
58168 187898
6885 155509
208808 297738
233895 316457
367732 408949
391748 425554
115353 235324
118734 238145
24366 174656
326559 381575
11604 166804
250002 329470
354685 401176
257606 336576
233839 320927
94699 228383
86965 223898
114588 242518
208760 306492
78124 220415
231108 322038
68093 215281
133450 259162
228655 321667
199786 304352
377271 420287
4029 179227
112832 249563
164086 283496
421894 449368
54653 214187
229461 326775
32420 201042
235105 330838
257757 345469
189323 302209
247110 339827
14747 193687
93551 244027
123276 263087
7995 193661
218057 325653
50955 223495
91702 248569
163345 294158
336572 400186
133700 278044
2776 201624
29295 219017
193813 316934
392956 435535
59872 237923
252436 353428
222426 336194
122141 280716
986 210926
50682 241825
213117 335725
32099 232847
220755 340326
269141 368167
83296 263767
16349 226274
358444 419879
248692 359068
207579 336784
97361 277519
277154 380528
78931 275808
171059 324956
34919 253459
51799 262648
21509 249156
425156 459750
289120 389936
231997 360663
259073 374635
67614 278767
136318 313652
62703 278078
212755 354036
152025 324259
227421 362033
311351 404304
175414 336791
322309 409899
80160 290570
278185 388631
305896 402390
106776 304524
122984 313835
59497 283220
366331 433029
242162 373421
164404 336108
158149 333355
195934 351913
85685 299197
225428 366735
25359 271685
138404 325789
112424 314224
69107 294938
90330 305741
136996 328202
144997 331945
4974 266827
125110 323193
352425 429599
48717 291079
288042 400889
7702 273415
63166 300107
194141 359645
398801 452208
310681 412763
142071 337510
172283 351262
132082 333833
316129 415720
194564 361709
140712 339352
124778 333305
257324 391601
103107 324919
16770 288597
10801 286745
67315 311646
226431 380449
34274 301493
362160 439387
253306 394888
139501 348620
72690 321385
112703 338429
358750 439244
106950 336367
309759 419380
45044 312510
349086 435883
61058 319355
48851 315733
1539 299262
207862 382174
167968 367021
441133 473949
131499 353294
102910 342711
92645 340188
77033 335516
335123 435329
209664 388671
458602 481451
11842 320547
41177 331301
35515 329525
331550 436701
300604 425804
152004 373832
266128 414343
100720 357132
256459 412322
174055 385161
59220 346495
23593 335080
83027 355698
129496 372151
31693 339803
133812 373997
115893 368353
247584 412264
135773 375736
174898 389051
153154 382533
241199 411732
8317 337456
98233 366946
171129 390617
200324 400408
62283 357769
43025 351690
357797 451704
243612 416646
134815 383988
111785 377730
348666 449892
272688 427688
219932 412256
18955 356142
94210 378106
194895 408245
69593 373307
250595 425270
217982 417752
68763 377599
86724 384157
117336 393780
190134 413566
170340 408551
383663 465064
440380 479960
112418 394570
95799 390627
132276 400421
25524 373512
119466 397911
172445 411845
349399 457050
36395 377999
257790 434538
82632 391748
148182 408777
79400 393476
316525 451016
35459 383487
187471 420614
327451 454651
170003 418513
18444 383869
88158 400578
155698 417138
74237 399034
63353 398207
272765 445625
58589 399406
181417 427141
148095 420354
8580 390872
235481 439291
93722 410082
77908 407037
90783 409724
145222 421135
33189 397836
350304 464178
27743 398046
80164 409161
41759 401739
15753 397897
15113 398147
8129 397350
191572 433845
314581 458374
23893 401767
47309 407733
10930 401823
24396 405733
259022 450449
401636 476732
208160 441527
70386 416851
248225 449954
329182 464909
295686 459736
17877 412661
20891 413606
328126 465672
170162 439949
24673 416539
166362 440373
19722 416897
288328 460332
354903 471736
16051 419794
156238 441519
121723 436259
145408 440145
306 418724
149249 441397
28313 423757
116195 436997
24211 423757
272767 461041
41990 428265
42987 429658
161511 446830
68174 434347
56190 433571
2227 426333
47447 432764
170296 450103
141393 446397
192044 455107
43077 436408
175025 453070
52813 437875
121423 449171
317398 473161
198924 461766
166648 459392
62559 450325
36277 448287
60306 452968
86272 455476
84467 455825
2151 449066
273138 473372
13724 450247
235344 470205
200438 467475
9589 451299
212067 469802
192278 468449
69445 458693
19906 455487
60326 460430
397633 486022
185639 470518
133148 471809
263674 479568
220457 477061
393767 487383
146497 473657
65951 470206
217332 478639
240555 480093
101183 473093
130340 474687
156076 476381
109890 474532
340815 485846
48605 474094
147010 479893
181812 481393
235726 483677
187555 482233
99278 480295
176896 482804
362311 488992
175620 484128
105295 482207
275293 487285
228942 486113
250286 487327
84473 484265
186980 487085
247575 489049
91792 487804
24699 489261
190537 490992
326267 492053
138794 491650
115916 493112
330039 493074
161318 493983
77004 494692
245129 494369
9096 496231
350291 493813
32246 496981
121601 496523
84915 498503
48481 500078
51884 500629
158433 499098
381735 494834
358734 495366
52334 501829
188813 499184
1329 504841
19738 504421
359982 496167
79992 503693
361721 496432
171311 502372
274385 499267
148474 503801
314715 498589
33780 508351
78735 506815
354122 497773
357785 497643
79619 508353
55010 510050
79910 510528
156309 509310
207575 506839
161542 509168
228214 506539
146241 511843
152121 512593
47317 519128
179364 511273
57065 519324
248682 507718
80162 518581
160903 514468
263050 507944
235509 509924
117114 518417
259146 508707
229666 511266
57612 523660
308724 505830
217740 512939
195384 514807
123437 520750
239355 511926
40308 527560
253742 511595
255228 511586
259 533866
38748 532669
64783 530677
73159 529958
108124 528146
314275 510363
60692 538438
147475 529435
135944 531090
233038 520604
197967 524702
121305 534627
28648 545685
194675 529696
82857 544505
273928 520388
316850 515073
447029 498316
214045 529389
75970 549032
48225 554085
139663 541686
35626 556656
232471 528930
43978 555662
178626 536831
258408 525649
360618 511202
44028 558043
326337 516736
169656 540317
405465 505258
355075 513212
109402 551140
172911 541694
110503 551840
82916 556656
405867 505991
177876 543886
113258 555172
375144 511750
10001 573286
153338 549647
70071 567589
27204 575288
419760 505180
98175 562898
78671 567545
108904 562482
125995 559357
64499 571354
271809 533021
137524 558001
116813 561847
263692 534699
85673 568043
61139 572876
138237 558528
15417 581919
314476 525974
231318 542446
129559 562598
79087 573901
105022 568950
335911 523306
305254 529597
177386 556008
149045 562168
301125 531298
50344 583215
353542 520813
51002 584462
120412 570295
127462 569486
62532 584414
161917 563090
31448 592064
278320 538686
72740 583809
327733 528308
52296 590642
16661 599517
69027 588072
126307 575196
136332 573342
255730 546186
211193 556695
20975 601079
170753 566677
69969 593409
113289 583049
340493 528987
301449 538746
162051 572925
26663 607605
200984 564353
78108 595659
98778 590730
250736 552622
274914 546899
74695 598288
152036 578924
87307 595927
37837 609788
3564 618691
46407 611763
6259 624852
88891 602506
185882 577468
102127 602925
11157 629011
4551 630905
65480 614138
293217 549146
187174 580123
41053 622589
135771 596229
120702 602066
21535 631559
291393 551583
71231 617070
233140 569346
21545 633040
141347 597274
317872 544506
171330 588875
188700 583771
64516 622219
14545 641108
28706 638359
174704 592546
130013 606726
186327 589411
39337 640480
148393 605165
209407 585347
22167 649442
404980 521049
110800 623401
115776 621972
418065 517422
15422 657350
103491 626983
44108 648190
16583 657925
141658 614511
457657 504001
75350 640078
377769 532603
248890 580163
17802 664488
247107 582545
245802 584337
194754 603670
63456 653312
245292 584893
56750 656091
213819 596812
376410 535439
81164 648701
49683 661058
33523 667478
180436 611633
394039 529431
166038 617442
194091 606957
38477 667578
161444 621359
203234 605243
35445 672269
93501 649797
197016 609227
49066 668994
1451 689023
96646 650995
25471 680668
58885 671476
37070 682668
329505 559899
163628 629835
344880 553548
236525 599623
288956 577669
137047 642500
104343 656489
168170 629593
73801 671249
53868 680997
38247 687962
187760 623381
317162 567335
210538 613540
289151 579940
15276 699577
82189 670394
429304 519105
348321 554999
21048 699505
306413 573518
38998 691916
193490 623593
41531 691419
35035 695087
204095 620611
174696 635371
259660 597139
66190 685642
125040 659831
13311 711149
140012 653090
19724 708634
279117 590219
66395 688966
277229 591495
333223 565826
181473 637554
207238 625582
137911 658504
44178 703243
152929 653113
202014 629750
112662 673849
60445 700838
394900 538633
352676 559546
363168 555003
222194 626374
140682 667521
45675 715982
117778 679714
16165 731691
177624 650380
215251 632707
8439 740303
234942 624658
88001 701373
164609 663076
266722 609779
175217 658379
348135 567316
46928 726478
6885 748114
164204 666856
142538 678741
218660 638278
71377 718351
117525 694768
83007 713549
99222 704886
42960 736494
278213 609748
343288 573883
369287 560478
92056 717318
352644 570783
273478 616773
191794 664964
75117 732612
164603 683731
129213 707800
2334 783709
43515 759849
222944 652499
13011 778461
380933 558024
45586 760032
71835 744297
151654 696746
34249 771600
110797 726524
117193 723221
14517 787077
306393 606402
391996 553268
288058 617904
79047 748364
324800 595384
128782 718005
90165 743520
36633 777869
67472 758888
361357 574687
69814 761390
256889 641950
76492 757947
307572 609597
185687 688270
41297 781420
383611 560867
10189 801634
413561 541680
2157 808177
133202 724155
16100 803734
98943 750093
237029 659174
62473 774636
289989 625001
383444 563064
67981 772874
17281 806769
61923 777236
407107 547890
174235 704543
5855 818057
121437 740517
315616 609998
188483 695852
68971 777037
88174 764327
279137 635504
276391 637497
48046 795861
73495 778733
10012 823125
65313 787426
97090 765687
125913 745660
77136 780529
266516 648612
349342 590706
157341 725318
320797 612302
161865 725657
43864 810976
983 841790
220140 685651
30908 821421
147116 739129
288371 637441
259923 658244
217392 689297
267649 653418
259800 659159
42054 817965
143503 745163
27970 830249
222049 688378
262937 658530
83516 790063
399096 558998
396517 561094
3226 851674
188300 715339
4119 852274
421489 543239
99049 784030
179658 724849
152601 745420
290419 642169
28583 840488
172416 731960
156362 745042
338847 606877
51091 825296
72680 809307
210712 704941
222475 696210
106733 785263
385221 572422
70165 815804
115970 781014
57224 827879
443626 528557
118616 784602
189327 729436
194024 725963
74056 822112
164425 750840
370261 587491
52879 841107
147147 767104
142849 770638
146405 769612
155609 762395
19222 874243
181901 742236
275028 667011
145106 772899
329032 623453
468421 509838
58345 845366
407299 560003
255618 684441
117990 797556
78838 829712
157070 766862
241671 697071
165684 760118
43297 863738
314562 638277
40621 866674
203003 731971
85045 831109
116031 807847
197526 739272
350288 610668
90408 831649
73853 846165
424478 548254
379979 587416
27033 893592
759 916379
309183 649093
186529 756167
22056 902190
281201 675138
212046 735860
149987 791712
8859 917823
40491 891351
145387 798249
102258 836923
22683 907694
131530 811381
260605 696603
165902 781167
298883 662702
86710 852269
33747 900778
82596 857987
160813 790484
272378 690349
331420 636612
32775 910219
322163 645854
19320 923957
347894 622827
129566 823796
295157 671632
160560 796026
232978 730163
7301 939333
210174 751655
169391 789751
364342 608928
135471 821924
232774 731486
380340 594345
360657 612785
247205 719215
6836 944262
168636 793098
242248 724801
114801 844844
23016 931316
118834 841376
33567 922085
83794 875505
22291 934277
239010 729525
147060 816970
238959 730018
254057 716475
31459 928587
233905 736487
228505 741658
153814 813366
378655 598881
48002 918616
85193 883311
133641 838084
287146 689501
144398 829073
29942 941826
227360 749016
254750 723044
107705 867625
341587 637944
319738 659535
119423 859770
24483 954531
21143 958288
104441 876684
74894 906575
48456 933883
37172 946579
118057 865415
301854 682148
266605 718172
147817 839225
212605 777448
93667 900461
199828 791280
242928 747200
53530 943363
104706 894570
19039 984294
110537 889567
65652 937394
95206 906504
71929 931020
39372 965933
57487 947024
172807 825806
93954 910793
216159 783178
64463 944574
104128 902676
58354 951650
117171 890306
70389 941345
225879 775004
27957 991755
137964 872911
73245 946575
474314 509165
66440 955554
102307 916757
282813 719005
356978 637907
101442 918600
429652 558306
272696 730862
275425 728210
218500 791372
304919 696431
144668 874163
350316 646732
70944 956993
376613 618318
291266 715740
247476 765209
186805 834298
206323 814662
124028 910846
208481 814522
167816 862107
52630 995307
85738 957732
69329 976666
151031 882825
256371 762624
251514 768770
358404 644738
65320 986465
243309 780130
215538 813305
384540 615475
149747 891301
59444 997849
199582 833445
239766 786249
80987 973881
62788 995378
143483 900928
128155 919071
112450 939846
85280 972294
114797 938194
272698 750716
135636 915250
214112 821677
185441 856000
271770 753401
269980 756319
137080 916740
143443 909795
79621 989086
316765 702659
199495 846104
140869 921588
191195 860749
83005 996308
156599 906831
279221 754945
172813 888205
116093 959553
320214 704288
290683 741309
89936 992843
191495 870096
280268 757979
281694 757915
123297 962461
274818 768647
409573 595440
355206 665454
179741 892441
163774 913557
485725 497433
173924 902662
376023 640294
318726 715087
146592 941661
124049 972936
200239 873625
269052 785197
258971 799938
416494 590054
398996 613640
229286 840889
130840 973501
209590 868004
331144 705162
146910 953641
152928 947167
200839 885905
193914 896480
148190 961579
144220 968759
239491 838391
299575 755383
126187 996529
244150 832899
305151 749477
129626 995593
223731 864095
415100 597022
206558 892705
192870 914637
420607 590574
305918 754849
257685 824609
203193 903299
336810 711624
215509 886185
178704 941043
217655 885331
321563 735631
163321 965709
272031 808903
304259 762043
258795 828421
323987 734114
309634 756127
247681 848138
324569 737431
153180 993175
227233 883941
151884 996701
153116 995479
239456 868685
168363 980521
179851 966687
196252 942275
237035 881375
472395 518842
210675 923271
197641 945027
217392 915222
195964 949116
182990 971516
399643 633419
248183 873076
242407 883032
355520 704617
201512 950146
391496 648440
372512 678897
396632 640562
290069 810482
326086 753267
271387 840666
223416 917325
207690 948672
207573 950096
185644 986626
223449 925817
188813 982698
190549 981037
183166 996654
253880 882105
353023 718700
223540 934745
350015 724886
274141 852931
294274 821456
202585 978621
274240 858239
346562 735901
274091 861015
211114 969907
226135 953565
316452 795513
206646 990171
318382 793599
222259 963287
303995 819805
294798 838571
366271 711919
313874 806965
257177 908591
264034 897995
403637 647359
258185 910529
367331 713696
312020 814086
401125 652811
243005 942485
269150 895116
254859 921313
293805 850896
229040 971705
368627 715692
261328 916586
307780 830659
222519 990978
360845 733585
341732 770787
387884 684354
317650 817071
329663 794601
472558 524670
329238 799631
323920 810069
316268 825112
262735 929296
249036 955826
285584 887349
281655 895487
237910 981748
362809 740002
299823 863547
300370 862652
248460 967754
404085 661792
242921 983428
385671 699421
236654 998128
260687 951067
361535 749551
259605 957445
388777 696520
403166 667659
347327 781054
269948 938658
334628 813583
331184 821059
397960 684221
466360 540907
302180 887789
384964 713113
341880 808768
323040 857200
312163 883588
408254 671996
311386 888542
277925 963103
386671 721922
361371 779124
346955 812382
331740 847014
315826 883690
376679 748301
355865 798139
423516 643590
317737 886146
349515 813913
343719 827545
414103 665732
458687 563398
366989 777177
286184 967479
277923 990576
384407 740549
355007 809989
315402 903825
402872 698572
450588 585057
350709 826365
295279 964445
299673 953772
363273 799264
299883 953989
310570 928639
372292 779406
317523 915918
460265 564496
457235 573146
327074 899910
351253 841617
388411 751604
327095 909354
345619 862685
317006 937730
299951 982842
319412 935896
319673 936539
393133 745271
312174 958645
329818 914152
329524 919981
314125 963634
348661 878291
393838 754805
350421 877401
368844 829599
350990 884465
387955 779918
400695 745033
326700 958016
380473 804326
412626 712358
369480 837649
401390 746359
353533 886591
348790 902037
389470 784387
378153 819877
348492 913653
408824 733661
379906 821494
416350 712619
333699 964743
409787 735507
332143 974745
338177 956364
360488 887975
329193 990153
346845 936070
473536 542252
380320 839634
419126 716859
355906 919105
418920 718778
334933 988645
373245 866798
383411 840075
350315 951282
402694 786119
345179 985813
448537 632337
376262 885137
392190 830022
453454 617811
385593 855144
355850 959844
346468 996435
359081 955237
469304 564191
367730 931797
382099 880840
383683 878756
367585 938867
424452 740914
404377 817989
358487 994316
443279 669693
365571 970800
371813 947753
378153 927987
455714 624462
447925 655236
381045 917882
373279 951365
434813 710151
394661 875106
419271 780325
377317 957312
389565 909135
381777 943627
416398 800800
388228 924646
391066 919021
376862 981357
461843 614410
392738 922099
379018 986234
440193 714792
430703 759941
392949 934860
417890 822301
461984 621064
408322 876539
408413 877281
414726 847987
383865 999762
425827 798105
415307 849537
430759 778091
428543 790615
389105 986429
387763 996493
422441 825430
397627 952044
409650 892441
419526 844998
401287 938154
403447 928442
406811 912004
447385 707193
393049 986957
414704 877734
413240 886914
413329 886454
433666 785682
407041 934059
405606 951622
429446 821134
423085 857981
436977 782618
456316 676906
401288 989749
449094 721691
411598 937071
403969 982966
444175 752118
475036 575638
418477 907292
420903 898067
427368 875414
440596 796558
433061 844982
410372 993094
463821 656800
446953 767114
426639 907435
422651 936988
428968 900026
415595 990714
447643 776947
434425 867921
463078 677805
435899 869530
474241 599630
420357 983123
449019 779480
443632 820222
446182 802708
447128 804631
487409 506998
432462 913488
429838 934860
443987 829914
461588 699423
432243 918436
456224 742750
436163 894312
430098 950556
451869 785176
468521 662864
469587 667020
449600 848533
444373 899659
472651 656074
457095 809499
456129 821036
464122 750410
481693 571422
455207 856864
442145 996239
442786 996667
447639 966213
477925 622551
450821 942822
450155 950884
474553 670113
457026 890118
466272 777960
478180 632335
467393 768107
457096 915291
456385 940094
455140 959965
470938 752624
464716 866170
466688 855028
482317 613920
479141 689234
465454 954345
477699 719304
470994 857349
481669 652576
476190 766853
479607 697846
471005 903074
470991 903744
472561 884796
488242 518544
479002 747948
475329 846516
475374 895933
476716 873989
473975 980452
482460 714676
478912 838615
483360 736823
477525 989632
482032 808761
483324 768661
484154 754985
480837 966957
488594 550159
485033 878787
487735 711041
486642 904945
488943 563748
486766 965439
487497 889700
488955 816684
488961 871804
489092 953038
