490413 793634
490294 709441
490668 729166
491299 714982
496657 972463
497373 971817
498152 985302
496745 834591
494109 692473
497034 811250
499487 867126
502435 969640
502761 878109
497088 711713
505171 902103
504259 834101
497883 687890
506080 849738
509275 902399
513583 971947
513810 968273
503427 761301
514331 944275
503609 739315
519326 983658
511506 849817
497686 618964
518273 906162
517973 873874
525348 943768
503892 674694
520861 864322
525402 911290
512759 758183
512182 737812
504498 653471
537030 939166
541885 976819
531984 876942
523286 796669
518760 751817
537590 909654
530497 838759
551180 958266
542686 884217
548998 927652
562422 998778
528614 763359
511941 648895
565406 962923
567429 973975
566269 966004
521132 693842
572183 999578
535019 768458
569332 946134
578710 988714
542779 790752
581830 984641
581647 979670
512934 620429
571437 907550
587378 982721
578122 934238
539669 743857
562467 850461
535543 718995
568883 861055
556910 800674
598286 966640
590834 919993
604704 974365
589876 911397
541805 714603
604680 950386
606722 957315
593380 887279
614912 964215
593310 878490
553737 728928
632143 998130
551496 715668
587552 836729
628286 969561
633791 987578
566807 762112
606375 893224
633267 980692
551626 707870
622322 935399
636416 970874
639382 974382
516864 588307
598971 839868
623867 913383
584680 793495
553204 695176
591978 809080
651042 979626
560910 709316
614242 860635
593471 798348
537454 638563
646779 937191
638867 913432
580008 751680
569946 723349
658769 944620
626549 859249
600109 785484
690917 997455
686921 987382
677871 965150
595056 760336
545515 640068
609932 790596
581779 723253
629446 835695
686639 963150
680273 947615
620041 805925
643157 846614
564028 668345
703202 972328
642990 834228
544992 623511
678683 908580
690774 933458
505568 538758
594690 727181
642746 828696
714692 976058
624149 785172
726561 998152
679420 899636
674611 881155
567164 659260
700488 923188
717912 956582
668691 853723
646522 804297
665888 839666
729780 960963
581562 679404
702034 907030
737057 970399
738863 971022
674240 848003
733827 952268
730299 944512
636300 772534
749026 977332
657346 810282
594025 694169
720680 922649
708020 899541
597652 696511
619498 730091
720296 899802
729746 914985
594361 682852
728294 909972
646458 768438
749919 940944
577593 649576
740608 916243
778197 976540
788623 993248
692927 831671
711103 860741
748942 918737
799886 994667
706712 847100
783188 964792
529715 567411
702416 835816
751565 908650
713999 849310
706367 834212
752652 902418
804262 979034
628823 714150
788135 953205
539176 578446
800986 966300
779859 934986
753378 893437
768283 912034
606284 674271
674738 772792
687988 791030
582144 638210
645985 728117
762272 892252
640421 718086
840257 992519
699910 797143
801287 937627
804257 941288
743423 856666
807188 944688
638619 709688
609706 669330
805558 935523
815189 947707
813740 945631
764217 877198
755379 862701
705766 793547
847150 973636
674481 745024
694330 770595
830553 944636
659904 720913
785035 879069
818480 920477
744855 827272
787832 881472
802340 898926
707073 777874
677602 739094
701934 768409
760526 840228
838599 936433
754084 831558
837193 933725
724480 794203
884351 990048
857784 957397
566825 599760
825660 916820
833781 926697
753698 823344
869161 961350
863347 952255
865645 954043
848936 932064
696733 750811
853185 933940
805984 877479
790822 859139
869192 949279
778487 842301
535465 558233
619485 654840
616483 651134
614202 648465
729754 781385
706836 754290
736064 786156
514827 533745
851793 914170
602104 631635
896515 962442
905110 971086
895945 957161
827602 880442
908271 969432
827132 879251
920911 982704
807489 857007
796376 844399
620509 649324
896909 953670
707126 744312
760930 803419
916916 971142
685418 718608
670472 701461
901566 951557
942915 993792
766422 802565
787799 822516
787032 819709
918808 956814
587472 607463
888948 922635
889952 919365
943843 974253
812295 836611
781248 804710
776322 799212
938466 965361
864518 889401
901270 926209
953029 978516
863941 886550
589387 606580
709648 728753
804016 822286
947167 964457
982460 998865
917975 932598
617152 632121
855162 869040
754763 767531
500858 516189
875260 884114
845605 854424
732978 743627
800607 807990
946404 947612
773262 779263
737818 743032
662881 669876
896530 891654
951627 941854
933809 924983
962764 945101
905463 889225
881317 864173
838803 824430
698361 695470
986894 956916
620635 624061
919235 894705
961776 932518
852467 832772
948732 913212
699848 691178
843823 817629
921393 882053
783505 760506
918958 878087
903466 860998
837404 804142
774661 749789
915671 869215
625443 620727
752303 728321
955143 900241
932215 880471
986870 924172
754603 727767
991719 925547
833210 791881
839036 795975
966733 900757
648970 637010
953505 887526
938003 870585
905472 839394
870964 810897
975495 889906
656027 636711
974561 887935
964732 877449
646611 627913
905422 829851
625982 611561
789827 737983
831865 769628
881419 802890
671723 642521
791324 732252
892809 802375
816748 746270
815393 743683
983407 864493
979977 861216
833294 753920
785966 718426
780808 713069
779493 711327
588657 575108
892643 789656
726217 672040
658296 623208
639405 609954
807052 726106
595996 579175
887171 778422
953153 819088
804972 718294
816637 725452
766840 691830
910169 788092
929188 800088
746052 675887
898888 776743
825510 725726
820992 722675
796309 705897
938567 795414
961794 808992
682067 627505
852785 734207
792871 695859
881630 751126
778622 686213
958582 798504
848407 729015
717819 645987
686225 625172
994425 812560
872776 737971
987881 805632
864518 729284
929709 766981
909326 754821
683166 619767
831577 707259
913980 755630
635441 589674
988007 793276
976830 786627
676520 612650
877137 727158
977691 783649
809155 686156
927519 752721
744854 649195
743664 645892
715581 630182
781232 664186
940063 750556
932794 746108
625623 579087
725510 631086
795603 668419
902293 725272
973251 762567
735096 635379
765132 650848
605312 565578
877122 705684
975496 752919
849173 687991
766280 644697
881493 702011
846181 684268
924411 722128
819458 669286
997280 757041
977498 743737
826466 667697
682215 598026
991057 746197
915180 708974
656738 585105
948623 723866
843415 673055
895324 697491
588673 552194
785123 644912
568621 542429
971985 730126
749790 626406
985210 735607
515851 517345
752118 623984
822677 654200
682853 590140
893915 681912
740212 614094
865352 667568
822276 646855
899257 679249
517812 517188
946034 697306
902872 676887
824293 642953
782900 624471
857341 652768
685813 583115
944293 682776
998894 701511
828689 634606
925705 669426
780663 614013
878054 649804
710218 585510
760374 603634
942596 669520
814033 622603
841583 632099
602778 545346
903204 650250
863874 634892
728450 587154
807796 614107
811496 613853
915624 647135
739920 588515
858281 627744
768056 597665
880057 633290
962010 658595
842761 618626
901886 636914
701616 572628
771803 592403
942692 642231
819763 600293
812738 597867
879742 616578
927668 622537
733902 569512
954757 626908
639435 544402
898883 610942
787438 581681
861265 597806
880606 600104
934510 608567
916805 603917
647024 540964
833406 580899
627640 534856
923540 596492
775010 563949
898734 587720
722748 551835
901911 586309
940421 593288
925547 587883
636851 533075
803357 562898
970243 593036
898583 579931
809956 559587
675642 536580
645721 530451
820846 557940
650230 529242
661107 530669
835318 554819
612906 522623
675037 530953
677444 529722
851154 551447
688782 530670
771455 541117
741075 536343
677039 528364
829729 546750
935132 556755
943165 555964
933121 552472
938344 552394
999109 556736
887126 545223
866888 542557
929480 548602
908358 545023
693353 523800
891356 540603
760762 528713
628400 516985
907659 540276
593246 513797
814159 530255
707641 521699
972326 541218
784279 526550
928788 536853
830716 528002
681606 515496
982708 528798
779989 518710
962719 525804
758335 516017
960335 520999
873617 515088
939154 513945
622373 506525
938412 508497
986857 507816
733835 502663
886950 500883
855546 499719
734259 500779
632214 502670
963419 494779
815385 497994
854005 494396
970616 490303
814979 495023
946265 489834
697195 497386
762845 494542
813432 488915
697236 494156
914804 482253
892002 483388
790650 488521
832785 485130
642950 496335
868983 482607
932023 478560
994119 473748
997897 471751
693331 491894
951947 472207
748858 486172
906277 473783
869000 474829
785078 479906
593229 495966
947978 460991
965176 458968
844430 467993
559661 498001
725450 480404
849589 466769
632898 489471
617243 490363
734500 476077
961648 448339
996958 441923
960955 445427
591273 492337
729532 473336
606876 489724
888981 448214
811722 458566
972711 430072
993638 422805
917921 433000
961678 425211
826733 447401
824063 445642
648663 476256
773716 450286
815146 439267
734921 454898
769043 447767
661378 468796
981385 396503
940382 404088
918726 404624
948844 395027
650504 465433
961688 382706
569553 484370
784974 425166
826489 413271
989216 364687
763293 427439
869087 397218
989281 362780
882891 393029
723502 435976
826759 404529
910925 379043
940791 365214
729537 430813
806200 406110
936596 363606
780180 411223
972698 346530
993462 338827
845318 387561
743048 420110
794647 402268
836928 386294
920766 356143
921401 354559
726729 422435
917145 352033
959918 333363
833579 377520
868382 363537
734771 412342
805197 385210
970944 320127
791504 388871
693323 426025
763750 396135
797195 382299
995037 296613
954851 312292
616446 452028
977709 298414
600041 458332
535361 485818
861043 345210
580954 466073
913808 320627
929422 312248
666559 427458
939765 304176
984861 282259
960959 292381
774819 376114
858700 336042
790494 366511
836828 344888
764055 376511
600386 452685
902948 305551
966746 272332
623809 439918
863183 322672
905286 301224
883507 310234
987139 257983
989333 254326
611941 443663
910930 292145
724801 381418
663692 411704
938067 263589
899415 281945
817023 326493
704087 388099
879841 288472
763350 352863
978551 227020
961741 236451
925913 256496
909514 263107
768326 343028
999410 208144
989321 213079
969920 223060
745013 353455
878668 273227
618544 428096
700248 378803
799067 318089
812605 309762
722622 363830
964229 214803
948700 218140
978078 198656
849301 278749
554036 464637
834481 285947
745450 342348
902585 241674
979273 191811
631386 414038
794829 307148
980310 185984
829873 282968
684322 377498
989601 172496
705311 361759
810303 290756
882044 241579
902093 227946
806956 287778
825777 274233
943277 186955
829262 266913
905089 211276
637667 398333
852622 242642
988400 144080
733248 327235
864073 230996
609563 417533
929029 177190
646450 387609
548773 460804
823105 252540
608276 415417
824562 250101
870366 214818
982302 126336
668829 366432
843349 230251
526162 477007
974511 126092
894170 188607
643588 383806
891673 186891
625884 397272
746384 301179
948953 138208
730892 312458
983439 107561
707783 329536
885917 184022
557983 450021
848906 211689
989884 89602
962624 108046
764550 273771
946924 117620
733234 296787
994946 70498
934187 122215
809893 227044
732378 294095
860305 181444
967113 86407
957946 89404
885612 152474
976647 70626
683163 332741
783878 240722
638116 371654
975963 66494
802056 222177
805712 217818
787498 231270
903407 123244
816438 203121
755643 259275
985526 37048
820534 191811
883794 130915
803455 205817
967965 48594
877767 134743
660449 341916
883341 127975
918377 85468
979017 25750
931283 71925
802414 197806
593917 402953
564722 431574
979752 21651
914754 84714
865697 129206
746974 247989
968888 23775
897162 95812
732659 257632
969248 13333
800054 178923
939698 28187
824966 149821
812092 163000
847703 124182
791099 181642
831195 137938
901861 60117
929801 29318
715929 259583
904653 51331
589417 395837
838918 120215
552040 436755
875381 78648
675601 297146
691786 277728
856768 87312
739041 218462
607996 369141
911352 18631
720993 237406
887030 44364
774124 174142
590566 387930
661255 305381
622438 350509
920857 1565
729501 223228
840087 92276
889369 33996
671796 288259
793092 142570
709160 242158
879591 37511
807867 121527
883339 30166
650119 311735
767000 163337
672749 279341
882756 18198
727962 208509
658330 295018
560896 415863
825236 80298
860636 33694
763842 155780
553132 424347
637045 316259
774991 135002
795484 107291
689271 245213
684365 250795
833128 51841
684962 247082
589626 371834
628351 319867
859049 3229
722209 188785
703637 211481
850338 9434
827932 39547
591006 364853
714247 191925
537797 437833
829684 25675
821625 36123
674918 241897
823367 27179
776906 83381
576739 376817
784716 66995
821476 12184
777081 65090
712610 161137
564755 388355
731333 127919
644073 261425
587671 350308
606188 320406
780173 40529
746787 92219
703157 161189
746640 86486
686239 184286
690618 175576
768024 47473
780908 25497
756192 66208
772979 33410
684547 179318
617923 290546
714159 127556
587787 337995
725454 96690
682917 169998
642660 238821
659323 208923
567825 368900
745100 57982
607286 296626
683685 152763
722368 80690
709111 103945
706700 108252
699626 120878
621159 262402
652146 204960
614409 272471
716466 81356
755806 7338
552563 383736
695729 103166
573211 339194
672116 137571
576709 329791
514526 455146
692563 90288
695784 81645
676053 120629
678258 114540
670059 130991
632563 208643
704775 58156
681191 105755
687203 89940
693117 77341
555483 367145
722028 13012
664209 135445
664034 135650
715274 25642
695818 66754
672759 112121
718447 8459
663577 124402
711182 18175
704292 30168
551930 367443
664991 112082
710384 7999
681200 72730
562560 340719
628483 190426
645636 150925
638718 166266
618937 209215
654453 126268
684280 53190
635907 163381
578386 297528
676046 66720
630870 173031
605241 232480
584135 278758
589658 262276
669498 63967
679217 29946
642790 120506
579167 277310
648150 92391
679903 3248
501383 474699
529784 398201
493690 495093
640485 97781
644144 85951
622275 142668
524179 411089
631427 113855
636536 92828
565965 290926
641393 77369
636408 90249
579627 247744
563830 292282
592500 209154
585369 223953
640239 61168
633735 78599
561438 290969
606780 151794
635753 61152
581317 226333
545723 331001
604098 146554
574867 238232
597932 151134
596650 154416
542195 332463
600963 114482
581894 176250
544492 307579
583130 164462
604232 75549
529763 355126
524939 370581
521218 383438
529289 349220
567077 199341
559138 226401
586100 114576
581496 127057
517252 388765
529836 334237
570713 157119
592839 57356
560331 192904
578679 110517
597731 15828
569040 144157
596164 16784
572541 118935
564071 141614
570878 105220
526492 324284
568155 100973
586601 5089
556778 155192
581000 15582
570659 66258
528478 289359
543346 202415
574983 22545
538720 206740
559970 70510
559643 63726
519930 314367
528361 258434
560479 22216
539109 167704
531563 217069
510432 358537
536390 157741
550437 49773
529496 203233
555115 3086
544702 77733
535128 150958
542372 75433
532610 151881
518640 266687
513119 299397
538236 67218
530780 119378
524819 174131
525602 144761
517602 221789
515219 244716
528908 99329
496003 440633
519482 156370
509633 256643
510720 223884
506256 279281
519015 83593
519572 17666
518538 28129
501858 291270
506994 79120
501944 165815
500057 146376
497235 223063
497377 108893
495976 122861
495079 100352
494402 6621
491795 191698
491299 190298
489170 101865
489161 224247
487969 119310
485932 447
489580 490685
486814 368364
478600 15309
479671 97596
477641 152542
479557 213438
473651 94226
468301 27028
472026 112137
470923 94762
475977 216376
480756 317402
471829 150262
470948 135521
464179 5260
472536 179001
466285 104293
471007 206874
471382 217050
457245 14161
478027 333352
460486 114661
459099 126653
462843 203779
441564 15360
455796 170437
439421 26420
439055 27168
447204 108254
433418 3269
437785 45443
479063 410582
432627 6105
465298 293012
468306 322329
476334 398049
425865 24297
427631 100018
424811 83714
453404 274083
439305 185169
473926 404488
477053 425702
411708 32056
428079 134474
430816 169800
403719 30611
401254 22422
464234 365948
469488 396308
397346 16116
431540 210081
404390 81468
433493 231013
428944 230114
383418 42722
393817 89550
381620 44808
416273 197203
412728 194322
418598 228723
381698 88979
423114 251299
367414 40006
432488 287633
367417 47090
359382 25433
380227 103468
427061 276125
386885 134215
353731 36551
362619 67668
344369 8708
447392 360737
372537 108796
340779 2831
340085 5939
365324 90939
424242 287508
359937 83384
343162 34379
397191 212047
442041 354534
448320 376419
408010 251617
415624 276251
337961 41588
406033 249615
416779 283263
453018 394089
340588 58643
457396 408544
353418 100037
351807 113485
408530 276393
362224 154036
313282 22937
309038 13375
444406 384999
365491 179031
357213 159100
310196 37551
413946 310534
415097 316672
378033 226568
342930 142978
366059 200118
410446 314920
282136 8987
379048 243126
355189 188787
293970 49428
413878 329047
441543 394231
307558 94920
271804 15846
314452 113270
348700 192372
329861 151104
315242 120595
337661 170752
364789 231245
300024 89599
382143 269882
274770 38728
271427 33293
344172 191088
252630 109
274764 50855
279030 61154
402845 322212
282234 81718
277876 73710
309892 140490
254353 35557
343706 214395
285784 103429
266415 66777
236668 8552
419796 368138
313273 160190
260429 57320
258147 54413
249169 41131
240663 29066
258833 64313
296412 143277
351474 246684
429563 392858
443799 419714
334234 215983
457845 446420
366337 278112
251553 68112
367798 286164
371871 293623
416165 373233
303407 171273
375659 302213
385360 320140
293055 162033
275362 131554
220020 37106
199774 3525
232500 62247
374572 307225
285461 154932
247815 93395
366405 298277
306742 199152
271265 140050
199195 25267
196696 28295
221744 78492
294616 194718
440788 427713
172153 8717
180037 24752
272685 170864
216093 84326
218870 88694
243348 127702
384070 343335
381150 339183
203004 66882
194920 58027
320787 250367
323290 256662
233115 122980
411560 390619
148430 5946
279216 201770
272352 192216
149318 16336
300593 235739
335159 285786
224599 129773
257774 177299
189043 94794
139579 28752
392983 373999
248529 178613
154522 53675
458513 463340
159746 63332
413953 404166
353259 323365
140753 47988
205425 134659
128278 35426
110586 12874
330145 298074
292185 248812
401913 391813
177572 104553
333824 305485
187352 119309
288934 249561
216274 158353
142490 66014
113861 30040
149470 75494
198944 138637
272725 232421
333950 309695
139005 66341
106182 26712
398130 392377
104324 30991
320648 297889
255600 219893
136937 75632
150694 95547
255387 222325
228147 189642
388955 384763
123832 68122
363690 354700
108783 57096
200157 166177
344400 335102
74917 21150
131760 90444
323786 314640
94831 53466
128168 93831
148486 117020
99232 62745
250897 237868
110890 83262
249755 238667
122911 99738
284490 278518
54022 25512
179787 164391
62456 36353
100519 78181
77172 52807
187930 174870
156763 141989
228696 220732
103162 87279
84838 67867
26037 10256
132121 124093
38016 24035
250037 250636
312120 317154
61538 52189
207101 209082
377640 387829
279483 286807
73941 73312
138997 141237
113450 115347
367812 378974
275369 284366
150125 156440
214147 222685
22714 29361
7038 14982
267963 280264
96073 107889
4033 16707
349816 364568
227843 242861
20155 36795
57206 74888
146020 163997
137130 155835
95198 114799
635 23269
123068 145019
225117 248444
5703 37434
143149 170646
76083 106010
31620 63156
33612 68023
40843 75181
39376 74871
216437 244158
148463 183303
324554 349923
357326 381344
14475 64319
257637 290153
359667 384794
318340 347555
158710 201902
347237 374798
177856 219763
247656 283737
47569 103202
110613 160631
73769 127695
19815 79369
222370 263803
107263 159981
467714 485443
403162 427430
67427 125771
251934 292201
157834 211693
16782 87534
37736 106517
181769 233907
273936 315827
60432 129602
45216 116804
452688 473275
305341 346954
280916 326265
150366 215497
205362 262523
222403 278417
75163 156425
199370 262297
124745 201692
290058 340013
363486 401478
10595 111629
115352 201030
105081 193459
109339 197272
53888 153631
193542 268276
105483 198424
204342 278067
156644 240327
274390 334545
396718 431634
141961 230182
391468 427766
106204 204252
90889 192724
143685 237148
18073 143839
268794 339570
20638 153648
167499 265003
186266 279888
160525 261957
44023 177501
57455 188400
38652 175554
124586 239869
111047 231233
131639 247911
46855 189570
30508 178432
41975 187408
180197 287188
135048 255648
361188 414863
69833 210313
300296 372919
299218 372312
109776 241948
35800 192065
178401 290560
43795 197784
68943 216363
12215 178561
403245 446217
232587 331242
314844 387724
289519 371575
45786 209985
21419 194783
261336 354043
350459 414425
10862 194261
78599 238748
76768 238290
390224 441110
33963 212401
211504 326506
246199 349125
48549 223969
78382 243923
218537 336563
134397 285276
188973 319518
211082 333222
204021 329308
306429 393271
357791 425129
115755 279943
205031 333999
227916 348085
432909 471342
379783 439677
60220 249573
213422 341378
455377 485055
324258 408278
130496 295885
291210 390939
123223 294566
277468 383778
69215 266030
45050 253036
68949 272043
153430 319422
70798 276422
157331 325588
101969 300948
13661 255766
92904 298460
184206 346863
55246 282222
430821 475298
127859 324729
27205 275807
104301 316549
69534 299800
45227 289789
264690 397406
110732 324673
155024 346336
8741 279188
212307 375845
250116 393604
13297 290792
55545 311722
59496 314041
61092 315411
205316 379940
327824 434494
45085 314800
75989 328744
10460 301597
73554 330252
206021 386162
419456 475861
67290 328778
61338 327791
9836 306708
151536 365902
50598 325262
170282 374864
130539 359623
214354 393726
146646 366979
120989 357402
8826 313066
184182 383326
79099 344422
293920 430734
274919 424514
158991 383388
135696 377908
160684 387608
65443 355652
6669 336600
152625 387858
229011 415631
87877 370076
73952 365622
300000 441625
234476 420709
156347 396230
129678 392138
99861 384970
31013 364830
36570 377761
49348 384875
221474 432290
307714 456838
417135 486314
273948 449237
246071 444224
42727 393558
266656 449996
162633 424308
328786 466132
64295 402162
193946 434623
293175 459242
74379 409070
137428 424128
387177 481761
131577 423441
310845 464822
96230 416245
58977 412761
271000 458460
14039 404552
188422 442284
217566 451050
115547 431480
13256 412446
41736 419992
150279 441200
172263 445456
111567 434540
42851 422876
291757 469728
53392 434093
265317 471308
225483 469040
102423 452582
305859 480484
171064 462384
4905 441206
99460 453867
151616 460870
62284 452788
51048 451612
137231 462398
72675 454619
65458 455561
6612 449290
447382 500500
365582 491749
100098 464319
134246 468166
115225 469838
92072 470191
273374 486274
170644 477629
114449 475700
308311 491556
103957 477827
346257 495528
32484 475918
1807 474401
270224 491815
108793 482701
344639 497260
357320 498065
438408 502553
103978 488998
154148 491686
289793 497368
176930 496047
103410 494456
448111 504218
57543 494282
384996 502693
377369 502710
170481 498115
275738 500608
54639 496643
181277 502520
304511 503879
24270 502805
279772 504413
83706 504112
159704 504539
345013 505360
332369 505531
190802 505837
179571 509694
464239 505751
66861 512791
84764 513784
164041 512210
471505 505779
205051 514649
30307 520998
173943 517667
231861 518035
2756 530533
212360 521905
12823 535441
133338 527983
278870 519636
478609 506184
101252 533379
318119 517772
77605 535127
32880 538995
294834 523030
27699 550696
132527 545583
27218 557953
22514 558802
52015 556370
283982 530039
102595 554370
14799 565895
331802 526159
181313 546343
7898 569417
87860 559048
37839 568754
263579 538215
222264 544539
48096 571405
35461 574340
36912 574833
412097 517923
143318 562970
197496 556583
74013 578940
2174 595750
183376 562262
172372 564961
442066 515290
178309 570890
237431 560826
113004 590394
102406 592825
197307 571572
143357 584699
102827 596554
4306 619969
267148 558113
126135 594616
180393 582405
152169 589772
102661 602204
45637 616601
459336 513140
140742 598767
101337 611155
203104 583775
114660 610364
45787 629718
159613 599801
364442 541805
169961 602046
37681 645673
382111 538879
21857 652681
359538 546529
238155 585084
94638 632709
271916 577023
151416 616761
304361 567521
158271 616671
24252 662089
54274 653552
247581 588993
129555 631933
89014 646989
66740 656689
447055 521034
161544 625601
211383 608060
72537 660752
87762 655191
11434 685259
206888 612777
104880 651561
44995 677290
98815 656647
50787 678105
181671 627266
74596 670425
132998 648842
38905 687345
145990 645537
238028 611334
18234 705948
8213 711107
93223 677132
202308 629939
21547 709341
84966 681853
212110 626528
305393 587241
62958 694974
174711 651289
235373 624332
111772 683146
15071 730101
277345 606451
242088 623491
390145 553569
233560 629418
408370 545578
254522 622029
54618 722993
153475 675971
106232 700156
19045 744658
47160 730863
107873 700123
102709 702951
10730 749894
216554 645760
2270 757911
47454 737505
167584 674524
45251 739219
367668 569661
155912 681075
309176 600640
246934 633623
180200 669553
153957 684566
154627 684759
384491 562082
367245 571674
23636 759777
86700 727952
143070 697840
191529 672667
22782 767382
158667 691453
329909 596504
258251 638512
136544 709480
83723 740293
137766 709710
45622 766341
213336 667897
100769 738285
27794 787554
45560 777048
142167 725657
351314 593668
122744 740646
282245 638949
63453 780031
129101 738238
169544 712479
106393 753470
51961 789616
78437 774933
238969 673071
64855 790134
105314 763894
257218 662124
316110 622853
129375 749564
251132 667403
63637 796737
269448 657018
316522 624847
77231 790155
234023 682852
38553 821607
108630 773578
459037 527150
212329 701387
104894 777326
143616 750327
371627 589719
140785 755368
316520 630186
24401 840741
88871 795896
303865 640702
37967 835209
86233 802214
145223 759268
266153 670281
184469 730803
73617 815259
39691 841099
23519 853329
242019 691829
28809 853421
152768 761100
398023 575209
388463 582596
228695 705220
125588 785415
61187 837775
344879 618171
57630 844136
432394 550499
30789 869245
37588 875011
267702 688180
41850 874178
81434 842886
27636 888781
391051 587782
45585 878851
325015 644600
163356 781587
156839 787811
14296 913336
102012 843407
440442 548471
33265 904428
156918 797137
96337 853971
350135 629751
129481 828345
129551 829201
109659 849050
72423 886183
100502 861003
188886 783491
416600 573607
25887 942531
187692 793444
14416 958905
88090 889111
37565 939953
207468 777097
74649 906230
35785 943992
13461 966129
172473 812930
39363 942577
182408 804470
89482 900846
56260 934999
87484 905381
171324 822572
137599 859557
109152 890274
135094 864892
89371 911345
14006 992563
124141 880705
41399 966311
325895 674966
189513 822049
61135 958837
238921 771596
163453 853278
151909 866123
346955 658902
154858 865742
315696 693350
347340 659649
407467 594719
438254 561346
209899 809192
43203 991565
159034 866641
182330 841233
94203 939527
271439 748465
219784 806215
57495 993703
133611 908425
90514 960107
305424 718032
81286 980869
280322 749564
118462 939757
413825 594421
136674 919187
287812 742464
77259 989808
77803 989487
264696 770629
197419 852261
219185 826752
121588 942999
315084 715442
223962 825448
288539 748798
404650 608563
286880 751940
331429 697842
295250 742504
129241 946008
139727 936625
121400 959313
175553 893953
265718 783088
229894 827697
349301 680638
99631 992811
310404 730328
166848 914630
285571 765531
176414 907526
210139 864575
216885 856559
294750 760480
428326 586612
199241 889955
383688 646045
165104 945313
444235 567262
204745 893874
158352 957434
176986 933749
227256 867577
173101 943172
182408 932698
430620 588311
339521 716098
232902 866674
440555 574852
304547 767824
154790 984322
306228 768289
436545 582039
347117 711777
150473 999246
256697 847227
175412 966638
417293 611863
215313 911944
242871 871997
190356 958902
334368 742935
271254 839388
344672 728368
320497 766754
225446 913668
291210 815480
192508 978435
210213 952777
418395 620678
414528 627148
329914 765100
350915 733263
263286 878933
420255 620681
307226 808126
213621 969343
280675 856739
271379 872449
329556 777771
385844 682403
404731 650433
310916 813514
359892 729641
329029 783804
227734 960967
417657 632200
294677 848606
212650 994969
302404 837493
242907 951167
371412 720877
224551 993862
410173 653240
401779 673107
237079 991929
331332 814484
345115 790890
358222 766868
298355 887044
284246 916838
446025 593436
382490 723156
427603 632198
348450 793434
292769 908457
260912 978266
256636 988177
357193 782186
273717 958643
385757 725027
418230 657089
323245 861543
317107 877158
296209 922404
291618 939681
364734 779684
308781 904355
371706 767306
338803 845090
350024 820640
285444 968876
335221 860236
363070 798077
422973 664224
342323 859621
328392 894967
315942 926135
340985 868470
290301 993329
378612 778293
298066 978921
458521 582941
331920 896986
337401 884256
297293 987547
408134 712789
351480 857056
360421 838186
369849 816265
370713 821361
328659 935223
383646 797576
361745 858088
316903 981595
410567 723948
344967 907604
381976 806381
316641 989018
341301 920575
430524 671347
336700 937885
346616 912294
347091 912300
389754 796721
414882 723901
422160 702992
337250 951948
351482 914419
344456 938796
350760 923315
409801 747110
354518 918605
369345 875592
404268 772638
395032 803482
364187 905393
425483 711501
431678 692894
390346 828857
355868 947306
356261 946720
414609 755826
377457 880232
453096 630440
364116 936659
425935 725403
381358 891277
406556 803736
406814 804669
365900 962286
361462 981294
458673 622979
425332 752163
378570 933523
440582 701843
445960 680657
443704 695251
417219 811888
480987 542919
380636 969118
410045 849456
403698 899205
449893 689146
418591 833217
388336 977910
455555 665638
420083 832892
391878 987713
411704 894504
395716 977201
409629 910438
404439 947483
420959 866538
435272 799685
446799 750050
427987 857257
427898 858603
415232 958835
412951 984925
423732 921730
440964 817526
413087 996370
441354 821456
416990 981484
426906 936451
477199 592310
465557 675854
432088 922101
426142 977970
480606 574998
432469 955502
474566 630360
457922 804185
441358 976076
469677 711847
460671 807241
457099 860797
449113 948993
481618 598389
478270 649543
456841 942264
462395 879773
459346 944644
464526 873549
485334 576906
462460 947470
473445 871133
479451 755310
472518 946120
477699 903745
478106 948715
478323 942620
483137 812426
487321 863071
488750 918008
