491637 989986
490919 780056
491517 912791
494866 988381
495350 974567
494354 833822
495689 911213
496262 928404
493197 719329
497135 920897
495755 830092
491980 612292
493443 677637
500024 973326
500052 909141
502535 971629
496495 743760
503104 955674
493587 603900
507686 977392
509771 988882
490738 516935
503133 807148
497768 681135
505922 867378
504875 827688
510894 923660
513192 937560
511399 884524
507614 804752
498157 632445
510183 826899
516500 920820
513726 857199
512081 830953
517177 874750
509663 759762
518917 875435
525672 948160
503032 655826
531793 982455
510631 733441
517893 812006
526209 885349
501869 623530
529266 912032
527116 882164
536556 968646
508833 682664
533787 888979
528251 783106
551301 955722
519163 714181
543224 893375
522574 733698
533926 813779
502591 585377
515551 667502
535378 800171
564497 995040
502987 580164
555069 902504
542733 822560
503811 581069
544021 825355
552488 877010
554922 891482
540859 794054
516682 649753
539284 778972
555542 870880
573844 970005
522318 675453
574665 960297
562378 892090
505333 578595
569651 902881
514844 619010
552009 802939
586332 961152
596884 986597
507594 575815
564579 829657
499150 536041
580782 900437
567701 837859
592155 933366
558154 785244
592803 920604
579319 860239
612881 992152
595429 918391
561181 780207
601859 939338
592018 895101
541980 698849
597899 908787
571726 804722
616581 973790
607968 941093
604961 913716
555822 733377
627336 991571
613716 935925
598020 878990
615300 927669
598759 869911
549881 700268
635483 993768
517201 586936
619407 919690
596609 843836
590363 820440
627641 939974
615421 899757
627434 923808
615209 880714
623149 900444
610599 860526
629166 913844
560045 699734
553833 678463
548597 662887
611677 838018
643668 926566
661107 968494
571253 718710
671934 993594
642061 908504
662061 959085
662383 956838
677852 992335
645031 903125
599443 781516
570434 702944
599163 776295
541878 628359
644554 890812
597758 769483
657648 922038
568976 695663
602333 780252
665353 933742
676000 958928
662391 923718
603911 771673
611498 786161
635129 841883
596788 748159
616196 791646
695704 976614
545786 624937
682951 942998
616446 788116
657755 882808
682874 938717
632483 821566
569170 675557
687218 945109
646692 850152
628996 809824
688981 940511
563555 657283
657355 864595
690970 937615
715085 990605
615891 771644
698468 952535
630070 801076
665185 877352
679554 908702
658111 861427
585568 702910
678277 904050
713663 980346
631786 802359
689710 927901
587879 706369
707929 962008
570480 667036
611987 754724
703540 944825
714762 967037
696068 926947
629168 786493
548100 614760
652053 828902
618971 758709
718730 957503
683843 886212
636595 787158
608953 724370
687146 875097
659345 820953
602840 711393
593545 693319
720913 937456
741741 975052
705138 904517
659631 817540
756672 995397
589317 678071
575115 651241
732310 938414
578206 654571
715792 902844
689810 855434
551375 604970
696507 864853
684002 841998
690070 850580
705663 872841
715170 889494
749569 942567
567931 628867
766729 967814
738554 919503
753906 945373
640189 750471
741327 922176
725620 894994
566180 623701
617908 708829
601865 681739
685608 821094
654055 768298
666166 785727
582035 646549
771050 957172
670206 790316
780597 969640
620964 708559
592338 661255
694385 823350
752691 915273
585819 647730
799503 985292
806990 996378
642814 735747
707078 835427
594210 657502
614403 688827
603077 670176
815152 997004
592180 651714
723335 852695
805278 977933
783647 943904
818771 997106
579866 631703
537896 567248
706514 821752
800341 960546
754604 890294
610701 674809
559980 597836
636284 709781
678122 770161
699085 798016
769103 897679
538194 563706
711060 808563
641565 708946
578440 618775
805056 933502
624180 681073
621136 676759
685072 765502
719020 812444
670905 743474
828175 956218
798043 912564
849110 981226
502877 511910
618321 666706
565034 594613
772637 871164
833706 951966
697282 770170
588933 625953
858483 981329
699777 769127
646931 699259
718331 792299
811673 912427
707963 776599
861732 974893
615969 655818
842826 945183
592548 624902
872913 979762
707367 769565
836116 932345
870856 972126
824295 912729
838526 929496
551653 571402
895248 998953
711822 770598
866202 961780
859222 951871
607086 639149
709983 766196
763759 832152
662170 705962
898560 995587
617855 650204
773450 839520
631657 665662
851530 931138
762229 821700
630412 663222
553884 571226
776330 836189
872211 950615
803033 866818
798392 860658
775218 832960
851850 918565
778284 832247
708128 749654
891781 961752
699861 737586
825452 881947
658113 688173
825848 879321
759548 801896
616688 638854
826928 877705
839056 891455
802565 848323
546923 558752
783605 825259
937739 998505
583458 598913
754921 788329
751714 784297
798806 834775
886630 930874
936739 982510
841101 877852
775792 806304
781864 810721
705892 728291
637605 654295
743383 768766
844577 877327
825880 855672
942187 980012
694379 711612
686655 703320
953378 983960
886190 910316
587507 596734
597172 606870
829270 849538
697031 710180
807633 823361
723819 735616
725039 735665
562979 568976
889677 901969
862116 873640
577852 583897
967598 980203
957610 967250
692599 698621
954398 961292
608286 613107
679495 683012
988212 989989
704505 707491
989202 989984
639097 641510
986210 983694
999538 995373
780594 779582
746145 745093
856432 852499
665338 665030
984162 974354
967478 953943
746142 740836
940299 926934
720222 712882
655468 651080
991130 968666
894031 876318
922060 902812
942312 920743
675034 666727
932450 897456
935474 899931
990689 950040
667159 655203
895340 860320
840762 810440
892196 854466
871987 835484
547739 545812
781864 753689
649576 636033
857502 820242
980486 926083
987521 930755
742658 715566
966431 911203
838689 799121
835545 795735
990907 928305
781832 746531
975663 913337
607582 595708
682673 660396
841863 797326
658489 639360
888912 837341
742709 709795
879269 826014
875835 822264
682841 657806
659175 637112
950472 881146
866279 810000
817434 768755
997411 918597
850353 789871
595170 580526
853587 792090
989253 899751
675448 644438
638045 613923
995148 901622
970022 880142
656801 628325
915386 831769
908891 826478
718186 673680
809100 744673
965387 867210
878665 798506
947289 851088
946537 849609
612544 589579
985796 878033
714084 667426
996174 880861
921391 823628
641103 609675
823249 747632
711067 662050
647254 612443
880151 786343
899997 799936
886439 788839
659479 620050
889278 788434
851197 760142
882885 782979
916380 805597
884929 782608
651931 612521
962449 839003
891442 786637
791599 713122
563708 547704
792109 712679
969619 840040
835674 741492
684113 632767
952865 824216
887454 775643
980225 840722
782858 700702
899432 781169
956756 820321
709813 647756
548722 535304
680670 627277
865055 754777
979132 833208
811785 715467
918736 788626
679274 624194
648996 603321
846663 738086
745672 668752
823563 721568
826055 722844
727687 655289
893483 766698
713146 644454
904409 771509
785255 691771
789615 694414
684902 624214
851709 734779
776739 683334
972678 812174
907696 764634
880508 746672
524967 516837
853793 727858
805699 696323
892773 752020
623324 579612
970821 801513
591467 559003
855699 727077
984342 807955
924331 769283
680228 614696
919953 766196
630110 582374
586849 554928
891646 745361
985048 802431
752329 656032
987754 798497
821414 695876
817617 693015
796804 679978
717652 632030
566584 540631
578834 548033
781715 668025
878684 723439
781504 665464
946074 761045
969975 773338
566617 538698
778340 660813
754370 646570
915462 738962
937154 751330
594314 553837
866986 709208
991121 779779
826861 686208
974254 769930
848281 697043
927084 739721
913746 731841
824991 681434
711133 617171
918487 731414
826648 677983
758992 640873
992923 767970
748436 634668
814116 669984
629188 567867
912965 717618
839807 678734
824212 670468
918694 720043
981551 752604
578723 540542
758337 633397
913817 712851
974982 743845
951355 731057
935596 722075
911510 709276
933720 719843
989615 746867
921890 712184
822060 661060
832563 664341
887448 690552
650492 573439
624843 560436
973483 731221
918706 703255
762280 626313
688829 589500
714971 601832
727387 606444
965857 717892
605013 548339
936224 702661
835397 653722
881706 674841
867809 668180
797365 635684
981904 720273
665862 573193
535896 514800
842537 651514
958456 701623
731002 600464
948373 695789
599755 542348
749510 606865
974234 703523
912790 676094
856466 651411
703213 584785
853079 647751
765499 610452
757355 606008
983291 700016
647918 560059
903878 664828
689682 576198
916047 668512
809870 624984
839202 636883
862374 645565
722665 587694
982343 690886
628789 548580
897702 652511
883528 646659
734521 588817
897876 648814
999047 685097
977872 674874
822875 617141
929524 656476
957914 666596
941025 660116
577290 526338
903859 646100
680329 564016
835105 620216
731538 581929
653252 553131
528624 508057
721757 576778
671967 559002
709918 572449
891470 636269
888824 635215
787030 599139
991523 670748
789438 599452
930829 648405
543731 513009
764537 589008
855478 620110
629017 541750
867901 622753
961507 652137
763214 585608
985927 659363
843642 611946
932822 641104
881876 624069
851099 611160
853025 611533
855963 611574
975824 649710
750129 576534
732444 570453
977463 646219
958245 639840
872370 612451
973818 643255
919342 622942
911392 620513
881710 611412
669545 547558
710766 559672
983279 637964
941562 625779
569031 517155
777626 576907
971529 630942
625810 532359
938998 619785
869772 600313
805546 582322
709237 555312
947608 620913
658886 540514
833555 587200
782794 572295
814813 580768
772606 568980
781866 570911
931203 609787
989088 620175
876784 591437
648354 534016
627801 528632
995087 613680
899609 590934
956762 602769
897046 587863
691256 540378
944446 597274
770339 557533
935102 593712
785959 560099
940429 592785
789130 559631
824854 566571
749768 549823
698149 538651
941419 590473
840535 568814
968588 593589
528592 502241
934436 585834
768602 551232
588393 514337
753811 547588
934206 583612
860847 568832
820178 558392
972119 587579
938141 580314
787377 550819
864175 563721
937410 577112
718355 535566
987328 583114
950860 576410
914551 568773
971838 577884
787379 545818
927498 566111
943400 568044
685380 525499
987180 573214
585479 509354
775582 538772
818576 544794
968766 567429
738387 531316
920434 558472
942446 558741
766185 533541
989293 564508
933303 554646
992450 561149
908845 549622
946416 554430
765990 530027
853977 540405
608280 509208
632010 511192
760339 525627
757255 524409
881913 537914
522561 497717
776392 524631
890280 536562
754594 522080
778330 524221
857339 531555
965294 541660
819908 526372
963125 539406
924071 535563
796105 523321
884373 531636
720036 515468
999366 541037
816974 523565
854548 526463
961001 533704
665317 507529
961033 529789
833578 519718
699109 509736
972674 527806
815217 515858
941351 522048
743923 509608
708080 507244
956518 520038
992328 521667
849866 513347
981500 518738
715867 504865
894314 512107
918508 513002
800341 507766
676123 502260
712093 503797
821750 508396
972395 509033
946397 506483
855551 503372
637614 497510
599954 496459
959574 502763
849430 497577
707783 496089
729038 496085
910281 496898
946515 495394
924851 494876
993733 494953
959693 493838
881916 493079
841564 492837
744814 492690
832864 491235
810642 490376
727638 491347
981070 485100
828087 487436
853827 485814
765493 487685
950390 482148
982427 477196
936003 477695
681013 486577
804678 481483
850709 479035
856720 478524
746884 483190
763672 482303
921698 475175
980851 470971
915321 473615
746962 481695
863085 476041
840077 475206
875709 472853
499849 493654
817933 474383
826928 473118
900723 467464
871255 468577
872168 468472
976657 458994
747628 475036
624946 483626
999243 451496
905629 459179
849303 463763
867560 462189
968266 453215
943410 455328
637678 479733
841109 459803
905308 453101
860092 457417
872855 454576
938288 446013
905502 449447
947995 444779
737764 466347
760540 463140
815584 455958
563967 485285
571391 484295
993522 431528
819386 451550
964005 432060
710457 464722
968266 429208
641479 473603
988063 424599
787113 452402
771903 454462
735413 459528
683074 466710
944192 427669
885948 433086
634367 471731
688917 461775
938537 419403
796982 441291
787725 442011
798527 439341
926887 413224
786198 439109
936837 409982
829968 429905
855080 424893
800049 434147
877504 418117
879755 417622
761235 440302
854082 421263
897129 410767
681901 454278
996719 384464
848819 416368
912140 399892
888706 404553
916644 396218
620336 464064
880534 402173
931118 389868
615189 464431
966401 380948
865223 404727
917036 392302
998081 372623
522371 486162
731869 433648
774015 421853
862594 398341
755861 423864
969192 366129
796596 411577
884077 387341
863695 391012
913371 373522
880496 382542
752144 418774
919036 370283
871847 383805
600214 461866
947577 359991
645814 448296
735228 420904
511298 487762
951161 355344
999949 340531
920548 364153
868165 379379
977829 345639
940478 353852
750876 412433
732672 416542
690780 429647
869664 370238
671619 434594
898263 359766
783743 397063
764815 401808
600305 456656
992702 321849
696548 422505
875159 360428
668728 431688
596059 457051
959156 328740
945749 333004
984233 319365
880377 355317
822737 373624
664960 430728
954859 325497
838575 366616
674691 426187
625473 444078
742388 400637
862753 355976
649103 435123
921239 333203
903305 339184
949294 316709
945305 317122
710497 408047
601561 450543
933521 318520
964419 305749
939539 313744
985803 294768
969828 298148
862228 341440
946155 306025
694272 409876
778728 374099
836922 344738
684243 408753
880815 320317
545212 469378
566786 459659
893057 312586
941907 290562
905897 306134
753328 374913
872810 320813
975986 273612
877289 316984
674491 408350
909393 297934
558784 461782
702201 393285
959829 266615
799063 344347
888546 300585
706809 388595
945708 271512
789186 347590
923758 280185
731999 374652
890372 295966
902322 289914
769603 355553
688549 395167
941749 267673
901761 287197
663006 406560
614214 430836
835614 317894
914406 277400
563230 456567
651856 409513
908282 275388
867417 295709
541309 466973
916408 268053
725605 367626
606947 431223
827216 311462
790116 330733
701814 378689
929260 254071
820175 313380
864018 287899
799619 322839
933450 247926
782624 330344
647956 404807
777537 330930
851224 288767
856403 285762
804916 313709
581979 441316
803005 313527
905856 253305
992685 198263
808635 305160
855971 276540
765422 328880
911119 241020
947452 215915
924248 228804
969841 200878
915092 233837
896443 244338
513441 479624
882003 251931
584588 435525
806428 297945
852725 268227
878657 251594
743498 334572
941855 209333
680144 373950
642648 397056
977835 182250
981521 179722
882331 242407
770759 313332
525127 471422
934475 205463
679267 370992
680029 370383
744114 328390
710622 350123
749413 323105
789892 296097
832672 267824
863239 245391
738452 328109
771507 305875
791065 292159
966603 173684
850690 248172
666418 372342
944410 180247
712877 340134
775434 296765
970565 161235
928046 188332
831679 255551
800545 277212
876192 221567
618762 403052
741569 315936
977332 145389
709352 333367
595776 416221
684951 349881
937135 162771
719650 323835
991647 122082
630791 389596
955166 148103
925076 170004
699789 337153
940332 157040
951196 148904
979364 124688
690983 341739
855637 215941
729521 311712
822039 238912
828346 232938
913475 167137
852235 212901
925208 155671
954713 132538
720591 313483
824264 232057
736923 300150
806221 245552
735358 299918
853533 205478
742768 292582
670130 349890
562125 436199
971817 105500
739256 290678
825893 219841
756679 276081
902572 156801
893119 164153
832393 213579
932738 131228
857669 189936
687770 330350
867951 179949
728418 294865
996781 70471
777910 253259
722950 298576
865814 178551
659305 351183
831506 202723
822785 209432
514442 473043
860912 175109
881234 156150
649166 356555
824048 202790
721895 291776
879571 152945
882448 149639
874457 155780
682225 324877
919045 115526
677819 327292
901321 127945
974283 62163
889682 137395
794430 222114
653859 346510
951116 78685
993224 38932
975103 54570
792341 219115
838818 176813
999716 29996
823990 189949
641978 355523
941402 80370
889650 126832
853668 157831
901110 113834
735882 266597
817153 191183
690625 308226
793583 212562
879901 129799
885520 124506
738115 261575
991060 21906
871517 134381
908524 98051
823200 178164
927027 78136
702660 290715
901401 100671
690529 302238
795877 200538
882618 115094
693067 297785
632185 356531
994569 5954
844361 150060
834983 158551
726257 263772
949912 42640
581998 403669
649763 335631
873317 110824
685914 298016
827933 155718
954475 28241
980093 137
713390 268328
769008 210952
874956 103138
891923 85693
820470 155880
785151 191759
889159 84846
906928 65736
659230 318964
889491 79125
949240 16849
855793 112239
862888 103897
864483 101747
827662 139367
673168 300584
866165 96210
642022 332848
716198 253892
831742 128722
518204 463705
730427 235677
842135 115208
786212 175009
904856 45603
916844 32242
746510 215966
737361 223815
608115 364895
863119 83383
932359 5125
890862 50781
859406 82932
658249 306664
868915 71540
819695 125494
795069 152875
907124 25992
668408 293429
907599 23674
816933 123221
877353 51726
750828 194325
768130 173681
897253 24515
620088 343876
870705 53403
673437 280820
766887 171525
857525 64898
856085 63507
624975 335089
807183 119773
607609 354943
841906 77381
739589 198401
712113 230007
742395 193099
749069 183518
655271 295500
793005 129296
852305 57487
627644 328028
873487 31272
791642 128657
507887 472283
813270 100634
699867 238274
785772 133023
862093 36258
580378 382578
759009 162187
641523 306818
745653 178186
696077 237266
801565 103343
592170 365443
719278 203814
716606 206638
788391 115504
663614 273323
800956 97836
729155 188581
754629 154356
670350 262209
691361 234920
683601 243627
712601 206007
614462 332475
617523 328382
794824 97480
833369 44970
858896 9414
786519 99900
812920 63921
779021 109044
763150 129379
646703 284660
771222 117906
791784 89107
708818 198977
683154 232987
568027 388354
696277 212389
649814 275615
817096 46532
827628 29527
763261 117679
672527 242221
746118 139471
613685 322198
643579 280477
560937 395179
658579 258762
732584 153159
720916 167473
734387 146102
670993 234933
771437 89604
678296 221438
821262 14333
814261 20928
619746 303926
605218 324622
721423 153608
640018 271050
785563 52873
803184 25123
717296 153617
571706 371261
681811 203519
715240 151727
625873 287185
779165 49256
767035 66774
716737 143194
790470 28388
547548 404737
750879 89183
536896 421144
719128 137877
741495 102124
789024 26356
786357 29900
694669 173263
636948 258355
688815 174303
547190 401311
682823 180513
733690 96467
687940 170743
621249 277553
686697 169027
712384 122201
710660 122825
750216 55153
781215 2598
698610 141763
766543 23499
759010 35936
751176 47389
717602 104314
687754 155258
687093 156046
541051 406312
736055 71194
681291 161006
686620 141256
713966 90572
719438 79951
757467 9572
510405 456834
724346 66369
730681 52385
602459 283502
692445 115091
722674 57097
587595 309387
677165 136872
638808 209893
661775 165882
657055 174356
733900 25180
586719 305559
726346 31763
632305 214858
697128 87637
630575 216645
737801 2520
735661 4642
651716 170658
552822 368246
622542 223963
660072 145137
724820 10867
676480 109310
606933 252158
651313 160377
630679 199719
599019 265364
667807 119414
685270 82279
716275 16492
721279 2959
626006 205142
718079 3767
672293 102090
653724 140751
717394 3334
652171 143451
610485 233063
592985 270266
693259 50488
697991 36132
539055 385393
628836 186212
704674 16756
633920 172900
679184 70951
595142 258000
697429 27985
656535 118851
617010 207630
621475 191743
655820 107352
645316 129470
629761 165521
696603 5848
582292 275550
559938 327759
674110 51147
663386 75599
600328 227596
523051 413600
647133 109043
632401 144626
593088 239873
680295 22556
673460 35773
669998 38128
588080 244748
610896 183275
620962 156998
668247 33977
677001 4886
578606 261612
671436 13857
610672 173862
645425 80498
599570 197760
647792 58567
592539 208807
559306 300290
652593 30792
632672 87323
654680 22998
578518 238275
635078 69933
653891 13235
645675 32860
563060 277313
635755 61998
573807 244991
534486 361433
569274 255844
622980 93374
612445 124068
628212 74465
525811 384806
607098 135420
539799 340007
636307 39363
614707 100974
576664 220248
600047 141716
576646 215240
591815 162840
591872 161821
629998 36732
584993 179424
602446 113695
599540 119526
560148 253320
632626 395
621426 38989
580420 171661
557731 252276
605533 80164
614457 45619
573871 183143
594999 102305
590758 104124
569766 183350
613217 13447
528403 343706
543879 278814
598706 51518
592713 75144
548638 250951
579158 124375
589400 72529
519705 364451
568126 153403
575095 121809
594157 33406
539138 275920
574138 108668
585205 57427
595978 2736
533648 289400
518645 357826
544576 228692
579804 46062
578238 51714
584465 20488
522540 329244
545484 209745
564414 87223
568656 45548
571224 26953
521431 308162
562762 61157
564765 34541
516443 329821
498624 439684
542296 169128
564830 21585
567284 1474
518058 312063
564005 15615
555552 52203
520084 284709
551521 65089
513833 323630
516738 302642
504451 389977
529594 206455
517706 291409
527494 216194
547502 45436
523940 227825
514244 296159
523185 223478
538471 91931
517960 255809
533375 121383
545108 15583
534868 102111
526000 176263
515904 258518
538221 46450
516192 246449
523513 171693
534507 66403
530162 103239
531715 82542
524627 152081
499566 397942
520123 190509
530943 70733
532496 38675
522671 129193
512291 210713
522055 75650
522123 58628
525031 18790
501251 339601
510951 202285
516583 108199
493415 440822
505667 256229
510967 172296
519449 31708
509172 183276
509941 164804
513445 98743
508226 157263
501815 268390
496998 345669
506984 103637
493961 396045
504963 131669
496114 331688
497516 287803
499734 218691
504175 50753
499261 189134
502354 49814
494621 314532
496418 242337
496206 213376
493914 312722
493983 206390
493840 166319
494741 63300
493958 15040
493045 90762
493435 38245
491191 277460
490283 163617
485368 134751
484349 99904
486086 231774
481997 43552
487250 382851
480623 130778
483704 267884
474034 1927
471855 1633
473504 47831
477965 182489
483912 350201
483483 354791
468863 47136
476545 211771
466112 43866
467545 76199
469803 141924
464328 56433
464588 72853
476393 283727
485494 431628
463991 119631
478588 332932
459986 69783
456462 20603
466454 170659
463308 150779
468326 226062
471543 273956
477891 356993
472166 292106
469324 263298
479951 384305
476981 356673
460288 178307
469149 277688
443889 13693
459526 177971
441033 10181
444218 45378
469278 294662
439170 14006
483123 434590
455330 190090
438735 46446
452906 171390
453383 176057
452407 168338
457708 219279
431175 2484
431132 7416
469018 330291
433515 54156
455601 226874
451513 201420
444661 152939
453983 227590
427590 36140
434537 91153
422117 9535
433157 91409
458547 275252
482085 440201
456002 258383
427303 67212
453729 249081
423078 50199
416592 24156
470977 377105
432260 140804
476351 413141
439180 192346
415095 49464
447363 249303
405107 10613
457566 315600
452068 287211
471808 396148
416891 100701
419091 115166
443457 248218
417735 114119
414180 103798
423439 154584
398238 31003
422447 157358
433253 220112
425797 186486
461367 357675
437186 247661
409248 126667
441144 273694
423150 206455
393990 89139
468775 406003
406281 144283
427775 235986
393189 102180
445065 313263
415846 201331
368799 17067
374057 38021
382950 73813
395921 127057
389371 112100
427822 259212
434315 286405
387480 120458
424130 256920
363478 41054
429037 277939
404065 189933
453203 364945
368997 68603
397461 173298
351507 13932
347492 1705
385964 138278
343474 2938
352863 34820
352453 36178
375567 116046
356347 52855
413773 243495
340810 13003
341205 23652
369852 117479
441130 342704
405657 233187
347540 58853
444570 359276
391780 206929
418506 287104
376757 169034
361468 125256
380190 182151
337657 61770
317585 5560
425880 315578
359320 130629
328609 49620
353424 118152
384833 205489
328149 53375
347813 110432
335254 77881
338788 90343
404535 266946
344298 106683
303309 6578
332405 82938
385622 224639
375601 202716
294648 8302
378080 218568
344254 141384
298991 35587
364621 194676
391407 261369
394006 268515
370927 218746
306466 72373
299439 56252
411472 316399
393346 275554
289442 51469
314325 108470
337968 161029
327948 140176
364059 220772
276082 36373
356802 210964
278639 47384
274834 41048
330428 159278
369834 243899
256260 12611
263285 29210
338557 183905
371634 253921
255862 19712
318589 147640
427099 368253
312453 140092
335003 185201
280712 76821
296510 109232
262937 43014
304650 126715
288433 96325
319073 157174
274634 70409
271896 65361
296120 114837
328524 178930
417841 354828
246894 24113
354275 231988
264110 60345
322457 174147
243497 23820
327266 184777
407772 338350
398555 320866
252983 44826
261440 64076
279884 102598
235685 20782
394178 316872
371656 275419
278886 104189
224107 9192
228963 18348
280901 114276
244602 48648
269511 94924
303912 158442
440144 404545
287501 129478
466162 452060
235981 44711
421994 374268
362803 272034
260353 96751
273860 120659
243160 67940
207234 5949
265944 108872
341838 241018
297827 166982
302945 177530
198957 3278
222659 44685
220254 41533
229990 58259
483669 483943
327006 221479
278251 140234
223573 49541
455037 436269
324619 219588
240965 83089
343543 255377
271768 138677
255374 115060
280023 155647
245971 101308
307448 201505
409466 365424
198630 28150
378991 319998
254289 126950
226207 84431
329416 245846
186651 28839
177953 26997
228194 102839
260748 153304
306538 222179
194425 56536
232027 115990
176333 34698
205590 77995
162005 14381
408516 375539
152794 2688
172783 33354
150467 5772
219502 106096
316941 248408
211680 101178
343179 287716
381605 342743
249309 158790
192637 80378
180684 64239
161131 38672
297103 230032
137330 14497
357036 314094
264281 188970
270000 197078
252495 175126
267636 195806
193528 96897
239762 159910
243565 165845
399080 373236
247022 171925
166861 66542
130406 18384
160687 59371
114621 11105
249022 184275
230604 160636
306301 258414
313323 267505
115287 13608
315318 271651
141482 50780
232875 167162
105618 5229
270796 216543
99853 3560
159985 79241
181796 107197
242220 187132
159822 85800
344951 315691
277105 232427
185541 120900
332588 301471
208561 150561
360727 336905
433029 425064
199167 141319
141049 71157
138895 71053
243312 197767
172676 113145
174211 115149
309734 278083
122473 56265
377988 360921
227783 182786
135146 74503
199862 151867
333735 310178
222342 179423
164759 112772
341666 320402
305586 278328
130414 75847
115267 58705
188336 144315
175029 129326
76016 17834
319376 298354
86529 33161
318506 298708
311567 290831
239488 209488
428639 425025
148830 109294
131779 90215
145430 108458
114499 74212
62101 16578
87049 44651
320485 305379
186250 156606
164276 132198
349589 338391
263182 242935
88901 52560
253832 234441
135369 105610
284674 269369
231295 211283
237924 219087
351799 343508
145698 119363
286905 273411
49717 16174
340637 332228
143498 119585
156310 133551
64416 34758
98136 71676
219724 203011
80362 53385
299230 289296
228548 213963
193984 176897
307697 298877
145579 125898
396210 394325
53750 29344
39053 15035
231402 220426
31710 13994
329172 326653
345446 343681
270730 266222
85275 73797
133361 126987
118600 112889
140313 135873
205473 203175
6536 2411
189780 189338
39762 37168
39406 38147
2331 1568
146717 147995
18234 22116
74652 78861
60391 65894
41605 47505
86604 92973
105023 112108
8917 17653
159742 167450
16821 26195
23095 34203
139894 149723
168612 178823
72864 85105
225288 235440
299129 308683
213854 225933
15014 32784
193634 206629
32826 51090
88691 107030
411212 418525
391810 399993
44217 66963
171355 190830
232660 249344
18540 46253
265953 281542
373103 383843
109890 135700
8341 42085
81813 111527
404005 414074
111964 141277
225726 247659
379417 391237
135162 164748
204773 230175
319894 336987
294225 313638
91641 126925
442406 450556
123189 158015
134444 172572
151122 188021
52690 100157
289588 313965
36153 86549
293944 318923
54445 107798
248158 279834
201715 239352
209423 246538
8346 70416
160338 204571
23265 85263
279593 311481
405020 420870
203036 249303
437986 449984
257604 296888
21503 97614
363415 387470
271241 311442
187544 242539
55227 132441
108550 177701
6764 93922
170706 234923
215753 272481
274670 320523
237448 291515
73203 162345
134185 211028
349888 383368
419788 438932
14723 120942
178293 249806
66276 163088
456137 467982
90391 184352
19372 129917
50856 158144
122302 213046
39283 149636
185182 261481
288790 341773
150679 237416
439074 455806
89500 192444
144508 233959
139991 232691
54383 168942
116284 217539
73433 187753
254510 321401
345012 388229
225791 301066
164850 257373
88320 202317
51755 176881
170081 263238
17362 155478
145307 249451
39714 174799
43506 177693
9582 153793
16427 158842
47009 180868
80866 205629
234082 314231
302081 362380
240684 320149
107408 227738
51303 190331
120902 240395
327679 382669
191203 290083
55162 198385
104830 232550
344285 395399
156431 268316
103816 233508
203728 301372
125835 249086
16945 175800
386527 424746
226079 317198
187101 291754
332833 389269
390509 427930
9179 173522
67490 212851
869 170243
10254 179624
90605 232601
124754 255189
130329 259098
235650 330261
169373 288360
24383 199098
342874 401228
66589 227054
5850 189350
16883 197125
121124 263786
38725 213154
8544 194808
254782 348007
309799 382292
291093 370810
128380 269794
294580 373352
61809 229959
92651 249480
72744 239906
108394 263847
157295 293913
118881 271167
26674 215822
159487 295791
65300 240727
260746 357808
12423 211622
289843 377175
251231 354807
159858 303048
177811 313486
359615 419642
97823 269772
42834 238311
202431 330624
109089 277846
333203 405329
88891 267596
177991 318174
76544 264406
302870 390374
45725 248346
253119 364789
320538 402723
57274 260524
86561 279333
352730 421183
17172 243557
199332 340272
186410 333836
260219 373982
16719 249716
108707 297740
97482 292279
155559 324062
324856 410411
198193 346074
93623 293451
258390 378403
118613 314837
149422 331903
181268 348288
12535 269856
285735 398819
18368 274177
296988 404358
101213 314103
66002 298567
138213 332040
229250 374202
379732 444062
226915 374803
127480 330957
78492 309185
80794 310798
459308 480569
197401 363564
85321 313487
156700 346270
176129 355517
367719 440581
260286 393674
189168 363151
118414 334153
140556 345388
58342 311467
105763 332380
60009 313338
123139 339959
258175 396866
53369 310931
119137 340510
77989 323484
102230 334536
133869 347656
8016 296685
151492 356811
60934 321028
380660 450294
80777 330156
142586 355725
77866 330093
251538 400077
157626 363048
129510 352286
36791 317629
139374 359221
18767 313348
19809 315589
94365 345029
138295 362458
247728 404217
33406 324602
239993 402732
217638 396649
32820 332683
112649 361422
309781 430840
195431 391761
113536 363718
77530 351310
35870 338337
37506 339110
205224 397573
132414 372958
225894 405001
215228 402372
41682 344723
161828 385056
119860 371924
341408 445215
46252 349522
114379 372086
13821 342796
104702 372973
38545 354021
224802 411927
330111 446179
83616 372325
52630 363199
195589 406307
309848 440650
170233 399302
102431 383363
79388 381536
306134 444607
240602 427409
152405 404381
44389 376097
142550 402393
60926 381646
55828 381600
291287 442789
53419 382175
140848 404908
210729 424115
277504 441600
397006 471300
347438 459159
85812 394747
120061 403706
62307 391595
212949 428807
196597 424948
121271 408209
75601 399466
80054 400715
304902 455731
44733 402909
405331 476966
152202 425429
274801 450427
282724 452111
246117 445339
50255 406579
164211 429391
294961 456023
27921 403775
186270 436216
397006 476571
130356 425945
195375 438640
205547 441276
240465 447905
13622 405891
9874 405255
45531 412676
66017 423843
73903 425544
125882 434420
246468 455593
220776 451554
244984 455875
69049 429828
299066 465566
336643 471900
67274 434489
365592 476720
100841 440724
239179 459920
205197 457129
252077 463540
18767 434212
351056 476750
112448 446917
130310 449183
298886 470309
95747 445074
21675 436163
225867 463407
64491 444593
204598 461066
75265 448061
237416 466218
129965 455001
41244 446027
16074 443507
404224 485198
143301 459041
39702 449221
34447 448984
225406 468826
139574 462107
156776 465348
111587 462183
442233 490188
104045 461922
2989 454205
11251 455226
129979 466102
260754 476934
139682 468020
122425 468278
247342 477664
218989 476159
117692 469667
335076 484165
109669 469992
47561 466406
266398 480350
87543 470282
99688 471959
168759 475953
247770 481417
255800 482926
216321 481994
184530 481066
17016 476737
192187 483524
332907 488609
80218 479587
167118 482943
1505 480397
9665 480875
198614 486567
125025 485436
121854 486448
2109 484651
63516 486500
284731 491232
341418 492125
103887 489865
233332 493374
212904 495067
318234 495037
332986 495751
194908 497792
287835 496879
16717 500695
185660 498762
204969 498733
159125 500720
81757 504432
318055 498617
34501 506086
313906 499086
212809 503723
32561 510109
172812 505329
119172 507374
354464 499138
41340 512970
34802 513548
193147 507000
47922 513604
72705 516219
182673 510774
7256 522715
337111 503380
71725 520684
40539 522947
278521 508628
59278 523882
16049 527406
229129 512722
396124 500889
63744 524977
248085 512551
13676 531673
83581 528115
184623 519997
302599 510057
244024 515993
13973 538148
213143 520444
105537 530855
213781 521041
307280 512060
74822 535264
296848 513521
103051 534547
117697 533220
148708 531458
221361 524066
277033 517925
82703 539643
343985 510628
19149 547834
42993 545511
86582 540908
146003 534668
290495 518306
35297 550433
366443 509514
392051 506552
460306 498022
12045 557375
146211 539838
57933 551970
322503 517498
62007 555029
133710 546252
70527 559944
137485 551440
301139 524948
188240 545616
272273 531691
413679 507337
8422 577396
86705 564073
42122 573871
244585 537899
278730 532107
224909 542658
393695 512299
129480 562993
125940 563807
309589 528726
18581 585817
172981 557744
315700 529659
361986 520734
279082 538239
289999 536512
82973 580690
333499 529328
59811 591041
60648 592238
151956 572955
9863 606476
57351 596720
40373 600945
175339 569501
87688 591216
5671 613672
314347 537924
118569 587532
162046 576611
236591 558631
46449 608538
73242 603873
207706 568873
96869 600223
119619 594176
346034 533091
186394 576486
154861 585053
124251 595035
48857 616393
942 631115
105277 602399
148452 590854
70242 613069
194483 578596
239665 566263
234067 568461
189242 581758
4028 637551
148828 595555
389195 524155
285754 555344
13412 638386
101130 612113
176111 589487
18184 638417
79157 620332
21090 638553
101889 615462
172659 594822
308220 552280
74891 628048
88077 625412
80190 629634
75763 633836
42907 647668
293983 561586
309756 556919
228397 587648
89939 637722
345637 546019
132576 625348
184851 606251
220161 593366
304725 564605
123557 633553
115434 637530
81424 650806
138776 630596
1600 686737
171443 620487
415648 523881
160123 627231
95768 656634
101657 654843
76739 665297
325394 563606
30834 688303
229918 604685
10188 700177
55013 681623
106357 660308
113892 657531
128595 651369
42321 689340
264348 592558
88019 669684
175394 632061
71174 678099
51391 687219
334791 562738
159968 640372
118866 661335
24215 705681
218927 618130
301989 580220
189902 631876
20800 712939
98218 677623
32542 708408
167815 645260
251816 605870
92574 682433
16088 719017
153355 653904
173974 644507
232852 617007
18940 719985
427791 524204
47984 708462
181565 643908
290594 591660
12755 727742
60125 705179
157486 657502
365072 555765
201978 637265
128685 675383
382362 548132
242261 619069
254335 613107
98888 691841
87787 698951
45294 724135
71006 712258
38972 730766
234270 628346
246824 622557
44836 731051
224782 635447
144788 678712
18001 746524
256432 619650
191090 657563
201954 652092
65781 728301
154997 679286
23758 751859
120286 699410
68022 730979
148379 686230
28299 754286
411043 538897
42969 749102
402773 544046
177320 673380
36804 758195
27828 763503
277919 617942
137200 701161
98434 724182
175974 678711
335978 585456
52722 754912
253696 635124
179083 680809
313094 601043
236338 649369
207825 667582
88637 741514
283566 621584
208838 667992
92319 740459
207457 670850
360207 575547
95754 741556
210052 670905
81373 753128
359183 577074
384926 561131
249383 647722
301376 614536
55293 772122
8638 803892
216815 672404
39989 788581
292946 623067
212445 675929
244585 656017
221091 671646
49031 786009
352501 585164
186096 697205
73847 772427
40010 795747
161619 716843
436822 530348
5766 825057
126441 742616
114810 750954
262953 649955
158422 722682
100782 763483
61208 791179
178159 710184
257606 657715
155659 729554
305193 625083
307987 623103
19080 828946
288217 637689
49259 807852
155517 732872
370978 579494
158283 732607
55566 807118
13692 839317
204760 703117
74538 799144
316861 621593
145723 748670
180358 724037
10075 851911
152154 746559
320486 620818
382904 574428
96873 790487
967 862832
214940 703807
138961 762342
393436 568199
27976 850104
350239 601800
62885 824823
210349 711646
285270 653512
135830 770757
14536 866673
174220 742038
163949 751263
97300 804239
150944 761952
67497 829035
23110 865418
189654 734242
219415 710502
136656 778961
12919 879923
381554 582155
93711 816173
10254 884762
281190 664585
357181 602642
95045 817146
377697 586801
172531 756810
373247 590807
141132 786462
205808 732295
92589 829607
200904 739603
108193 818543
3224 908317
144988 788815
280410 673347
442465 534707
78013 846528
274229 679091
371633 596528
28701 893884
36218 887972
38448 887795
374971 594893
344040 622324
51544 879683
362314 606737
99570 840030
267223 692870
129740 815778
298881 664929
226083 731994
6500 933761
303236 664493
82708 869113
333195 638459
201094 760195
221685 741293
435054 545083
208727 756013
21473 931056
139127 822366
132177 830075
254954 714870
149047 815034
2697 953714
208367 762024
220793 750731
27536 935409
205087 769503
356842 622855
21108 947973
203172 771745
316390 662134
212721 763870
301091 678479
50111 924356
36440 938768
374748 607187
149264 829443
147382 831929
50189 931449
101957 882799
199931 787598
334919 651339
28359 964355
125403 866336
198523 794414
208105 785653
286253 705085
196124 799071
159556 837827
257913 735916
104219 897776
55469 951208
346317 646309
181108 821620
203952 797516
134586 871142
61811 951038
152294 854651
244656 756066
45716 968882
217315 787727
138088 873693
67612 950180
222718 784779
438112 550452
412355 578514
340180 657084
126521 889773
281114 721574
191187 819792
122852 894965
77440 946895
90050 934694
263866 744136
135890 887377
171816 848019
272267 737818
408807 584922
60206 975711
43878 995846
273287 737854
321298 684489
261653 752108
44481 998730
173725 853180
62221 980609
269577 745141
216113 807451
185543 842774
167578 864809
270664 747012
87552 958768
167145 868109
186007 848015
326662 685363
203032 832710
401609 598489
123413 931646
192617 849040
393147 609974
151309 900753
426313 570972
176281 873720
78235 992672
133682 926914
76550 996722
401988 601086
228200 813116
93044 978073
159399 898867
197653 852455
163415 895362
80210 997882
114048 958351
113385 959382
434353 562958
225949 821440
191377 868245
388849 621087
138017 937653
152446 919472
387792 624327
216396 843529
246460 805140
121438 966004
403493 605388
201736 866599
234029 824982
110125 986174
353515 671235
295390 747262
169559 913017
160349 926894
216057 857487
238130 829945
289803 761014
147647 950878
180706 908382
115209 996756
411383 600269
122828 990820
332790 707091
184386 909163
356569 675286
172586 926671
445731 554549
175226 925481
333394 708981
123468 997254
171731 931647
316641 732998
296889 760806
303589 755938
161853 956166
373775 658814
254061 830292
366851 670099
318523 739790
444785 558853
346566 700227
156188 975625
288441 788100
465558 529600
323421 737504
185674 940172
388354 643673
286966 794472
368454 674472
184512 947854
166722 974642
309503 762467
231658 880416
266293 829198
161682 986247
259298 841343
166905 981351
397710 633240
204697 924717
264227 840657
249715 864327
267444 837409
232354 892423
285356 812083
258150 854635
374919 674162
173799 989603
169029 998812
278094 830819
380563 668323
227517 913791
189255 976644
355869 709522
384251 664120
249790 880766
200708 960354
269932 851039
311506 785300
202505 965089
199639 970807
296734 812055
262944 868713
468474 529496
403012 637827
222405 937235
189972 991595
220717 940698
242691 904684
272600 855936
300232 812030
222751 943644
241098 916966
300959 815549
427006 601192
208723 973362
232154 934370
233143 934517
319318 788909
367998 705820
360995 718090
403266 645141
337233 762840
359680 723420
374917 696961
221309 970663
217297 983816
231806 958135
372495 705216
329978 781736
341289 761404
399572 657064
398031 660557
315037 811090
318725 804681
218672 988486
244049 946816
263942 914583
362365 731762
264968 918241
269888 909332
291362 870741
295949 862631
454550 561395
339376 782125
300981 858154
329229 804157
330899 801202
253607 950788
320088 827022
242517 979852
251354 962556
275691 920448
305236 862728
238215 996721
246923 984956
307909 862211
249595 983237
472391 529708
338786 804668
290775 903643
389269 701295
255283 979024
271075 953960
469816 536246
385628 715041
316757 861820
310176 877538
390912 705486
322964 852125
340686 815570
291393 922124
309835 884794
355766 785424
357057 782880
318792 867291
308027 892612
286847 939068
363417 774237
264021 999806
292640 936847
318479 879737
339697 832349
334966 845972
282905 965665
306578 917951
274540 994279
297009 950615
308032 926073
282831 987297
329104 877770
358965 806591
392778 726978
289975 975091
290528 974386
362975 799892
352576 825216
304642 941612
370197 784780
309181 934061
376770 769557
409012 692506
406859 698366
291761 983528
376964 773085
470253 542605
401861 712305
400241 717548
357177 824979
401655 714181
437684 625473
389721 746352
400161 720079
312360 948349
365569 812400
414880 688665
403985 717041
404281 717541
384370 772168
375181 797870
344554 879564
300909 999022
353071 862551
400756 735165
348451 877464
314744 969219
340260 901777
380357 792564
342258 897524
414544 706626
354004 878437
342983 911685
350742 895160
380544 809684
359463 870972
338216 936110
356034 888924
459454 584150
376547 829911
392769 783988
427339 681047
326518 984415
410195 733539
357809 891772
388011 806870
399566 773379
477937 531086
375823 849181
330138 992265
414239 730127
336959 971591
364061 888149
407632 752975
335146 982084
385371 828881
438263 662054
382441 844648
430142 690241
399933 790755
362479 916148
389220 830377
354990 946184
461771 588757
371388 893727
384574 855487
370788 905273
387218 848580
432253 693573
395347 825122
455043 617654
448056 647020
383842 889558
361703 995529
397967 853667
455723 628222
468702 577906
370045 973079
392480 886368
414394 798372
445747 674941
397756 876642
433844 734595
405277 869473
376978 995311
394876 918179
463246 613902
405121 880015
386659 990951
411401 871843
410858 878498
400875 928610
416011 857607
436728 759031
441942 735714
420995 851929
406478 929039
402862 952627
414036 895128
456868 669368
417691 887886
469443 605368
424489 861315
473691 586806
440211 780871
414687 928663
422764 897865
428247 866381
429944 860055
430382 864373
415705 967512
419073 947597
465408 654299
473729 599827
441833 809546
459105 696568
425637 917480
426033 918105
420287 963143
440191 833717
438055 850281
467769 646070
456803 722151
461225 711285
438235 893497
439437 887889
440945 892932
455515 774459
447898 838124
453308 803980
437135 947791
457902 770174
483683 552158
469496 687362
450505 873927
463516 752074
444352 944716
475077 640559
449052 911705
450000 908637
454159 884815
459367 831210
475503 653852
445947 989567
456684 891770
464144 824346
472792 715174
454660 985349
459630 917888
482762 593978
471846 749297
460816 925899
469911 796163
464309 892240
460549 955636
466769 864456
466666 870370
484193 588237
475705 787298
480923 701116
471309 927943
471850 920866
489037 514256
485746 606027
472747 966091
477809 925525
478908 906225
479022 952499
482981 789075
488619 548489
482017 889988
484366 785631
484463 895116
487330 704943
485425 919410
487007 816379
488366 744682
487654 872113
