501306 950030
501441 916213
502639 715954
504227 636950
527383 928422
531287 968279
521102 801228
533904 976195
537116 895637
509125 590074
554918 954674
525094 700501
562358 908612
576415 909639
588456 925770
592919 905035
606088 914835
606035 879139
639767 958222
580091 765770
540898 638934
677463 994805
626818 852146
682165 994134
599258 768338
581798 714012
655700 889116
568767 666932
636161 806248
707009 936643
732981 988225
687445 886091
569935 652145
589815 689857
711624 911580
621222 733991
730189 921450
688024 845344
779732 984106
669410 795281
735303 903935
569904 627564
662240 765679
680204 779108
841972 999983
719499 818514
834464 969812
836408 969072
791724 902242
826174 944111
771419 870079
742688 831784
675284 742242
795656 892722
773727 863944
763180 849259
628525 676014
868542 959537
864780 949629
703559 755693
863332 927689
781054 830045
916522 969169
944239 997543
820457 847554
965360 989077
974546 998248
654285 671599
571240 583599
718796 714637
772840 763632
891142 854269
837034 799893
980924 908104
973830 902236
796389 757559
923533 859083
799554 755065
844928 789457
978266 869714
972227 864835
712090 664067
966282 831424
826502 733654
885928 771364
981927 831979
989096 835261
721087 660194
964877 817310
886691 766328
959482 806401
887961 757697
961190 799333
764026 671325
827261 700445
893225 735707
776228 661397
990599 763805
783032 641869
658808 583385
948929 684703
667473 578074
753944 609570
982316 666508
871909 627010
560218 534034
988010 654234
951236 616095
950079 606247
890001 594105
868622 584374
956352 595774
952357 575993
863357 554726
674112 533222
555504 521049
772497 533233
971110 538431
990292 529224
931227 522397
933779 520688
881563 515675
887531 497037
978828 490256
938265 484236
923628 479830
718692 485906
872758 459870
998957 434124
838903 451914
980648 413992
870195 430460
717048 464829
809682 442201
963033 397324
712250 460069
817375 419463
964109 372843
860508 404825
749906 430385
851941 387239
843478 382730
832038 369821
601242 468840
901667 325154
791962 376413
928755 308031
736259 401040
975380 274392
646383 438969
710201 403829
985637 243359
999755 232223
718684 391386
925627 271314
796978 341426
814589 326152
946611 245409
576766 470333
832909 309207
903892 251686
794789 307400
997469 161594
847227 265510
808790 289187
834131 265943
923456 196939
812883 280319
914747 177464
830398 241632
986593 102295
946233 136165
987281 98785
847378 216955
899514 169869
995725 78289
916176 125522
864740 173221
991037 51079
641228 379296
755694 258963
746402 259528
667185 341256
835432 152369
946121 30292
916181 59371
686346 306415
920494 40774
736642 245961
773125 179949
839924 94476
597863 395663
896069 7827
879957 26704
652376 313795
722116 203431
777980 116572
644771 306907
645778 303397
786727 94480
763496 127252
765939 108325
653673 269945
787447 30560
732894 122006
777833 45236
657195 246333
731201 106641
717993 127927
743554 80657
663931 223410
778732 8904
564307 399361
647766 243720
596099 337250
650023 219128
747395 4391
679335 122009
634101 212717
525276 460211
652784 162136
598773 283781
643350 131885
656782 89290
564309 325939
671657 3373
579417 261739
633680 79111
580839 249850
602866 168794
652164 74
642470 16846
555665 308829
573367 236762
558884 286698
536330 374189
608581 46217
614839 1210
540743 271114
569366 87057
565460 99910
528212 299807
530391 255313
518966 347518
537556 21553
509377 383395
513947 165097
504382 353253
498171 166053
487758 114321
481303 111515
479042 147008
480838 179320
490154 369283
476700 183971
474490 240581
482103 338269
450868 81571
460285 184680
439393 42334
486436 409615
452250 198455
432827 115656
454694 274682
419552 96436
420767 120421
427879 234250
420008 238883
365687 66793
432840 299087
415642 244621
375189 122670
326366 19025
314474 10844
305649 27847
453841 399647
349461 140855
354642 179605
414730 320776
283228 26090
409349 331706
329587 185979
257760 91265
422544 387050
216019 47512
283725 167246
208038 45800
209514 49596
244408 120806
273121 198163
217802 128864
138882 29045
227487 154070
129066 24900
227380 162376
274010 227576
354825 334102
151187 79571
208977 154940
173611 112747
342297 331775
101564 52215
105183 64120
449764 459034
233217 215585
258786 250154
152345 147143
344794 361280
28292 50814
40517 66789
137406 165669
187568 218255
445332 464018
202897 236240
156975 196402
176133 216873
65735 122075
55975 116835
301833 338945
268004 310467
27692 108210
30509 113455
148398 217830
353051 392262
164853 236247
146165 222146
46067 149661
715 143180
176678 279149
153983 268035
167468 282405
61282 207792
5580 176356
141730 273559
158208 300904
172447 321238
262310 377451
184642 340156
88728 287029
104245 300779
186154 351336
161679 341999
275415 401229
188397 360026
481500 507203
92287 322800
93018 331107
181121 385601
26571 325119
77289 358109
299868 451644
97504 388108
172453 414817
7284 392466
9279 393023
246322 464746
89632 442911
187475 474615
424945 507828
422607 507656
318907 498643
73213 476078
108979 485274
430502 513632
55792 505524
12753 504782
239881 514317
400105 517013
214771 519768
170278 520590
124275 523665
81873 538573
41010 565305
286245 541252
102273 565355
35160 584868
133644 570576
29007 590576
23644 595324
265235 559956
115128 588416
48908 615922
118272 601315
124423 600660
231820 579650
342068 554260
97938 620054
368547 550742
123721 614352
114944 618084
253336 582492
186880 608872
122747 637298
456519 531580
222670 610836
407 700913
43495 716779
118063 689835
19421 744293
47503 733313
288412 620668
354542 589623
136501 698644
181081 686946
195835 681095
140997 714056
258059 652656
248938 665747
61027 782530
60833 793676
370642 598737
50668 802240
57616 813662
139980 764209
137128 771680
3664 876364
11989 876423
466115 543046
299160 670950
88802 833026
111562 827078
391999 604228
103853 841459
137305 827182
103333 865946
182474 805253
107598 877332
201493 793991
158039 846179
317656 692825
404157 611185
167202 851331
137972 882392
32793 989840
97178 931128
140856 889575
199858 835110
138546 911878
160133 890051
193123 854127
190160 865039
233421 816865
257955 795357
342566 700546
188683 890728
260225 807790
209519 884975
397942 647600
299628 782814
178034 953984
329037 757117
229908 900016
251451 869604
180566 978080
415985 639189
254021 874531
322751 775077
228061 918032
290158 834370
301164 818022
238713 919624
230898 933506
393261 685358
335904 776884
289012 855538
218351 986733
259766 932907
269901 918982
254155 956727
283406 908518
300323 878919
299769 886892
358657 796237
375266 788444
392343 755504
385650 784445
337062 913821
351351 890790
328226 956458
415696 734860
329583 960172
356199 913583
432064 714615
407673 790834
388787 894147
405189 912630
403273 927248
418124 887512
426489 852776
436706 813287
418170 922209
467558 683045
430722 909704
445008 888222
462843 783864
470357 958275
485913 801328
477841 993808
496188 885655
500509 799817
