500985 900762
500279 509548
500891 611312
503196 888885
501577 662657
503651 756647
505748 888299
504793 800309
502871 663505
507499 939927
509382 970884
509146 934680
511701 983319
509773 869531
520630 974968
514076 817837
512166 772676
507905 671769
520971 959285
505376 614571
522609 936506
522836 930348
516373 787571
528797 980463
529594 966161
509917 651063
519291 794077
525559 886538
525129 847966
520112 774523
535223 966829
533017 909594
512148 650081
540394 978683
541758 992439
518615 719389
541218 982912
538707 946784
518144 708510
540788 966406
543186 986081
518440 692652
519202 699772
548607 997294
543611 941243
546870 974073
528074 782330
525287 750467
547235 957594
548211 959500
553847 998058
537194 842352
549134 943998
542388 874120
546800 911388
549660 936236
527435 737132
539231 835552
537631 821508
546627 889565
546781 887153
559512 986859
526345 715510
561863 999538
541044 824902
533660 762630
541081 819711
545464 852594
559552 945436
539858 797465
558488 926039
567744 991214
552459 877600
507623 555633
518142 629332
520295 641530
571009 982371
562274 917646
551239 840942
557114 878224
573273 984767
568049 946631
560012 893323
571633 959230
557485 865904
540042 754811
571055 947097
539234 742254
555116 839245
568028 917205
574395 951718
582390 992596
583607 998002
565027 887305
572867 926598
577803 953338
554140 814594
562835 863545
584789 981485
552658 795605
515345 587128
551318 787747
579225 938980
546469 756155
584791 958883
570391 879240
558294 812841
548914 761435
571355 879622
578101 913506
565409 841809
594722 992828
517287 590826
589117 961106
579506 911256
531096 661649
575759 887513
583867 927496
534974 677522
575015 876940
597881 983506
575078 870039
585350 919260
590907 945923
595154 960715
567390 826320
585759 910689
564007 805081
544885 713851
578025 869986
518356 588200
583069 892368
544727 711602
575376 853231
563551 792296
567709 810432
558436 765069
557845 761490
559641 769391
561904 778482
609601 991287
588985 898483
597847 932748
586450 881380
592982 909678
589142 892686
574303 823734
560023 760832
563822 774865
613191 984365
604280 945136
612633 977534
538657 664784
598520 915031
520195 584912
580704 833255
575623 809226
613233 956184
514782 559995
578377 809897
580349 811469
561784 736995
608079 907319
611538 918296
529251 610557
565951 745885
629129 978441
583850 810061
620057 941002
584389 808077
549124 676230
612639 900113
578955 779247
538595 637118
520118 571844
592379 818590
643011 990049
595902 828994
616991 899533
630165 942119
625794 925516
555943 689164
572763 743925
633070 942931
553601 678251
573496 742933
590162 797265
509924 533926
632181 926908
538310 623891
651335 983212
633399 926134
586223 775922
610592 852247
578167 748900
523798 576502
513555 544425
644304 952639
551723 663319
653180 976359
593851 791331
657391 986480
662449 996271
626600 885923
578702 738403
649478 947573
631804 885926
644374 921317
655677 951898
586741 750857
570351 703532
597788 781381
604802 799346
655141 939322
548947 639279
655290 934593
672472 981638
561145 670701
603302 785012
658342 933755
593953 757227
577166 711633
675049 974661
588965 739537
568965 686124
634205 858924
677461 969504
654874 907600
658129 915448
584279 722220
669026 943399
605443 777156
603781 771484
589373 732628
689300 990147
564593 666598
565373 668407
627556 822106
691765 982942
688905 971813
625497 812228
639516 846628
549819 624719
655130 883372
559418 648166
543887 608948
651850 868460
692088 964094
624183 799483
555614 635084
655948 874160
600608 741543
643718 843454
675881 919723
613499 769688
577565 684713
536977 589029
628112 801651
662059 880983
662666 880877
679628 919924
708856 986170
640760 826900
710450 987069
593350 716974
694734 947812
541102 595698
666872 880315
709167 975893
666718 879002
655810 852386
642208 821797
521256 549801
547066 607476
698947 946835
557367 629895
714064 977520
706386 955930
649051 828551
577960 672601
703449 943670
656295 840335
543986 596336
723720 977971
712304 951893
685464 894576
520249 545089
569213 647499
608809 729191
686465 890654
617759 747209
704229 926003
641091 794464
621304 751942
666253 843627
714197 941260
740175 994364
584666 675057
722851 956369
721497 950135
629299 762941
597626 698559
548093 598886
651246 805478
748201 998572
732653 966912
647235 795568
679878 860389
671218 842958
737518 974476
741150 979092
603843 707566
711685 919607
710916 917542
667557 831666
626537 750160
742831 977664
607542 711983
750764 990467
585088 667374
567692 633331
718110 920928
731649 946222
714542 912803
761912 999016
562373 620614
754859 982181
724695 924329
631743 749096
732182 935484
705941 886519
646367 774747
648634 778473
702957 878764
746587 958266
573960 639037
637542 755558
715800 897888
615498 712538
649892 774856
732319 922085
649317 770917
732232 916919
772675 987793
764542 973086
709109 873377
581790 647232
766000 971502
760915 962517
728344 904219
649881 765090
713550 876154
724246 893874
746375 932274
716080 878957
753130 942350
664646 787124
768261 966024
521654 539796
755342 940538
715175 871297
692331 831643
732880 898755
760502 945412
574538 628882
745979 918132
686534 817092
548781 584520
689815 821411
794688 993177
744485 908797
749990 914916
719870 862965
759285 926230
738930 890620
764051 931031
786792 967112
761083 924855
769054 936676
506932 513507
704913 829776
711756 840581
807788 993780
804750 988907
741558 887434
798820 975222
616646 686578
775998 938033
795633 967048
712640 836612
610535 675786
592977 647740
700357 814140
544720 571987
748345 885840
660967 749149
809177 976279
569705 609075
671794 765203
823104 995766
706187 816812
636643 708502
766663 902645
690806 787706
630834 697620
610065 666526
671204 757501
669438 754154
740878 859947
703339 802766
773889 906697
780360 915082
786754 923466
828320 984424
765826 892491
828191 983431
623323 683143
561270 592172
731428 841348
665785 744761
776921 903634
687483 773074
703003 794592
746014 852842
744769 850867
802236 931923
757993 867690
714732 805934
837829 979267
805817 930509
833817 968076
526295 538994
812702 933947
733986 821980
724499 808344
844971 972111
734032 820600
852769 980878
816050 929402
863008 991776
867653 996127
742451 827582
721791 799493
591645 625146
751950 839491
549968 569176
810517 916574
784452 881806
726709 802993
782790 876593
852626 967837
799809 897589
759381 844141
742599 821876
627982 670832
790721 884564
602965 637670
878832 999152
758226 840591
858859 972310
700629 764359
804313 898692
871813 985777
768027 850606
690578 749244
610649 645442
849418 953864
840012 941613
815317 909409
816293 910245
775770 857738
564525 585536
779548 861517
592801 621630
882025 991876
696955 754733
634196 674261
609702 642668
774186 852420
719851 781428
875929 979339
861668 961062
686088 737819
597292 625048
852749 946482
868223 965440
704391 757464
571535 591707
871481 963929
736197 795356
853695 939273
521117 528548
842341 924455
872930 962028
900212 995283
643551 679047
728019 779857
844319 920765
888191 972885
665421 702494
654809 689627
830515 901505
701949 745750
720039 767222
712014 757364
788630 849317
884718 964635
824209 890603
734052 782674
725646 772314
749392 800241
886414 963099
903815 983567
878645 950580
760422 810295
700490 739357
904639 979366
918957 995150
920925 995465
631681 656214
626542 650078
907432 977091
710532 747731
796222 845446
737218 776357
596795 614018
756856 797858
781371 825684
621881 642446
753152 792826
929170 994476
846218 898592
638054 659883
814711 860995
813351 859336
925607 986191
695152 723701
847470 895761
833252 879009
895762 948970
570375 581645
860877 908015
873217 921204
842115 886016
909893 961823
745991 777638
687046 711596
754426 786876
554109 562878
728020 756598
937305 989460
933934 983781
901220 946587
570282 580295
667428 687668
875555 917532
547200 554690
945110 993590
733278 759808
844881 882128
891045 932834
794407 824622
642554 658420
814307 845671
675295 693853
938070 980415
782871 810426
912699 951572
746177 769207
929085 967294
640010 654056
870182 902238
642287 656148
871112 902352
712180 730684
801155 826152
925502 959474
882394 912846
909811 942102
809122 833859
876573 905385
821402 845854
739186 758029
874696 902287
541229 546493
810398 831059
912888 938030
683502 695754
628610 637676
952131 977588
605273 613115
869888 890930
928858 952806
770664 786186
934378 957647
909940 931902
968630 991984
684339 694389
550983 555536
968386 988972
886270 903585
939913 958323
968913 987243
877101 892056
875958 890156
685712 693984
873346 887192
931727 947001
693243 701477
665683 671896
865205 875753
933272 944823
770571 778565
774202 782031
929328 939769
965795 975081
963886 973107
731281 736555
937961 945109
822644 827916
668540 672512
855005 860150
709122 712784
884503 888641
892227 895407
903870 905882
827587 829514
735116 736608
966452 965723
964209 960687
792323 789506
913190 907187
976322 968949
672427 671262
781271 777719
828546 823757
739897 736912
861361 854984
794946 790066
899678 891239
980999 969755
891598 882880
845323 836755
807254 799093
615667 614031
879904 868002
728494 721865
640095 636792
807899 797502
665940 661376
964579 946999
936112 918555
923654 906640
693802 687375
650037 645412
800328 788447
922387 904555
881793 865891
847171 832733
771035 760313
820618 806556
991330 968319
949539 928697
843106 827255
840028 823816
945029 921783
982753 955655
951840 925324
987041 958114
786790 769792
968560 939000
574535 571915
927602 899752
648393 640347
973296 941715
632929 625901
960824 928040
923547 892416
891262 860967
980253 940501
976783 935991
850464 820094
953862 913510
974915 932063
933788 894672
813330 785019
733443 712475
938272 895979
971140 924632
958359 912843
869009 832795
813786 782835
689852 671595
911596 868170
868907 829621
947157 898711
839886 803679
620028 608859
863475 822952
975764 921442
572262 566016
947099 894025
866348 822999
769687 738260
970326 913062
786909 752526
893649 844915
594702 584739
879028 830883
824609 781752
935580 877067
950798 888899
988519 920273
794748 751714
810407 764652
932483 867235
866127 810052
957298 885312
982587 906112
809136 760315
932472 862341
946373 873273
967540 890606
830673 774970
740753 700623
633622 612010
726422 687005
708388 672186
918696 843047
804345 750053
714711 676288
649107 623145
642569 617782
783559 731018
997265 902631
762758 713439
941552 856609
932743 849013
677182 644297
781719 727557
901993 822969
976990 882074
974988 879400
820723 756494
906295 824188
679058 644295
859211 786835
906584 822926
915714 829912
581105 566467
832163 763043
778228 720546
764148 709300
643506 614847
821153 753605
674092 638382
772085 713934
972407 869325
895220 809207
824420 754031
686957 646353
806080 737839
840213 763974
723384 674212
997210 883414
961783 855958
993317 879780
680250 640416
993047 878562
599613 578504
746392 689906
941658 838036
964476 853490
978998 863236
861455 773816
899135 802004
881239 787826
831643 750235
957795 844045
580450 562604
797544 723569
635361 603102
917484 812106
992870 867652
931757 822259
987352 863049
827637 744648
866473 772939
939630 825849
759254 693144
959452 839985
652860 613938
716814 660452
950586 828061
944167 822248
952113 827770
910964 797159
899733 788381
970530 838899
976126 842659
942010 816848
962891 831524
969323 835864
750502 680336
728694 664426
698413 642757
806434 718938
615738 584260
773799 695364
794738 709664
886631 773429
837830 738792
900278 781191
763082 683524
884641 766459
852864 744394
800850 708400
730553 659933
658446 610566
731429 660263
798466 704203
970001 819120
921750 786221
789277 695769
901069 769855
881303 755309
707556 640125
991331 827009
786299 691452
702993 636130
819031 712160
671232 614904
532435 523893
903990 766268
847299 727688
780857 684280
606233 571299
822969 711322
940198 786618
929529 779494
637715 591368
765994 674009
867686 739193
878083 745818
721972 645401
784586 685100
932718 779675
740475 655997
735852 652788
989709 813915
973070 803296
738482 654129
720105 641916
821138 705313
984222 808028
888398 747412
964313 794942
898129 753104
673260 611317
921694 765707
754472 660445
943768 777794
616244 574549
860699 725674
981590 799971
898595 747351
808058 691252
942929 773601
792400 681514
837709 708882
982401 797189
600977 564298
947505 773510
999306 804426
744031 650071
901841 744906
952203 774528
957869 777354
940413 765923
843252 707520
911345 748018
685550 612869
533953 522751
987387 790288
890580 732982
886948 730697
661377 596820
766146 657391
922082 745976
633221 578825
729093 633397
871750 714488
682474 605804
923612 741215
933864 745163
989818 775427
906892 728974
983197 771043
900051 724357
937734 745224
799377 668192
941590 746621
937317 742659
950680 749709
528034 518028
864887 701998
810346 671722
905793 723245
671609 595950
676838 598673
966406 755164
810480 670573
823987 677871
746086 635698
950831 745306
872085 701174
662972 589209
744497 632227
923322 726716
866984 696679
868471 697151
839471 680140
714842 614798
977944 750677
916097 718574
836844 677416
667941 589738
546088 526551
820906 667073
769931 638942
792928 650524
981504 745415
820026 663772
916739 711716
933786 719889
670072 587592
572341 538766
928669 716110
910629 706864
786924 645283
676840 590553
825727 664327
928744 714705
975951 736876
932461 714824
991360 741829
960119 725981
691787 595556
765238 629723
766554 630229
836060 663291
909528 698257
943903 714298
957228 718739
852497 668251
724708 608068
959857 718076
673891 583875
900896 689561
708393 599775
713357 601132
908223 690977
858195 666892
791138 633797
923346 692268
771980 623442
678992 582011
703546 591916
746705 610779
849916 655984
964590 706031
937050 693933
755734 614550
814513 639499
880024 667373
774413 621041
624786 556266
878724 664329
977975 706610
745433 607349
938852 689450
737127 603435
896847 670271
807784 632520
784830 622234
935045 685235
720292 594995
943078 687481
758221 609645
694719 583313
718026 592927
962464 693983
829679 638687
833556 639921
966193 694219
909091 670088
591841 540116
860073 648762
913944 670054
620859 551496
975367 694405
897783 662076
953227 683382
935032 675986
704885 584027
810159 624795
726115 590151
865825 643765
799070 617929
971155 683656
775253 606990
666331 565443
683541 571291
920791 659489
612062 544458
931547 663430
683827 570993
580586 532617
771258 603268
771562 603311
825261 622747
966887 673535
870250 638016
689263 571669
833219 623815
855190 631645
858915 631204
980260 674590
814268 614994
978824 672850
797002 607091
942673 657389
754997 591238
952628 659730
674257 562914
896907 639808
762950 593469
959731 660688
988310 670220
650439 554272
878936 632280
864160 626493
812051 608341
788369 599596
971634 661098
955949 655688
858968 622042
919197 641547
712106 572683
733610 578714
963799 651565
948935 646627
910961 634166
830418 608015
880661 623708
563197 522528
812509 600194
900548 625704
928609 632104
803727 594227
803462 593837
783659 587654
845722 605630
720692 567443
675457 553874
753131 576317
965283 637474
807258 590783
992220 643732
897880 615884
994467 643207
624010 537455
758850 574321
729883 565491
938870 622095
877437 605335
905025 612609
763605 574160
993778 636475
890818 608484
786705 580062
834632 592866
813139 586958
902789 610317
842917 594140
968438 627524
901359 607906
940781 617447
861728 596163
875327 599559
938755 615195
692146 551817
729590 560414
967350 618400
624515 533402
993386 623221
922606 605887
743152 561969
855987 589420
912557 603041
990493 620371
795753 572518
966280 612166
557346 516087
763223 563587
870450 587926
663626 539482
690812 545512
784333 566372
707127 548849
986465 609341
968689 603140
742275 554522
726414 550914
695592 544193
963353 600455
579483 519388
815604 568145
593872 522168
927936 590783
979786 601399
600480 523242
936439 591710
710172 545554
678026 539000
933961 590956
697505 542811
936299 590427
912747 585443
885461 579667
971873 596358
929830 585140
895090 578330
748686 550213
804040 560324
841520 566631
697826 539370
968296 588347
960854 586215
922839 578921
665283 532449
619789 524260
914694 577032
880849 570387
788555 553751
873555 568683
853787 565177
810193 557299
931561 578542
847752 563717
743407 544362
778351 549899
871620 564583
784361 550066
817235 555234
945986 576441
977052 580873
850178 559653
609604 520434
696955 534320
891219 564921
967340 576360
876587 561784
814249 551700
770472 544808
911226 566615
633603 523198
874777 558469
641834 523760
925563 565434
818064 548198
772192 541626
952053 567290
732357 535789
687975 529398
973769 569325
681075 528110
737679 535195
854959 551133
927085 560157
871840 551250
694298 528047
802482 542018
826556 544630
896390 553433
695666 527206
882738 549686
682160 524893
920989 553007
960924 557297
852117 544387
990307 557382
597008 513521
581840 511840
834902 539457
963627 553547
950051 550140
806529 534487
776220 530674
541910 506812
755655 526990
986174 548415
843058 534906
973104 546474
952122 544230
978453 545959
818636 531326
957015 543494
619669 512678
769582 524979
668211 516581
916736 536630
697448 518489
695906 518118
898084 533642
582597 509142
942089 535967
780193 523506
591423 509545
881100 530774
879136 528908
872607 528251
915867 528731
745307 518072
962060 531554
847090 523514
820694 520920
959397 528119
692604 512942
820771 519532
921679 524010
563131 505703
985133 525037
813263 516175
678560 510257
720450 511939
853734 516412
808192 514490
895412 515277
564843 504632
769353 510127
860648 511977
637768 506122
640643 506143
951222 513244
871258 511128
864164 508555
867942 506118
993584 506383
760742 503852
630096 502763
905645 502260
888631 501191
805239 500318
818875 500204
797780 500329
991711 497108
961698 496616
936909 495777
941864 494080
815780 496267
633995 499787
919321 493212
785379 496215
806693 495247
861821 492065
708757 496113
693565 496474
995120 486578
820188 492117
877671 489756
706916 495606
659254 497162
832088 490691
944264 485930
568250 500203
670107 496225
582577 499412
914026 485490
714578 493406
962442 482499
797775 489594
705168 493619
893098 485130
783758 489754
681231 494448
902714 483402
795114 488588
954822 480848
645825 495752
708973 492407
695205 492962
831398 483887
874666 481292
757437 487107
943488 475662
843425 481629
740794 487910
923275 474559
659013 492194
906027 475311
994307 468181
925307 472948
999678 467447
842338 478392
898192 472918
981415 466302
953285 468404
769502 481541
922933 468931
971152 464656
620506 492905
867512 471265
840169 473431
999663 458929
881515 465533
980549 455479
720294 480849
981289 452985
761902 475497
886248 461984
796518 470862
560458 496300
962125 452684
648091 486292
963615 450778
803083 468612
966072 445804
783370 467807
889222 453814
972907 443154
671640 480642
970384 441810
979647 439532
971899 440389
876533 452835
519611 500163
997865 434650
989355 435737
766161 466172
956313 439586
795908 461794
868973 451295
818713 457365
648801 481569
769190 463118
822750 454356
857111 449188
634188 482400
969837 430321
959594 431795
812996 454252
846071 449052
560330 493384
820648 452002
723780 466699
774048 458119
684435 472323
608716 484843
919700 432862
917766 432986
793476 453655
954981 422612
809196 447210
928861 425246
960787 419431
882687 433009
840818 439082
638056 476630
979528 409837
840041 435606
954680 412874
974569 408784
971842 408762
938335 415156
970369 408527
682967 466094
787508 444826
823840 436934
759872 449578
523772 497932
886103 419582
969150 400769
985221 397044
817665 432614
833158 429136
862007 422385
977683 396074
992295 392697
687812 460828
554108 490643
675719 462899
960341 397894
985573 391746
942747 398852
864704 416882
594563 480122
922973 400931
649956 466664
570917 485694
876560 410721
967528 387149
859640 412042
990627 377171
675093 457795
716019 446906
963714 381078
900655 395972
969957 377016
838483 411398
889108 397297
852139 406513
704638 446649
821661 411136
820444 410803
755923 429153
596205 475065
550626 488143
794777 417062
540695 490995
709959 440370
859473 394138
665326 452818
880911 386439
888612 383861
745402 427208
991649 350778
736906 429351
589776 474929
906651 376153
887860 381554
873280 385812
559184 484273
883616 381202
887715 379888
715152 434364
929163 365252
761719 418494
624945 462580
667440 448540
653907 452436
591542 472816
799745 403594
889838 372841
870407 378911
781315 408522
841868 387664
994920 335973
727694 425809
683952 440479
759807 414627
801030 400518
885706 371416
746340 418867
877999 373356
769827 410343
851740 381851
822890 390879
876756 372108
942247 349338
996896 327791
969253 336699
970881 331900
808223 390026
643527 450205
795979 392350
848146 372847
824709 381534
837409 376173
770438 401069
987341 319366
663028 441075
918355 344151
786421 393767
788987 392656
737234 412361
941636 333948
824903 378364
824152 378342
933785 336195
690922 429219
925081 337678
997234 308550
712737 419632
693468 426889
700414 424147
902961 342669
693984 425286
848081 362762
821619 372301
991377 298170
598232 461749
877670 342154
895798 334428
984642 296160
924677 321653
825296 363809
807004 371518
945548 312116
927152 319802
963343 304278
986439 293512
613262 454114
932984 316171
866843 344657
925324 318984
956243 305328
973288 296012
925911 316515
887541 333163
820650 362117
933781 312360
918023 318851
901644 324934
594482 460810
828739 356281
993744 281814
853168 344606
954004 299330
785835 374155
965616 293066
944116 302245
841738 348268
979094 285745
844586 346573
794355 369196
649962 434653
889009 325819
876440 331490
993501 275295
917380 309383
896736 318404
887034 322424
781415 371588
544984 481879
941311 295869
996450 269691
775936 372927
952210 289589
719918 399159
946679 291651
988572 269475
790304 364144
805248 355992
855633 331554
549405 478954
929939 294276
883598 316047
903185 305377
958506 278039
855951 327364
988122 261525
719599 394294
955940 277370
889465 308836
747006 379545
828563 338297
850781 326363
730755 386636
747355 378227
772410 364577
695442 403415
736559 382454
725536 388044
765377 367732
954920 268809
685587 407095
821781 336632
659195 419986
917527 283740
827860 329887
597341 451459
915146 281347
979875 246103
956122 257019
966154 250509
750826 365315
727790 377781
852837 308928
924589 269031
895207 284550
990822 230672
978799 234822
930140 261466
779059 346205
956472 246000
625700 432168
900195 277178
919941 264664
943151 251426
864401 295829
991990 222028
930019 256473
974370 230050
976799 228209
914791 263866
696431 389606
948800 243898
875783 284785
745400 360029
927656 252746
871185 285470
994973 212826
782723 336891
872943 282372
773653 341032
864738 286167
651057 413002
999008 204856
940582 239660
993229 207179
944530 236164
728091 364953
655368 408556
856385 286120
994764 199879
908099 251671
985233 203796
773727 333983
871095 273267
746583 350087
634706 419404
587877 448279
811956 308564
989515 196192
678422 391104
894676 255071
705326 373445
549217 471755
923041 233466
695445 378429
883539 256694
706356 370326
851466 276541
989765 186332
710847 365629
729990 351867
621228 423111
858186 266274
935690 214942
951269 203486
807416 298448
851354 268976
935567 212653
643820 407071
735050 345689
857051 261057
558544 463246
814941 289185
869868 251695
822450 283601
965840 185782
813281 289640
993532 166489
925908 212276
567631 456769
812903 289125
892754 234395
631054 413086
732768 343195
742807 335737
926203 209395
907074 221995
961771 184067
820046 281533
826902 274894
665891 387145
773071 312191
967446 174376
764518 316255
708574 355370
633071 408719
879791 233849
915283 208119
991931 152843
525922 484470
961728 172857
933152 191414
957667 173627
630446 408450
893768 217172
695308 361204
978931 154449
705509 353408
978275 154751
904770 207513
716040 345114
872026 230930
906765 205456
801968 281634
614260 419013
951329 170613
976636 151712
594260 433486
838640 252408
702496 352874
702550 352499
876266 222459
819330 263183
628454 406370
816228 264920
556121 460619
998130 125270
917337 185515
911798 189481
970782 144567
944720 163793
743982 316345
629173 404126
865710 222609
707383 343581
774804 291340
946728 158904
799272 272149
851620 231716
784468 283371
908176 187781
840271 239978
800247 270897
848546 233519
990431 121155
642963 391535
922558 173191
914925 177424
953578 145607
893297 193012
973987 128959
737153 315623
583395 437020
653132 381774
939931 150832
709556 335131
878986 199234
919294 165759
592947 428207
835096 233215
678779 358588
848568 221385
837536 230284
664505 369765
757722 293733
807268 253163
724097 320269
762598 288322
853884 213425
912952 164655
985090 103567
949914 131598
622047 402208
895427 173112
928711 143301
951501 124150
968236 107950
829249 225148
688061 344014
728855 308979
686417 344891
893480 169124
644247 380574
715480 319978
973063 101016
800581 247059
675618 353097
864380 190832
953880 113488
996758 76257
832225 216312
907173 151613
809017 234500
760249 276039
646761 375001
873746 176453
633545 385864
804792 235275
756478 276802
941985 111620
797549 239192
770845 261938
923495 125898
582489 429557
598789 415038
726398 299555
925171 120022
862356 175817
780803 247820
987263 60167
692655 327774
772020 255130
843502 189667
902737 134749
794403 233666
884606 150940
976591 66234
959774 81157
891043 143889
861188 171179
815690 212172
922468 113583
891567 141982
888040 145032
889407 142994
773203 250039
997846 41678
929892 104472
840985 186896
733886 285596
904596 126839
918817 113276
771502 249898
978675 55605
930544 99260
778260 241763
719681 296519
821708 199548
825097 195537
908916 116173
828657 191271
905050 118763
927849 95274
989370 35873
760618 253676
845363 172516
823278 192638
772639 240600
604176 402563
831874 182194
959846 56921
928367 87346
879300 134488
675029 332934
994621 22021
579429 425676
592737 412663
929793 83067
971751 39037
902816 106050
831981 175611
641610 362495
924719 80384
681903 321317
764646 238108
546470 456444
778470 223534
957679 43348
998727 1520
991042 9064
650510 350984
899670 98263
665149 335349
598651 402832
976470 18044
952315 42615
851120 145030
832056 164013
735956 261290
775946 220041
862347 130762
695880 301452
736894 258735
980184 7429
758999 235611
978939 7682
943482 43007
902404 84614
929848 55328
755213 236722
914492 69271
975634 5270
665317 329638
969189 10227
936476 40829
644485 349693
907827 68868
681440 308464
962783 5741
873782 101167
788586 192619
737106 247712
792268 188129
957745 8448
587063 408673
928631 38035
844532 129043
923854 40578
893963 72349
682467 303283
915931 46743
922706 39192
847053 121053
583784 410789
802659 168998
804910 166088
923791 34589
588565 404972
768849 204924
789673 181776
757061 215568
938579 12353
576235 417580
751162 221312
860541 98016
890062 62482
807709 154893
878190 74863
737001 234615
893859 56829
838180 119228
825667 133132
925854 17697
907148 38417
898618 44947
934637 3147
682250 292621
787311 171249
830884 119967
825329 126175
896066 43962
919545 15093
670732 304357
772955 185220
866559 75878
881864 57260
747946 212735
651191 325467
637270 341421
806919 141502
813404 132799
683295 285669
771612 178540
554499 437970
736516 219134
847658 85344
744483 209049
621143 357063
830688 103995
668855 298710
799332 140211
890675 27164
882352 36771
821515 110473
842550 84697
809113 124830
674203 289560
790737 146257
774913 164455
750431 194454
783079 153228
688358 270057
885902 24740
875627 37018
820353 105114
759913 179656
729469 216291
785764 144154
811427 111608
729839 213933
733427 208502
612269 360913
882210 18705
758504 174398
566215 418598
879481 18369
642825 320531
703401 242730
770990 154717
829819 77949
757162 171130
887114 2331
560928 424302
657234 299405
884054 3635
727156 207453
683702 263299
549335 438707
721227 214206
587039 389215
672001 277751
837635 60538
876570 9356
714967 220940
678955 266809
740100 184847
749380 172463
618108 346261
829017 66061
761425 154255
812112 86287
710169 221772
680373 260797
734794 187409
700658 232660
644665 306969
605484 358673
847668 26811
802773 87945
668590 271743
781761 114436
762795 140516
627987 326389
830484 46313
849345 20017
834118 39199
559049 421012
645603 299868
767831 128583
576391 395496
816068 56483
717300 195557
794187 84604
840968 17142
769315 119201
783336 98664
749689 145940
625855 321834
695758 220289
677609 246417
654981 279075
814400 48560
657894 274399
829587 25600
824162 32318
815444 44214
714028 190840
742165 149671
764096 117082
627392 316719
719418 181776
555205 422127
613317 336343
730344 163212
769146 105378
677221 239522
672305 246763
762421 110080
711807 185236
796942 56302
673379 242185
756906 115908
597134 356333
581345 379943
805804 38971
731284 148706
596465 355139
679219 228101
632452 299308
724077 158167
579278 380928
592665 360169
727652 151693
530694 455780
790297 54349
800718 37447
810326 18624
817133 7705
728113 145875
778701 61014
613025 323716
773498 66908
793274 34268
795679 29568
631902 291526
745497 108469
531711 452188
738730 118068
744011 108742
789121 35620
658740 246341
780914 46602
640894 273871
728433 130737
659257 243427
799042 14826
807405 373
729863 126498
727190 128690
681810 202630
719853 138418
727666 125256
788750 23012
735479 111191
608599 321273
726794 122318
791656 12419
634559 276607
709843 149327
648632 252548
770655 46411
586872 356511
638796 268580
758891 64489
644251 258663
732448 108841
659363 232508
684623 186377
759781 56448
618477 297156
716878 125778
702352 149842
744231 75037
735783 87693
662142 216216
754377 49436
681035 179761
613564 299079
724190 96995
665188 201767
586705 344800
574441 366944
647344 233235
651482 225264
648372 230884
684314 164863
565714 381652
647147 230499
764666 11768
707843 117230
729869 75438
741969 51929
743081 49636
614117 289218
688134 149518
714177 99947
738767 52796
720875 86548
754526 21731
759744 11336
682904 155401
609837 292594
672050 172059
710809 95657
758751 2941
685648 143062
653382 205654
624064 262397
724564 65616
595934 316210
743489 25892
646050 216887
675187 159377
665913 176692
732455 45022
627318 252188
750236 8252
529561 444680
668459 168892
600561 302928
747674 8273
704258 94998
719227 65059
536307 430625
733499 35295
638252 223769
711379 74482
739881 16436
738450 15398
727015 37174
707839 74687
718881 48908
691529 105252
705969 74661
592525 310674
683728 119600
503796 495382
582807 330049
657008 174576
686181 112068
728216 22836
726208 26942
703727 71475
680468 118474
698109 80641
668456 142368
657082 162356
574624 340517
586281 312209
617971 240841
709828 33771
676990 106101
662308 138602
571774 341797
612583 248585
648608 166472
630064 208086
648709 164229
635482 194036
687911 72241
702755 38082
676894 97263
641577 178051
570267 341770
627201 209157
692168 57356
643175 170516
700289 36898
678951 84318
646504 160214
677324 78509
706748 6253
683530 61318
646334 150830
649362 143511
647513 145737
598672 262369
703092 5852
687313 43435
647082 141656
550274 379238
547701 385256
649596 130664
612906 221869
644857 141949
641751 149117
680487 47447
650885 121007
582217 294088
689651 19452
633648 162123
676802 50712
673257 59300
545105 387700
669012 69742
596571 255440
573058 315179
659333 91664
562941 340565
623458 182580
529708 426077
650886 109484
650149 107213
678393 32079
542045 391211
651823 98034
533890 412719
521762 445170
672639 40602
679192 21941
656204 82144
680098 16041
671660 35686
656434 77010
504810 490341
640772 117106
652196 84495
621787 162865
656897 64210
656791 63978
674655 13797
659092 55034
552070 356388
563532 323567
651376 74224
579571 276730
605118 203919
541006 386505
654065 63023
646430 84417
662571 37548
535899 400061
644870 83890
537212 395299
564758 313573
632627 113969
641076 88764
651609 57520
616393 160509
575482 279323
651403 53037
614334 159980
601556 197817
582977 253746
605116 185729
634258 96716
567522 298366
616770 148063
598192 204051
554034 338143
659181 15090
645956 53260
589773 225600
598364 198404
600926 190428
511435 467991
595576 200863
608023 159384
575340 263146
650926 21799
650166 22632
570637 277263
636514 65707
519900 439401
639790 50549
589298 213584
616886 117962
649702 9047
618591 110284
535300 385702
617114 109405
589107 203232
642372 19609
646600 4811
615326 111205
577998 235951
565289 278557
638148 20742
596965 163899
612623 108001
606377 129532
633753 25490
580115 215003
619045 72404
626055 44977
629417 32044
527873 401538
620640 61219
617299 71204
626939 31251
587531 177171
601366 123288
593707 149869
553216 300800
565329 249520
512792 453730
596423 126230
598157 117478
569007 231625
531871 377107
550140 303998
589241 147575
542603 330704
575783 194848
558962 251809
611210 26311
559126 248924
610811 11711
590259 100642
597363 67051
602625 36151
535529 341118
537808 328819
540200 317307
601788 30740
576205 146098
583515 110972
507352 469015
531130 355371
593603 55519
546433 277636
514563 431712
582390 93706
587937 65657
570468 150260
594440 27721
557028 214841
544909 275783
556078 218673
563905 178010
589608 44253
590962 35839
561386 187977
574217 121867
578896 89710
553398 222214
549345 240219
572758 110792
584307 41393
572780 102637
581945 50142
568146 121577
533729 312682
582438 29394
563053 138355
558545 161757
564204 126994
564168 125891
570698 82542
519697 385546
563477 121063
581812 10342
532928 295630
564175 93103
556765 136433
566786 66370
552161 161623
521087 364900
555800 133372
520002 371339
536886 252328
525224 330880
569231 24896
544684 192671
517057 380156
544599 176000
561754 44722
536534 230590
555549 86349
550617 116060
515860 381430
504950 465002
543342 154260
553853 64318
560536 2579
548731 100060
526204 281144
530752 240970
527306 264455
515544 367405
542161 130461
531802 220098
519280 331350
551253 25054
525992 257558
508073 423672
520153 297156
544442 32161
538678 81703
527109 195134
533527 119732
510576 376408
516217 303731
533351 71051
534487 47670
524216 151525
515920 260979
505611 412115
524373 77348
518928 168620
521299 121288
523192 69233
521986 87971
526027 4258
522336 70626
511459 282868
513532 233477
517174 147512
518232 112059
512365 234935
515149 122455
514786 131264
518842 15666
513725 121816
505465 349270
516412 2028
513599 34694
507535 233577
509213 155513
509935 87246
502038 422946
508140 72078
506147 165225
507590 75297
503362 307497
506667 43405
502854 286568
501269 285745
500918 29609
499374 186544
499511 257999
498554 3255
496970 44283
497906 194389
496416 94473
498286 294680
493764 53567
493441 83173
496454 270073
493916 158062
493853 192248
489336 55692
495694 318718
491281 148753
496972 378118
489023 94014
486935 38252
499463 476865
488590 136715
486105 84343
485813 131527
479331 8790
489679 261608
481744 86606
479808 51080
476312 26
489545 283097
496759 433348
483181 184376
485175 245495
470965 25660
489548 329832
493190 394124
484547 274941
473373 115113
466637 29361
467921 58771
482391 258331
476692 185141
464381 19290
469762 92705
464733 32105
462441 7871
478172 217516
480567 253886
480286 250553
464057 57551
482968 290460
467945 109823
466492 98992
480997 272805
471105 154828
492478 412001
485040 325850
461171 48147
474839 207518
457149 3891
476611 234456
469671 155802
456968 11913
466886 125835
466542 123649
460210 53235
468968 157680
466794 137537
470614 182428
480026 287202
489661 390171
478121 272139
480448 297442
463053 118008
459500 97699
453208 35696
465140 154418
450356 12322
472039 233770
465073 178835
481058 326969
477369 298074
470116 233477
469681 230072
462770 173492
465080 197119
449683 69500
457292 136613
464221 199752
439589 870
445421 50672
443964 43798
468548 255141
450233 122853
493390 450930
456247 182225
435569 35253
468694 276927
471718 299539
461846 231120
451106 159070
454582 183588
435647 58397
469655 294059
430178 25217
460107 231460
431292 54236
430629 50360
483878 398388
450156 186379
484849 407313
449306 187203
420626 13508
450029 198220
451575 209009
443430 160639
434135 111312
449857 208068
434100 116464
414098 397
437036 135675
419145 32595
487524 429473
450198 215567
429238 100013
414277 28839
478723 384301
446516 209647
425223 98628
444858 207985
406944 13290
471398 352486
419264 80849
434550 167646
422355 105901
426527 130057
418710 101025
400690 12515
408558 60627
402072 35305
401365 46168
406838 75287
425936 163584
402717 59733
433823 208408
411995 114998
402594 74984
452869 295538
404774 86799
462722 339865
403245 85042
390019 32989
412253 127877
429465 202524
397564 71757
422406 177939
391237 48080
386272 27911
427686 204416
382744 25601
407554 127659
380966 20375
448807 295033
409404 136291
409092 137399
465387 365802
457323 334164
472675 396103
383864 52506
448609 303257
396977 105596
408079 148382
420491 199129
445288 297093
397755 120642
386700 81703
436975 268669
421631 212815
412282 180134
381779 69894
476547 416394
377228 55985
417904 203883
390824 109198
365214 29903
400257 155651
444717 310388
395080 141951
456560 353860
402376 172201
394076 144545
373808 76557
461972 374098
353014 8493
489497 467135
400625 173351
455549 355248
478209 430101
367044 66481
403832 190192
360023 51095
416169 235524
344771 15887
430441 284957
352923 56119
335404 5707
377275 135120
408746 230044
411448 239313
473118 422318
411040 242054
328891 2269
353294 74206
354946 80142
398030 206039
365386 112269
409433 242086
377950 153193
477647 438292
333046 27715
348891 74621
322607 2096
387130 185142
425998 297173
322526 16260
327185 29370
340006 65410
496918 493776
358167 122455
367237 147991
378064 176908
446118 359362
346117 102216
370101 164648
421528 299181
332051 70104
363763 152282
353353 127149
369443 169203
404622 259667
364532 157833
432438 330605
326638 62054
438301 345732
322457 54153
310488 24299
341956 104123
394173 237043
332051 81555
308047 23153
424326 313628
311226 33008
312877 42855
294940 2584
352016 141848
466651 421709
299273 18265
325998 83614
350746 143396
421748 314417
380381 217267
300246 26878
306479 42934
317288 70354
396494 257679
342014 129339
445491 374149
354164 159986
359511 172542
456073 399883
336762 122669
337913 126312
374949 212798
323976 95640
310622 66264
282575 3313
405248 285018
410321 297206
290863 25356
309145 67559
285548 15203
345112 151017
383348 240473
397063 272036
373327 219092
280131 14253
319237 102285
462893 420184
319536 103379
357630 187960
331737 132064
350955 174410
271907 1857
428857 346269
475190 447975
283546 29732
358270 193683
422708 334340
336309 147018
363521 206314
353873 186751
278405 27096
397123 281990
431396 355563
323422 125003
286548 48688
305372 89166
347974 179619
285804 48163
314728 110772
302761 87260
330457 147220
401395 295948
292980 69801
275943 36351
317429 124555
256178 4647
287133 69205
291811 81338
257453 13659
395870 293527
261381 23957
276453 57181
284081 74590
405013 315565
397279 302127
419302 347877
342637 203044
249562 28023
251240 31205
276817 80427
253893 37306
460365 427475
433487 376936
396893 308240
454978 417777
456716 421146
362181 244299
412450 339194
393638 304169
316850 161793
414794 344585
389269 298763
491591 486907
345934 220057
335548 204878
230239 14431
234938 23574
378028 283422
281484 110457
282001 111479
286764 121779
333621 205823
220699 4595
288186 125264
375088 280640
415569 352751
439438 395862
278135 112864
389441 308285
234409 37242
248824 63559
308743 171264
224479 26060
231608 39231
299611 157436
252168 78677
228387 39880
345128 238787
250536 78028
273363 117080
211301 12261
232289 54107
328900 218524
209910 21193
404885 345674
220202 42277
291871 160597
443841 410212
278983 141451
232131 66288
282126 149087
257082 109462
282253 151461
219932 51595
194098 10929
211005 38795
222030 56653
299321 180764
418945 372756
277039 145935
451233 424921
316916 212854
375682 306518
287950 168802
408096 358467
218068 61828
462236 443819
220699 69071
320415 224350
470809 457294
202088 42384
373028 306900
265021 141316
436063 404642
294766 189103
249658 121317
248335 119680
265877 147008
200296 47615
327437 240814
202696 52697
231362 96942
315521 224158
201323 52317
170762 6601
350510 277945
409689 366909
211432 70203
397258 348605
416794 378419
262757 149708
213356 76543
193086 46799
242591 120541
456564 438064
212782 78140
440850 415203
236146 114220
206109 71742
443878 420706
255248 146010
416499 381049
339766 269530
274175 176859
403910 364344
215440 96025
167432 30387
191412 64446
434827 410112
363163 308629
302981 224284
188781 65312
181075 55875
206529 91598
329426 263963
436841 414162
178551 57067
155415 25988
355191 302334
210594 103730
181413 63734
384677 344212
415788 386946
286201 209603
309836 243840
141335 14815
260452 177155
296840 226744
292926 221806
160352 43785
139511 16893
266150 187603
154067 37593
245060 160136
179196 71771
196417 95088
200243 100494
316935 257210
398994 367541
205339 109284
317993 260165
181654 80239
148356 38011
270648 199808
406181 378778
130325 15864
183366 86121
492851 493118
210146 122850
171362 72325
232587 154258
361391 322245
228765 153394
152084 54849
239008 167473
395552 369072
123039 21815
134262 37360
130189 33980
174204 92424
351362 315981
182517 104212
198288 126576
136967 52074
152158 71264
194222 123999
106286 15678
187420 116390
281928 233856
262718 210674
431493 418277
378757 353620
106363 19617
423474 408692
271798 223252
295664 252457
252282 199725
454974 447559
141194 64910
210038 149986
279302 236180
184301 122430
207582 150784
388606 369112
330946 300129
152560 87756
381388 361146
385402 366103
369412 347128
166142 106205
126083 58674
304959 271569
273895 235673
86225 16073
175969 122167
163705 109063
318553 290399
199774 151727
236217 195646
116226 57210
432306 424004
103923 43451
203143 158634
435689 428097
299981 271175
259037 224196
138743 85934
242381 205987
256100 221785
181881 136626
239474 203715
90827 33556
151605 103357
132636 82691
79514 22437
184026 142358
94196 40749
417493 408896
352477 335214
168759 129189
163285 123331
282249 257883
429421 423252
219187 187318
294320 272720
52029 2076
123303 83454
297017 277668
84747 43653
134406 98866
101895 63096
86787 46722
75645 34523
139714 105756
109480 72495
415067 409112
231954 207961
248427 227364
260506 240910
170075 143015
338672 327288
119972 90048
47853 12963
59679 27261
234321 215919
82549 53345
107299 79997
41106 9939
222217 205467
38453 11502
146759 127155
270899 259269
339402 332072
123823 104010
72639 50799
246342 235072
81593 61482
31866 10969
375252 371580
266807 258370
125584 110777
107761 92700
235677 226416
446437 446665
23595 6663
63493 48832
320103 316463
196804 189200
14015 350
119048 109123
446142 446973
242972 237353
37638 25811
112426 103893
128291 120586
110795 102676
127462 121327
157731 152309
80879 74459
295816 294682
131932 127838
288439 287681
145377 142937
57393 54092
45895 42937
170509 169149
24903 22544
350635 351779
135327 135224
63014 62562
138144 139398
55897 57388
175752 177615
43200 45078
239133 241620
291300 294672
20299 26160
53717 59707
101821 108590
173073 179562
262095 268663
101753 112532
130335 140714
65089 77255
84969 98071
448376 452343
64568 79192
188398 200459
157457 171824
272021 282737
342292 350847
339574 348406
167414 182995
7432 29571
31822 53167
49431 71102
57037 79465
104742 125105
267550 280755
8350 36171
351069 361415
346469 357135
30156 61204
26193 59712
65145 97656
185957 210209
281826 299669
5295 43019
289972 307485
11763 50503
108719 140358
99232 132682
415507 424605
133830 165127
481155 485216
326220 342607
261877 283462
3691 45911
381508 393554
149664 181031
133979 167081
314804 332833
163798 195047
45868 89012
98556 138361
134873 171525
87968 129310
9434 59223
157982 193487
129318 168019
28638 77215
68981 113721
404865 417028
38865 87995
196805 230315
81633 128894
435291 444947
38485 91892
162562 202409
138667 181222
221294 254921
196564 234225
314906 339059
209259 246174
165650 208525
279342 308975
135612 183086
356813 377710
473619 479585
256029 290018
153723 201907
10664 78081
207641 249388
105301 162722
165443 214553
142797 195495
11556 82823
435214 447065
68618 133054
196939 243011
56272 123726
70338 136158
73572 139306
49095 119708
313726 344610
413823 429682
239360 282244
265784 304719
211993 260936
29256 107862
85513 155873
188298 242442
90561 161699
377911 401437
174878 233273
13558 100220
385249 407918
373287 398054
272552 315199
258593 304383
412441 430745
35691 121776
143059 209861
15331 105394
124597 194980
123760 194439
50042 135856
109191 186318
105448 183841
98974 178887
67704 153930
213070 271411
104765 184173
141032 214913
3538 107071
418336 437568
71791 162528
55778 151371
21391 124789
3145 112262
197792 265266
192169 261204
135197 218061
326890 367586
501 113267
21611 130351
246874 305855
39923 145754
313549 358296
26190 136179
212909 280647
180847 255930
213206 281031
99685 195033
343739 382611
4571 122278
65491 170261
95417 193318
225219 292553
358462 394556
29628 144117
103596 201165
99899 198748
224084 293942
310633 359528
131582 224933
218292 290438
164341 250176
42824 159895
287992 344085
88711 196886
64134 178893
76340 189020
149604 244410
67717 185166
151013 246417
149473 246774
43765 169979
252420 322295
198629 283563
35505 166396
60314 185348
237769 313656
306377 363145
173328 267825
136100 241654
127515 236117
76264 200272
4708 149858
98400 216650
109962 226028
123373 236640
293982 357179
111744 228896
116578 232852
87908 213269
15864 162834
42257 181989
147986 256198
77225 206729
352815 399719
50681 188793
34926 178921
128520 244452
13815 164736
17792 167542
141359 253639
224621 311530
300481 364303
126142 243540
7994 161911
76184 209193
93261 221133
379779 419950
202796 298271
327128 383978
100988 229164
98600 228770
23705 178070
58416 201909
259138 338751
154635 268152
331145 388064
319910 380490
62425 207361
47499 199033
150186 268568
187991 293944
16969 179678
304074 372323
161642 277930
262491 345025
74504 220579
116767 248865
232427 325750
316615 381600
202309 306371
123838 255123
14273 183204
165947 283810
126689 259040
199045 306328
149025 274342
396154 435900
98835 245713
58759 221533
88814 240813
119897 261698
187086 304604
61003 225147
199670 312876
225146 328981
82659 239201
157614 287115
99086 251032
350875 409068
341863 403537
44046 221174
85524 248042
94104 253340
207485 323266
82923 250746
57312 235332
122758 275069
211906 328874
327440 398694
235742 343497
144936 288919
85866 254612
216473 332851
196294 321108
126932 280243
235645 345455
325367 398968
121591 279375
9837 214542
137110 290561
218255 338326
410751 450646
110569 275712
172887 312387
3202 214336
10751 219862
157572 305537
44487 241346
222824 343775
9840 222725
189900 326856
41954 244063
17255 230463
9612 228878
213678 343524
164347 318013
63791 263534
292268 388833
315893 401944
76475 272913
12357 239746
145691 312510
108530 294002
337661 416219
189874 338813
294683 394407
354304 426114
139083 313880
293570 394722
67477 276816
211847 352605
128581 309979
150829 321635
217522 356243
117857 306652
167657 332311
202232 352226
126809 314221
186529 344985
425128 465031
38932 271322
11134 257462
97465 302119
329468 417722
79054 296887
139230 326931
42696 279997
123285 320236
41876 280863
30387 277466
107708 314625
238967 377975
394352 452232
66673 295834
150678 337387
171222 347285
154299 339950
152726 339593
106829 318088
32732 283369
349943 432613
79018 306680
132393 333676
125635 330973
262566 394246
156683 346007
92032 317470
15252 282809
75300 310657
60090 303836
13281 283005
346541 434018
155597 349622
24955 291580
54463 306598
214589 377632
403219 460578
117820 336415
259977 399680
73622 319942
129507 344198
380926 451969
213909 381060
23545 300340
315926 424913
253296 398736
208490 379906
2035 293654
397299 459708
42613 311393
17127 301696
42971 312527
75610 328033
305801 422819
368889 448807
76143 328864
18155 306182
56463 322013
143327 357979
221691 390206
176314 372245
253016 403887
140524 359188
180127 375412
141802 360701
375052 453176
48209 323970
465083 488901
286159 418161
158679 367915
72911 334145
271577 412760
15925 312167
265228 410453
352185 444851
156600 368332
33065 320043
72470 336434
303682 426486
83061 341094
29100 320397
19330 316805
249919 406428
134357 362621
160716 372734
373660 454345
188 312722
101309 351667
274131 417613
321034 435553
148537 370873
118868 360992
320028 436312
92879 352521
303479 430538
77364 348214
62080 342663
292396 427719
186588 389592
66082 346460
9517 326508
267542 419317
21267 331104
69307 348606
29587 334442
82629 353978
277882 424325
207280 399634
6136 329008
207801 401606
190696 395928
96396 363824
382971 462630
232909 412956
237242 414575
304638 437193
274521 427655
245753 418261
57848 356436
121176 378338
215945 410072
113463 376706
424040 478098
70221 363411
222579 412891
23758 348515
74483 365942
22748 351131
82865 370314
301438 440067
366319 460557
196825 408172
43770 362083
231896 420184
165067 400274
454554 488837
108901 384884
356413 459502
2488 353168
275514 435447
59320 370661
64096 372361
223734 420187
330569 452142
20856 360475
161647 404101
335696 455225
261473 433843
313595 448918
4341 360558
88435 386896
40239 374329
149408 405235
111975 394987
3007 365056
219488 425459
52414 379743
23187 373591
114901 398501
108662 396983
91771 393304
431400 484612
336597 460622
360729 466924
23357 380532
160550 415963
344488 463170
57430 390189
134307 409861
62740 393297
382655 473517
273793 446763
292501 451884
73683 399423
275689 448428
194068 429237
109636 409628
402531 480019
74112 406174
338926 466277
168178 427685
226124 442275
222819 443434
158554 430667
257557 451937
134139 426867
135654 427445
202479 441474
88087 418977
234818 449151
141821 432599
332409 470582
216137 448415
188057 443317
247454 454946
418836 487561
325751 470196
42161 417310
96334 427726
59937 421030
52524 420372
6466 412127
152873 439135
58581 422254
75167 426003
35464 418858
77421 426661
67921 426605
438457 491981
371364 480240
143602 441493
24105 421231
247772 460515
129684 441282
15891 422720
178040 450057
176787 450064
30852 426475
208061 455472
164146 448941
61650 432802
168684 450289
211664 458135
152198 449029
284382 470319
4016 428624
326507 476853
373392 483867
25465 434130
174465 455712
53313 438588
312369 476255
288845 473340
9254 435474
43526 440332
100011 448170
202244 462532
31005 440260
74532 446910
11976 438712
302414 476896
274023 473536
284644 474972
382476 487612
468 438357
439341 494956
148610 458195
397889 489940
286667 476174
151084 459672
118204 456111
15894 444612
10087 446060
115387 458880
291357 479310
428993 494910
152970 465737
276775 479004
42579 454633
346886 486797
350335 487246
7859 451857
294245 482028
195957 472626
405015 493366
401874 493205
27727 457624
198130 474655
156398 470804
260727 480643
49096 461256
161030 472204
151144 471997
178840 475213
276151 484267
356346 490911
125034 471956
153172 474821
31767 466879
128316 475677
319467 489631
35568 469750
25382 470167
21730 470551
220440 484821
438938 498886
130216 479618
70454 476563
136869 481077
319157 492024
121357 480897
56448 477263
328234 493113
219781 487596
213608 488417
430000 499376
96489 484074
35447 481493
104247 485115
320089 495689
432017 500194
15873 485824
25736 486922
137530 491552
386977 499579
97164 491485
211180 495185
61308 492746
94733 494081
127316 494884
12743 492636
60443 495119
140926 496701
269054 498986
16306 494933
230207 498501
64916 496293
67410 497449
123650 499326
293800 501356
140866 500970
315344 502100
408860 502497
207055 502378
133851 502526
196482 503040
93553 504408
267952 504169
21336 506484
401091 503606
489343 502895
43257 506496
285483 504991
135611 506556
125140 507268
328130 505397
197928 507635
347669 505309
308013 506244
268523 507066
181137 508775
121676 510731
164440 512394
251252 510160
28080 517393
5163 518196
207079 511922
90853 516552
156663 514556
143682 515214
423939 505624
101101 517985
67541 519482
429980 505665
216622 514449
228660 514914
48618 524154
109187 521322
182064 518853
21453 527139
62187 525668
244576 516435
99746 524764
131817 523429
15552 530778
78990 527637
225804 519457
171041 523079
31351 531919
280014 516820
76369 529899
162629 524718
346058 512936
17910 535303
151001 527455
253258 520295
158033 529118
317217 517339
384987 511974
159430 532073
166090 531903
3890 548650
311484 521398
38041 548400
13810 551420
258483 527894
157174 539142
156631 540187
295621 525544
324889 522486
15498 560167
52888 556557
181296 542834
223949 537727
185159 543016
283060 530777
132427 550185
299834 528725
43228 562069
45247 562517
81189 558881
91067 558076
177209 546830
159160 549500
353937 522918
171496 549035
62827 564464
411166 515487
103807 559239
188594 547170
140872 554637
80704 563355
216234 543835
73924 564421
7306 574398
434155 512457
77256 565789
4461 576743
181807 550543
394376 518782
189294 550536
377065 521981
328185 529801
258782 540868
257198 541902
269765 542377
116290 568840
3780 588394
120286 568965
93203 573869
57469 580396
74634 578551
182991 559392
152828 565226
75051 579999
144289 568535
30546 590354
29528 591461
4766 596592
89600 580608
351561 531344
307118 540168
143186 571898
251821 551162
232584 554958
349355 532439
164861 569006
28488 596125
44867 592950
224998 557482
97627 582837
396098 523693
82722 586958
299051 543979
80068 590288
63356 594792
280463 549283
80971 592471
184964 570539
357375 533879
299430 546724
109910 588470
4081 611730
199989 569173
104962 590637
109873 589556
60915 603735
364759 533967
7210 616851
259637 560685
249101 563240
23050 617857
211594 573848
183869 582037
316551 549579
1097 632635
70085 614718
122572 601121
63297 616668
34431 625513
287385 559280
225407 575970
253970 568546
85493 615366
425901 523032
105807 611349
43305 630081
137144 603966
86912 619781
50947 631918
387188 535506
192833 591778
46490 634324
298305 561990
2775 649016
349311 547288
35729 641653
75013 631194
433403 523001
35433 644562
81471 630632
229940 585777
140946 613937
13400 654812
49907 643454
305845 563534
98941 628389
76172 635794
429413 525367
166366 609468
345992 552150
197599 599947
271638 576292
183114 606271
50772 649733
412465 531704
262696 581310
107821 632671
353947 551292
419688 529545
246846 587018
52209 652412
116809 630855
166115 614782
390719 539586
178675 611110
231499 593798
8179 669443
116792 633268
59168 653502
256483 586100
10019 670616
113690 635616
411332 533368
281178 578979
132741 630618
252466 589050
317861 566527
179413 614991
87015 647448
214054 603216
379143 545371
97532 644684
100046 644006
97224 645152
279117 580979
204638 607334
116048 639049
15758 675682
151760 627349
174331 620083
67504 658660
325263 565979
224080 602546
269707 586146
280363 582687
423548 530732
26048 676004
243554 596623
143152 635264
58290 668413
247563 597574
365536 553537
188057 621006
234911 603547
372022 551656
120838 647501
207698 615113
96949 658704
234314 607067
270193 594132
235878 607891
228007 611515
349525 563215
35612 689880
150315 644092
136105 650668
165280 639835
350200 564217
323040 575355
197256 627126
96896 668474
13958 703878
391969 547936
71983 682519
225617 618677
110958 667474
13683 708705
3843 713502
6892 712508
202830 629521
315302 581706
89744 678766
175088 642353
108197 671923
71253 687942
110748 670931
116520 668660
38650 703178
221347 625668
147795 659503
97539 681900
23579 715763
55587 701575
328609 579909
9535 723482
142256 663865
383621 555699
105270 682297
224487 629232
195376 642755
400539 548611
42192 713235
139461 669823
61846 706011
128862 677123
104503 689551
271410 611097
80800 702719
136591 677337
43779 722433
63576 713587
278896 610060
181647 657326
243350 627406
219292 640069
234913 633126
202795 649638
31649 734280
37271 732172
331479 586608
9620 747058
214271 645475
100376 703382
220299 643351
138751 684319
43952 732059
167158 671066
204795 652261
319811 595000
200198 656291
237684 637504
224197 645677
99059 710680
32448 745217
298329 607559
57072 733066
89742 716188
343055 584676
69047 727891
148167 686672
219931 649474
283509 616587
94649 717164
72282 730056
402868 554862
10364 764909
141164 695562
103485 716168
67740 735962
140229 698440
67243 738398
133819 702888
373545 572097
48496 751126
320391 602105
55235 748900
129184 708328
286605 621192
37524 759482
156764 695140
94321 731236
137113 707818
247294 646012
172171 688947
114353 722467
237765 652320
298593 617693
160365 697532
232607 656789
380854 571684
86209 742634
372228 577243
248918 649167
3481 792191
191609 682623
427909 545123
67669 756170
375103 576422
69472 759748
339161 598921
89281 748785
168102 701719
53077 771241
178594 697169
290197 630640
363145 586552
213468 678890
189214 694169
120385 737255
236547 665960
76896 764848
7587 809018
33260 793546
142337 725935
102978 751758
73818 770133
343486 601323
42447 791182
283071 640148
306422 625605
52532 787802
226312 677536
192661 699236
191453 700498
12730 815433
154261 725357
70211 779705
201491 695427
84011 772683
10920 820448
212219 690495
168622 719383
10231 825651
216168 690367
101579 766292
57769 796675
170815 723252
212794 695196
214367 694174
319695 624134
311308 629800
111101 764409
115893 761932
55600 803618
89282 780980
121058 759586
339966 611375
387600 579552
342170 610880
143145 746989
147942 745946
261741 667661
138653 753030
38703 822733
161469 737757
317124 630084
94419 784950
296048 645088
73879 800710
262015 669745
242563 683672
10615 846649
239196 686690
304679 640982
224205 697953
84702 798020
145607 754984
74085 805859
280404 659658
132839 765247
357707 604671
354539 607002
138932 761669
90721 796340
108389 783736
242924 687885
109029 786140
41492 836771
101870 793414
238161 694304
20832 855264
102929 795053
99778 798245
64996 824047
325914 631616
197559 726775
294975 655840
117498 789788
191197 735078
142715 771966
192722 734511
114205 793832
277355 670966
155970 762878
164964 756679
410013 571225
325219 635649
167240 755698
82146 821009
418157 565632
42416 854945
135842 784552
195142 739724
23048 873405
200826 735739
107881 808309
197741 738376
118085 800697
1538 892053
19385 879146
29536 872476
108445 810530
242431 705370
234230 711867
89440 826314
66379 848999
160742 774078
162575 773041
15720 890704
73667 844818
177308 762018
41171 871889
411562 574316
69856 850659
286074 676008
138031 796571
362742 614375
29195 885211
258816 699175
50193 868885
258967 699421
12524 900813
325137 645876
66448 858989
12316 903949
304439 663987
96856 836973
55282 871828
225930 730399
43898 882394
74922 856665
44213 882290
85724 850930
179617 772396
27714 900461
223147 736354
265752 701146
318716 656413
38716 893420
120165 824675
204077 754053
33818 899440
142543 806999
267295 700928
206735 753742
62869 878220
328171 651439
60817 882907
42944 898963
76626 870497
151235 805825
70238 877259
321224 658712
169397 791527
201128 764141
88571 862921
254142 718418
163218 798148
263620 710182
240026 730919
9346 933136
134729 826291
155826 807646
104545 854231
48670 904292
9034 942193
174153 794754
53256 903224
179392 790591
81924 878585
160160 808797
223908 752006
424950 570780
293295 689744
304 954782
25354 933859
155559 815936
377287 614748
404115 590328
316287 670356
258932 722700
210811 766625
34686 927284
16615 944154
374927 617347
215582 763208
89750 878639
259387 723484
248038 734154
411447 584304
32559 932077
185938 793517
122223 852770
79445 892943
6959 960497
8024 960010
309873 679906
391735 603757
21844 948751
123699 855297
11728 961166
117746 862975
253467 735460
47818 931932
160745 825263
75287 907223
225814 763998
221516 768563
46368 937075
62301 921886
282438 711335
241086 751594
97065 890103
284711 710148
202823 790115
171662 820683
15290 973196
188044 806297
47466 943041
170802 823447
67639 924327
39751 952323
319478 679714
237946 761078
54429 942033
198733 800802
27187 970946
224269 776175
60055 939543
159335 841607
160101 840854
154346 846812
177530 825300
199281 803644
252526 751260
229584 775048
14881 991668
149485 858637
114378 894510
147609 861967
231084 777339
259738 748652
61397 951918
326833 680545
398985 606702
322403 685397
105392 909590
222821 788752
127146 887749
93981 923446
302851 708280
281276 730772
358703 650326
29984 993285
97531 923053
417780 589046
431933 574321
170946 848035
32601 996030
31128 999555
46768 983360
236093 783357
164831 861088
80088 951952
162448 864662
144364 884944
358975 655392
97026 938320
262091 760841
82537 955942
149310 885281
65833 976690
467225 538862
230345 797892
294805 727511
273803 750485
129866 908225
272432 752179
182569 850880
183236 850834
104090 937795
224830 805393
92592 951732
171627 865772
143517 897034
54773 995296
153706 886114
69521 979256
143200 898285
109318 936739
144554 897889
127371 917345
321609 702547
216851 819828
384319 632726
131759 915976
305081 721836
387512 629477
226540 810385
321125 705105
86061 971165
215735 824541
92226 964523
151626 898152
141238 910444
253597 782942
100226 957442
113828 942267
229204 811425
137750 916109
68153 997590
124099 934534
175996 877382
195768 855022
98076 969223
149820 909315
275369 763943
189922 863629
299547 736553
136853 926035
115940 950603
170936 886655
123170 942423
249295 796256
286494 752801
304656 732038
223724 827101
283934 756502
112756 958352
82086 994622
275917 767221
122999 948281
167924 895443
93445 983740
327034 707798
99210 978093
176595 887108
105201 972203
96991 983509
382329 643572
202830 858389
104564 976371
192899 870896
185801 879679
213803 846435
103324 983689
120724 962609
254376 801594
418770 601887
313157 732364
231240 833588
398488 628035
190546 884273
140430 947043
276980 779676
311613 736845
370774 663543
108283 991127
333611 710573
142260 950230
195898 883266
165718 922188
234817 837659
240387 831932
401936 627627
164642 929146
428216 594718
216451 866484
462669 551074
278061 789640
349382 698781
197835 897760
262946 813121
223833 864502
366012 678524
213223 878577
154848 955017
249821 831632
266885 809861
304655 760561
263211 815582
172499 935935
156158 960674
265593 815838
167485 947661
159954 958822
133008 995879
146291 980062
264665 824438
399620 640745
192660 925511
398309 644094
152962 984214
172171 957957
187868 937001
238679 868313
325987 747468
307485 774080
317265 760585
372752 683216
331960 741550
262762 839982
330924 743428
169910 972682
198726 933122
206053 923996
339532 733427
234292 885192
263347 843593
351507 717787
208779 925130
264764 844051
179183 969007
284191 816674
339201 737006
198436 941946
325555 757098
429290 606199
376472 683505
257962 856776
180016 971330
326088 759089
173455 986232
425244 614493
206644 942346
331876 755727
278456 837997
327258 764578
218022 932813
398642 657778
262105 867632
290984 824517
227437 923066
241180 902474
229317 921540
208048 955980
227851 925753
232351 922109
275168 855266
295431 824005
264413 873014
295530 824572
255446 887612
350608 738929
188436 995635
370395 708050
347429 744733
274071 862042
242616 913595
312944 801990
285334 846680
297537 828890
246377 911616
195311 994743
230265 940227
229973 941310
367959 717684
222139 954545
204444 988228
363582 727919
232395 944366
311067 816197
290176 855679
236557 946228
228175 961219
237696 946427
222095 973541
216672 985277
347607 762529
245901 936313
309597 828389
442984 600818
372452 721595
223559 976539
283200 874526
379848 709255
234101 959260
276889 888281
293578 859887
440860 606089
343482 777860
222486 993287
224048 992473
253407 940637
267472 917539
428166 631363
291557 875834
313090 838269
278097 901264
250208 952468
313736 838413
277064 904534
258145 943638
230433 997719
454725 586712
275786 920257
300291 875136
386983 713714
337333 807225
242725 985103
328912 824055
383883 721056
339755 803928
429477 635885
253242 979494
258491 970926
358606 779694
276636 940437
413697 673202
415519 669726
403746 693034
261824 974022
409756 682848
303044 896173
294243 917249
264403 978148
400920 704206
277506 956003
292198 927432
336571 837432
431259 643857
294247 925331
479822 544710
334501 843729
264481 988549
311129 892702
306473 905518
364119 785754
375993 761872
386271 743486
311794 901039
403514 707778
266339 998829
295541 939941
301067 930337
342846 848060
407256 706821
330992 876590
337172 863277
308620 928364
430034 659329
401683 723252
431595 656774
437699 643098
473739 562754
339885 867243
406835 715259
337237 879152
344147 866647
349478 854677
342246 871801
417205 697745
345312 871797
341699 882301
323588 927221
453661 614792
308777 963559
306278 971362
413538 712281
408269 725147
331625 910662
338427 894443
359631 843853
334620 904899
389428 775676
320514 951363
316027 962944
313484 970207
357992 860334
316993 965915
319138 966942
389321 789770
479439 556940
401533 760356
324595 965372
437151 669761
342617 922374
383800 813285
421946 713184
388216 804572
374920 841431
396166 784346
334638 950918
381992 827779
422630 716105
443456 658933
367117 871728
367414 871292
353096 911074
369326 870360
334288 969613
400872 783948
486172 542669
382497 838388
334467 975927
412257 754673
329030 994448
332304 985456
397571 799692
331353 991398
469762 591068
372291 873342
365617 898474
350444 943131
386164 839379
383059 848864
348313 953050
340862 977691
380220 860853
346004 963388
484318 550553
448197 659080
339914 985946
370573 893986
338236 993077
420596 745985
466144 607160
379446 873647
351915 962978
374987 891821
344138 989420
370980 908105
412860 776965
390992 847670
414782 773841
395833 834070
370670 917533
464700 617117
404918 809532
405517 807718
364885 938522
354535 974096
371530 920058
364322 950950
370740 930075
390342 869199
417742 779577
387774 883310
375325 927641
387230 887287
368948 950983
448745 678737
440221 708759
455987 655346
380357 920510
451005 676570
473970 595727
437630 724937
451915 675323
392657 886961
406625 837493
367255 982588
388233 907479
386520 914607
368334 983603
389373 907080
413905 823179
423315 789286
491187 536637
423608 790469
453445 679118
377254 969143
428728 776803
410152 849367
390224 928270
403064 880195
420920 814733
393393 923612
402168 894331
445116 723970
405439 883138
413425 852964
379203 993169
412940 860874
443659 735228
382225 987610
396417 931343
384445 982980
398793 927623
399431 928673
461320 667256
401123 929271
403382 923362
459104 682092
404571 933330
401521 947815
450700 728083
415803 887695
394064 992308
466045 663121
425739 852391
421196 874872
482963 584806
406178 956131
402775 981174
401944 987340
441627 794898
412682 940345
401480 997467
408012 987144
444408 796277
433541 861704
455647 743893
435899 851183
445110 803594
454486 755778
424808 923093
496810 522065
441380 835384
482484 603577
440962 839378
470231 678047
452290 787285
434019 895760
442647 849070
494217 539580
445506 838768
456108 775393
423698 975894
425656 967031
421904 991088
473915 669812
456052 786179
469877 700052
450231 831347
442676 882654
439762 904431
426143 996726
438825 914227
482357 622936
447866 861038
455762 809198
441198 916858
486662 598568
460812 784876
472202 704071
452973 842255
446727 895053
442375 927935
434545 986535
448374 886562
466037 756152
438128 968434
441833 942824
450784 882630
439832 969570
437778 992959
449291 908254
441217 982138
462398 811524
452966 892988
474851 718009
453042 904674
455098 891164
472830 750804
467171 806431
464584 830508
464181 835007
492334 575878
455986 915952
466294 829973
477118 729838
454039 986003
479918 717537
462126 927278
475162 788139
480804 728334
457403 999869
489462 628312
460877 971777
465674 915553
470636 856627
475714 803531
474969 817340
476905 795203
474765 832589
480951 755723
470354 898432
474368 852342
488884 656463
495056 576629
473931 888971
480759 797001
479797 823373
471969 948707
477585 866305
473340 941866
477322 880436
497355 551105
475117 924732
483199 789190
475050 944266
477902 916838
478000 935438
482441 856788
483982 827435
489709 744407
488305 781011
489999 748799
481296 966796
490266 784814
487712 884484
486497 963229
492607 845396
497189 644307
493755 819978
493308 844663
493106 877954
494984 814477
496191 752169
499162 576505
496234 779460
493920 956474
496584 770127
495576 998992
498822 721786
498823 922646
500181 853828
