497583 594080
499539 714223
509968 831671
513389 816922
506376 660875
511275 676288
549014 870691
536116 764180
570208 932120
521936 636822
583177 965926
588944 992568
584783 889327
584355 822171
618958 941513
534151 623953
602230 841432
637358 934648
668398 962801
706962 967650
673305 879747
666333 843298
696196 881824
725459 927021
621786 723635
681902 830446
760701 965715
759045 952744
731411 849161
790415 937288
651045 718556
631986 689023
899419 990550
771490 820167
848024 909409
811270 854875
755440 789930
635121 646670
720945 742938
808972 838602
785367 812184
831984 845514
935769 936909
999312 993247
983558 963613
882754 860983
965303 922981
695827 665798
972273 901759
694630 659873
754577 700105
745136 691175
742859 687829
902916 813050
952764 845908
821908 739947
846207 749907
855369 743050
954173 784395
996411 797412
996643 767948
805530 649518
987194 727418
955783 706474
863519 633476
570402 510828
821952 577357
708286 545705
899792 596553
890920 570105
816134 552450
982118 557600
976904 534372
897514 522043
853238 510984
998512 507867
634692 489024
984934 455643
918514 459006
590186 471212
530257 481377
978607 382405
866292 406046
781144 413263
789616 383721
898764 334300
990867 298109
965355 306926
669696 409096
999768 255018
532372 470079
965854 233999
923175 242102
783757 321124
729312 348640
999985 181189
547215 455672
673148 370373
980177 157795
960358 164076
594244 418646
987918 134995
994165 90666
989491 75724
830536 192358
990516 30774
733562 256746
971977 23873
840060 148884
861176 105046
934442 14024
753890 208603
938898 4577
765815 191520
863815 38041
735391 171032
825446 38912
774575 106257
808363 50378
772588 92052
616511 311797
775096 62839
679802 181811
592327 326118
699388 144336
751607 26528
692762 114140
649024 159556
691516 52215
613520 220205
552164 350881
554167 329687
654235 22052
612028 86176
583283 157078
602745 80482
559393 219696
536854 304551
554358 222419
537350 281824
535210 240582
522107 305602
516240 306958
508594 239253
511315 160974
515885 62407
507135 202614
503509 245342
468435 136482
477846 315171
436532 82946
441763 119662
487743 433653
450372 202893
425861 149199
416164 103220
413859 146382
476952 412904
371223 5311
385927 67118
388414 96384
389978 112784
406773 191358
356212 61017
391910 217372
331595 87535
326912 80398
300385 25855
342384 131640
377601 225152
323827 135918
290986 75463
393344 296819
268021 85457
368553 266058
371116 282813
320938 203523
263732 114281
379463 303792
331695 244595
190047 48200
160421 20127
323177 277755
289628 251439
82752 19113
126093 69291
76578 15668
142138 99057
68880 38067
372105 358217
118958 105829
53879 51726
238025 242209
24048 54498
483710 477333
190225 223346
1423 72337
161085 209503
180274 237224
220563 276969
26880 131930
84964 189085
50614 174835
57418 187106
3385 151259
219142 305821
264228 340384
48442 203328
229004 330591
38565 237561
275552 371450
360819 418791
29668 270707
8770 266556
161143 350574
42396 310210
269946 403380
9994 308409
271734 410079
4422 354522
131580 405248
78264 395002
370140 465784
430672 483152
55168 472256
64675 478754
323216 489282
131503 529765
185846 545204
369553 513327
163706 570680
125004 580461
287990 540111
69835 596640
82447 617092
42912 639886
242575 575255
49696 666508
114165 641456
124966 653509
53123 687671
320695 573134
125281 667818
420746 527489
19018 736658
296562 596490
53712 755663
79918 771517
272427 641260
90404 774103
227873 683673
184425 720956
113187 783321
7210 907762
197677 751922
275109 684471
270215 689591
230697 726743
416266 562061
350006 623461
142667 818102
66431 903185
46205 935557
235918 749137
156394 835014
357213 630743
255164 737791
447859 539340
331169 666375
178933 840157
113063 958410
188322 869467
272104 788869
239202 834499
332266 711911
239965 842035
139487 982359
432840 576847
408145 616526
148960 998634
254436 855288
397059 641546
261788 867114
403921 649919
341632 776461
308945 888041
262280 996418
442981 608554
411747 687500
303796 970031
435864 724895
412778 829046
408084 990368
476136 621352
452463 850498
448034 916997
462145 945800
473409 868110
469948 973618
479020 940257
