517421 990221
515542 624414
525262 962140
521406 662901
531618 855576
538225 956124
536297 863149
545548 987680
540603 723554
545132 760739
582914 990198
587489 974991
568523 848513
588123 949548
587324 940663
593021 970146
560201 749250
554429 712592
562378 753986
541602 640548
553364 700923
619550 995598
531904 580899
561392 717641
542904 628563
593802 860482
598719 872744
548354 647699
621895 965651
603171 882876
528567 557711
596526 835432
613205 899043
606141 848975
599421 813936
559010 651119
592525 764364
537517 571168
521478 517827
561197 641853
647920 912369
529719 543393
590226 728818
677854 997801
679464 974612
643498 867965
677742 949365
607202 745367
614637 755341
557291 603425
689977 935200
687146 912808
666402 856256
638561 789715
614945 733357
679759 877803
606233 706359
564530 609420
534310 539372
619962 732345
729871 978793
584150 648268
596096 673176
692384 881465
619661 719524
735744 964854
750281 994621
686623 858698
595206 664476
698590 879032
598139 668559
690682 853984
708368 886979
719421 903525
568833 602222
760106 975567
757675 964763
624175 706178
760706 963301
725733 892013
670951 788004
729561 896390
667754 769016
794740 987261
678813 782166
797350 983433
567526 583715
811832 994741
715494 832193
633213 688405
704510 805236
727972 838539
680730 759404
631135 679817
746268 863082
831912 984227
797820 925909
817367 950679
817656 949814
824660 957227
824962 957036
828709 955838
860830 988917
755018 834214
756712 835693
770078 843837
698015 744176
882140 991901
843370 938606
752201 812787
867902 966285
882167 984284
888551 992003
857648 950059
868720 964365
692407 727038
867091 955640
724441 768359
872678 953851
799858 854541
637140 645831
722363 749424
654578 665666
806589 847954
648310 650283
742557 759897
837619 871134
740421 755490
787960 810461
802153 822973
895336 925677
758225 768444
863363 886836
810511 822358
798028 807294
814247 820722
834078 842022
763587 759613
850848 843735
983019 971924
737830 720209
982646 969726
595326 574594
851979 833119
810660 785426
872329 845261
909507 881197
966478 937204
956748 922221
900487 861660
894611 850438
973394 914904
831662 782345
913069 850835
604188 572795
759662 709249
809951 751715
833949 772662
873351 807111
611138 576896
814767 754975
725253 670618
711303 656766
990852 890040
721316 659150
768864 695005
961045 847083
974237 856481
851481 757553
770468 692537
950884 833335
755884 679231
964579 840184
627029 577938
826172 729867
854925 749135
721785 648110
676779 613981
870262 755227
873980 754835
845235 733761
626528 572569
997408 839452
997108 834490
867514 740932
945729 794346
942337 790516
779256 673369
715204 628169
990918 808719
861546 721403
710950 619654
853505 708559
599999 544926
939204 753250
958459 752738
790800 654138
965546 756804
788826 651656
943077 728820
974412 745330
793512 638746
757768 618496
830066 647269
883543 656729
614909 536197
893340 650921
752759 590986
946943 671754
789400 605358
799211 607783
956546 658882
981725 661635
611417 526305
806163 594848
956241 647924
885920 622925
671658 545325
907756 625314
832029 592710
866778 602972
760881 568303
978011 634043
772803 566980
843711 587767
871374 590919
814596 572956
969005 614282
903034 595927
995639 614478
909470 585664
853503 563237
977698 576314
980925 575148
722927 526817
919972 558086
667221 515558
918243 551370
982563 560907
719704 521601
845830 540328
699914 516347
945111 546863
935441 544287
934803 542104
975281 545897
936369 539538
848778 529094
841327 523567
645924 498677
959269 515313
716647 500784
709086 497128
592337 493160
807575 496359
540762 490759
836214 490230
890456 489205
828284 488791
853429 487703
966757 485749
926231 483746
995936 480095
871957 482195
753549 484952
750711 480687
578563 487361
740469 477140
698161 479408
959144 463462
947295 463367
667492 480899
710972 477424
665136 478865
606380 482671
896204 457244
913488 454807
706153 472815
975853 441642
546054 487001
891318 441696
943013 429911
962770 423722
921044 428370
903581 427493
829147 437346
811591 436812
897170 418115
983288 400454
770393 440440
973047 399372
811129 431323
955606 402474
856664 418645
761573 437468
931388 400150
837231 420506
809612 426041
759742 436555
857167 414621
731814 430624
599663 466695
711124 432706
627849 456791
709637 431353
925570 358115
811085 390529
933062 347803
832822 375342
930510 340027
929932 338649
838660 368698
965740 317837
862947 356418
972991 310070
932189 326039
874485 348355
872393 348221
840973 358057
633912 441490
998311 290126
801500 365252
885148 328274
906617 314381
994117 273904
653080 427344
646738 427916
662180 420357
906133 297339
659401 418272
944224 270819
976551 254125
793755 346685
892481 293721
778505 351217
841526 318001
909957 273925
981791 233016
806078 327206
893505 278156
723856 370416
828446 310334
819075 314690
902878 266138
661191 404133
796319 323494
838103 298193
777236 333907
711331 372669
981378 202291
837467 290805
641284 411047
714954 365343
820635 296179
843003 281660
632283 413744
995461 176265
950995 198408
846377 265511
773307 311983
649768 394798
940525 184076
856498 243837
546336 466470
960708 164773
689101 360145
738738 322572
981980 140688
971452 147214
859203 226616
945754 159909
734626 320756
902338 192110
815722 257461
958848 147080
664227 372070
926206 164704
953769 142897
880523 200119
957781 137218
571589 443984
609568 413780
932246 155922
939493 144143
884158 186812
704983 331825
568481 444626
921937 147713
981135 94383
840728 206928
876151 172712
944952 106625
887324 157766
645275 372348
989599 59143
804775 221730
965934 67942
708347 308036
897059 127243
827183 192197
901710 118421
619783 387284
697556 309985
906159 102699
801379 204989
967853 33826
912310 89478
897450 97957
604922 396341
736273 260441
937762 48142
891825 91317
888231 91918
668337 325215
742107 246534
611739 384984
731040 255489
887501 81687
797653 179279
721848 261732
903597 58212
910433 49217
830964 136164
917736 37915
883334 71711
859184 97477
900446 49644
866785 84444
790020 166363
791579 160126
616221 364636
769613 176297
855363 69440
887902 26466
758333 185644
840634 80554
738835 207600
649834 316046
826902 86554
857654 40976
682944 265269
872642 13862
813495 80465
837251 41853
620549 341586
771610 130818
706548 220613
795279 93329
816752 60501
855772 2326
785782 94022
657871 275517
611342 344477
809354 49086
758739 124463
817277 35304
801328 58256
781254 84489
782044 80700
805811 37163
647929 280538
780401 71191
735594 139641
816956 9783
774585 75256
652173 269286
669056 238079
693083 198674
591997 360909
776635 53614
563458 406577
558845 414127
550677 427669
674851 215179
770611 43259
751284 73030
754366 66091
646709 247919
672361 201225
650613 231055
673247 186849
597136 330981
703961 117287
711169 98528
728686 61729
601319 314636
585702 345371
639953 235442
734451 40610
589471 331292
577503 354682
631005 240395
656825 179324
626372 233733
614075 260991
615166 257229
652397 160545
697643 50404
610384 257505
690406 64749
703093 28604
599093 279837
680179 79836
676222 89493
588928 303628
699709 30112
639075 175089
632938 190151
686904 41784
566558 352072
637868 165454
602558 244362
675633 20294
617071 164343
598957 216906
631071 109438
632093 101506
650986 30491
648727 34554
553743 353107
596419 207197
517375 474786
638582 46666
621987 83706
617181 99165
616425 94566
541494 379593
574572 245599
591828 176840
574003 231424
553608 308896
561044 259706
612901 7007
555773 273485
550506 300058
605192 22315
595468 66521
595071 68212
583629 109564
576584 120498
542633 310729
570451 101990
571153 16013
564196 54145
540600 254233
547696 189666
562232 37081
534852 281595
529003 331169
555657 18495
546846 115262
546991 108647
527918 319593
548382 14373
520803 361844
531418 15532
522512 241217
523890 91785
514605 425688
518833 231610
520640 135243
515142 185548
513161 303710
511711 400903
507693 276661
494833 105627
491996 70625
507695 410132
496159 275280
474970 73555
457092 43409
478283 235459
454042 124057
486365 331386
466664 213786
430422 15281
436934 58903
491697 375922
423811 23728
418691 11403
466787 264586
407022 45778
409993 79108
489685 406713
423692 182115
407776 155339
394993 122455
438727 259653
360098 19255
424756 223514
372701 68877
396199 144621
372023 79909
365245 72268
384359 149959
447641 320406
344014 65231
455635 347894
361900 119095
379750 172629
367198 144888
306377 1401
360574 135109
372220 173915
361916 153378
403446 248319
389958 222360
290725 17801
385143 218939
397610 248615
443633 348377
370807 202756
294162 49963
303986 75918
388109 243392
290168 57471
420128 313274
368464 215042
261050 18860
269677 42112
345994 184890
368063 231232
275672 66566
307423 123517
326883 159277
423467 333224
462782 402990
421397 331939
243722 34602
428408 348780
225590 12807
243261 42629
326629 183796
404253 315175
266730 100428
228001 41672
243121 69072
348544 236884
250613 87828
432911 371994
237415 82868
393615 314762
311210 196751
298428 182576
350562 258077
266172 137668
313427 207531
171982 9133
444513 395153
352822 268795
184796 37989
310444 212036
175633 29192
207742 79479
202967 77594
282663 190901
155802 36795
368421 309331
174546 66415
218506 126412
151202 43246
180118 81977
292997 222527
233711 150807
229791 158341
354023 306599
243083 182125
250516 197167
112516 46626
163164 103469
338921 298862
176094 125238
131848 80473
237332 194130
295252 256763
68797 22877
58282 12740
101917 62963
427281 402056
357656 330311
202072 171453
427465 403548
362965 339995
273855 253674
156946 140746
195634 178828
303245 286793
261414 248009
170749 160731
77276 78281
453711 435313
91105 103372
73300 88557
60949 79839
369573 360605
77290 98026
120857 143328
324899 325068
338292 338191
227161 242356
188669 211782
73746 113055
89547 130206
12874 67721
110456 151184
37418 95165
227605 254510
196693 229599
156604 197386
34531 99280
179346 221652
297043 317293
162557 216302
133608 197405
242326 281850
252265 289842
43369 133779
185894 244930
170038 242956
300174 339577
365432 385979
192119 263497
49101 162718
199610 270503
115880 213422
23967 149599
30749 155269
258216 315323
276112 328506
244402 308179
354194 386571
82594 211194
126352 239793
349375 384919
418695 429873
343714 382535
193025 290329
23901 186513
59666 209298
93391 231297
280191 349159
242308 331277
101879 249116
110416 256293
215978 319399
247105 337607
213821 318727
108586 259352
218050 329213
64461 247992
112341 274643
282288 367019
144006 297436
132237 291678
265502 362032
306028 384182
107339 282328
181888 321494
6607 239981
395122 432645
135087 307623
169067 324891
95452 290008
341270 408298
72327 281889
284776 382602
470917 471013
77929 287184
196372 344085
203781 350549
95605 302461
386024 434236
184859 351896
288581 396732
401629 444361
333602 416620
139651 341569
134678 343119
203215 370473
359649 431635
112719 336483
64286 324247
380086 442271
297163 413126
287531 414695
357468 438821
129881 370827
443426 469508
151083 387811
248730 417139
281131 426568
22858 362812
302221 435805
207069 411846
135047 397129
262814 429105
32010 373046
248679 426347
53001 378758
71782 383728
20521 374252
186611 416255
234823 429115
440813 475266
344530 455576
237955 433653
396923 466811
151056 418604
369408 465355
136103 428588
239417 445906
230375 448516
175286 441328
263505 457112
193327 449824
99347 439798
74072 436866
166018 451012
239588 460029
29671 436779
94785 448034
137165 454390
263386 467867
289123 470313
383383 479341
44502 461364
84297 470697
149734 476001
26684 474265
19175 479929
70527 484423
109843 485787
217391 488984
23826 494139
14147 500436
147215 497858
151655 508496
116341 511664
62214 514746
6467 517774
203209 510597
55541 523290
60800 527602
250799 512235
127455 534059
135479 533514
71812 542260
225334 525487
361208 509052
324151 513651
137720 538894
283946 520440
101988 550028
176332 540846
39018 561796
295958 523268
319781 523843
54978 572448
82208 568801
46219 575374
178894 556147
80442 576889
13916 602085
140567 574238
56797 598101
113540 589667
66282 607079
72406 607095
59738 616661
231873 569525
122263 602311
320230 547983
6414 647053
324769 549391
48717 638065
185477 595487
147173 608214
173131 600396
124511 617178
496572 496126
69116 641047
22441 657029
58302 645785
133371 620395
242512 583785
118801 628047
23885 666649
75795 652176
442918 516883
21437 692802
151009 649653
354369 561165
45762 701788
137771 660268
271181 600834
49034 706289
421683 533344
98092 687341
225234 628167
300634 592259
275302 604778
24298 727128
142200 674162
55836 721075
308512 597355
64928 725761
150315 689420
59048 740313
176492 677585
172576 684554
229681 659413
12867 792331
248603 650873
393429 563521
133279 722188
313630 616814
387992 569862
32294 797355
72019 772792
92244 759964
65202 780586
180338 706582
127841 747037
84456 776507
339891 606295
385289 577863
305074 633021
134640 755957
218061 700448
20021 844925
257441 680029
18979 862858
283785 666311
301446 654180
127356 789182
29292 867283
40846 865203
259143 695483
170464 768386
51821 870603
187867 764096
73914 860130
34007 899579
50572 886410
9225 921866
131498 824198
14304 930347
103483 856394
473850 527332
231368 759138
104613 883954
232755 763742
82348 918326
24873 983021
90147 921648
215967 804222
58552 976946
211096 816945
143204 893293
403895 609417
163285 873677
267612 760073
374405 645695
140590 915006
387901 635146
145573 916065
194899 860049
220938 830091
314104 722972
334349 700373
118438 965071
127030 962197
140474 946646
325685 720111
130675 959387
208144 864647
247985 816260
188555 895974
201327 880395
318949 734064
275435 792040
271576 807943
234849 860237
160991 959090
211959 897347
455771 567912
253339 844158
294834 789122
170212 960749
282904 810000
372894 685635
168050 976652
290942 804445
421463 619920
286618 815396
337328 745166
353086 722897
398086 660887
336719 755981
212674 952129
217728 950199
310023 806497
324556 784730
299256 830974
332492 782593
397058 679855
254811 920098
283123 875120
487780 533694
329472 807911
246992 952464
270478 918213
404915 684150
324516 832408
463262 583072
477926 556112
251090 993005
278462 940999
263590 970855
343097 822392
396135 725696
443897 630032
288260 953324
311544 924469
485975 548943
342649 860287
454339 619149
301134 956590
367866 814534
339885 880786
318731 940910
398153 758795
373775 816162
347034 884434
309212 984434
326612 944009
429133 708854
387524 818505
361185 908244
380483 877530
341263 995808
434162 725854
349347 981783
362743 958918
375674 921551
389921 896358
411985 831669
425550 788129
430589 783072
422639 815233
411102 858487
390075 935128
381382 970555
490028 575057
410984 868020
391432 954134
409020 887461
439349 774528
404745 909736
388738 975661
413772 878331
434120 820392
425242 877845
497256 561548
406768 979751
480447 642632
434480 884494
494093 594606
461137 777417
448292 886178
444237 912209
448208 892355
445203 917186
478927 707539
479314 708362
442228 954185
449873 948583
447334 984947
462842 936515
458171 994829
474207 869852
465777 971438
472704 935028
500848 642948
496282 710433
479956 970578
482599 953291
505925 612878
485671 972215
498157 784205
498588 777910
493586 921311
505768 657261
503371 719502
507398 669068
509399 654221
502935 995913
511523 619535
509011 947193
512170 858976
