492556 954385
494656 881392
498624 990450
497646 832624
500094 987650
498675 878836
497968 805313
497319 761521
501211 870563
498944 747311
495989 627171
507868 931446
513008 988604
511720 889239
497772 604045
513634 887195
517863 950400
519015 961602
509517 780361
515538 873393
514107 845663
521533 959418
513442 774748
531238 982668
533636 989077
528035 902960
527438 889003
529865 904173
532985 933124
516289 745886
533093 919318
523623 817780
538934 967816
508317 633570
541321 909400
519489 720978
538246 871864
554539 989592
519911 712855
552674 962445
504035 585803
519695 702226
545764 895832
549869 903216
555285 940232
560468 970663
530125 757785
525540 724752
555956 920438
560099 946603
564701 976783
514719 645975
530598 747873
540368 810395
563012 940790
537116 777919
516843 648491
558317 899611
535567 761092
565463 934335
573801 983702
500744 547810
573691 968903
547947 810772
530808 714106
552821 834898
556667 832839
577194 935255
584407 969530
557435 811511
548887 768174
572303 874725
548538 752674
536108 696341
573795 858787
559667 794496
558928 791184
529465 660784
585290 892020
549400 737220
576548 837021
589846 877574
584702 844434
619194 964014
566416 762932
567709 763654
588387 829842
633290 981381
532196 635444
642281 983587
614110 892514
548762 681290
570663 748235
527188 609776
644354 978272
628874 927399
651147 986319
649771 977206
520559 584502
531664 615797
547585 659424
575531 739659
637675 912015
659177 972134
639928 912528
579005 740034
610896 826126
663820 969827
588709 762144
559705 680897
636320 880017
615836 824764
635075 875184
645417 899468
666466 952916
641973 888602
640562 878972
568759 693851
534083 605095
638465 865700
640704 870393
626601 834881
618513 811959
542045 622284
552094 646659
568562 683735
599096 756141
676332 937403
686655 957923
673992 925161
687734 951871
616132 784723
565494 664777
649705 853405
552367 632129
558452 643358
704263 959119
608838 751855
632781 797209
662007 859167
631324 793847
681197 896563
699219 932741
705542 937383
713699 952617
736386 998423
571454 659030
673510 863326
686462 886840
723431 956978
619591 750487
635560 781520
693918 895784
587331 685955
705865 916691
706197 916996
670423 844304
666088 834156
697807 895165
593346 689808
695758 881074
732445 944695
728083 935159
700779 882956
679541 842371
638602 765421
697404 872129
751272 965007
581799 659439
713330 893736
638584 756072
625602 731820
763727 972024
750985 942192
520972 548527
746393 933562
765912 966760
715265 879900
598481 678991
717775 876562
713476 865001
778202 969671
665361 783807
695830 831442
789386 982430
707493 849058
694735 827198
757104 927596
795889 990250
751984 916118
744289 902983
698163 828311
637473 730849
627464 713808
760829 920731
780911 947804
564665 610833
810683 987616
702358 817891
682082 787073
653981 743804
799528 960499
775709 924370
546697 580649
713275 828508
542063 572859
733585 853215
602072 659142
659290 741860
696146 795012
711927 817271
583598 627990
836825 983607
624709 685246
743197 850475
618845 676473
845696 987483
741029 841684
600950 647748
699975 782602
635892 694411
548485 574817
864328 993138
810290 918870
835994 951934
643476 697442
763581 854653
757168 845542
643903 696769
765202 853356
827002 929753
687466 749691
667956 724477
780680 864355
688563 747720
690990 749214
846476 942526
874638 977624
890774 992739
532786 549350
717213 775359
778795 849362
749875 812522
841332 922383
839129 918939
865911 950526
622223 656271
781627 848182
852273 930765
635479 670259
899033 982238
912119 997502
722804 772881
704980 751106
915015 999359
778634 836430
710590 752744
919411 991984
741624 786767
888833 954800
714038 753038
850487 908796
897023 961062
900354 964595
715141 752979
820794 871927
673148 704023
817977 864583
768857 809054
870712 921503
592851 611092
853213 897969
854381 894955
921178 964736
683526 706689
867741 905874
906400 944967
901377 939068
629953 647092
583664 597335
568043 580315
668477 686901
831904 858325
694473 713116
803976 828634
824666 850241
841213 867498
789204 812608
787013 807615
867807 891244
550994 560826
673208 687544
777044 791427
926581 943415
651564 662183
905103 919106
941884 955937
929073 939172
624640 632543
987998 996922
738065 745428
880760 883950
649381 653927
896736 895990
685813 688968
583542 588631
936506 932129
969624 963048
559844 565065
952548 943668
973520 963603
955581 946129
739641 736891
725095 722341
715165 712751
845378 836888
847965 835590
654578 652295
985329 963319
921617 902043
902912 884376
986746 961929
693933 687393
916434 893153
768575 755613
886544 864331
891000 867771
973321 942110
827075 805556
718250 705119
577194 576652
793715 771680
767403 747661
617609 612060
892361 857833
813005 785676
836515 806633
670065 657962
857903 823353
887514 847842
706485 688349
849864 813398
590799 585628
908379 862016
677799 661062
737211 712533
857066 815584
890002 842052
902237 850505
823074 781738
755104 722929
815728 774159
888246 835253
963583 898891
684517 661446
509962 514517
807203 763609
995126 918962
984401 909733
972434 897794
805716 758927
952723 880531
704619 673924
950604 873070
986231 901602
933878 857587
898591 827489
767664 721814
855717 792301
690213 658633
757379 711247
894623 820374
714677 676430
991030 895865
951538 862174
988900 888802
989733 889002
783678 727424
973226 871234
980323 876341
907598 819455
661662 628291
798171 731813
982684 871064
952287 845483
538247 534146
881053 789010
905854 807176
844327 758496
963632 843365
938989 825309
915042 807667
883172 783718
801868 722220
916473 803612
795812 717045
792250 713328
886093 779431
957149 828613
870163 764836
999498 855453
970052 830976
856918 752191
815229 722682
608693 579888
897121 776902
757171 681006
892690 773029
947925 810056
805350 711573
976694 827021
997653 840418
738622 662754
660244 610717
972632 816544
909538 774811
984268 823811
633413 592153
813354 708172
821396 711445
604438 571488
953803 790209
994478 814157
768534 671400
790320 684507
933828 772588
845324 717344
697669 626172
721177 640563
972203 794230
625143 581071
726440 642864
979264 795186
977119 793017
858108 720919
673720 608837
865615 720388
828745 695916
986729 786138
782246 665834
809075 680098
927998 746952
617493 570340
662390 595627
966641 766152
652260 588373
558054 536156
806161 672959
565601 539799
663965 593085
786502 659558
538149 524589
920552 731481
818843 674850
978473 760103
696589 608771
702137 611484
863585 697110
952931 744342
859560 694403
849671 688859
983942 759572
601330 557196
880036 703818
768818 644369
895564 709801
667754 588496
764466 637221
960588 733697
575637 541192
893951 697177
941268 714273
986862 735383
765784 629572
815997 653125
966711 724217
948528 713349
979567 727281
802163 643971
936571 705120
919830 694011
874957 672509
907926 684804
916013 687088
915114 684896
762756 616730
806869 635421
609449 550270
970191 703849
930773 685800
619907 553590
972285 701276
601258 545096
639146 560816
862687 653020
995612 705432
969542 688584
870903 649455
565828 528649
781989 613114
979915 689929
706259 582718
769577 606570
641295 556997
866096 640783
941852 669303
952707 672819
989523 683842
617279 545883
748297 594079
808324 615130
981005 677932
962853 671267
956196 667427
885571 640605
843359 624210
963904 666609
836540 621168
841085 622754
862317 628350
721023 578614
668314 560263
683509 565267
553961 520779
922052 646048
593938 534353
517787 508268
942676 649171
755380 586758
927039 643470
718632 572552
994710 660434
772206 588153
856122 610964
779187 586955
674245 554994
878885 616880
813925 594626
926987 626618
905830 618443
700367 559255
635886 540720
887035 611533
638665 540299
926653 618967
753299 570911
948350 623011
704896 556970
922468 612135
882944 601127
980373 626109
833326 586356
846590 589436
829362 582391
835752 583634
789317 571926
865637 589629
994372 616821
866145 586399
809928 572541
783444 563375
609172 524895
864378 577466
604500 523160
737030 550168
709524 543748
748191 550639
767166 553852
795372 558155
943025 584584
741915 546701
857509 567688
956561 585694
746376 546779
752760 547458
798961 555881
588117 516885
797103 552008
941496 575622
951487 575144
724182 537218
609210 518139
887651 559247
886667 555502
765803 538118
963146 564810
964892 565029
994334 568577
696012 527600
784041 536680
768135 533734
840711 541738
723451 526954
904806 545546
783780 531741
853619 538796
999761 554442
844621 536984
805637 531828
786981 527807
953296 540816
903190 531603
843426 526171
914932 530236
943706 530283
984798 530041
866559 521788
912568 518158
776512 512181
887107 515502
882378 514453
619798 504454
799931 510874
990551 515174
787428 508214
981133 513629
901949 510688
719201 505653
877524 509648
811667 507818
984604 510845
900532 508657
986136 505558
695240 501946
751572 499695
921029 499341
859882 498334
877763 496243
629535 498543
679377 497394
841946 495191
727101 496275
639767 497545
681050 495354
821701 491754
976861 484399
995313 483283
801724 487233
999305 478894
830511 485601
742478 488803
662718 491997
918902 478181
601696 494288
983989 474572
551078 496727
754689 483290
621344 491666
938226 471279
796960 480178
861540 475753
739467 483472
697255 485901
875620 472987
653192 487880
756250 479792
843265 469824
930889 462059
828405 467073
552306 493609
798450 467448
843563 462495
688486 478182
767794 469366
748858 470367
668037 479376
827461 460663
845833 456622
870728 451745
948742 440748
946340 439919
746655 465901
686684 473377
796364 457604
980797 431617
931399 438431
861748 444515
699461 468505
658751 473750
788089 451839
947675 422920
999565 413558
980518 416544
830259 440673
900634 426427
753140 452338
589759 482019
969868 412092
982979 408984
795890 440543
905357 418650
772738 444590
784079 438936
985286 395892
692003 457715
900605 413587
814369 431527
991164 391836
957297 399101
992296 391105
957578 398566
755492 442566
759112 440719
960918 394774
786902 431086
949017 393108
713722 447831
947031 391248
607582 472244
871970 406969
772192 430940
963521 383703
597779 473889
956301 384797
946320 387210
996406 374400
997059 373070
633880 462639
985354 368091
969523 371340
721157 437520
553212 482863
922714 379399
999712 357396
954127 369982
996894 357619
738745 428908
637056 458043
821916 404245
866557 391080
937544 368082
999913 339706
955709 353405
998623 331552
787012 401814
962044 343339
961635 341384
823067 388106
846429 380143
927928 352484
549520 479863
667332 437256
896089 355163
919906 344841
969330 326427
877277 358119
977018 320631
642429 444244
879849 355192
949921 327106
680576 428596
692407 423572
670560 431846
563012 472697
988726 308207
924728 330278
590682 460814
839770 361420
712704 411920
725022 404851
994694 293013
881493 339067
920038 320070
952692 302760
902164 323898
700208 410554
781926 375413
899314 324474
904020 321533
991811 283452
899413 320549
820959 354925
696650 409157
805486 360090
597784 452799
856885 335593
516715 488871
818807 351227
998012 268736
966243 282405
986229 272552
840968 339301
821394 348264
976633 276478
783392 365561
571844 463221
634165 434178
880053 318950
935250 291666
878369 317758
736889 384063
951114 282176
829729 339167
956366 277750
720003 390912
826327 339816
985641 262022
853541 324348
726713 385354
803788 346062
633487 430202
731004 381196
526803 482660
904032 292475
634379 428064
924588 280446
952795 265290
936241 273450
719238 384113
755852 364889
817255 333193
891465 293594
800957 338171
876589 298301
739444 370155
915275 275224
986574 236736
679112 400265
892121 285001
876351 293114
712593 380245
823928 319117
650880 413112
908364 271301
949960 246236
675624 397050
992539 217763
926871 253557
792246 329625
889335 270804
694039 381782
982818 210025
888859 265450
947616 230376
967212 217074
970296 213556
849045 286194
930522 236977
924936 239073
655887 401215
640729 410053
945829 224551
773681 328267
787314 318947
822997 296811
651834 401728
902430 246456
848101 279639
668504 390627
873933 261596
894695 248427
687178 375884
916021 225674
870436 253089
713704 354384
626992 411136
984496 174688
983113 174080
723713 343729
919020 208126
740545 330127
807998 283732
977099 165266
744514 325197
838741 259475
649213 390365
827314 265787
681472 366532
893116 216818
576956 440076
894466 212840
883524 219754
636564 396440
614398 411594
844501 243489
907273 197253
790574 282303
778449 290769
937701 173771
890761 207196
720257 331556
969401 147206
815884 259463
975914 139693
610252 412007
856595 227777
569563 442135
925688 170988
783146 278288
974631 131132
696835 341159
797060 262987
960877 135539
711895 328765
949213 139261
901247 175473
534282 466329
671781 355542
753049 288878
752230 289288
852858 205961
677279 349107
718311 314579
866750 190839
811933 231221
999650 73084
716141 311490
948666 112649
914322 141155
891590 158752
932544 121825
888925 159255
983680 76967
648552 365221
725418 298842
745067 279951
903402 142076
834044 202336
840382 195746
762405 263484
939543 107933
914263 126553
739809 280737
761381 259357
796992 226940
814662 210187
919184 114586
892112 138380
849244 176983
673757 335512
847262 176468
974187 59368
813694 205304
780668 234221
827688 188919
577625 420885
813217 199515
945256 73483
960202 56806
991039 27574
930864 83428
908481 104332
954317 60342
868846 141374
865465 143109
784863 219058
707907 292814
620039 376729
898853 106517
568359 426243
689124 307472
801047 197377
600657 393154
903660 92998
921338 73819
569787 423023
718684 274267
608765 383781
778513 213943
651590 340182
611464 380429
765442 225286
782396 207367
672501 317511
971505 12238
813371 171718
912785 69281
778025 206995
911570 69189
834941 147614
572111 417838
789912 193041
878230 101491
758996 224081
833922 144923
848122 127084
770765 207202
674404 308453
894019 75932
753829 223524
792165 182412
800920 172178
792276 180505
802684 168262
933484 28062
910557 52488
848114 116781
617487 364764
634797 345408
924618 30726
857381 103375
903107 53132
888085 67368
841580 118069
692188 281390
887397 67718
728827 241164
938633 10441
938409 9911
887025 66044
758393 207029
700749 270266
792773 167539
834516 118673
805588 149742
872228 74724
876136 68475
891554 49358
861957 78803
910961 22595
815539 131155
700584 262237
661882 306385
856442 83967
837373 102278
754133 197958
645737 322505
831657 107139
884462 43209
861878 66682
675279 285476
633756 333837
644526 321081
804557 132555
537156 447290
909765 4005
620131 347584
745622 197479
828444 97294
787814 144932
800677 128181
854795 59527
754231 181744
886817 20442
735022 204653
886272 20010
793970 132184
896464 3116
748130 183839
793172 126890
857824 46625
778504 144129
667315 282066
853697 49382
861955 37108
817035 89556
654911 294402
777799 138900
882532 6259
608075 352996
884505 1399
764650 151770
790396 118826
688016 247517
786962 119311
822306 71194
731801 188193
612763 341933
571853 395428
853457 24594
812921 76024
732228 182555
859510 12278
751756 153222
830555 45081
846383 23513
749334 153592
827140 48176
799709 80734
797977 82992
671935 254372
736537 163871
725946 177594
638573 298015
694799 220132
641587 289566
825397 26164
691115 217122
768774 101357
809149 41597
686493 217258
747725 127751
764056 102174
644331 274975
682005 214284
735170 133628
516361 463579
586385 356466
665549 235357
747094 107861
730545 132971
791700 38609
805098 17721
546603 415943
624677 292158
641839 264452
767532 64838
680672 200686
735358 105319
672416 206966
721615 124436
730125 108829
723996 118183
621554 286699
757443 58715
679466 188383
649814 237168
698852 154605
733512 96122
677047 185404
653480 223428
774097 9420
514123 462069
560787 379653
598839 312367
526641 439683
605486 300201
734694 71153
751327 39856
765271 12583
676415 168664
671786 174324
750130 24575
534161 422934
703714 108892
734200 51660
705494 104760
760248 2435
619811 261468
725672 62905
571577 351436
632672 236149
749061 14285
735441 39782
678906 143487
599784 291316
730689 35427
573415 341619
628422 230162
527679 429993
630675 225028
692480 100386
710914 61075
722055 38174
605973 271217
665392 150150
667942 144894
689415 99804
638594 199833
624050 228112
692316 86108
711407 45580
708598 48388
580191 316583
578251 319497
692238 76919
685084 91285
587380 295610
695178 62678
671840 103510
514416 451001
691353 50351
625985 194105
554308 358278
660530 114001
602956 245740
677688 72905
679830 67560
548793 369424
575392 306854
573002 309868
666736 88508
616172 207074
626569 180117
662208 92125
643069 134133
675868 53407
629728 162740
566585 316641
587797 260524
606768 207912
653416 82112
584224 260610
590553 242177
562317 309496
646052 80609
618346 152317
606369 176502
560960 303253
568209 280248
613280 142734
559991 297490
603424 166826
562512 285502
494120 494942
613058 126915
619625 103422
526283 394140
626419 78795
624175 83282
609029 104681
628170 30185
549398 301545
506726 450329
555086 279270
585337 166153
556333 269308
518292 403048
614614 37908
610687 48141
564172 223150
576071 174536
507535 441230
598222 73763
519502 390490
564318 205303
599603 56417
577559 144942
600126 36017
597285 32158
545319 254997
595733 13790
546623 227421
573248 65205
502122 447552
553040 156900
548592 178811
578521 1084
548554 173530
577924 1304
559584 80519
566376 30550
533637 238257
523584 300725
547007 143190
559467 55179
547186 135056
561037 7653
538177 168202
505724 402783
543996 115873
551941 55640
525947 244748
505529 399101
544907 71345
537865 101408
531411 138388
507732 357880
528573 154264
527207 163424
538353 49845
538811 44329
541736 9966
532439 96771
536373 42332
524245 164533
537317 19523
530587 76401
521068 170315
529437 61269
527999 41132
523897 45866
518703 120259
522693 54390
499583 394913
520947 31132
513197 149106
502358 324981
508503 190084
515732 32863
510098 86212
496970 395127
502779 249598
506608 154591
511763 22937
503408 229487
510478 40492
508675 33094
500847 250958
496324 254373
497652 156115
494631 81744
493839 227270
493310 274221
493089 21576
491863 208058
490101 42433
491410 358456
489276 105905
488504 136443
486852 16834
487283 62556
487698 165048
486653 111445
484250 133271
489550 383386
486063 254684
478395 11302
481140 163209
486726 352099
491235 467410
476137 120688
481111 242404
478800 191721
475701 133971
486906 378099
478083 206059
468348 48656
463841 9545
459606 8657
458464 5272
469944 181545
467972 155031
461590 86510
473586 253912
471511 228982
462496 133102
453994 41305
452177 22995
456824 98789
448309 48376
446173 84335
451131 136646
451268 148455
472650 330638
477487 372550
468752 302071
445077 124344
459505 251374
451587 198305
443274 153989
448444 204250
461726 295121
423214 39650
430406 87638
448264 216668
437286 156800
410090 11506
416781 60559
422941 111192
437035 192758
413412 68791
420732 111037
462224 336437
439285 214929
449656 277053
445476 257411
432187 194807
413330 99832
406989 77726
461047 345973
410204 101896
410267 102721
413734 120485
389190 3572
408422 99313
417690 156959
412313 135688
391253 42724
391212 43756
455456 333666
389619 42583
386723 32154
394041 67330
393201 65760
401379 108169
444930 297650
408304 151013
388581 75760
404899 142564
397702 121200
370627 15219
424260 230716
391800 111861
450457 339856
417286 215502
387401 114569
404641 181545
373313 70451
414665 223339
385179 120576
356309 28939
376412 102478
383931 130531
379662 132739
428830 293560
390510 170528
418666 263526
348330 48756
332526 17070
341813 53299
370161 137935
392140 207317
366692 133262
364683 129773
385025 189038
418725 287973
422008 301573
422737 304167
384097 196744
390609 217323
400723 246211
319987 40874
390931 230169
338336 90626
338198 91109
385058 218341
307718 16424
427390 333218
347845 131444
315774 60530
335475 111376
290871 3998
329201 106137
351708 160513
446375 389024
338467 135813
293855 30990
316795 98543
348154 170742
341707 156803
404561 300132
279177 29380
323175 128596
311299 102833
475244 462440
265796 9510
332583 153954
270928 25323
267342 23341
314852 124873
311532 118191
393637 292000
263285 20932
326420 162460
479885 474207
446468 407051
306261 127732
257260 30422
351119 218302
433393 382479
363550 249762
249081 27992
358419 240453
355042 235869
346172 219618
381794 287947
469817 456525
303355 144105
386359 302310
283017 110089
260874 69028
386305 304717
227608 13832
220041 3368
228219 18837
343712 230099
229205 22741
354926 251695
347394 238780
275322 110413
249060 67832
426053 382017
360841 266489
280372 123925
445469 416551
227193 31439
285599 141358
395231 332415
241058 69409
371188 292447
248270 88338
312307 196809
209882 26976
348411 259596
315006 204551
374031 302939
210163 34175
333226 244177
254139 118204
287252 171553
268409 141889
432759 404675
432875 404952
195677 27786
285399 172679
194813 36017
298572 198949
401365 359330
411871 375926
175771 13220
201772 54958
388755 345003
186439 48895
228248 111829
350367 295087
156382 15729
269306 179092
314354 244023
271483 182598
288812 207544
438583 423145
245476 149548
279532 198266
174201 52227
136864 2101
200461 91175
257446 171005
292132 221381
173827 57111
237295 146989
134427 4821
167538 51026
202128 100590
166181 52324
190669 86430
234632 147089
209458 112731
343647 296556
182972 80556
233567 149286
123763 3087
337392 291494
198025 105057
256442 185060
256158 188856
141289 37841
178918 89187
289426 237080
294814 245962
273586 219486
217519 147744
314754 272656
286166 236884
248423 188840
324930 288961
93500 1084
116075 29525
196535 131557
272693 229447
166355 99622
157210 88550
281010 240844
214224 160375
116431 44873
126901 59690
159313 99534
180818 125773
81317 7259
78396 4080
150478 93094
193092 145145
109886 48540
367957 353267
98516 41200
172891 128829
356027 341455
315345 295641
77802 22075
89445 39090
128076 86828
94705 49265
83681 38284
335709 323010
66683 20132
67269 20932
188350 158805
417455 415968
69244 29460
372733 367268
170488 143953
270074 254101
69778 32835
165982 139403
72989 37314
135714 108445
52594 17472
74617 42525
309394 299775
114339 90089
192414 174779
50811 23634
315741 309947
267012 257706
98003 80734
36168 24593
113070 106167
53444 45678
308772 310480
11863 7088
322967 327091
247788 250543
149430 151647
59535 63082
71133 75516
31944 36215
92206 97554
101894 108733
100278 107739
21669 29404
133953 144204
65436 76407
8614 20586
357789 367634
361383 372037
134155 152141
53927 75537
295665 309663
62844 84739
230813 247995
385973 397614
111684 136372
43642 73508
15480 47742
226855 248928
157584 183683
228517 251095
257462 279173
52993 87379
39348 74630
161989 189996
95529 128559
50872 86832
193037 219831
233562 258275
422472 434562
128449 160790
104252 141983
112498 151198
321436 342999
224449 254480
382249 399301
264889 292827
128826 171149
24565 79665
102847 151912
371405 391773
45025 101568
44307 101634
54059 111542
273503 306194
257730 293195
329685 356691
181524 226769
368181 392357
59982 128460
2743 79485
67266 136835
65222 135322
307238 341833
182526 237380
93522 163398
88108 160664
35826 117044
285638 326655
62652 141491
147720 212871
222476 277052
24402 114458
151330 223529
210799 272655
116332 197790
119402 200665
230916 290308
6510 112243
305488 351304
120696 205044
35281 137440
212869 278477
126034 210313
221895 286450
17816 126603
24792 132625
52827 156688
375381 408779
177223 255001
14572 129459
19507 134817
226776 295184
255916 317727
333366 377359
46575 157305
119017 213654
135191 226664
226508 297083
219340 292973
191507 272368
170257 257203
73887 186470
312615 365502
72519 186291
182425 268908
90690 201192
35057 164270
138212 240265
65803 191921
134210 242075
69408 195595
113245 228121
62076 195894
74579 205127
148209 257720
323293 381920
241105 325145
180082 283252
50279 195736
64904 207099
79794 217586
315809 379609
49184 199650
87831 225908
59002 207268
469314 484357
229219 324288
107452 243108
128715 257526
123964 257262
105676 245321
118157 255557
96891 241761
196962 307656
313366 383870
153339 280731
78406 233609
91247 243060
142038 277506
31146 207196
88754 244254
261129 355121
27596 209609
57392 232625
70627 240932
5273 203701
3599 210650
156964 306612
90500 269841
170060 316280
299893 391262
207171 339105
8446 230722
23488 239235
275713 380046
145520 308235
169943 322579
84452 277887
30210 248909
133425 305383
232777 359643
284771 387814
118200 299948
362000 431475
66947 279230
379020 441400
360552 432173
277744 390419
52827 279265
118109 312508
64774 288025
43196 281618
100864 309916
36567 282336
158463 341814
72676 302035
58963 295841
136153 332290
34115 284387
19824 278140
341133 429425
3860 273454
78052 308072
108405 322544
19112 287180
38034 296288
174887 357821
255212 394237
203479 371799
363487 442894
261225 397769
288548 410488
198288 370994
290492 411816
225849 383990
118145 339625
237853 391018
209127 379359
262499 403470
115703 342594
25993 306453
467703 489610
120724 347723
453672 483966
73605 330201
426141 474359
123796 358532
254399 409865
379902 457333
132581 364969
125902 363102
22917 328027
24372 331237
13956 329792
89339 358061
34697 339438
58623 348055
180918 391254
111939 367405
370436 457445
176104 390188
126549 374315
184975 395128
186810 396795
399988 468898
236020 414872
332491 446864
129047 380492
330303 446757
15876 344501
74374 363612
44004 356468
186108 403469
56526 363058
10269 349014
344688 453621
95401 376493
89635 378366
252806 428580
42210 366337
13449 365172
220790 424165
277385 440360
438605 485287
119605 399258
11127 370151
455712 490006
184005 417663
120106 400989
198764 422659
128587 406447
191803 423277
48635 390887
121833 410000
74215 401619
149945 419604
92805 408349
125116 416459
103007 412264
458453 492212
87804 411106
172277 430800
32907 402175
140234 425458
167029 431171
10559 402308
62851 414725
95201 421188
26070 409270
161202 436904
132653 434069
28840 421995
40668 424332
250098 460626
92164 435550
954 421201
177268 450202
241392 460360
115371 441268
20363 428454
260534 465152
191661 455989
288968 470369
16080 430988
214734 461642
157477 453808
323879 476841
274376 470892
303860 474900
141318 454680
196275 461840
393740 487239
128384 455076
185425 463849
260090 473980
127130 459270
297766 479250
72424 455673
22749 452074
91208 459490
67296 458180
14854 453056
28822 455578
176129 469971
20088 458950
138711 470635
35117 463111
117218 469860
167885 474455
313928 488767
36611 471896
5564 470512
11949 471974
425274 496222
284247 489137
356776 492875
72247 479695
217047 487423
202383 487069
137542 485338
453231 498320
304974 492973
154505 488557
232110 491718
271933 493218
67858 488249
253224 493354
136441 490388
75985 489443
94751 492304
91907 492385
214627 496580
238238 498064
279198 498976
342202 499325
170819 499033
5244 499200
209481 500733
46687 502422
7290 503904
314577 501739
170793 504230
319296 502321
466270 500374
181186 506109
25024 510742
75284 512582
80151 514976
125087 513382
47317 519307
191172 513225
251412 510877
208217 512929
77979 521024
194691 515282
242923 514178
242267 514772
217794 516276
57810 526262
290449 513663
279276 515300
9784 535142
45162 533450
408605 506495
86986 532520
197804 525075
260434 520062
256906 521935
121024 538486
30402 553006
136740 543767
15169 558831
130537 545669
14737 560394
225518 534451
11482 562235
160201 543259
16327 563476
357601 518154
206674 539124
98473 554109
50174 560862
121549 552560
145634 550548
14215 569917
350511 520928
84666 560639
198620 545595
110536 559468
135060 555998
187367 555361
103695 571388
72283 578497
387935 519564
92768 575534
165963 562309
20163 592114
163054 564378
185000 560929
248752 550404
67992 590591
54759 594354
127180 578813
292869 543209
443947 510437
313883 539488
177497 570507
219928 562406
303695 544882
356572 532427
102353 594128
37951 611031
16665 616680
184921 575423
70716 604807
213523 570843
349320 538113
233441 569986
104820 606668
234306 571353
60518 619790
257471 565152
326514 546804
424763 519047
17598 635228
276804 561427
88036 615641
128132 606459
175565 594626
52601 632823
53090 633459
197030 592409
101284 623972
123869 618494
145472 611699
415081 524881
343119 548282
145132 612661
211492 592291
69049 639197
67752 640277
30353 653210
67933 643104
252682 581527
124784 625683
74892 643642
11474 668184
230595 592265
17969 673339
155150 623708
89608 648631
303047 570802
157274 628552
151224 634609
207534 613639
289497 581108
35089 683259
59449 674265
84164 664483
184988 626253
211483 615935
75434 673500
13546 700883
3409 706538
106299 663271
52526 687234
7480 713732
312973 579413
348873 563582
251047 607694
91395 680360
21273 712649
377706 551822
229718 620141
302040 587066
118605 671818
64957 698798
170479 650072
66020 701098
233071 626244
86071 698453
153768 666187
436944 527313
20263 733536
77975 705852
77025 706644
304092 593687
107428 693378
74852 710108
410771 541204
57286 720183
59259 721045
12531 746883
277095 610814
133464 686240
91124 709148
107293 701232
93397 708867
19265 748002
28106 743486
232541 636333
141718 685953
110426 705603
119005 702003
34057 749334
31826 753226
40041 750232
34075 755221
360540 573652
303620 606161
91187 727432
72086 741040
60647 748163
235588 647620
55938 752296
428816 536712
397071 555377
340859 588440
67310 748977
159070 695299
372626 570212
17111 779059
137734 709601
256830 639771
475 792770
112386 727942
19646 783814
1678 795614
86286 748551
222872 665383
96601 744907
83685 755148
193284 687481
324192 606292
349071 591803
275239 640256
338570 599467
81134 767950
37711 796849
254255 655890
266879 648899
184675 703334
22493 811090
308538 622328
281334 640645
79841 777386
121507 749935
14937 824699
67786 789131
55461 798372
13163 828498
349277 598647
186078 712725
267133 656574
326947 615093
1998 841263
20661 834527
113412 768784
117870 766350
6507 846518
208136 704318
101752 781937
317523 626495
74576 802770
141781 754248
69264 807890
92227 791817
266466 665871
244016 682928
278196 658300
219117 703905
26085 849107
231556 696774
130772 773104
7324 866431
356087 603102
292218 653075
248984 686559
107096 795344
323381 629679
61476 831416
192570 731185
10258 873637
376411 590173
128041 784551
185075 740245
69763 830471
287405 660615
368548 597213
259464 683947
128594 788864
27823 869123
48512 853288
113088 803268
114826 802583
123239 798393
4502 895311
163472 766851
55482 856024
106336 815554
79340 839353
42988 869312
109748 815215
226549 720513
62928 857653
109061 819997
280871 676589
155721 782362
389935 585949
247161 705918
64211 862507
10920 907909
31852 892109
190371 758785
44269 884175
255123 703670
1180 924825
24154 905195
4862 922366
39081 892785
174242 777581
129389 817511
142588 806010
89952 853286
11530 925494
367655 610635
53830 889845
225304 738372
168976 790279
406743 577281
59989 891648
14490 935065
239229 730564
68286 887773
26233 926503
257983 715829
343161 638078
324830 656143
312674 667914
424137 563960
75596 892880
327929 655062
17661 949780
114709 858003
404111 584086
267031 715273
17379 954029
34627 937690
463005 528261
52799 923484
105137 875516
126397 855432
166171 817433
310746 676850
187825 796732
152690 831302
37890 943830
396541 594077
86827 898210
240383 747455
179277 808353
224684 764503
43148 948116
237301 754526
438693 553631
263672 729273
193939 799939
120355 874013
129425 865405
141155 855065
146715 849560
26249 974627
319777 677362
153824 847950
165996 838602
66511 943976
131379 876542
70162 940507
423665 571898
87093 926852
201914 807264
160555 851120
129097 885408
208443 801303
138961 877305
366530 634951
296017 711929
323397 682651
65975 962846
134157 889381
58313 972024
438725 558396
246635 767513
227187 788701
88294 940711
187984 833522
120362 910154
196246 826707
163661 863049
276146 738830
195120 830126
243791 776457
91070 946663
276454 741258
123694 912876
87265 954072
166915 864868
92210 948626
87786 955252
446413 552004
215269 814303
299479 718829
87818 960812
243123 785682
139121 906799
321863 698190
274346 756018
89363 973771
207921 835765
436653 565902
233505 806817
254209 782438
140995 922204
159309 900419
129309 939564
320294 708809
91175 993335
321245 710486
100849 982856
396439 618527
450004 552626
324539 708844
198326 867640
305447 734951
337645 696364
266314 788528
249220 811088
119734 979210
357134 674404
288648 764844
190903 894451
190222 895399
235847 836436
224103 852544
289911 766487
259204 808783
189455 901400
391340 634551
225293 856369
307101 747783
351451 689588
208177 882333
204537 888912
337307 710851
301344 760984
364058 675969
446501 562980
210724 892300
177472 945703
191748 926269
239612 859371
188000 934273
206822 907548
267841 821351
178290 955693
360013 692143
258634 839539
274356 817383
208588 916067
168683 977641
271184 827374
316193 761158
212991 916575
228106 894759
312098 769691
212151 922081
313454 770167
377617 673476
257724 855327
356786 706316
228448 903487
229331 902970
339927 733612
287174 816510
260401 858190
444647 573853
336415 742762
189337 973319
318026 772988
277827 837432
190217 976345
198641 965143
219606 932394
298337 809373
362905 709000
294129 820995
279428 846396
196825 981933
356144 724141
280568 848875
212959 961671
223233 945227
300695 819469
422240 617352
376144 696802
389037 675491
386881 679262
469357 539308
341183 762021
330974 781671
293670 846822
403806 656636
469698 540246
391486 678758
275071 885993
296151 851023
312178 823309
348908 760468
357848 744758
265762 913812
241948 960594
354033 757960
373030 723994
274499 911796
262079 938516
422585 633042
266978 929625
378928 718338
266380 938520
442646 597502
385985 709322
258177 963710
251944 976878
334747 817158
306152 878310
464576 556684
274790 951726
303506 893913
351273 795448
385083 724790
412726 669418
272905 966806
288082 935765
387177 724745
262168 992029
395293 708425
320081 871607
371284 761423
280909 957386
333217 847676
271015 992692
334590 853779
441968 613752
335745 863780
284779 984856
309362 931949
426047 657579
289611 983669
396996 727942
328980 892626
355699 833723
309307 949334
369685 801212
305372 961041
419917 681506
432536 650031
319585 934485
328803 916863
430800 657137
379572 787982
435587 646025
305629 981029
386625 776531
462556 578220
333868 916676
377209 803973
413051 712586
376727 810476
332183 932125
364830 846470
350376 888362
311763 996336
449098 619171
362028 867752
479583 536438
349425 907847
460980 590575
383888 815978
360224 896107
357669 909342
453738 618069
371660 870178
385116 829728
351545 933053
342837 960181
334232 988121
361347 906339
418658 729390
341729 968931
388766 822701
469860 570645
335974 998291
401415 793992
404635 790814
359122 949549
380668 886399
398646 824583
374357 910056
381528 889929
413286 779088
407256 800780
407416 800648
432601 712275
384925 882434
398609 837388
452803 645739
379519 917945
375895 936210
392109 877004
427824 751869
393631 886437
401653 856859
447055 680486
393100 895802
419895 793338
421388 788076
375956 974687
393818 902177
407611 849391
475347 570822
388425 929981
374662 992606
393771 918887
377415 993567
404839 876220
434576 751116
438399 738307
395300 941203
471585 596395
403045 916974
427342 803718
448034 708180
462797 645578
392973 989181
400921 951950
405668 935880
440499 776085
472256 607900
467213 635655
478768 577069
458084 698981
446200 768499
422014 910053
434659 847368
438734 823075
415223 968230
463574 678353
422803 932950
469112 645334
454315 738864
449974 766230
434446 864880
474320 621170
428436 934659
429916 926940
426676 949045
433749 904065
440188 863337
466718 684752
440899 870400
467550 687284
442741 874651
433349 959834
429682 990379
444548 885297
455896 804297
445414 893516
453852 823923
482222 590590
447383 941974
462786 794418
480410 634419
467282 787081
452842 972714
471861 773199
465758 855016
464880 868895
466174 870768
460005 994402
474444 778008
484872 626708
464745 979693
474542 819755
466331 987889
478294 771167
470050 939677
484663 665643
473033 930753
481462 764404
476190 904436
483667 727664
483618 731233
476989 917511
477378 979604
480180 972537
480972 966055
491376 580370
486474 940782
487269 927416
489667 778731
488427 967640
489246 937663
492370 643811
