521062 759221
528285 855373
536427 923010
532147 800358
541210 835311
536384 747701
524802 602337
540424 777815
541123 781741
523006 570633
534359 690508
545984 787812
540257 721229
539525 707750
539298 693792
577664 965707
555909 797219
540741 673480
584381 969737
553282 737095
544603 677456
587802 938027
599713 998880
587791 919218
535268 611882
607914 999602
577916 832055
606371 974811
572050 790139
590419 882519
543802 640420
609091 895866
544504 619192
550229 641517
623258 924323
614854 889973
540418 594937
560174 660705
616248 831403
669862 986128
626934 846641
575134 685181
591961 728193
644670 860052
661588 904300
641241 848420
704649 999985
630242 787486
622646 759033
569121 629305
676710 874047
693124 886757
738847 974328
730154 953043
672839 831737
691982 863015
685859 848461
674316 824411
712160 892947
718859 885167
627103 710811
590666 643599
769264 965165
702958 833790
738873 885439
588652 629549
806197 992791
601423 649364
612885 666604
806483 979509
702788 811020
668833 754906
640678 705345
712778 814474
761258 883904
798159 938461
673743 744580
833490 952267
744442 822243
853615 966604
669253 711199
806012 891729
753339 818968
631765 658721
833248 914184
726782 775990
664155 695872
766119 824962
725186 770176
752374 803985
879084 961225
778570 833684
685216 716848
718594 754363
855363 919601
859515 922662
778080 821301
617877 628523
717305 745770
851912 903835
903624 964635
758564 793823
926695 983368
748712 776817
731182 755437
855249 897233
714239 733981
686315 701650
867097 906111
903480 943599
802071 829339
928862 964422
696183 705067
855233 868729
977930 988701
658739 656630
834958 830358
728667 720345
900120 889245
993841 978390
770323 754771
888242 866519
948297 908231
877685 838185
673825 651639
993005 940428
929887 877806
842063 798291
828061 784685
806838 765865
995347 931903
806086 762946
983779 912739
909238 845913
908980 843459
813432 761570
685894 652936
957381 882412
721508 681407
917650 842681
793307 738072
694184 654823
955417 867690
860438 786272
893580 811946
849799 771744
903925 807590
895755 797083
937867 826588
865843 771335
533789 522119
883973 776570
901755 789086
871583 766110
960337 828023
781208 699090
876067 761719
754534 675302
955989 806906
676177 614024
826231 711672
787634 681802
820325 702224
792131 683758
936578 768999
923469 759800
877325 731303
947785 772830
886031 734602
923900 752953
978365 784160
961080 770009
873991 716760
946090 755934
824991 686134
865709 709256
943611 751337
983674 771055
787953 660575
794801 662998
894184 715624
702425 608369
802360 659715
936026 727685
793599 652184
990325 747033
994658 749146
915276 698956
788711 632365
983909 717037
636863 561442
861474 654901
993770 705185
949313 682580
922863 669818
669343 569674
927686 670216
573551 530959
961776 675965
802449 613587
968847 669018
902276 643492
827386 617057
927250 650619
885210 635259
888460 634019
983468 660228
728451 577977
935371 643972
556434 522257
912538 630915
768172 586335
586978 531008
993314 654196
665610 553211
810165 595062
869662 610411
995070 634852
764124 570303
855588 590956
906472 601142
792120 573536
884765 592252
904676 594012
737423 556769
831451 576405
740519 554596
904257 583340
981399 596505
797626 561936
842563 569773
766608 548576
915607 567278
939344 563825
828275 546428
980173 555799
927438 550060
883256 544877
881767 542058
981994 549667
701665 523295
769810 521176
687638 517341
917438 526169
534726 510359
730728 513305
983953 515772
993904 514254
832038 506124
835427 505506
698382 507235
893929 499314
796024 501560
988831 495282
913670 494952
793790 491084
799140 484469
997927 463600
946564 467355
780550 479751
834573 472029
979961 454155
981737 451841
909372 459820
962002 451740
860334 461283
920112 445321
665852 485548
730846 468695
708026 471877
988893 414747
779594 453832
944960 414345
977823 400534
969735 397575
978180 390870
966685 390388
707316 457997
936982 386040
997917 363043
995459 361951
916548 384202
705196 446296
823118 402741
959724 354104
891985 372622
836171 390400
933767 352679
671959 449586
949798 336199
953003 330747
981675 310183
858186 356223
711832 422134
947861 312162
919377 322423
865023 346334
731846 407792
635912 452062
808659 365903
927961 306310
828487 354477
825511 354558
967303 279598
745080 393102
898710 310568
760396 382723
683115 419094
996709 246797
836152 330558
726805 391610
863896 308649
705905 398977
969776 242709
931716 263916
790260 338283
986955 212674
721118 380604
963167 224516
825940 306615
899382 254260
985174 195148
669510 405896
830055 295931
928856 217808
782695 320969
865683 260440
618356 435910
751337 338451
733915 347577
966014 172495
714276 361562
803817 293787
933608 194728
904772 214867
982561 148754
682661 381453
998613 135636
975732 152637
908919 203844
962644 161729
855728 245234
940559 176473
987809 138569
933274 177663
762173 311383
968875 143623
957473 147596
735531 326947
996162 106121
990452 107045
885705 190991
911760 164037
862831 206312
837993 224770
958504 115837
933986 136559
841198 219259
940305 127588
792115 261027
630793 406726
962129 104778
674415 366547
772286 276470
970706 92981
982246 78013
585583 446296
631683 402912
755957 281487
998646 48858
900716 142549
727217 308598
886237 152119
726133 306127
970219 63865
879922 147315
805907 220463
955249 69241
811827 208520
720980 294747
644149 375472
762408 249454
884499 118332
892366 106070
919129 60917
931614 45684
665442 343618
806902 183889
882552 91884
884225 81672
946326 7982
710656 281858
812653 161017
818790 152062
731388 254919
867102 92373
876845 79203
665135 327648
816356 137418
602234 400542
863672 58193
820614 112092
875070 31361
878529 22884
785071 145642
737362 200617
773709 149246
829718 61528
580824 418310
789052 114208
698230 241709
578170 419193
573942 424230
774235 120231
796092 82363
811954 57651
763178 124045
570646 426113
741512 150554
796881 57081
829209 161
787347 67444
766188 101579
694604 217597
823725 762
794429 36253
703863 189307
778512 55463
519333 506485
800633 7628
644417 277073
761242 56709
729769 111866
618508 314613
651712 249955
685986 176825
675556 197336
690147 166804
705060 133710
730828 72739
675687 181851
716977 90341
551462 436287
578950 371322
593388 338218
649378 199019
719846 28215
715740 34657
719454 23353
670475 140435
703590 58012
575379 363401
697891 52356
654942 158920
676099 98826
712427 1030
685790 56378
589517 311980
599452 279646
664667 94052
687207 25338
593799 275846
537238 447467
583371 301465
527423 473354
582714 269747
585437 258855
588558 245072
533507 448919
596493 185012
590439 182517
595385 135454
599963 107730
605761 60355
546612 359149
600422 68166
537519 389512
576726 151785
560185 249971
561272 237603
594301 31414
597165 3949
580316 95316
541069 334712
569293 79352
559783 101276
538722 282176
547735 164254
544861 143291
536257 245482
547262 81325
529969 313000
524602 392441
540091 127911
538296 91267
529977 228530
538624 9580
529079 229199
526694 238307
520286 237066
511815 113405
511683 257828
507042 90251
512137 348101
503221 118624
501053 64903
502498 130457
492043 67673
495486 199550
500074 312876
475554 48525
463809 7092
472915 106287
477058 193144
475242 211021
449510 65481
443220 24865
430144 5651
460458 217964
430486 87216
425856 74753
419141 46152
459296 244847
416355 93463
456908 261791
394851 42950
407113 95738
479202 372358
437748 224567
450032 281824
405618 134749
427129 216106
403656 144059
391136 110870
418412 200768
370433 71503
347222 3011
402400 169338
387995 127900
367098 83667
455122 334850
406321 198422
379997 164394
436160 308415
348880 100173
352813 116032
328538 63332
408491 255648
339955 113130
338228 114546
471538 413098
461875 394407
356899 178644
327022 124362
442775 361478
485906 447368
399611 276850
261316 3323
267931 19352
265136 15894
278226 43343
302145 94981
394570 282135
362587 228672
267094 58044
261091 64633
302178 137475
351869 230541
360365 245273
226712 29739
250872 71041
305609 162768
214856 32149
469024 434409
299884 170342
371283 282566
308348 186276
319947 208342
244923 95273
207241 42664
300735 195236
240814 110604
180882 35241
166133 15457
162715 13133
316388 229195
222567 102465
403811 353199
243695 135300
440002 405188
225716 120652
347056 283419
200495 94457
399876 359575
392686 355062
118898 19245
179238 94081
357873 314453
116026 21579
260883 198491
210772 140335
229556 164833
421220 396272
82405 93
218067 159968
213145 155212
220589 167799
286375 244125
208234 159576
130222 72771
181607 149018
359835 343011
72168 44576
180941 161654
471704 464040
450994 443307
111909 104937
156365 151063
125395 130773
127412 134035
178299 191404
187134 200369
80748 102226
320231 325841
51276 89816
41008 85264
65123 109106
47405 105753
223015 256992
310138 334783
157457 205816
133798 191086
1322 85472
294175 326352
391025 409551
34428 127215
147055 217190
361937 387237
195940 263735
177153 262723
391496 418477
205970 287679
120890 227823
314040 367044
185494 277453
135422 243336
107682 226102
57075 191449
207466 297247
120994 239598
79144 211091
432647 452325
345792 393315
201305 296617
316040 377396
106466 241116
223643 318352
295793 367537
251671 343879
20536 199729
257366 350513
192302 311636
187132 310235
176823 306173
409766 445901
59678 238349
213292 329826
269602 366256
159144 303797
134164 291118
320891 399692
155494 307098
345028 414880
350695 420812
8477 238554
29005 255956
158750 323682
281774 389805
204349 351864
184866 346260
242662 378026
140717 331670
134672 331433
109502 321698
72864 306765
140627 338910
68117 306505
259514 393480
19242 290120
1983 289224
28596 301480
243840 393822
76062 322704
23192 304090
330651 432508
173607 368227
4217 299251
269935 411913
148194 364091
337723 441033
25770 326350
53097 348032
256821 419283
206697 402258
128027 375001
11394 336154
207283 405534
149665 391254
110309 386070
112949 387010
246458 432955
306861 451297
386290 474625
67616 402788
72634 404796
182354 432975
300604 464538
46593 416628
364077 479649
204200 450784
248882 459949
22597 423081
59271 430426
362635 483260
446825 497896
243771 464319
10854 427138
142977 451691
250597 469224
48438 444750
145519 459955
26597 451710
262995 481080
134802 467425
376024 494992
282291 489356
61341 472299
232136 492536
139493 493739
316391 501688
144029 498765
297667 504392
378991 506600
148085 502032
463794 508940
225482 508824
5338 508267
166055 509114
372362 510258
83420 518399
308993 517393
133464 525979
112645 533286
146758 540187
142997 557025
221726 547616
357679 534634
229734 554683
326261 540162
92363 578194
132322 572490
43335 590167
154719 574060
279356 554169
5985 611065
108289 597074
195552 580131
229964 572997
27179 617896
405089 536308
150675 597715
90792 618144
113981 614349
24727 641587
23108 649058
48037 643245
70532 643204
376719 552960
88362 641303
84262 643617
320003 571920
103036 652356
292033 590144
217623 617856
31228 689075
37853 694412
178240 650891
416740 551900
421740 552501
246154 637604
220537 651156
216419 653475
374053 579057
33067 751296
344241 597347
36830 753048
93672 729315
142437 704508
1740 779172
113755 723926
133438 714270
51314 759758
15609 779657
26336 784365
359439 599268
353446 604687
182119 706191
199153 696530
80976 770102
175895 715353
274783 656148
202538 701226
110511 757976
8419 829823
85635 781366
190388 716936
105021 772213
35165 817406
370026 607408
43991 825625
30809 836630
273192 674249
325570 639576
277828 677668
78610 818683
290321 669731
166860 758250
13989 866809
20524 866127
220048 724470
257436 697659
164357 768506
10599 889287
286780 684040
55005 862156
248632 720359
130652 814317
19669 902287
113130 833293
65227 874998
240377 735584
442686 571023
193418 775619
280093 708396
398899 609081
67376 888342
88167 880010
161056 821918
54407 917065
41683 931943
208590 791951
470596 553158
237739 769102
62726 931472
352205 663620
25854 969073
375782 642199
273015 739398
348483 670355
132370 878693
122474 888311
22334 989783
313360 708475
252444 768560
46084 971564
33287 985020
271887 767199
168464 875909
228140 817829
114052 940426
246839 799074
179954 871467
87906 970294
81412 980613
268533 779086
92272 970285
176250 879365
126117 935581
67763 999648
347773 702803
90336 995698
99456 985364
113274 974397
182589 897850
216272 873722
348695 717185
152976 959593
270197 815000
219105 890483
352994 720213
405754 653056
473650 566253
306668 785434
270386 836693
445042 605876
218104 908501
170631 978420
214517 921161
324700 773414
268007 851941
327066 771593
326342 774358
329183 774029
444288 613227
260931 877423
223346 933941
481713 561795
197677 980198
188249 995470
254187 900979
367278 735626
289727 855392
278622 873807
313978 821180
334732 793935
284048 878047
307395 842021
339211 792426
239044 957971
383431 737077
362097 775314
332224 827065
377291 752226
402667 712174
310314 876801
313247 874002
326722 852930
304508 896678
300156 920715
393048 746158
417265 701914
322774 892557
308874 920472
394112 756126
304553 935358
344913 857766
302647 944143
308019 934540
308591 936293
318919 923142
405270 747851
392451 775999
332415 907066
342802 895747
303705 985119
389475 800758
463805 631916
310879 987224
359544 883599
317075 985604
453992 668291
403181 799707
352829 938011
345595 987398
476632 625437
353210 986119
378246 914227
396877 861875
415021 811135
360710 993311
443753 751507
478354 638154
383198 970369
420921 861756
386490 999910
452066 756836
425308 858661
487013 628117
420717 898418
446536 815186
425134 926129
460528 769356
439677 867007
435237 889992
421939 952236
444795 852638
450555 826258
429576 928911
421175 982972
429079 983706
502652 591306
446065 904121
473559 759098
503888 591551
465761 877804
460482 929734
475234 831357
473865 870824
485244 789679
492039 731219
483737 993095
487574 990200
495731 869018
493525 964306
498318 881379
501425 913365
508641 864951
514454 715961
513984 809390
516045 854809
