505724 860630
508142 899119
506990 720539
509112 752423
515293 997003
514647 816412
520572 945695
522348 961820
518900 855103
523050 872081
519112 782869
513773 685792
511467 638047
533398 969236
521147 772472
519735 741888
532667 913166
517567 686615
534460 894008
531504 846558
515960 654645
537255 844557
534419 794158
525529 707734
543148 856794
554839 944344
543394 839488
556202 930242
537870 769503
522951 652443
529799 697417
534904 715267
549280 806556
576295 969721
526159 648390
572940 931288
574217 934017
571117 914224
561999 857303
539378 719027
560912 841465
556298 802777
521877 607494
565187 841478
588814 969086
559019 782758
532370 645595
598007 962841
602437 980263
594032 930609
607251 979282
548813 709375
568168 783151
550768 707818
527647 607653
602851 924068
600596 908444
593141 874836
557955 729716
623359 996877
596253 881494
591294 846251
622269 954410
629372 973759
631221 980272
585960 808113
601373 864077
597775 841078
573578 749773
561219 702418
512627 536316
655900 992245
627551 892075
628603 894637
653340 964080
593582 779905
640733 911348
642621 906725
662866 949098
626843 840558
644230 887396
681854 987828
625311 834246
652075 885765
642788 861779
676149 942856
539053 595632
594003 733856
658430 887197
688348 949860
661702 882651
693311 957174
568684 659946
688341 940643
577086 676653
625200 786811
658432 860283
631090 788750
710564 961166
659108 846834
514154 528876
717505 958000
733231 990708
714649 947085
609842 727009
741250 999565
649835 808706
705039 916398
719754 942234
678414 856910
707473 910740
743630 976477
599461 692852
697670 881559
690509 865622
660379 802208
727100 921883
695912 863784
737961 936805
702941 872202
633731 743858
624750 726919
666936 801018
725337 905378
757805 960998
730654 906168
760567 956239
669456 795785
762769 956597
744877 923181
612376 693668
720937 880640
654454 765484
744440 919138
756452 935019
674928 794881
700353 831929
642078 735376
735988 889575
667004 769636
760623 920346
781370 952810
773701 936883
744225 887601
590476 643186
785716 948399
794941 960929
808292 979428
682425 780688
746322 877782
768722 910304
790277 940727
814655 977165
701543 803891
731002 846790
539495 559561
757129 881381
740349 855018
704763 801971
767461 889600
544823 565611
605913 652970
828968 970070
729990 828538
621362 672571
833822 968593
772362 881787
627523 678933
704951 785297
750352 847547
743779 833844
814956 929289
847753 973075
566779 591112
865149 991803
628592 673219
776578 869274
814386 914577
729725 802749
824736 926921
621382 657995
857073 954234
627291 661375
657367 699036
628590 661838
699853 750318
874347 966944
832624 914295
735562 792874
873320 962747
632478 664509
656030 693221
802445 873023
907782 997845
874536 956394
671519 709313
897733 981144
811553 876648
845394 917276
629294 656580
847173 917111
821579 886272
638898 667685
660885 692241
733262 776391
920082 995748
685155 719264
917969 991139
712570 750045
884693 943445
886086 943553
891794 949082
916303 976329
923668 984065
753047 789206
921750 978015
655721 676957
611864 627025
920574 970591
767217 799159
684704 706875
798802 833341
881342 924344
599079 611566
948439 996160
952463 999621
844401 880147
792733 823358
881877 920623
759144 782046
729841 749786
906093 938694
632084 643435
920566 948513
876971 902102
879699 904844
720377 735742
901023 926376
946499 974245
960372 986144
768885 783790
791452 807060
976024 998884
691244 701676
681149 689460
838383 851920
896625 909478
904238 917064
933614 945941
861353 868146
914450 920438
982190 988766
933946 939787
905463 910469
980200 985259
644266 647388
826307 828167
976072 976928
748528 749960
981932 981575
889204 887493
905509 901365
658872 657074
803373 797042
703848 699869
908956 898293
618594 617095
860300 850380
937763 920914
976648 957564
816287 802646
889440 869877
838414 816112
972355 940037
998045 962886
929828 898816
899118 869882
909157 877031
846365 819543
763384 743326
691984 677161
795432 770947
700291 684400
818999 792014
982175 936521
974801 922814
950314 900961
914111 864845
808453 772030
869945 824841
848541 805394
793161 757251
808124 769180
943187 885592
897581 845947
689420 663843
795541 752297
762438 723788
950123 880476
768117 727160
832939 779679
907404 841326
966503 890100
776766 732511
844422 785499
551543 545154
634918 613323
663503 636684
981288 891622
855662 789622
796348 741778
857504 789627
692064 656492
741556 694793
929866 843175
867791 791166
749244 698266
601686 582208
772453 713607
915188 822912
922873 828707
980747 866961
939535 835733
603261 580503
745015 686007
959150 843143
920159 812355
985920 859629
833693 746511
932234 813426
602100 575968
803312 718706
954978 826323
554692 541740
755876 680866
637093 597437
937360 802436
886424 766269
997537 841294
967688 820310
955077 809927
835015 728724
757313 675310
828540 720922
903152 770190
805657 704668
993043 820065
777780 681863
905112 762038
977115 806186
962196 795147
754423 663247
790104 684983
735085 650291
844431 718168
732884 648432
816648 699911
753803 660818
969038 790943
943307 774428
832830 706219
943820 772871
893335 741896
896657 742439
946727 772528
856089 717520
727393 640022
907416 742218
580425 550604
621454 574391
955574 765430
988703 779646
856320 704707
923098 735019
926651 736498
694103 608416
766930 646480
708657 614425
771132 646785
974343 753602
952311 741632
650522 582735
721446 619298
745267 629779
643996 577342
758440 635314
777986 643833
777703 642079
908146 704826
720833 612578
870974 683803
784931 638146
818669 651910
840582 661579
779614 632976
847764 663612
829440 654832
860415 668980
801868 640817
647347 569381
913784 686901
915868 686945
768692 621847
872823 666016
930176 685236
848012 649914
798097 627459
717052 592807
729723 596828
945238 682860
954201 685472
870944 651360
996242 700387
947887 680418
686316 576239
944848 675566
750015 600024
992258 691435
956573 671513
935938 663144
892201 644277
956960 666894
869786 635337
955344 665310
555037 523868
835529 619622
846510 622106
958814 659759
973654 662873
819052 606979
803653 601149
916731 635806
524791 512404
953459 640457
574379 526909
947875 636727
926337 630101
792053 588977
563635 522901
610003 536030
673894 552693
732581 568412
933139 622964
728387 562884
554761 518140
976847 619245
737254 560671
964188 612997
834158 582594
619693 532277
896696 594096
903267 595254
828903 576297
841276 577757
800548 567608
848597 576214
720707 549052
859890 575386
993448 600947
990895 599595
563455 517090
683937 539497
889289 577026
946273 586723
724200 544929
922418 579518
992557 591209
983797 581920
917849 571355
942416 570266
819126 550134
831086 550420
706284 533267
991546 570229
912288 559293
864588 552904
742062 534984
838422 544818
883745 548568
951131 552613
854019 541593
729792 528738
751212 530083
824278 534804
983902 545924
854246 534281
706417 521984
825092 530578
904115 536144
550868 509197
858766 529289
648993 514854
996975 535500
792289 522319
864846 526191
900289 527922
840633 521791
809801 519833
956107 526457
993247 526567
708622 514063
796040 515395
871435 517788
769015 514119
874293 516590
956652 516393
830670 512792
943512 514835
857447 512294
813886 509840
793182 508469
974804 509282
690665 506811
989527 507309
727980 506364
998697 506262
837565 505582
987429 504377
594935 505383
952093 501174
752431 501166
963273 494454
930150 494197
907049 492747
989475 489302
934007 490455
969104 485457
817161 491914
714350 496461
993235 480303
735191 492857
742320 491475
790965 488269
987397 474651
842117 480288
965857 468688
863887 475893
934782 469124
593608 498094
914952 470420
888586 470605
602719 496104
848931 471969
953283 460971
830013 470037
935501 456810
903759 460039
876604 460748
808179 468804
980872 443251
765063 469526
890214 450345
907924 447516
736905 469652
823787 454907
944043 435417
867994 446950
867962 445867
777486 460547
819047 446359
774176 452993
755118 453817
794425 442872
635569 477202
621337 479653
897610 418236
786373 442915
981595 398427
730680 454491
822435 432242
944324 401350
766243 441754
888253 410411
849370 419193
803496 430552
691693 458050
617009 476881
835686 419992
745979 441435
940771 387896
925479 384461
967546 369739
859136 400517
897988 385252
792630 416372
933511 372306
689268 447640
958904 359796
926488 367444
605838 471846
882297 379390
931814 362705
980783 345939
950702 354265
740424 425245
817791 397972
823920 395486
763171 415885
878918 375682
981569 339388
940153 353513
921841 359159
939764 348379
923704 351568
726767 423497
700741 432161
822716 386546
798730 395282
768609 406005
865290 369369
728108 420786
750825 411752
901130 352197
950328 332138
711451 424469
882548 355670
927433 337869
988924 312981
870268 357671
963134 318878
881354 350400
693461 427286
872692 352228
754925 399601
523799 497085
599316 464349
679221 429725
752306 395193
881862 336237
997715 284289
710988 412419
923560 314258
821660 359621
827472 356899
772818 381959
974149 285825
903661 318590
599749 460620
932635 303607
780986 374721
862089 334597
877339 327093
828971 350201
995152 270359
950052 290803
919735 301313
902406 304603
637442 438140
923721 290597
976778 261979
787643 359370
928046 286607
812984 344654
909465 294143
766886 367819
871459 312457
840202 328097
806836 345522
865732 314346
694764 404663
847576 321439
993095 243078
869668 308173
993571 240861
979945 244511
827881 326230
849538 313597
836303 318125
801136 337672
705678 391300
772416 352568
945042 251596
961273 241103
801654 331647
657630 414935
984871 219279
995091 211159
844970 299177
914214 251403
691127 388730
721225 368317
901603 254151
905983 244964
711065 371173
910253 236701
680255 387574
990090 180242
757855 335135
702503 370523
873132 251433
831067 280093
815857 290429
668324 391861
925968 213174
574264 456773
873808 240913
655720 396595
697766 366244
940353 190804
981904 157072
957493 172077
973913 159012
947778 177575
955324 171089
643975 401526
888402 219028
799873 284607
938667 180030
663342 385451
875799 224281
979513 145648
644221 399010
817679 266662
910444 195158
954635 157917
814419 265850
894779 203403
959981 151610
677624 370033
618613 415222
954178 150700
967197 138977
870887 214912
725064 330228
720333 330541
989088 111189
873857 204525
982360 114313
888570 189518
918486 162526
820158 242776
938808 143385
853394 214347
742074 305892
781860 271357
723414 318963
687897 348565
834130 218701
842030 211745
940243 125256
671259 359608
826101 224460
975743 93326
746972 290000
690779 338857
904693 143690
925965 124354
963047 88545
883489 157136
897642 143189
805614 227445
919899 122114
822901 211209
990700 53276
922437 113361
819905 207114
646502 370389
621123 394265
983312 50494
909534 119269
792097 230115
665809 350007
807250 214070
746283 272282
795274 224335
796333 220516
879397 139573
979278 39900
759601 254765
957709 58880
963210 46166
991450 17770
581735 427456
790207 218637
870072 138239
983162 23236
587819 420637
795383 209610
803666 201108
540473 468062
861083 139536
895428 102972
641633 363539
919991 76083
693794 308959
719559 281772
940508 52261
676496 324471
969110 16444
821516 169375
887510 99359
685192 313089
952660 29019
853290 133625
834878 151319
968018 7124
867108 114902
791967 195076
968984 2757
934004 34533
715894 270191
814451 160000
870969 96079
949516 7008
601362 395977
901877 56845
678199 308068
903904 51721
662328 325505
688785 294840
907727 44754
768960 201713
644580 343132
743805 227732
907021 37834
796405 165734
567190 431818
861447 89258
903628 36538
920910 14780
689983 286130
753540 209959
850981 90211
775976 178282
872843 60269
761272 192099
896102 25814
901899 15206
580967 410243
841473 88051
814568 120162
602531 382927
550441 447426
763358 179095
834821 88734
721334 231275
548761 448503
713508 239364
667036 297496
895650 4150
729299 214694
607117 372153
658219 303863
685220 267149
683472 268050
684851 263545
755583 164441
869253 10280
708393 227354
755364 161049
623609 341249
784616 117266
806896 85793
699089 233896
824682 58088
855347 14932
686460 249902
624325 336083
711129 214131
729144 188439
850533 14638
785422 106398
647967 298635
691861 234123
690104 235414
738637 163704
786882 92601
735253 165825
831474 23467
781443 94508
816155 41119
821474 30896
633718 311177
714543 182178
652702 274631
824693 6224
712693 176339
761784 96827
686708 215401
803895 28954
782507 53026
806840 9351
637969 285284
726728 132396
540817 442610
721655 135371
741247 99660
636451 269887
626304 286371
665549 216076
711510 130952
623637 286943
615588 299383
704786 135048
645689 242621
750031 48709
704802 129820
761034 21912
577481 366661
757005 28448
628804 267222
517053 479959
649433 227231
751272 32577
607035 307794
655655 213482
749264 30294
634837 250972
622282 274725
739482 41667
728153 63070
742884 28418
735156 41558
613748 284585
733023 44128
668404 161465
680145 136321
628354 232422
591645 312385
596555 300989
652185 177975
676652 121772
665288 143883
677731 111613
606563 269152
654572 157200
670270 117676
708032 21742
656497 137859
702222 19995
590833 291096
634478 183746
619346 216559
593609 280405
650235 138657
644374 148859
584792 297092
687635 31407
674965 55778
574185 320165
601551 240602
670088 48085
532505 425242
648828 100154
625620 162588
572284 309075
641448 100988
665061 27020
552996 357033
619858 154018
584654 255962
665964 5389
644408 71068
540066 392709
610666 169494
596611 212337
588430 233560
609042 166742
615144 146518
638294 66292
626970 98620
624731 104494
535536 397593
550158 347766
602195 171292
596621 178389
592867 189623
560336 300494
598347 162838
614333 91900
613196 95599
540405 359123
604766 91638
579221 195900
579114 195537
564292 255463
532216 386243
541113 347723
603468 81612
574320 201482
558444 266200
604342 57211
616833 434
587381 126580
588905 116464
571727 192866
595781 78627
583194 117085
544815 300870
586824 86926
577372 131393
533566 349816
584575 84218
589920 51640
552308 234640
575842 102959
541217 290900
581868 31422
570943 66993
558572 142766
579215 2273
526741 345819
568111 54817
561303 61912
556766 76936
507641 470205
552398 59834
530171 253374
535556 178159
534162 176804
537140 141929
511757 410249
535778 115322
517122 327315
521691 265560
540833 6391
533259 105505
512740 352956
519662 190674
515025 251635
526088 94
518031 95086
511751 237464
516640 70195
513754 120854
515956 30342
505202 325160
505053 110579
503402 141512
503376 77470
503302 327378
502851 5883
501730 141598
500699 10597
502315 401828
497731 6601
496510 34905
498413 190987
499848 304497
493397 181783
492293 207207
484064 111601
485458 149179
478738 21972
478967 64000
484243 174404
484360 184678
476371 60539
476637 72411
480255 132546
479012 126317
474894 100590
489166 314198
463148 5749
467246 84696
463055 49029
462436 47451
469786 131465
485403 310804
479740 262276
463922 105286
469662 185917
450042 6939
452530 47544
466366 177109
496152 443399
470221 228712
475413 286101
465730 223950
470547 259944
465214 222304
457183 163799
461553 206586
432472 13807
439288 67620
447649 130945
430695 24651
491849 430424
446754 141316
430879 84985
421882 33085
468782 305265
421105 53605
459759 267653
449171 213383
489573 432292
438360 169055
467742 324258
417543 70676
433989 157157
408756 44852
421685 109413
433985 171692
455119 273640
449800 253104
418823 112837
414098 93281
451846 268515
415973 112961
493766 462428
402094 81211
374531 1665
427498 220999
434227 257473
362178 4575
375931 70460
472876 401591
421004 225046
379762 85895
364308 33652
408815 192676
403161 177697
389920 140175
374537 91720
361116 50944
372519 98169
416171 235500
338535 136
376746 117981
383174 139452
461182 379523
478981 432714
450800 348926
360945 84927
385419 160012
384279 157416
343999 40785
338594 35253
399251 210821
414356 257027
392481 196807
376196 163814
392495 208216
385745 190407
320235 24760
340387 79048
321934 33896
441742 352406
344837 114048
435469 339348
395108 247991
378851 209824
470503 428070
306238 44934
293829 18116
374878 207821
284230 9507
307476 62153
376599 220218
311039 77800
384999 245155
410969 303768
357918 188017
340804 162640
327626 144044
350939 192699
357682 209141
378553 252251
465863 430328
318145 134157
319473 138282
294342 90668
304366 112032
289978 86092
389223 284400
356620 223510
249061 23903
392829 296348
443175 391866
290310 106524
243044 21604
333542 192696
245178 33569
242538 29105
285198 107570
304707 146872
430111 374193
270663 90644
321378 182448
292808 137567
231376 34570
349462 239335
261717 92402
381746 297688
231975 45760
426410 376686
327488 210985
430504 383791
463355 439168
401356 336739
352470 258454
290094 161550
297761 174128
192760 8074
418501 371275
202530 32575
411452 361118
306115 195705
283375 160359
250857 110823
242100 100942
261578 132847
271476 152392
376372 312935
418080 377031
194084 40293
282682 174560
190207 40195
182066 28584
357313 288959
330030 250049
187249 50673
230014 116664
367354 314092
286546 202444
225787 118037
261129 172050
161937 37987
258273 170792
246528 156707
380507 340649
134216 11796
332002 278866
184471 84077
136944 21302
424022 400818
126817 8315
140022 25766
198628 104183
214133 126144
161174 58562
315747 260717
280135 215792
282355 219034
300318 247142
241434 172270
300911 248118
153391 62234
159113 69651
499204 500419
136743 41582
127790 31122
156941 71016
432357 416737
111395 21992
278354 229687
394667 372475
239061 182863
188031 122489
199088 136454
83458 2112
136138 66496
290169 251507
261507 217393
117695 47382
110030 38381
337135 309494
263246 223226
118401 53412
290244 257757
110703 49036
233718 192148
118595 60288
374859 357270
181445 135248
273236 242020
235761 199723
105099 54153
438728 432712
250742 220888
361731 347152
421144 413774
121128 79003
94288 51394
132196 94358
166810 135534
272671 252180
126306 92539
278780 259968
99601 64672
64577 29692
212971 192201
352475 343091
80695 50563
97737 69126
224694 211863
416788 414448
338239 331803
73446 55095
201127 189510
89451 72676
181688 176798
179349 175102
398231 399374
33317 32583
125204 125094
182997 183296
79604 79740
93725 94172
40673 40972
174133 175233
27656 35190
240677 246054
324506 329375
57495 67919
118752 129568
429399 433807
156497 170916
83686 102064
186768 201495
380060 387533
131697 150066
222937 238132
350615 360209
3963 35680
305329 319382
275691 295172
25236 65127
31495 75185
382181 395914
107526 147067
353429 370232
140126 178271
56441 105092
165173 204607
291572 317909
115585 163620
189223 231140
199880 240601
110573 163514
322551 348960
251566 288268
71683 133430
48122 115024
262690 299547
130110 186127
243066 282856
158528 212366
176371 229779
5188 86939
379624 402163
345888 374459
237613 286967
97567 172045
225312 277842
248846 297336
351321 381351
118877 198718
67981 161833
289774 337761
39134 140800
4000 113604
286504 336814
119611 207801
365054 398920
82872 181375
146661 233406
98607 199119
499746 503010
159734 248269
238662 309883
126078 227026
190755 275197
11740 144305
195297 281348
23046 156685
266295 334078
64566 189944
3818 151305
119009 233279
33039 173464
185165 281525
51128 187097
77755 207166
85263 213182
166994 273476
232190 319926
312994 376231
260243 341227
122088 248003
52998 202984
45410 198014
297986 368380
218475 315355
68808 215795
105608 240888
40208 198384
121294 253164
260446 346853
167636 286467
442399 466140
252932 343270
12882 189007
149796 277665
128802 264217
441020 465621
85772 237732
381835 428124
138563 274047
224937 330109
56658 224587
118765 264276
119192 266794
350480 410899
109354 266115
67975 243788
19326 216395
225044 339760
258075 359616
161873 302692
125685 281536
18862 218445
101450 268077
154832 300972
18267 224937
257748 365397
34275 238255
129964 296255
226537 351073
297279 391507
156725 315623
181239 329236
80907 281359
251045 373009
18018 252723
18842 255010
309250 406718
201100 354091
124284 315872
63079 285602
69814 293040
85077 300705
67363 293340
450299 479981
10494 266321
254934 387350
209365 366688
40061 293481
439460 476513
195108 366085
404577 461250
374504 448507
101054 327959
1423 284952
208130 378620
5364 292368
125273 345209
252740 400526
30396 307778
178309 369918
219190 388380
12662 304287
325168 432912
286565 418209
241858 400737
11576 308506
23288 313718
116827 351320
161913 369885
71726 336067
302325 426828
319515 435170
116161 358559
56577 340466
110056 360356
318825 437612
79890 349874
356804 451847
268722 421546
65384 352432
196852 399615
37051 345065
7248 335573
83957 363561
38225 348494
94596 369023
226229 413498
122590 380623
405900 474923
262612 430166
105699 382966
84701 378565
154642 402503
269755 437349
139429 401319
487870 501463
307575 451183
284733 445082
254945 438375
15613 374181
19999 378875
149466 416380
171629 422279
81644 403080
90976 407226
257733 450366
36841 402396
51030 407067
159712 430831
368732 477239
360898 475958
425192 489897
12025 405940
429884 491005
346700 474285
207387 447736
9524 409417
245323 457146
55254 423430
88116 431854
198341 452940
53553 428700
384159 485865
249982 463926
106196 441903
323250 477018
222598 461123
117723 446412
12691 430411
93938 445321
89070 444833
244646 467810
143118 453624
59285 442324
305532 477635
63537 445549
303497 478438
238019 470394
51966 445799
26071 445873
339755 485945
31417 448522
158482 465228
150820 465322
33349 454010
234762 476488
175277 472005
97580 469481
45373 464982
388766 496190
255632 485186
265197 486776
235256 484703
393391 497550
293276 492100
217482 487761
348437 496163
85676 482879
38964 482431
100588 488821
302059 497632
154390 494789
55996 498953
80730 500151
169917 503223
63964 502430
197623 503753
357426 505429
51304 505949
39626 507224
300480 509165
352771 508874
240576 512486
1567 519572
223390 514133
138081 519856
192947 518032
104131 521579
142983 520412
85484 523651
27583 532185
145989 526258
62126 533838
1983 537880
346726 516048
52395 535638
80177 535229
107589 533797
179087 529011
281555 521814
202835 530091
192503 533351
104972 541319
496038 506554
73599 548544
211588 536100
53216 557905
244163 536339
601 570958
28309 569157
12053 573924
78621 565064
7639 575727
6599 577256
112574 562625
269725 540006
408900 519665
38084 574241
438486 515916
470035 511132
107782 569246
450960 514246
237199 550640
21462 587393
218357 554659
170900 563655
345924 534334
20429 594126
131149 574705
284290 547147
258421 553050
19824 601878
232529 559804
334336 539585
59520 603091
49444 606029
70032 601719
289199 553258
68803 605672
19691 618836
239122 567938
147117 591121
234653 570863
227791 573933
129027 599006
255909 567684
43411 627032
252738 572777
142982 606613
232501 581899
32539 644791
27417 647603
10971 653570
60456 641192
160607 611709
77014 638770
433105 527797
249806 585905
75370 641287
206680 601205
76127 643405
153623 622277
254187 589214
83416 646815
2769 677232
187978 615295
55439 665252
117468 644983
103071 650215
110361 651591
11745 688411
83518 669268
181029 634273
304821 585424
41022 691282
68627 682013
124890 660305
442076 531164
17238 707499
353152 568199
150906 654506
85651 683586
20706 714845
288735 599189
411905 545638
152410 658546
238324 621993
242637 621205
417217 544061
233845 626699
13246 726487
3339 732133
191144 649678
224102 634767
135884 676410
289468 605973
21738 731515
59013 714179
279199 611012
93459 698845
366502 570899
178730 660760
243590 630272
29553 732940
100986 698806
146807 677075
330769 590682
292390 610397
281345 616497
42660 736254
21704 749203
318796 599419
91178 718167
222428 651778
109548 714695
88843 726586
216267 659776
125602 708458
291166 619792
155132 692936
266761 633196
55828 746955
137608 703154
325606 602087
243813 647009
6596 776130
122301 714066
15577 772742
8427 779776
309079 613789
65931 751344
148813 705239
166066 696264
320903 608962
241305 654426
84402 746863
191433 685390
194903 684069
348543 597226
112042 738967
252881 655127
42231 780633
246738 659362
302855 625908
227555 671697
113070 742610
72948 767603
197214 693307
414964 560052
108664 751328
314622 623357
244972 667091
68190 781173
138576 737909
3136 824212
389435 578789
241099 674820
57069 800027
198718 706680
90947 777865
3699 840202
22093 829400
4739 842819
310541 636351
413765 566543
153826 742554
306153 639968
202837 710704
19815 838193
125024 766228
128268 764191
15771 842515
71213 804892
138614 759041
139385 760576
319464 634925
274808 666681
208722 716225
61207 825194
67401 821360
127530 778197
24042 853484
174178 745509
109236 792796
347610 619895
125361 782855
178199 745406
132669 779902
23561 864478
204497 730136
92851 815613
239451 705186
220813 719894
253599 695698
435704 558075
219379 726516
54755 856494
76142 840668
418453 572692
359011 620556
208638 740223
178025 764590
266124 695562
277725 687850
256305 705965
199031 753499
32209 890474
51181 875509
245822 716547
106944 830257
289721 680791
105851 832294
155075 795427
322886 655938
139452 808742
328208 651929
113744 831916
85102 860920
64424 882495
376629 614762
79758 870071
298490 682841
392183 601992
396683 598676
303797 680233
146694 819529
337592 652624
123243 845224
431165 571190
392030 606765
46299 922123
164831 816330
4563 964264
19930 951010
236665 751978
159719 825749
112793 869444
440561 564444
252762 739463
151117 834348
221449 768774
212571 777774
257521 736702
311515 687335
388029 615016
307494 691249
163375 829113
169940 823172
105946 886389
39884 949756
300962 700755
219708 779499
286936 715155
219416 780460
61523 934133
62698 933047
180657 821502
135669 865976
115970 885571
449481 558752
28920 971229
449376 558928
118118 884690
214710 791544
125362 883181
78533 930687
85140 924493
111728 898318
361803 648306
331498 679209
318487 692331
268645 743701
200672 813100
137280 878730
132208 884349
53077 967201
316613 698309
26797 997876
312644 703174
358809 655478
174518 846227
51618 975489
357642 658410
259833 760975
261326 759929
215468 808302
327793 690571
147460 880662
135022 894910
75506 967685
398772 618877
168239 869574
73144 974121
305638 721303
320499 707969
340248 686215
123835 927674
309489 722357
226947 815492
263555 775014
192865 854612
191478 857009
174098 876754
271346 768155
205746 842315
165948 888107
291933 745544
70592 998025
289269 750548
189031 865610
109255 958276
489816 521588
410682 613424
163275 900739
175664 886739
180341 883042
270352 778961
105721 972082
86305 998361
107313 974478
180327 890635
382571 650548
193101 877522
149391 931179
352733 690325
282994 777384
184536 906047
281184 785711
277133 790877
153309 948055
137850 968769
168498 933949
157046 949318
141415 974231
162013 951616
218629 886539
243353 854837
194063 922945
174493 953337
164619 968829
305278 779507
381525 676957
191621 946846
434961 604827
198975 946760
163532 998194
190048 960410
281192 828437
273797 841882
177577 984885
194428 962610
215259 933401
274033 851764
320697 781705
182781 996606
312958 798932
325336 780315
216500 949695
344325 757164
203847 984037
326849 788515
373061 714671
407150 665170
331465 793375
403145 674335
413769 658411
398395 685276
240036 956482
278454 892407
248905 946900
299314 862131
360324 756759
237667 975918
315236 845746
260789 954903
312408 859978
318021 850567
238828 998040
339523 810787
424660 653159
343385 805980
313960 876860
267968 975004
370964 772296
371186 777124
267740 998971
411383 698828
455919 606429
359491 813492
444644 634486
473362 572140
386392 769070
446089 637044
317414 940193
371771 820160
307382 973923
408968 732707
301654 992825
385582 799241
387430 797007
421918 712467
438647 671682
355652 884648
329396 953393
320723 975699
354870 890293
441772 666827
378672 832725
391276 802068
326798 973673
417162 737241
449617 651799
374284 864752
410710 765546
357938 916175
399136 805136
430805 716938
406824 786810
430904 719949
361273 936421
381863 875774
374779 901972
369905 919067
428535 740971
398792 849765
427793 755586
410464 814552
421732 777800
379132 928605
438700 726705
443371 715336
407697 841726
411064 834324
444226 719728
406784 859002
431192 771521
443146 729723
396426 909834
471592 626899
385939 953217
396919 919940
418557 840702
440882 754549
466643 652929
401895 916217
409979 890920
403215 919678
466819 663398
408417 918596
394960 986610
436655 805640
397629 981672
417844 893745
432274 829986
427169 854097
420829 884364
408160 943603
415361 932466
423634 896990
426361 884718
414558 944012
408354 996021
415181 975814
455066 767104
437817 862852
431471 906470
449349 818264
448759 822901
442145 864304
437200 909640
440818 909150
451805 838646
433188 960001
476836 679051
435478 953271
458098 823966
438365 974196
441424 963809
472754 738060
441074 978964
449742 914736
482634 665973
448718 966026
477689 722842
452856 932851
447340 986443
481347 720666
496230 576598
471774 820967
457838 969014
468693 889704
468745 891504
482958 741139
476204 824467
472776 867298
462981 999793
464126 987970
471372 938955
494366 634365
472281 953870
478238 900120
481994 864119
484291 833365
486004 861819
487773 849571
493007 736334
496408 709499
495426 760199
491400 915906
501568 578056
499999 647892
494564 873408
497243 879639
502248 601302
498441 901306
500159 818612
501226 752885
500835 817913
501854 849458
502755 762675
